item_id,model_state,score
0,initial,-6.203680038452148
1,initial,-8.653131484985352
2,initial,-7.042181015014648
3,initial,-7.120752334594727
4,initial,-5.9275288581848145
5,initial,-8.609905242919922
6,initial,-6.202243328094482
7,initial,-8.30327320098877
8,initial,-6.033346652984619
9,initial,-6.946277141571045
10,initial,-7.274878978729248
11,initial,-6.325165748596191
12,initial,-6.328610420227051
13,initial,-6.373189449310303
14,initial,-6.422544479370117
15,initial,-6.713295936584473
16,initial,-8.008830070495605
17,initial,-6.325165748596191
18,initial,-7.767880916595459
19,initial,-7.042181015014648
20,initial,-7.431817531585693
21,initial,-7.775572299957275
22,initial,-7.572971820831299
23,initial,-6.619568347930908
24,initial,-6.130614757537842
25,initial,-7.775572299957275
26,initial,-7.519459247589111
27,initial,-6.931363582611084
28,initial,-6.54412317276001
29,initial,-7.519459247589111
30,initial,-6.908592224121094
31,initial,-7.683470249176025
32,initial,-6.183323860168457
33,initial,-7.925344467163086
34,initial,-8.527754783630371
35,initial,-7.089136123657227
36,initial,-6.539334774017334
37,initial,-7.339187145233154
38,initial,-6.3282036781311035
39,initial,-7.702821254730225
40,initial,-7.653308868408203
41,initial,-5.986752986907959
42,initial,-7.065231800079346
43,initial,-6.135082244873047
44,initial,-6.92962121963501
45,initial,-8.123888969421387
46,initial,-6.331624984741211
47,initial,-7.179630279541016
48,initial,-7.965575218200684
49,initial,-7.428997993469238
50,initial,-7.503469944000244
51,initial,-7.627875804901123
52,initial,-6.681802749633789
53,initial,-6.773090839385986
54,initial,-6.8393330574035645
55,initial,-6.762763977050781
56,initial,-6.796179294586182
57,initial,-7.191426753997803
58,initial,-7.066620826721191
59,initial,-6.7266058921813965
60,initial,-7.030544281005859
61,initial,-8.10828685760498
62,initial,-8.345248222351074
63,initial,-8.334259033203125
64,initial,-8.443926811218262
65,initial,-7.3059306144714355
66,initial,-7.686471462249756
67,initial,-6.7641425132751465
68,initial,-7.622097015380859
69,initial,-6.7114081382751465
70,initial,-8.504284858703613
71,initial,-6.7382426261901855
72,initial,-7.550398349761963
73,initial,-8.058249473571777
74,initial,-8.265649795532227
75,initial,-8.549949645996094
76,initial,-7.901400089263916
77,initial,-6.867237091064453
78,initial,-7.510173320770264
79,initial,-6.8324480056762695
80,initial,-5.967538833618164
81,initial,-7.792452335357666
82,initial,-6.699556350708008
83,initial,-6.186716556549072
84,initial,-6.051890850067139
85,initial,-5.887505054473877
86,initial,-6.198521614074707
87,initial,-7.279439926147461
88,initial,-8.272661209106445
89,initial,-6.020865440368652
90,initial,-6.814072608947754
91,initial,-7.015072345733643
92,initial,-6.83695650100708
93,initial,-5.5268025398254395
94,initial,-6.44009256362915
95,initial,-6.587499141693115
96,initial,-7.808811187744141
97,initial,-5.205969333648682
98,initial,-6.356100559234619
99,initial,-5.511175155639648
100,initial,-7.685276031494141
101,initial,-6.478623390197754
102,initial,-6.699375629425049
103,initial,-6.93231201171875
104,initial,-7.226862907409668
105,initial,-6.9247260093688965
106,initial,-5.6164350509643555
107,initial,-7.34529972076416
108,initial,-7.226862907409668
109,initial,-5.71332311630249
110,initial,-8.169576644897461
111,initial,-6.818633556365967
112,initial,-6.439116477966309
113,initial,-7.492347240447998
114,initial,-6.811009407043457
115,initial,-6.190004825592041
116,initial,-6.95737361907959
117,initial,-8.002472877502441
118,initial,-6.710026264190674
119,initial,-6.991743564605713
120,initial,-7.537962436676025
121,initial,-7.379960536956787
122,initial,-5.65806245803833
123,initial,-6.354074954986572
124,initial,-6.664388179779053
125,initial,-5.65806245803833
126,initial,-7.705417156219482
127,initial,-6.675912380218506
128,initial,-7.162578105926514
129,initial,-6.409175872802734
130,initial,-6.493842124938965
131,initial,-5.967273235321045
132,initial,-7.0588507652282715
133,initial,-6.882084369659424
134,initial,-6.090823650360107
135,initial,-7.281314373016357
136,initial,-6.719750881195068
137,initial,-7.73206901550293
138,initial,-6.529592037200928
139,initial,-7.599647521972656
140,initial,-6.696467399597168
141,initial,-6.127708435058594
142,initial,-7.6106157302856445
143,initial,-6.2679619789123535
144,initial,-7.102628707885742
145,initial,-7.273211479187012
146,initial,-6.922300338745117
147,initial,-6.89499044418335
148,initial,-7.210859298706055
149,initial,-6.693117141723633
150,initial,-7.351919174194336
151,initial,-7.354365825653076
152,initial,-6.181978225708008
153,initial,-6.049783229827881
154,initial,-6.596678733825684
155,initial,-7.004904270172119
156,initial,-6.596678733825684
157,initial,-6.780625343322754
158,initial,-6.586006164550781
159,initial,-6.614312648773193
160,initial,-7.080717086791992
161,initial,-6.796213626861572
162,initial,-7.7656025886535645
163,initial,-8.366095542907715
164,initial,-7.3784661293029785
165,initial,-7.364017486572266
166,initial,-6.413083553314209
167,initial,-6.957648277282715
168,initial,-8.629720687866211
169,initial,-6.572216033935547
170,initial,-8.364331245422363
171,initial,-7.346647262573242
172,initial,-7.8924784660339355
173,initial,-7.264472961425781
174,initial,-7.4741082191467285
175,initial,-7.100419521331787
176,initial,-8.014033317565918
177,initial,-7.815896511077881
178,initial,-6.132277965545654
179,initial,-7.817641735076904
180,initial,-5.278037071228027
181,initial,-5.817537307739258
182,initial,-5.82961368560791
183,initial,-5.6415534019470215
184,initial,-6.830320358276367
185,initial,-6.957287788391113
186,initial,-5.820450782775879
187,initial,-7.207674026489258
188,initial,-6.869775772094727
189,initial,-7.215791702270508
190,initial,-7.57522439956665
191,initial,-7.086633682250977
192,initial,-6.078838348388672
193,initial,-7.5668559074401855
194,initial,-6.426639556884766
195,initial,-5.1969780921936035
196,initial,-7.814438819885254
197,initial,-5.820034980773926
198,initial,-6.8578691482543945
199,initial,-5.417558670043945
200,initial,-5.6495771408081055
201,initial,-6.731160640716553
202,initial,-5.998611927032471
203,initial,-5.437480926513672
204,initial,-5.310684680938721
205,initial,-5.310684680938721
206,initial,-5.9624457359313965
207,initial,-6.369946479797363
208,initial,-7.338578224182129
209,initial,-6.88720178604126
210,initial,-6.9110307693481445
211,initial,-7.0406975746154785
212,initial,-7.4019775390625
213,initial,-6.548879146575928
214,initial,-5.534032344818115
215,initial,-6.830776691436768
216,initial,-6.236855983734131
217,initial,-7.579922676086426
218,initial,-7.407680988311768
219,initial,-7.539455413818359
220,initial,-6.9284772872924805
221,initial,-7.342106819152832
222,initial,-7.375895023345947
223,initial,-8.489725112915039
224,initial,-7.001090049743652
225,initial,-7.973692893981934
226,initial,-8.164064407348633
227,initial,-7.781628608703613
228,initial,-7.4706854820251465
229,initial,-8.598699569702148
230,initial,-7.6353936195373535
231,initial,-6.965895652770996
232,initial,-7.867436408996582
233,initial,-7.743896007537842
234,initial,-6.999428749084473
235,initial,-7.77835750579834
236,initial,-8.500994682312012
237,initial,-8.50092601776123
238,initial,-7.37153434753418
239,initial,-6.821547985076904
240,initial,-7.263820648193359
241,initial,-8.676270484924316
242,initial,-8.135348320007324
243,initial,-7.408629894256592
244,initial,-7.961501121520996
245,initial,-7.1750407218933105
246,initial,-8.554579734802246
247,initial,-7.7578511238098145
248,initial,-7.299476623535156
249,initial,-7.70327091217041
250,initial,-8.227770805358887
251,initial,-7.441433429718018
252,initial,-6.999428749084473
253,initial,-7.34210729598999
254,initial,-7.34210729598999
255,initial,-8.598699569702148
256,initial,-7.75194787979126
257,initial,-7.008734226226807
258,initial,-8.512808799743652
259,initial,-7.161688804626465
260,initial,-7.964793682098389
261,initial,-7.812880992889404
262,initial,-7.2828192710876465
263,initial,-6.318906307220459
264,initial,-6.594030380249023
265,initial,-6.806551456451416
266,initial,-7.812882900238037
267,initial,-6.286191940307617
268,initial,-7.485595703125
269,initial,-7.253107070922852
270,initial,-6.887681484222412
271,initial,-6.827054023742676
272,initial,-7.602853775024414
273,initial,-7.034893035888672
274,initial,-6.347909927368164
275,initial,-6.93214225769043
276,initial,-6.933916091918945
277,initial,-6.338591575622559
278,initial,-7.130279541015625
279,initial,-7.669583320617676
280,initial,-7.302761554718018
281,initial,-6.673422813415527
282,initial,-6.253880023956299
283,initial,-6.506075382232666
284,initial,-8.076640129089355
285,initial,-7.427433490753174
286,initial,-6.5417327880859375
287,initial,-7.074891090393066
288,initial,-8.454548835754395
289,initial,-7.355495452880859
290,initial,-8.212270736694336
291,initial,-8.170183181762695
292,initial,-8.083687782287598
293,initial,-7.200246334075928
294,initial,-8.109373092651367
295,initial,-7.746384143829346
296,initial,-8.333244323730469
297,initial,-7.004066467285156
298,initial,-7.193099498748779
299,initial,-7.233137130737305
300,initial,-7.193099498748779
301,initial,-7.607828617095947
302,initial,-7.859620571136475
303,initial,-7.07061767578125
304,initial,-6.905431270599365
305,initial,-7.343672752380371
306,initial,-7.409324645996094
307,initial,-6.9972968101501465
308,initial,-7.242974281311035
309,initial,-7.494479656219482
310,initial,-7.746384143829346
311,initial,-7.758991718292236
312,initial,-7.870835304260254
313,initial,-8.454548835754395
314,initial,-7.840621471405029
315,initial,-6.9972968101501465
316,initial,-7.399715900421143
317,initial,-7.602000713348389
318,initial,-6.922322750091553
319,initial,-8.005434036254883
320,initial,-6.907035827636719
321,initial,-8.454548835754395
322,initial,-6.774210453033447
323,initial,-7.70089054107666
324,initial,-6.708170413970947
325,initial,-8.046326637268066
326,initial,-6.296242713928223
327,initial,-7.300515174865723
328,initial,-6.823757171630859
329,initial,-6.1019792556762695
330,initial,-6.530084609985352
331,initial,-7.782094478607178
332,initial,-7.117435455322266
333,initial,-7.864078521728516
334,initial,-7.755519390106201
335,initial,-7.521430492401123
336,initial,-6.673406600952148
337,initial,-7.66204833984375
338,initial,-7.143308639526367
339,initial,-7.802407741546631
340,initial,-6.8217244148254395
341,initial,-6.844480991363525
342,initial,-6.923170566558838
343,initial,-6.844480991363525
344,initial,-7.206062316894531
345,initial,-7.454023361206055
346,initial,-6.910244941711426
347,initial,-7.660715103149414
348,initial,-6.866049289703369
349,initial,-6.906587600708008
350,initial,-6.142379283905029
351,initial,-7.268256187438965
352,initial,-6.4119462966918945
353,initial,-7.14655065536499
354,initial,-6.721835613250732
355,initial,-6.75814962387085
356,initial,-6.388097763061523
357,initial,-7.211018085479736
358,initial,-6.994204998016357
359,initial,-7.27521276473999
360,initial,-6.763001441955566
361,initial,-6.31129789352417
362,initial,-6.8565144538879395
363,initial,-6.684871196746826
364,initial,-7.279621601104736
365,initial,-6.476752281188965
366,initial,-7.198713302612305
367,initial,-6.862527847290039
368,initial,-7.519057273864746
369,initial,-7.095809459686279
370,initial,-6.100440979003906
371,initial,-7.191251754760742
372,initial,-6.007585525512695
373,initial,-7.125526428222656
374,initial,-6.985650539398193
375,initial,-6.273745059967041
376,initial,-6.92861270904541
377,initial,-6.172468185424805
378,initial,-6.514534950256348
379,initial,-5.942437171936035
380,initial,-6.260141849517822
381,initial,-7.243982315063477
382,initial,-6.524374008178711
383,initial,-6.23127555847168
384,initial,-6.654466152191162
385,initial,-6.311854362487793
386,initial,-6.862527847290039
387,initial,-6.7744269371032715
388,initial,-7.054402828216553
389,initial,-6.289007663726807
390,initial,-7.265594482421875
391,initial,-6.618161201477051
392,initial,-6.361763954162598
393,initial,-5.755989074707031
394,initial,-6.963222503662109
395,initial,-6.339608669281006
396,initial,-6.703160285949707
397,initial,-6.52026891708374
398,initial,-6.609619140625
399,initial,-6.24954080581665
400,initial,-7.083892822265625
401,initial,-6.8033576011657715
402,initial,-6.9301934242248535
403,initial,-6.4257493019104
404,initial,-6.146356582641602
405,initial,-6.706218719482422
406,initial,-6.633927822113037
407,initial,-6.986845970153809
408,initial,-6.326278209686279
409,initial,-7.026273250579834
410,initial,-7.124859809875488
411,initial,-7.8299760818481445
412,initial,-8.678964614868164
413,initial,-7.9243268966674805
414,initial,-7.33920431137085
415,initial,-7.128385066986084
416,initial,-7.516559600830078
417,initial,-8.020017623901367
418,initial,-7.226664066314697
419,initial,-6.051009178161621
420,initial,-7.279390811920166
421,initial,-8.269567489624023
422,initial,-8.390466690063477
423,initial,-7.0882182121276855
424,initial,-8.433409690856934
425,initial,-8.454256057739258
426,initial,-7.953976631164551
427,initial,-7.296478748321533
428,initial,-8.06599235534668
429,initial,-7.031560897827148
430,initial,-8.262391090393066
431,initial,-8.302340507507324
432,initial,-7.6508564949035645
433,initial,-8.479924201965332
434,initial,-8.064087867736816
435,initial,-6.927063465118408
436,initial,-6.591168403625488
437,initial,-7.697175979614258
438,initial,-7.131301403045654
439,initial,-8.26264476776123
440,initial,-7.373751163482666
441,initial,-7.647845268249512
442,initial,-7.12462043762207
443,initial,-7.698544979095459
444,initial,-8.189056396484375
445,initial,-7.745495319366455
446,initial,-8.584693908691406
447,initial,-8.018238067626953
448,initial,-8.839194297790527
449,initial,-7.361611366271973
450,initial,-7.720891952514648
451,initial,-6.68228816986084
452,initial,-7.040393352508545
453,initial,-6.651177883148193
454,initial,-7.742620468139648
455,initial,-8.212263107299805
456,initial,-7.630987167358398
457,initial,-6.968043327331543
458,initial,-6.858244895935059
459,initial,-7.3817291259765625
460,initial,-7.735051155090332
461,initial,-7.0876922607421875
462,initial,-5.979719161987305
463,initial,-6.671455383300781
464,initial,-7.5050764083862305
465,initial,-7.930105209350586
466,initial,-6.352693557739258
467,initial,-7.399988174438477
468,initial,-7.504766464233398
469,initial,-7.780586242675781
470,initial,-7.04130744934082
471,initial,-7.903139591217041
472,initial,-6.061360836029053
473,initial,-7.269110679626465
474,initial,-6.362166881561279
475,initial,-6.951672554016113
476,initial,-7.076173782348633
477,initial,-6.148345470428467
478,initial,-6.4757819175720215
479,initial,-6.989109992980957
480,initial,-6.633271217346191
481,initial,-6.9396233558654785
482,initial,-6.285245418548584
483,initial,-6.481496810913086
484,initial,-6.856085777282715
485,initial,-5.711403846740723
486,initial,-6.814918518066406
487,initial,-6.79130744934082
488,initial,-6.584400653839111
489,initial,-6.6389079093933105
490,initial,-6.788369655609131
491,initial,-6.7722344398498535
492,initial,-9.758225440979004
493,initial,-8.4083251953125
494,initial,-7.951509952545166
495,initial,-8.240950584411621
496,initial,-8.794886589050293
497,initial,-7.731357574462891
498,initial,-7.1431779861450195
499,initial,-8.540513038635254
500,initial,-8.49255084991455
501,initial,-7.716939926147461
502,initial,-9.292159080505371
503,initial,-8.419983863830566
504,initial,-8.492762565612793
505,initial,-8.17206859588623
506,initial,-9.386175155639648
507,initial,-8.422407150268555
508,initial,-7.172398567199707
509,initial,-8.142759323120117
510,initial,-7.950660705566406
511,initial,-9.552379608154297
512,initial,-8.692171096801758
513,initial,-8.287071228027344
514,initial,-9.924310684204102
515,initial,-8.742197036743164
516,initial,-8.113446235656738
517,initial,-8.270155906677246
518,initial,-8.147265434265137
519,initial,-7.048254489898682
520,initial,-7.408263683319092
521,initial,-7.922145843505859
522,initial,-7.043838977813721
523,initial,-9.618099212646484
524,initial,-8.112943649291992
525,initial,-7.648528099060059
526,initial,-6.650378227233887
527,initial,-7.622168064117432
528,initial,-9.576166152954102
529,initial,-7.8636555671691895
530,initial,-9.317411422729492
531,initial,-7.874447345733643
532,initial,-8.39453411102295
533,initial,-8.789148330688477
534,initial,-8.620454788208008
535,initial,-8.31627082824707
536,initial,-7.368900299072266
537,initial,-6.805410861968994
538,initial,-6.805008888244629
539,initial,-7.353673934936523
540,initial,-7.376399517059326
541,initial,-6.608993053436279
542,initial,-7.743301868438721
543,initial,-7.4025092124938965
544,initial,-7.701088905334473
545,initial,-8.088300704956055
546,initial,-7.047831058502197
547,initial,-7.555961608886719
548,initial,-7.393591403961182
549,initial,-7.896360397338867
550,initial,-7.74514627456665
551,initial,-6.378164291381836
552,initial,-7.277105808258057
553,initial,-6.980154514312744
554,initial,-8.053858757019043
555,initial,-7.32625150680542
556,initial,-6.2333197593688965
557,initial,-8.3734769821167
558,initial,-7.680429935455322
559,initial,-7.822851181030273
560,initial,-9.362777709960938
561,initial,-8.747390747070312
562,initial,-7.444225311279297
563,initial,-7.258517742156982
564,initial,-7.437309265136719
565,initial,-6.9135422706604
566,initial,-7.743934154510498
567,initial,-7.423820495605469
568,initial,-7.431720733642578
569,initial,-7.003337383270264
570,initial,-7.901111125946045
571,initial,-8.127924919128418
572,initial,-7.924572467803955
573,initial,-7.695653438568115
574,initial,-9.362028121948242
575,initial,-8.182228088378906
576,initial,-9.53635025024414
577,initial,-8.341705322265625
578,initial,-8.341705322265625
579,initial,-6.310100555419922
580,initial,-7.822851181030273
581,initial,-9.803135871887207
582,initial,-8.16535472869873
583,initial,-9.388282775878906
584,initial,-7.769285202026367
585,initial,-8.884775161743164
586,initial,-9.911019325256348
587,initial,-7.656238079071045
588,initial,-8.956972122192383
589,initial,-8.248001098632812
590,initial,-9.038564682006836
591,initial,-7.245540618896484
592,initial,-8.255441665649414
593,initial,-8.182228088378906
594,initial,-7.8727126121521
595,initial,-8.016629219055176
596,initial,-8.405722618103027
597,initial,-6.881534576416016
598,initial,-7.15447473526001
599,initial,-5.561689853668213
600,initial,-7.311890602111816
601,initial,-7.379361152648926
602,initial,-7.488062858581543
603,initial,-8.65377140045166
604,initial,-8.488293647766113
605,initial,-6.955963134765625
606,initial,-6.441920280456543
607,initial,-7.943458557128906
608,initial,-6.70065975189209
609,initial,-7.314812660217285
610,initial,-7.531440734863281
611,initial,-7.502095699310303
612,initial,-6.521115779876709
613,initial,-7.114182472229004
614,initial,-7.80615234375
615,initial,-7.886910438537598
616,initial,-7.3042988777160645
617,initial,-9.242088317871094
618,initial,-7.595097541809082
619,initial,-8.18782901763916
620,initial,-6.723301887512207
621,initial,-7.103755950927734
622,initial,-7.488186359405518
623,initial,-8.573341369628906
624,initial,-8.366950035095215
625,initial,-7.749508380889893
626,initial,-7.211131572723389
627,initial,-7.5069804191589355
628,initial,-7.81583833694458
629,initial,-7.516515254974365
630,initial,-7.334499359130859
631,initial,-7.257491111755371
632,initial,-7.117793560028076
633,initial,-7.721030235290527
634,initial,-8.477168083190918
635,initial,-7.897151947021484
636,initial,-8.2302885055542
637,initial,-7.570151329040527
638,initial,-7.803311824798584
639,initial,-8.443316459655762
640,initial,-7.386974811553955
641,initial,-8.534143447875977
642,initial,-7.567655086517334
643,initial,-8.048173904418945
644,initial,-7.701087474822998
645,initial,-6.59994649887085
646,initial,-8.507084846496582
647,initial,-7.073179721832275
648,initial,-6.718194961547852
649,initial,-8.610169410705566
650,initial,-7.966752052307129
651,initial,-6.989603042602539
652,initial,-8.690229415893555
653,initial,-7.940947532653809
654,initial,-7.388518333435059
655,initial,-8.24538516998291
656,initial,-6.79054069519043
657,initial,-6.655070781707764
658,initial,-8.94883918762207
659,initial,-7.483781814575195
660,initial,-6.930049896240234
661,initial,-7.4090728759765625
662,initial,-7.724366664886475
663,initial,-6.551514625549316
664,initial,-6.758485794067383
665,initial,-7.023465156555176
666,initial,-7.646040916442871
667,initial,-7.979650497436523
668,initial,-7.312178611755371
669,initial,-6.94771146774292
670,initial,-6.916728973388672
671,initial,-7.280523300170898
672,initial,-6.764344215393066
673,initial,-7.0265212059021
674,initial,-6.4863715171813965
675,initial,-7.05320930480957
676,initial,-7.086238861083984
677,initial,-8.342695236206055
678,initial,-7.5070905685424805
679,initial,-7.942553997039795
680,initial,-7.0158538818359375
681,initial,-8.59380054473877
682,initial,-8.726940155029297
683,initial,-7.753943920135498
684,initial,-7.626579284667969
685,initial,-8.23912239074707
686,initial,-8.402546882629395
687,initial,-6.812716007232666
688,initial,-7.913217544555664
689,initial,-9.54603385925293
690,initial,-8.81939697265625
691,initial,-8.250088691711426
692,initial,-9.250116348266602
693,initial,-6.86208438873291
694,initial,-8.316670417785645
695,initial,-9.680646896362305
696,initial,-7.750009059906006
697,initial,-9.639883041381836
698,initial,-10.095974922180176
699,initial,-9.947697639465332
700,initial,-8.068735122680664
701,initial,-9.027079582214355
702,initial,-9.318921089172363
703,initial,-10.366777420043945
704,initial,-6.173188209533691
705,initial,-7.696990966796875
706,initial,-8.904172897338867
707,initial,-10.85163402557373
708,initial,-7.101283073425293
709,initial,-9.519618034362793
710,initial,-7.296855926513672
711,initial,-8.64236831665039
712,initial,-8.486180305480957
713,initial,-8.79509449005127
714,initial,-7.405500888824463
715,initial,-8.9661226272583
716,initial,-8.689437866210938
717,initial,-8.254316329956055
718,initial,-8.510501861572266
719,initial,-7.313317775726318
720,initial,-7.569633483886719
721,initial,-9.546142578125
722,initial,-8.430281639099121
723,initial,-7.288172245025635
724,initial,-8.133512496948242
725,initial,-9.04011344909668
726,initial,-7.133338928222656
727,initial,-8.096671104431152
728,initial,-7.7206573486328125
729,initial,-7.92950963973999
730,initial,-5.659914493560791
731,initial,-7.373935222625732
732,initial,-8.945993423461914
733,initial,-7.973236560821533
734,initial,-7.459517478942871
735,initial,-8.987195014953613
736,initial,-6.796294689178467
737,initial,-8.479308128356934
738,initial,-9.391828536987305
739,initial,-7.697780609130859
740,initial,-8.547109603881836
741,initial,-8.986228942871094
742,initial,-8.650649070739746
743,initial,-7.671437740325928
744,initial,-8.152215957641602
745,initial,-5.974291801452637
746,initial,-7.040380477905273
747,initial,-6.140700817108154
748,initial,-6.759316921234131
749,initial,-6.910397052764893
750,initial,-6.792840480804443
751,initial,-5.610290050506592
752,initial,-6.603071212768555
753,initial,-6.526033878326416
754,initial,-8.38386058807373
755,initial,-5.718587875366211
756,initial,-6.880732536315918
757,initial,-8.872859954833984
758,initial,-8.64850902557373
759,initial,-7.329162120819092
760,initial,-8.083240509033203
761,initial,-8.06734561920166
762,initial,-8.07439136505127
763,initial,-6.5945143699646
764,initial,-7.01868200302124
765,initial,-7.130288600921631
766,initial,-6.620284080505371
767,initial,-7.193682670593262
768,initial,-6.448960304260254
769,initial,-7.650019645690918
770,initial,-7.185493469238281
771,initial,-6.796595573425293
772,initial,-8.236987113952637
773,initial,-7.345637321472168
774,initial,-7.65563440322876
775,initial,-8.278162956237793
776,initial,-7.421944618225098
777,initial,-7.402434349060059
778,initial,-6.5941996574401855
779,initial,-9.390345573425293
780,initial,-7.681748390197754
781,initial,-8.219359397888184
782,initial,-7.1670708656311035
783,initial,-7.037299156188965
784,initial,-5.443853378295898
785,initial,-6.428857803344727
786,initial,-6.051361083984375
787,initial,-7.578518390655518
788,initial,-5.893770217895508
789,initial,-6.373486042022705
790,initial,-6.376007080078125
791,initial,-5.839601039886475
792,initial,-7.721013069152832
793,initial,-7.763070583343506
794,initial,-5.06355619430542
795,initial,-5.739770889282227
796,initial,-6.2670488357543945
797,initial,-5.721334457397461
798,initial,-7.766707420349121
799,initial,-6.299646377563477
800,initial,-6.5728678703308105
801,initial,-6.332915782928467
802,initial,-5.762323379516602
803,initial,-8.937326431274414
804,initial,-7.288262367248535
805,initial,-8.319918632507324
806,initial,-6.420122146606445
807,initial,-5.752388000488281
808,initial,-5.661130428314209
809,initial,-6.564436912536621
810,initial,-6.022380352020264
811,initial,-8.578547477722168
812,initial,-6.154620170593262
813,initial,-7.073026180267334
814,initial,-7.802281856536865
815,initial,-8.255270957946777
816,initial,-6.76705265045166
817,initial,-5.325608253479004
818,initial,-5.634897232055664
819,initial,-6.794623374938965
820,initial,-5.427943229675293
821,initial,-6.693167686462402
822,initial,-7.159914970397949
823,initial,-7.254933834075928
824,initial,-7.43302059173584
825,initial,-5.566918849945068
826,initial,-6.324301719665527
827,initial,-5.87129545211792
828,initial,-6.309596538543701
829,initial,-6.21597957611084
830,initial,-7.190749168395996
831,initial,-5.735881805419922
832,initial,-6.359175682067871
833,initial,-6.053640365600586
834,initial,-6.075645446777344
835,initial,-7.005095958709717
836,initial,-7.383029460906982
837,initial,-5.668793678283691
838,initial,-5.621296405792236
839,initial,-6.121612071990967
840,initial,-5.801764011383057
841,initial,-6.828337669372559
842,initial,-6.3690643310546875
843,initial,-6.610201358795166
844,initial,-6.011842250823975
845,initial,-5.647396564483643
846,initial,-7.850654602050781
847,initial,-7.0580244064331055
848,initial,-5.44257926940918
849,initial,-8.255125045776367
850,initial,-7.845117092132568
851,initial,-6.250006675720215
852,initial,-7.272069454193115
853,initial,-5.976629257202148
854,initial,-7.323782920837402
855,initial,-6.502127170562744
856,initial,-7.587728023529053
857,initial,-5.307908535003662
858,initial,-8.369612693786621
859,initial,-5.307908535003662
860,initial,-5.438999652862549
861,initial,-5.925753116607666
862,initial,-6.89448356628418
863,initial,-6.566567420959473
864,initial,-6.248449325561523
865,initial,-5.981688499450684
866,initial,-8.577169418334961
867,initial,-5.212038040161133
868,initial,-6.6052632331848145
869,initial,-6.017190456390381
870,initial,-6.436450004577637
871,initial,-7.736250877380371
872,initial,-5.74884033203125
873,initial,-7.920219898223877
874,initial,-6.879465579986572
875,initial,-5.981688499450684
876,initial,-6.877137660980225
877,initial,-6.264820575714111
878,initial,-6.082036972045898
879,initial,-6.669933795928955
880,initial,-6.557222366333008
881,initial,-8.087453842163086
882,initial,-7.944316387176514
883,initial,-5.274511814117432
884,initial,-5.836576461791992
885,initial,-6.017190456390381
886,initial,-7.370051860809326
887,initial,-6.21181583404541
888,initial,-8.255125045776367
889,initial,-7.409994602203369
890,initial,-6.884939193725586
891,initial,-5.59631872177124
892,initial,-7.581626892089844
893,initial,-7.406557083129883
894,initial,-6.112100124359131
895,initial,-6.956515312194824
896,initial,-6.080150604248047
897,initial,-7.017187118530273
898,initial,-6.31394624710083
899,initial,-7.076972961425781
900,initial,-5.765977382659912
901,initial,-7.898290634155273
902,initial,-5.765977382659912
903,initial,-5.427538871765137
904,initial,-5.901671409606934
905,initial,-6.486342430114746
906,initial,-6.474758148193359
907,initial,-6.349577903747559
908,initial,-6.224184989929199
909,initial,-8.367592811584473
910,initial,-6.355267524719238
911,initial,-6.052373886108398
912,initial,-5.974095821380615
913,initial,-6.165069580078125
914,initial,-7.112236976623535
915,initial,-5.974095821380615
916,initial,-6.951456546783447
917,initial,-6.310611248016357
918,initial,-6.353044509887695
919,initial,-6.347986221313477
920,initial,-6.883668422698975
921,initial,-7.129247188568115
922,initial,-5.760684013366699
923,initial,-6.136864185333252
924,initial,-6.540017604827881
925,initial,-6.9766411781311035
926,initial,-6.891745090484619
927,initial,-6.506382465362549
928,initial,-6.811180591583252
929,initial,-5.717130184173584
930,initial,-6.099383354187012
931,initial,-6.495044231414795
932,initial,-5.9561448097229
933,initial,-6.053842544555664
934,initial,-6.933602809906006
935,initial,-8.150793075561523
936,initial,-6.263991832733154
937,initial,-5.776240348815918
938,initial,-6.9513773918151855
939,initial,-6.931585311889648
940,initial,-6.79083251953125
941,initial,-7.334471225738525
942,initial,-8.133405685424805
943,initial,-5.926424980163574
944,initial,-6.900688171386719
945,initial,-6.20648717880249
946,initial,-6.273493766784668
947,initial,-5.869926452636719
948,initial,-5.738255500793457
949,initial,-6.715997695922852
950,initial,-7.737344741821289
951,initial,-6.45025634765625
952,initial,-5.809161186218262
953,initial,-6.443336009979248
954,initial,-5.795826435089111
955,initial,-5.8470377922058105
956,initial,-5.794785976409912
957,initial,-6.498097896575928
958,initial,-5.8470377922058105
959,initial,-6.734857082366943
960,initial,-6.1337151527404785
961,initial,-6.0676422119140625
962,initial,-6.242041110992432
963,initial,-6.517295837402344
964,initial,-6.734605312347412
965,initial,-5.599052429199219
966,initial,-6.0365214347839355
967,initial,-6.039640426635742
968,initial,-6.71110200881958
969,initial,-6.473123550415039
970,initial,-6.470100402832031
971,initial,-6.380173206329346
972,initial,-5.48051118850708
973,initial,-6.327827453613281
974,initial,-9.046634674072266
975,initial,-7.825368404388428
976,initial,-6.652984619140625
977,initial,-7.000828742980957
978,initial,-8.853358268737793
979,initial,-7.251805782318115
980,initial,-6.436328887939453
981,initial,-8.811347007751465
982,initial,-5.566677093505859
983,initial,-6.56536865234375
984,initial,-6.417610168457031
985,initial,-6.4287919998168945
986,initial,-6.563206672668457
987,initial,-8.126144409179688
988,initial,-6.096867561340332
989,initial,-7.020116806030273
990,initial,-7.223362445831299
991,initial,-6.103915214538574
992,initial,-7.11811637878418
993,initial,-6.830926418304443
994,initial,-6.853117942810059
995,initial,-6.672191143035889
996,initial,-7.9030866622924805
997,initial,-7.486476421356201
998,initial,-7.5543060302734375
999,initial,-6.741091251373291
1000,initial,-6.210116386413574
1001,initial,-7.916529655456543
1002,initial,-6.660895347595215
1003,initial,-6.350157260894775
1004,initial,-8.655842781066895
1005,initial,-8.016995429992676
1006,initial,-6.21990966796875
1007,initial,-7.897090435028076
1008,initial,-6.938104629516602
1009,initial,-7.596811771392822
1010,initial,-6.245068073272705
1011,initial,-6.2744460105896
1012,initial,-6.039858341217041
1013,initial,-6.761754989624023
1014,initial,-7.604701519012451
1015,initial,-7.93841552734375
1016,initial,-6.26064920425415
1017,initial,-8.763166427612305
1018,initial,-7.6064934730529785
1019,initial,-6.484886169433594
1020,initial,-6.843761920928955
1021,initial,-8.047554969787598
1022,initial,-6.730910301208496
1023,initial,-6.220263957977295
1024,initial,-8.072650909423828
1025,initial,-5.344425201416016
1026,initial,-6.471874237060547
1027,initial,-6.322941303253174
1028,initial,-6.0631866455078125
1029,initial,-6.308378219604492
1030,initial,-7.153583526611328
1031,initial,-6.0830535888671875
1032,initial,-6.68384313583374
1033,initial,-7.0781450271606445
1034,initial,-5.8196306228637695
1035,initial,-6.6573896408081055
1036,initial,-7.591528415679932
1037,initial,-6.3782958984375
1038,initial,-5.071153163909912
1039,initial,-5.174160957336426
1040,initial,-7.5685014724731445
1041,initial,-6.328775882720947
1042,initial,-5.780391216278076
1043,initial,-6.900356292724609
1044,initial,-5.3933329582214355
1045,initial,-5.401292324066162
1046,initial,-6.731977462768555
1047,initial,-5.792686939239502
1048,initial,-5.4315361976623535
1049,initial,-6.6014790534973145
1050,initial,-5.297665119171143
1051,initial,-5.642891883850098
1052,initial,-7.645575046539307
1053,initial,-6.778816223144531
1054,initial,-6.227746963500977
1055,initial,-5.809013843536377
1056,initial,-5.574228286743164
1057,initial,-7.60493803024292
1058,initial,-7.338244915008545
1059,initial,-6.899255752563477
1060,initial,-6.707513332366943
1061,initial,-5.738710403442383
1062,initial,-6.7738776206970215
1063,initial,-7.207326889038086
1064,initial,-7.251826763153076
1065,initial,-7.529325485229492
1066,initial,-6.537811279296875
1067,initial,-5.697993755340576
1068,initial,-5.555674076080322
1069,initial,-5.020256519317627
1070,initial,-6.280457496643066
1071,initial,-6.656791687011719
1072,initial,-5.982507705688477
1073,initial,-6.940577983856201
1074,initial,-7.075769901275635
1075,initial,-5.432572364807129
1076,initial,-6.967306137084961
1077,initial,-6.545815944671631
1078,initial,-7.622714996337891
1079,initial,-8.320778846740723
1080,initial,-8.15324878692627
1081,initial,-7.785656452178955
1082,initial,-8.182818412780762
1083,initial,-7.563958168029785
1084,initial,-7.563958168029785
1085,initial,-7.689016819000244
1086,initial,-7.389437198638916
1087,initial,-7.4866623878479
1088,initial,-7.6922078132629395
1089,initial,-7.3611979484558105
1090,initial,-7.86415433883667
1091,initial,-7.7985405921936035
1092,initial,-7.499270915985107
1093,initial,-7.8628363609313965
1094,initial,-7.876943111419678
1095,initial,-7.723256587982178
1096,initial,-6.522320747375488
1097,initial,-8.898438453674316
1098,initial,-7.206881046295166
1099,initial,-7.719832897186279
1100,initial,-7.872448444366455
1101,initial,-7.127567291259766
1102,initial,-8.461910247802734
1103,initial,-7.987893581390381
1104,initial,-8.841582298278809
1105,initial,-6.749119281768799
1106,initial,-7.682254314422607
1107,initial,-8.290480613708496
1108,initial,-7.408847808837891
1109,initial,-8.47992992401123
1110,initial,-9.525699615478516
1111,initial,-6.482533931732178
1112,initial,-8.522347450256348
1113,initial,-7.681573390960693
1114,initial,-7.674561023712158
1115,initial,-7.2943620681762695
1116,initial,-8.290480613708496
1117,initial,-6.979262351989746
1118,initial,-6.6775336265563965
1119,initial,-5.84928035736084
1120,initial,-5.726878643035889
1121,initial,-7.056922912597656
1122,initial,-7.259158611297607
1123,initial,-7.173314571380615
1124,initial,-6.564647674560547
1125,initial,-7.114662170410156
1126,initial,-6.703923225402832
1127,initial,-6.703923225402832
1128,initial,-6.929773807525635
1129,initial,-6.562587738037109
1130,initial,-6.834602355957031
1131,initial,-6.658074855804443
1132,initial,-6.264543056488037
1133,initial,-6.821475982666016
1134,initial,-6.970798015594482
1135,initial,-6.6798295974731445
1136,initial,-6.763718128204346
1137,initial,-6.72313928604126
1138,initial,-6.622732162475586
1139,initial,-7.817224502563477
1140,initial,-8.010016441345215
1141,initial,-6.914280891418457
1142,initial,-6.300055503845215
1143,initial,-7.216304302215576
1144,initial,-8.016864776611328
1145,initial,-7.243057727813721
1146,initial,-6.945749282836914
1147,initial,-7.944759368896484
1148,initial,-7.272199630737305
1149,initial,-7.741568088531494
1150,initial,-7.844882965087891
1151,initial,-8.36658000946045
1152,initial,-7.970827579498291
1153,initial,-8.128987312316895
1154,initial,-6.380685329437256
1155,initial,-8.366581916809082
1156,initial,-7.7494215965271
1157,initial,-8.510302543640137
1158,initial,-7.648029804229736
1159,initial,-7.2426862716674805
1160,initial,-7.989591121673584
1161,initial,-8.026284217834473
1162,initial,-6.619011402130127
1163,initial,-6.973222255706787
1164,initial,-7.547379970550537
1165,initial,-9.09018611907959
1166,initial,-8.026284217834473
1167,initial,-6.254707336425781
1168,initial,-7.6502685546875
1169,initial,-9.82632064819336
1170,initial,-7.706198215484619
1171,initial,-7.310690879821777
1172,initial,-8.099658012390137
1173,initial,-8.099658012390137
1174,initial,-8.388798713684082
1175,initial,-7.005573272705078
1176,initial,-6.3661699295043945
1177,initial,-6.95316743850708
1178,initial,-7.123449802398682
1179,initial,-7.176805019378662
1180,initial,-7.6529927253723145
1181,initial,-7.547379970550537
1182,initial,-7.259488582611084
1183,initial,-7.005841255187988
1184,initial,-6.056097030639648
1185,initial,-5.958388805389404
1186,initial,-6.772137641906738
1187,initial,-7.217833518981934
1188,initial,-6.65620756149292
1189,initial,-6.256205081939697
1190,initial,-7.305102825164795
1191,initial,-6.78959846496582
1192,initial,-7.185710430145264
1193,initial,-6.982290744781494
1194,initial,-7.446018695831299
1195,initial,-7.259146690368652
1196,initial,-7.154873371124268
1197,initial,-5.89146089553833
1198,initial,-7.446018695831299
1199,initial,-7.069567680358887
1200,initial,-7.513186454772949
1201,initial,-6.977906703948975
1202,initial,-7.744640827178955
1203,initial,-7.210883140563965
1204,initial,-7.515500068664551
1205,initial,-7.04055118560791
1206,initial,-7.456105709075928
1207,initial,-6.364385604858398
1208,initial,-7.501381874084473
1209,initial,-8.127805709838867
1210,initial,-7.319064140319824
1211,initial,-6.683168888092041
1212,initial,-8.683242797851562
1213,initial,-7.179049015045166
1214,initial,-7.434267520904541
1215,initial,-6.643486976623535
1216,initial,-7.363020896911621
1217,initial,-6.87610387802124
1218,initial,-7.745908737182617
1219,initial,-7.772568702697754
1220,initial,-6.57649564743042
1221,initial,-7.744497299194336
1222,initial,-7.7988715171813965
1223,initial,-6.545732498168945
1224,initial,-7.2762627601623535
1225,initial,-7.579614639282227
1226,initial,-7.526198387145996
1227,initial,-7.16152811050415
1228,initial,-6.698647975921631
1229,initial,-6.710212707519531
1230,initial,-6.871068000793457
1231,initial,-7.969726085662842
1232,initial,-7.447180271148682
1233,initial,-7.46480655670166
1234,initial,-6.729928970336914
1235,initial,-8.238791465759277
1236,initial,-6.86152458190918
1237,initial,-8.319914817810059
1238,initial,-7.417288780212402
1239,initial,-7.098159313201904
1240,initial,-6.53312873840332
1241,initial,-7.568451881408691
1242,initial,-7.20587158203125
1243,initial,-6.8080902099609375
1244,initial,-7.195943832397461
1245,initial,-6.742960453033447
1246,initial,-6.5822649002075195
1247,initial,-6.341434001922607
1248,initial,-6.6943230628967285
1249,initial,-6.7167439460754395
1250,initial,-5.83487606048584
1251,initial,-6.969238758087158
1252,initial,-7.07911491394043
1253,initial,-6.59608268737793
1254,initial,-6.390049934387207
1255,initial,-7.967753887176514
1256,initial,-6.726629257202148
1257,initial,-6.9283599853515625
1258,initial,-6.129298686981201
1259,initial,-6.716479778289795
1260,initial,-6.272958755493164
1261,initial,-6.727673530578613
1262,initial,-7.277078628540039
1263,initial,-5.594702243804932
1264,initial,-6.558349609375
1265,initial,-8.259461402893066
1266,initial,-8.131102561950684
1267,initial,-7.521054267883301
1268,initial,-7.78445291519165
1269,initial,-8.754579544067383
1270,initial,-7.184902191162109
1271,initial,-9.27608585357666
1272,initial,-8.013649940490723
1273,initial,-7.561978816986084
1274,initial,-7.85414457321167
1275,initial,-7.647317409515381
1276,initial,-8.379426002502441
1277,initial,-7.205663204193115
1278,initial,-7.345162391662598
1279,initial,-7.873340606689453
1280,initial,-7.216095447540283
1281,initial,-8.320335388183594
1282,initial,-9.208111763000488
1283,initial,-7.891425132751465
1284,initial,-7.289226055145264
1285,initial,-9.155610084533691
1286,initial,-7.967413902282715
1287,initial,-9.128554344177246
1288,initial,-7.887147426605225
1289,initial,-9.000927925109863
1290,initial,-7.945332050323486
1291,initial,-7.811596393585205
1292,initial,-8.00174617767334
1293,initial,-8.75487232208252
1294,initial,-8.764204978942871
1295,initial,-7.521053791046143
1296,initial,-8.878372192382812
1297,initial,-8.520613670349121
1298,initial,-7.956719398498535
1299,initial,-7.241325378417969
1300,initial,-7.216095447540283
1301,initial,-7.057809352874756
1302,initial,-9.505280494689941
1303,initial,-8.26552677154541
1304,initial,-7.720658779144287
1305,initial,-8.645543098449707
1306,initial,-7.572222709655762
1307,initial,-7.438073635101318
1308,initial,-7.637245178222656
1309,initial,-6.449790954589844
1310,initial,-7.457720756530762
1311,initial,-7.023025035858154
1312,initial,-8.36902141571045
1313,initial,-6.937272071838379
1314,initial,-8.467774391174316
1315,initial,-7.3830132484436035
1316,initial,-7.095870494842529
1317,initial,-7.1369757652282715
1318,initial,-6.462635517120361
1319,initial,-7.963142395019531
1320,initial,-7.0239338874816895
1321,initial,-6.5740966796875
1322,initial,-6.971573352813721
1323,initial,-6.178694248199463
1324,initial,-7.7200117111206055
1325,initial,-8.07861614227295
1326,initial,-7.408694744110107
1327,initial,-6.748939514160156
1328,initial,-6.121489524841309
1329,initial,-6.311463832855225
1330,initial,-6.311463832855225
1331,initial,-7.678804874420166
1332,initial,-7.754801273345947
1333,initial,-6.20269775390625
1334,initial,-7.363297462463379
1335,initial,-6.181154251098633
1336,initial,-6.901863098144531
1337,initial,-6.7164716720581055
1338,initial,-5.6596784591674805
1339,initial,-6.250964164733887
1340,initial,-6.167839527130127
1341,initial,-7.43523645401001
1342,initial,-6.945268630981445
1343,initial,-6.149905204772949
1344,initial,-6.8800859451293945
1345,initial,-5.685384750366211
1346,initial,-5.748676776885986
1347,initial,-5.7126851081848145
1348,initial,-6.789453983306885
1349,initial,-6.801843643188477
1350,initial,-6.136445999145508
1351,initial,-6.207566738128662
1352,initial,-7.957083702087402
1353,initial,-5.945530414581299
1354,initial,-6.409611701965332
1355,initial,-6.034118175506592
1356,initial,-6.820406913757324
1357,initial,-6.373894691467285
1358,initial,-6.498369216918945
1359,initial,-6.5239105224609375
1360,initial,-6.670897483825684
1361,initial,-5.841156482696533
1362,initial,-5.862590789794922
1363,initial,-6.981465816497803
1364,initial,-6.811728477478027
1365,initial,-7.23314094543457
1366,initial,-6.115439414978027
1367,initial,-6.949029922485352
0,final,-6.835916042327881
1,final,-7.073960781097412
2,final,-4.219358444213867
3,final,-5.779541492462158
4,final,-6.911270618438721
5,final,-6.800474643707275
6,final,-8.723337173461914
7,final,-6.532539367675781
8,final,-3.466900110244751
9,final,-3.6710848808288574
10,final,-5.4013519287109375
11,final,-3.1984617710113525
12,final,-3.2894973754882812
13,final,-5.998600482940674
14,final,-8.63912296295166
15,final,-3.2173256874084473
16,final,-5.227458477020264
17,final,-3.1984617710113525
18,final,-5.614383220672607
19,final,-4.219358444213867
20,final,-4.771627902984619
21,final,-5.182256698608398
22,final,-5.7582831382751465
23,final,-3.8115217685699463
24,final,-8.06180477142334
25,final,-5.182256698608398
26,final,-4.359247207641602
27,final,-3.935917615890503
28,final,-5.696244716644287
29,final,-4.359247207641602
30,final,-5.2737135887146
31,final,-6.035528659820557
32,final,-3.410471200942993
33,final,-7.551530838012695
34,final,-7.072144031524658
35,final,-5.569047927856445
36,final,-3.458465814590454
37,final,-4.099788188934326
38,final,-3.755885362625122
39,final,-4.814451694488525
40,final,-7.252813339233398
41,final,-4.325751304626465
42,final,-7.097068786621094
43,final,-10.055792808532715
44,final,-5.381513595581055
45,final,-7.6825103759765625
46,final,-5.052673816680908
47,final,-8.562216758728027
48,final,-7.319758415222168
49,final,-7.031181335449219
50,final,-5.695423603057861
51,final,-7.990384101867676
52,final,-5.207253456115723
53,final,-6.745090007781982
54,final,-6.860239028930664
55,final,-5.080585479736328
56,final,-9.379228591918945
57,final,-6.508277893066406
58,final,-6.480099678039551
59,final,-6.617769718170166
60,final,-8.31074047088623
61,final,-4.525055408477783
62,final,-6.103637218475342
63,final,-6.864297389984131
64,final,-5.948284149169922
65,final,-4.482207298278809
66,final,-6.6970086097717285
67,final,-6.194950103759766
68,final,-6.837368488311768
69,final,-5.804503440856934
70,final,-6.959799766540527
71,final,-3.9270920753479004
72,final,-7.320682048797607
73,final,-5.7390313148498535
74,final,-7.518869400024414
75,final,-6.78009033203125
76,final,-5.994617462158203
77,final,-4.683948040008545
78,final,-4.877486705780029
79,final,-4.7144012451171875
80,final,-5.472496509552002
81,final,-5.212785720825195
82,final,-5.005489826202393
83,final,-6.720300674438477
84,final,-6.192480564117432
85,final,-4.824441432952881
86,final,-6.157901763916016
87,final,-5.299627304077148
88,final,-6.689706802368164
89,final,-4.367351055145264
90,final,-4.379755973815918
91,final,-4.208364486694336
92,final,-6.136144638061523
93,final,-4.120965480804443
94,final,-6.7967119216918945
95,final,-5.860747814178467
96,final,-4.562547206878662
97,final,-9.457907676696777
98,final,-8.611248016357422
99,final,-8.376810073852539
100,final,-5.451369285583496
101,final,-5.9956536293029785
102,final,-5.585264682769775
103,final,-7.962400913238525
104,final,-8.45801830291748
105,final,-7.736321449279785
106,final,-8.989411354064941
107,final,-7.082399368286133
108,final,-8.45801830291748
109,final,-8.594965934753418
110,final,-7.187221050262451
111,final,-5.957582950592041
112,final,-4.088667869567871
113,final,-5.8766326904296875
114,final,-6.016175746917725
115,final,-4.094189643859863
116,final,-5.461006164550781
117,final,-6.676033973693848
118,final,-5.606242656707764
119,final,-7.069127559661865
120,final,-4.695884704589844
121,final,-5.32575798034668
122,final,-7.0095391273498535
123,final,-3.861104726791382
124,final,-4.13112735748291
125,final,-7.0095391273498535
126,final,-5.630603313446045
127,final,-3.6117184162139893
128,final,-3.9971866607666016
129,final,-3.4397990703582764
130,final,-3.3808417320251465
131,final,-6.550453186035156
132,final,-3.7627246379852295
133,final,-3.904120683670044
134,final,-3.1352288722991943
135,final,-6.6471171379089355
136,final,-5.24982213973999
137,final,-7.192491054534912
138,final,-3.4297029972076416
139,final,-5.467313289642334
140,final,-5.109442710876465
141,final,-5.36896276473999
142,final,-8.628145217895508
143,final,-9.806666374206543
144,final,-7.114282131195068
145,final,-8.344801902770996
146,final,-4.986721038818359
147,final,-6.525479316711426
148,final,-5.481362819671631
149,final,-8.972923278808594
150,final,-7.14311408996582
151,final,-7.404625415802002
152,final,-4.677886009216309
153,final,-9.458478927612305
154,final,-5.095189571380615
155,final,-6.395743370056152
156,final,-5.095189571380615
157,final,-6.961258888244629
158,final,-7.183615684509277
159,final,-6.288748741149902
160,final,-3.6674039363861084
161,final,-5.165707588195801
162,final,-5.2642645835876465
163,final,-6.542862415313721
164,final,-6.124101638793945
165,final,-4.46679162979126
166,final,-7.0251030921936035
167,final,-5.4469451904296875
168,final,-6.593285083770752
169,final,-8.12007999420166
170,final,-5.861855983734131
171,final,-6.158182621002197
172,final,-4.807772159576416
173,final,-5.006809234619141
174,final,-7.560108661651611
175,final,-5.877874851226807
176,final,-6.945168972015381
177,final,-6.594027042388916
178,final,-4.076272964477539
179,final,-5.264956951141357
180,final,-3.568739414215088
181,final,-5.4288554191589355
182,final,-5.734701633453369
183,final,-8.815143585205078
184,final,-4.561403274536133
185,final,-4.593224048614502
186,final,-5.308663368225098
187,final,-4.763936519622803
188,final,-4.247569561004639
189,final,-4.76652717590332
190,final,-5.713097095489502
191,final,-4.659335613250732
192,final,-7.02797794342041
193,final,-5.709894180297852
194,final,-7.866306304931641
195,final,-6.32087516784668
196,final,-6.446024417877197
197,final,-5.019749641418457
198,final,-4.431954383850098
199,final,-4.437964916229248
200,final,-3.28047251701355
201,final,-4.5564494132995605
202,final,-3.9469101428985596
203,final,-3.5250070095062256
204,final,-8.445764541625977
205,final,-8.445764541625977
206,final,-7.606274604797363
207,final,-3.694955825805664
208,final,-5.49462890625
209,final,-6.216640949249268
210,final,-4.489253997802734
211,final,-5.632328510284424
212,final,-7.8020195960998535
213,final,-5.731973171234131
214,final,-8.021933555603027
215,final,-5.624446868896484
216,final,-3.6189892292022705
217,final,-6.77065896987915
218,final,-5.1224365234375
219,final,-5.73525333404541
220,final,-5.933514595031738
221,final,-6.101781368255615
222,final,-9.263898849487305
223,final,-8.366429328918457
224,final,-7.836166858673096
225,final,-6.890936851501465
226,final,-6.491298198699951
227,final,-6.648550987243652
228,final,-6.504260063171387
229,final,-7.852121829986572
230,final,-6.538859844207764
231,final,-4.833809852600098
232,final,-5.2111592292785645
233,final,-5.5880279541015625
234,final,-5.66683292388916
235,final,-7.050098419189453
236,final,-7.942433834075928
237,final,-5.438754081726074
238,final,-4.952844619750977
239,final,-4.979195594787598
240,final,-5.540657043457031
241,final,-7.014759540557861
242,final,-6.844127178192139
243,final,-5.488577842712402
244,final,-7.039708137512207
245,final,-5.770367622375488
246,final,-7.4727325439453125
247,final,-6.010254859924316
248,final,-5.990777015686035
249,final,-8.355681419372559
250,final,-5.8759307861328125
251,final,-6.53377103805542
252,final,-5.66683292388916
253,final,-6.10178279876709
254,final,-6.10178279876709
255,final,-7.852121829986572
256,final,-7.090950012207031
257,final,-8.974065780639648
258,final,-7.146594047546387
259,final,-5.158499240875244
260,final,-7.273926258087158
261,final,-7.115904331207275
262,final,-7.600387096405029
263,final,-5.059479713439941
264,final,-5.843236446380615
265,final,-8.274713516235352
266,final,-7.460746765136719
267,final,-7.596556663513184
268,final,-6.628635406494141
269,final,-6.079404830932617
270,final,-6.107011318206787
271,final,-6.077760219573975
272,final,-7.269051551818848
273,final,-6.691624164581299
274,final,-4.546247482299805
275,final,-4.862819671630859
276,final,-5.173295974731445
277,final,-4.742048740386963
278,final,-7.228172302246094
279,final,-7.396697998046875
280,final,-5.431221008300781
281,final,-4.670530796051025
282,final,-4.538781642913818
283,final,-4.85956335067749
284,final,-6.283023834228516
285,final,-6.809235572814941
286,final,-5.541238307952881
287,final,-5.757375717163086
288,final,-8.610278129577637
289,final,-7.825302600860596
290,final,-7.191246509552002
291,final,-7.034533977508545
292,final,-7.902349948883057
293,final,-5.383514404296875
294,final,-7.267456531524658
295,final,-6.123915672302246
296,final,-7.728442192077637
297,final,-8.404105186462402
298,final,-6.120377540588379
299,final,-6.855681419372559
300,final,-6.120377540588379
301,final,-8.32189655303955
302,final,-6.484565734863281
303,final,-4.742570877075195
304,final,-6.226673126220703
305,final,-6.764629364013672
306,final,-7.895993232727051
307,final,-8.176212310791016
308,final,-5.999759197235107
309,final,-5.569459438323975
310,final,-6.123915672302246
311,final,-7.520901203155518
312,final,-7.13639497756958
313,final,-8.610278129577637
314,final,-9.046075820922852
315,final,-8.176212310791016
316,final,-8.030220985412598
317,final,-6.432998180389404
318,final,-5.248852729797363
319,final,-5.714008331298828
320,final,-8.030705451965332
321,final,-8.610278129577637
322,final,-5.450681209564209
323,final,-6.145644664764404
324,final,-8.298187255859375
325,final,-6.052365779876709
326,final,-4.151682376861572
327,final,-5.5082502365112305
328,final,-6.203938961029053
329,final,-4.591792106628418
330,final,-4.924571514129639
331,final,-7.477810859680176
332,final,-7.572867393493652
333,final,-6.5292649269104
334,final,-6.773107051849365
335,final,-7.085782051086426
336,final,-4.635958194732666
337,final,-7.283470630645752
338,final,-5.293769836425781
339,final,-6.9268999099731445
340,final,-8.23602294921875
341,final,-5.877629280090332
342,final,-6.1342363357543945
343,final,-5.877629280090332
344,final,-8.213704109191895
345,final,-6.122591018676758
346,final,-5.8275957107543945
347,final,-7.526391983032227
348,final,-8.615073204040527
349,final,-5.903581619262695
350,final,-5.914034843444824
351,final,-7.789908409118652
352,final,-7.104212760925293
353,final,-8.560325622558594
354,final,-6.643869876861572
355,final,-7.387050151824951
356,final,-6.619672775268555
357,final,-7.082212448120117
358,final,-5.817122459411621
359,final,-7.050048828125
360,final,-6.526250839233398
361,final,-8.521323204040527
362,final,-8.10420036315918
363,final,-5.7883501052856445
364,final,-6.639352798461914
365,final,-5.5261640548706055
366,final,-7.222871780395508
367,final,-5.632086277008057
368,final,-9.236639976501465
369,final,-7.699339866638184
370,final,-7.421717166900635
371,final,-7.013702392578125
372,final,-8.092866897583008
373,final,-6.941792011260986
374,final,-8.09609317779541
375,final,-6.771931171417236
376,final,-6.889340400695801
377,final,-6.286053657531738
378,final,-6.83965539932251
379,final,-4.975213050842285
380,final,-9.360270500183105
381,final,-6.138652801513672
382,final,-9.530672073364258
383,final,-6.504556179046631
384,final,-5.328570365905762
385,final,-6.663153648376465
386,final,-5.632086277008057
387,final,-6.888546466827393
388,final,-8.671880722045898
389,final,-5.200070858001709
390,final,-7.281298637390137
391,final,-8.092451095581055
392,final,-5.378756999969482
393,final,-4.969505310058594
394,final,-7.1264214515686035
395,final,-8.705896377563477
396,final,-7.805375099182129
397,final,-6.236053466796875
398,final,-9.569833755493164
399,final,-6.63888692855835
400,final,-6.928339958190918
401,final,-5.967323303222656
402,final,-6.731112480163574
403,final,-7.400099754333496
404,final,-10.861613273620605
405,final,-7.924802303314209
406,final,-5.870728492736816
407,final,-6.748104095458984
408,final,-6.1206207275390625
409,final,-6.535831928253174
410,final,-5.997108459472656
411,final,-7.72283411026001
412,final,-7.4815168380737305
413,final,-7.411852836608887
414,final,-7.489593982696533
415,final,-5.638654708862305
416,final,-9.075889587402344
417,final,-7.9562482833862305
418,final,-7.977330207824707
419,final,-4.218692302703857
420,final,-8.872442245483398
421,final,-9.44683837890625
422,final,-8.781713485717773
423,final,-7.728664875030518
424,final,-6.8686370849609375
425,final,-9.526741027832031
426,final,-6.055407524108887
427,final,-5.958218097686768
428,final,-8.347665786743164
429,final,-7.490999221801758
430,final,-7.8911333084106445
431,final,-8.545472145080566
432,final,-7.6664958000183105
433,final,-8.781940460205078
434,final,-6.027873516082764
435,final,-5.733649253845215
436,final,-6.529987335205078
437,final,-5.854733467102051
438,final,-7.285219192504883
439,final,-6.414714336395264
440,final,-6.230798244476318
441,final,-9.015839576721191
442,final,-6.518440246582031
443,final,-9.923627853393555
444,final,-7.811542987823486
445,final,-6.379084587097168
446,final,-8.525153160095215
447,final,-6.766273498535156
448,final,-9.001531600952148
449,final,-9.235982894897461
450,final,-5.892076015472412
451,final,-5.885510444641113
452,final,-7.155464172363281
453,final,-5.200407028198242
454,final,-7.695436477661133
455,final,-6.777525901794434
456,final,-8.695353507995605
457,final,-7.487614631652832
458,final,-6.004934787750244
459,final,-9.429295539855957
460,final,-7.28919792175293
461,final,-8.14491081237793
462,final,-4.657585144042969
463,final,-9.420401573181152
464,final,-7.804813385009766
465,final,-7.168515205383301
466,final,-6.300851821899414
467,final,-5.718361854553223
468,final,-8.39569091796875
469,final,-6.376763820648193
470,final,-6.0134124755859375
471,final,-8.653772354125977
472,final,-5.078752517700195
473,final,-5.201993465423584
474,final,-6.018630027770996
475,final,-6.221193313598633
476,final,-7.56643009185791
477,final,-6.358275413513184
478,final,-5.39396858215332
479,final,-5.3082756996154785
480,final,-6.897040367126465
481,final,-6.622809410095215
482,final,-5.084802627563477
483,final,-7.297704219818115
484,final,-8.37016487121582
485,final,-4.5714311599731445
486,final,-8.386565208435059
487,final,-6.641541957855225
488,final,-7.519275188446045
489,final,-6.353946208953857
490,final,-6.371070384979248
491,final,-7.953159809112549
492,final,-5.006237983703613
493,final,-5.138033866882324
494,final,-5.41064977645874
495,final,-3.968472480773926
496,final,-6.380929470062256
497,final,-5.043110370635986
498,final,-6.092710971832275
499,final,-5.150190830230713
500,final,-4.46821928024292
501,final,-3.5832910537719727
502,final,-6.374770164489746
503,final,-6.034842014312744
504,final,-5.229952812194824
505,final,-5.302606105804443
506,final,-5.410236358642578
507,final,-7.2387285232543945
508,final,-3.9050402641296387
509,final,-6.369614601135254
510,final,-8.798831939697266
511,final,-8.049379348754883
512,final,-7.744683265686035
513,final,-8.9085111618042
514,final,-5.915051460266113
515,final,-7.551058769226074
516,final,-4.350713729858398
517,final,-5.313372611999512
518,final,-4.367563247680664
519,final,-3.741647481918335
520,final,-6.759580612182617
521,final,-4.400791645050049
522,final,-3.9885940551757812
523,final,-5.840184211730957
524,final,-4.802520275115967
525,final,-6.314561367034912
526,final,-3.9414732456207275
527,final,-4.545016765594482
528,final,-5.129376411437988
529,final,-4.359131336212158
530,final,-5.757602691650391
531,final,-5.700220584869385
532,final,-6.677293300628662
533,final,-6.030767917633057
534,final,-4.612639427185059
535,final,-4.922108173370361
536,final,-5.361246109008789
537,final,-5.891900539398193
538,final,-4.12747859954834
539,final,-5.223623275756836
540,final,-4.976802825927734
541,final,-5.997699737548828
542,final,-5.301902770996094
543,final,-4.434102535247803
544,final,-5.049479961395264
545,final,-5.359931945800781
546,final,-4.8166303634643555
547,final,-4.734387397766113
548,final,-5.048511028289795
549,final,-5.135964393615723
550,final,-7.405392169952393
551,final,-4.1333112716674805
552,final,-6.587984085083008
553,final,-8.729588508605957
554,final,-7.2653021812438965
555,final,-4.780379772186279
556,final,-3.7821643352508545
557,final,-4.652536869049072
558,final,-5.228462219238281
559,final,-5.666829586029053
560,final,-8.450773239135742
561,final,-6.416277885437012
562,final,-7.445568084716797
563,final,-4.565192222595215
564,final,-7.968881130218506
565,final,-4.638951301574707
566,final,-6.18209981918335
567,final,-5.613637447357178
568,final,-3.5066003799438477
569,final,-5.213365077972412
570,final,-4.251258373260498
571,final,-5.072879314422607
572,final,-4.076838970184326
573,final,-5.745234966278076
574,final,-7.503195285797119
575,final,-4.378018379211426
576,final,-9.673358917236328
577,final,-7.568097114562988
578,final,-7.568097114562988
579,final,-3.8898277282714844
580,final,-5.666829586029053
581,final,-8.30244255065918
582,final,-5.323598384857178
583,final,-7.218276023864746
584,final,-4.959871768951416
585,final,-5.638718605041504
586,final,-8.199228286743164
587,final,-7.217833042144775
588,final,-8.056726455688477
589,final,-4.588027000427246
590,final,-8.54466724395752
591,final,-5.2826762199401855
592,final,-4.602795600891113
593,final,-4.378018379211426
594,final,-5.921189308166504
595,final,-6.5626115798950195
596,final,-6.820736885070801
597,final,-7.025949478149414
598,final,-4.510915279388428
599,final,-3.3723840713500977
600,final,-4.483590602874756
601,final,-4.951794624328613
602,final,-5.143639087677002
603,final,-7.794044017791748
604,final,-6.035255432128906
605,final,-7.808803558349609
606,final,-4.350555896759033
607,final,-7.737523555755615
608,final,-4.643222332000732
609,final,-5.154585361480713
610,final,-5.4029765129089355
611,final,-4.485284328460693
612,final,-5.243071556091309
613,final,-4.356841564178467
614,final,-4.994710445404053
615,final,-4.878104209899902
616,final,-5.8756866455078125
617,final,-8.205463409423828
618,final,-7.119052886962891
619,final,-5.861796855926514
620,final,-6.47615385055542
621,final,-6.069911003112793
622,final,-8.017884254455566
623,final,-7.138404846191406
624,final,-5.926412105560303
625,final,-5.885644435882568
626,final,-5.647824764251709
627,final,-8.217318534851074
628,final,-6.850635051727295
629,final,-7.24153995513916
630,final,-8.156879425048828
631,final,-7.938567638397217
632,final,-5.377168655395508
633,final,-6.554378032684326
634,final,-6.976047039031982
635,final,-8.657632827758789
636,final,-7.470322608947754
637,final,-6.806516647338867
638,final,-6.804924011230469
639,final,-8.616571426391602
640,final,-7.990589141845703
641,final,-7.523227214813232
642,final,-5.815667152404785
643,final,-8.612334251403809
644,final,-5.011296272277832
645,final,-5.532766819000244
646,final,-8.124117851257324
647,final,-5.3009419441223145
648,final,-6.111252784729004
649,final,-8.993903160095215
650,final,-7.194272041320801
651,final,-6.181160926818848
652,final,-5.702366352081299
653,final,-8.845648765563965
654,final,-5.490251064300537
655,final,-6.7904486656188965
656,final,-4.287609577178955
657,final,-5.10880184173584
658,final,-8.50525951385498
659,final,-7.026691436767578
660,final,-8.02840518951416
661,final,-6.575275897979736
662,final,-6.487370014190674
663,final,-7.420454502105713
664,final,-6.252314567565918
665,final,-7.874330043792725
666,final,-7.804282188415527
667,final,-7.115903854370117
668,final,-5.676884174346924
669,final,-7.438643455505371
670,final,-7.942174434661865
671,final,-7.914588928222656
672,final,-7.262403964996338
673,final,-9.91347599029541
674,final,-9.30746841430664
675,final,-5.7078471183776855
676,final,-6.31053352355957
677,final,-8.192914962768555
678,final,-10.202839851379395
679,final,-8.44379711151123
680,final,-7.84399938583374
681,final,-8.680506706237793
682,final,-5.822203159332275
683,final,-6.917605876922607
684,final,-4.763627529144287
685,final,-8.849416732788086
686,final,-5.667019367218018
687,final,-5.1903557777404785
688,final,-7.504697322845459
689,final,-6.903456687927246
690,final,-7.492779731750488
691,final,-6.31329345703125
692,final,-8.311124801635742
693,final,-4.881211757659912
694,final,-5.530210018157959
695,final,-7.55990743637085
696,final,-5.633712291717529
697,final,-7.059763431549072
698,final,-6.318232536315918
699,final,-9.785652160644531
700,final,-7.010383605957031
701,final,-7.706460475921631
702,final,-6.861733913421631
703,final,-7.541293144226074
704,final,-4.294825553894043
705,final,-6.9854207038879395
706,final,-7.50482177734375
707,final,-7.0942230224609375
708,final,-4.954361915588379
709,final,-7.550265312194824
710,final,-5.204216957092285
711,final,-5.219789028167725
712,final,-7.012168884277344
713,final,-7.493612766265869
714,final,-6.314137935638428
715,final,-6.376297473907471
716,final,-6.516378879547119
717,final,-5.476388454437256
718,final,-7.943612575531006
719,final,-5.056512355804443
720,final,-6.934680938720703
721,final,-8.00908374786377
722,final,-7.846439361572266
723,final,-8.710607528686523
724,final,-7.485828399658203
725,final,-5.822545051574707
726,final,-6.922544956207275
727,final,-5.127389430999756
728,final,-10.214434623718262
729,final,-5.686150074005127
730,final,-5.385099411010742
731,final,-10.214221000671387
732,final,-6.348592281341553
733,final,-6.270015716552734
734,final,-5.137344837188721
735,final,-9.547168731689453
736,final,-5.15956974029541
737,final,-5.909538745880127
738,final,-7.747130870819092
739,final,-6.952339172363281
740,final,-6.928371906280518
741,final,-5.6729583740234375
742,final,-7.348902225494385
743,final,-5.497298240661621
744,final,-6.836557388305664
745,final,-6.902796745300293
746,final,-7.503355026245117
747,final,-5.16679573059082
748,final,-4.994101524353027
749,final,-5.870456218719482
750,final,-9.923131942749023
751,final,-9.374598503112793
752,final,-6.9856038093566895
753,final,-10.51515007019043
754,final,-6.808825492858887
755,final,-5.50694465637207
756,final,-7.086476802825928
757,final,-7.817351341247559
758,final,-6.174720764160156
759,final,-9.667236328125
760,final,-5.132203102111816
761,final,-7.4221577644348145
762,final,-6.115882396697998
763,final,-5.9339680671691895
764,final,-5.541189193725586
765,final,-5.398377895355225
766,final,-5.618981838226318
767,final,-4.833929061889648
768,final,-5.966110706329346
769,final,-5.325233459472656
770,final,-5.109201431274414
771,final,-5.738204479217529
772,final,-6.898935794830322
773,final,-5.0067901611328125
774,final,-4.709470272064209
775,final,-6.066806793212891
776,final,-5.852916717529297
777,final,-9.815707206726074
778,final,-4.741231441497803
779,final,-6.9504218101501465
780,final,-6.650546550750732
781,final,-5.526476860046387
782,final,-7.020284175872803
783,final,-5.30155086517334
784,final,-4.444356918334961
785,final,-6.797152996063232
786,final,-4.686692714691162
787,final,-5.547765254974365
788,final,-4.979864120483398
789,final,-7.343628883361816
790,final,-5.908667087554932
791,final,-4.809080600738525
792,final,-4.780540943145752
793,final,-4.53866720199585
794,final,-7.909021377563477
795,final,-5.082356929779053
796,final,-4.792786121368408
797,final,-6.62641716003418
798,final,-6.089137554168701
799,final,-6.130972385406494
800,final,-7.133738040924072
801,final,-7.309300899505615
802,final,-3.4405388832092285
803,final,-7.536046028137207
804,final,-4.575516700744629
805,final,-4.585548400878906
806,final,-6.359222412109375
807,final,-6.939043045043945
808,final,-3.7540440559387207
809,final,-6.012197494506836
810,final,-7.659276485443115
811,final,-5.3564934730529785
812,final,-5.737722396850586
813,final,-4.482776641845703
814,final,-4.915092468261719
815,final,-5.1749420166015625
816,final,-6.001652240753174
817,final,-8.769612312316895
818,final,-4.964640140533447
819,final,-5.654813289642334
820,final,-4.3406195640563965
821,final,-5.2576189041137695
822,final,-4.406302452087402
823,final,-6.204976558685303
824,final,-4.9774651527404785
825,final,-4.155882358551025
826,final,-4.584418773651123
827,final,-4.814448833465576
828,final,-6.093562602996826
829,final,-5.240366458892822
830,final,-6.926246166229248
831,final,-4.752922534942627
832,final,-7.43433141708374
833,final,-5.54460334777832
834,final,-5.022092342376709
835,final,-6.1068267822265625
836,final,-4.472815990447998
837,final,-8.63154411315918
838,final,-4.9946699142456055
839,final,-4.64493989944458
840,final,-6.870080471038818
841,final,-5.718981742858887
842,final,-6.123818397521973
843,final,-7.412602424621582
844,final,-7.206236362457275
845,final,-4.201193809509277
846,final,-7.099555015563965
847,final,-4.329570770263672
848,final,-3.57657790184021
849,final,-5.717861175537109
850,final,-5.5723795890808105
851,final,-4.6746015548706055
852,final,-7.244315147399902
853,final,-5.11290168762207
854,final,-5.9228363037109375
855,final,-6.574920654296875
856,final,-6.068144798278809
857,final,-8.171276092529297
858,final,-8.673249244689941
859,final,-8.171276092529297
860,final,-6.917719841003418
861,final,-5.32912540435791
862,final,-5.847995281219482
863,final,-5.368455410003662
864,final,-5.683333873748779
865,final,-5.829357147216797
866,final,-5.390537261962891
867,final,-3.779287338256836
868,final,-3.6660547256469727
869,final,-4.648433685302734
870,final,-5.692193031311035
871,final,-4.829529762268066
872,final,-3.95388126373291
873,final,-6.8186516761779785
874,final,-3.6489386558532715
875,final,-5.829357147216797
876,final,-3.8299596309661865
877,final,-5.786921501159668
878,final,-6.233120918273926
879,final,-6.314316749572754
880,final,-5.913144588470459
881,final,-5.033175945281982
882,final,-5.669077396392822
883,final,-6.901921272277832
884,final,-4.862678050994873
885,final,-4.648433685302734
886,final,-5.151169776916504
887,final,-4.847021102905273
888,final,-5.717861175537109
889,final,-4.773125648498535
890,final,-4.604963779449463
891,final,-3.7834792137145996
892,final,-5.2018818855285645
893,final,-6.0137038230896
894,final,-4.575230121612549
895,final,-7.068131446838379
896,final,-5.7516584396362305
897,final,-5.824573516845703
898,final,-6.088911533355713
899,final,-5.793036937713623
900,final,-9.279709815979004
901,final,-8.172004699707031
902,final,-9.279709815979004
903,final,-7.316627502441406
904,final,-5.50138521194458
905,final,-5.539891242980957
906,final,-5.584771156311035
907,final,-6.2351908683776855
908,final,-6.572789669036865
909,final,-5.603815078735352
910,final,-6.155377388000488
911,final,-4.924505710601807
912,final,-4.684693813323975
913,final,-5.8526506423950195
914,final,-5.551599502563477
915,final,-4.684693813323975
916,final,-6.586605072021484
917,final,-5.848176956176758
918,final,-7.075076580047607
919,final,-4.849787712097168
920,final,-5.0239434242248535
921,final,-5.666621685028076
922,final,-4.6514410972595215
923,final,-4.844564914703369
924,final,-6.0074262619018555
925,final,-5.0941619873046875
926,final,-4.7460527420043945
927,final,-5.2502522468566895
928,final,-6.649400234222412
929,final,-9.529888153076172
930,final,-5.566473484039307
931,final,-9.417731285095215
932,final,-8.684061050415039
933,final,-8.112081527709961
934,final,-6.449128150939941
935,final,-7.274425983428955
936,final,-5.395540237426758
937,final,-7.970231533050537
938,final,-6.099684238433838
939,final,-6.589189529418945
940,final,-5.970334053039551
941,final,-5.494678020477295
942,final,-7.577615737915039
943,final,-7.370402812957764
944,final,-4.946479797363281
945,final,-4.872896194458008
946,final,-7.016681671142578
947,final,-5.221465110778809
948,final,-5.116974830627441
949,final,-6.617735385894775
950,final,-5.468239784240723
951,final,-6.81254768371582
952,final,-4.973299980163574
953,final,-6.3315205574035645
954,final,-4.855860710144043
955,final,-5.109419822692871
956,final,-5.753635406494141
957,final,-6.546370029449463
958,final,-5.109419822692871
959,final,-6.024723052978516
960,final,-6.2619171142578125
961,final,-7.531985759735107
962,final,-5.1359100341796875
963,final,-4.80124044418335
964,final,-6.834874629974365
965,final,-4.718782424926758
966,final,-5.0040364265441895
967,final,-5.645491123199463
968,final,-5.090673446655273
969,final,-4.796844959259033
970,final,-5.325014591217041
971,final,-6.369308948516846
972,final,-8.890618324279785
973,final,-4.506780624389648
974,final,-7.089158535003662
975,final,-7.1056132316589355
976,final,-7.070731163024902
977,final,-6.435081481933594
978,final,-5.451077461242676
979,final,-6.44049596786499
980,final,-4.93204402923584
981,final,-6.098303318023682
982,final,-4.078885078430176
983,final,-4.904885768890381
984,final,-4.858103275299072
985,final,-5.530684947967529
986,final,-4.856700897216797
987,final,-6.177388668060303
988,final,-7.562036037445068
989,final,-6.577203750610352
990,final,-9.384027481079102
991,final,-6.097081184387207
992,final,-6.788913726806641
993,final,-6.943883895874023
994,final,-7.73211669921875
995,final,-8.855173110961914
996,final,-5.677769660949707
997,final,-5.901449680328369
998,final,-6.29970645904541
999,final,-7.226234436035156
1000,final,-6.977781295776367
1001,final,-6.968556880950928
1002,final,-8.030726432800293
1003,final,-4.80079984664917
1004,final,-6.3889994621276855
1005,final,-4.6405439376831055
1006,final,-9.987885475158691
1007,final,-8.375353813171387
1008,final,-6.4698357582092285
1009,final,-5.111201286315918
1010,final,-3.597026824951172
1011,final,-8.18402099609375
1012,final,-5.341527462005615
1013,final,-6.8463664054870605
1014,final,-5.906421184539795
1015,final,-7.468994140625
1016,final,-4.908917427062988
1017,final,-7.784870147705078
1018,final,-6.878822326660156
1019,final,-6.5394463539123535
1020,final,-6.627580165863037
1021,final,-5.118803977966309
1022,final,-6.4583306312561035
1023,final,-4.8408732414245605
1024,final,-5.694323539733887
1025,final,-4.24331521987915
1026,final,-4.84989070892334
1027,final,-4.839915752410889
1028,final,-5.132028102874756
1029,final,-4.744237899780273
1030,final,-5.947420120239258
1031,final,-6.78567361831665
1032,final,-6.312849998474121
1033,final,-9.03639030456543
1034,final,-5.700094223022461
1035,final,-6.557262420654297
1036,final,-5.283344745635986
1037,final,-4.8066229820251465
1038,final,-4.425201892852783
1039,final,-4.937338352203369
1040,final,-5.392618656158447
1041,final,-7.403109073638916
1042,final,-4.252163410186768
1043,final,-5.309943675994873
1044,final,-5.346767425537109
1045,final,-5.1219096183776855
1046,final,-6.0514960289001465
1047,final,-6.911331653594971
1048,final,-4.522952556610107
1049,final,-5.116215705871582
1050,final,-6.861955165863037
1051,final,-5.869355201721191
1052,final,-6.221078395843506
1053,final,-4.808235168457031
1054,final,-7.1546711921691895
1055,final,-5.471574306488037
1056,final,-4.962238311767578
1057,final,-8.419246673583984
1058,final,-6.08758544921875
1059,final,-7.49702262878418
1060,final,-4.814992427825928
1061,final,-7.981269359588623
1062,final,-5.434091567993164
1063,final,-5.557471752166748
1064,final,-6.4091973304748535
1065,final,-4.993642807006836
1066,final,-4.819533348083496
1067,final,-7.396644592285156
1068,final,-5.029952526092529
1069,final,-4.200520992279053
1070,final,-3.9988980293273926
1071,final,-5.359368801116943
1072,final,-4.68535852432251
1073,final,-5.744748115539551
1074,final,-6.629507064819336
1075,final,-6.265890121459961
1076,final,-7.687070846557617
1077,final,-3.1907310485839844
1078,final,-6.422624111175537
1079,final,-7.767995357513428
1080,final,-3.877394914627075
1081,final,-5.005760192871094
1082,final,-5.633401870727539
1083,final,-3.7969014644622803
1084,final,-3.7969014644622803
1085,final,-5.261070251464844
1086,final,-3.732753038406372
1087,final,-5.020064830780029
1088,final,-5.105277061462402
1089,final,-7.248911380767822
1090,final,-4.225656032562256
1091,final,-5.027494430541992
1092,final,-4.113757610321045
1093,final,-5.930025577545166
1094,final,-5.010639667510986
1095,final,-3.483315944671631
1096,final,-3.225268840789795
1097,final,-6.675652980804443
1098,final,-3.352611780166626
1099,final,-4.3018927574157715
1100,final,-7.8285813331604
1101,final,-6.486675262451172
1102,final,-5.909214019775391
1103,final,-7.822800159454346
1104,final,-4.368274688720703
1105,final,-8.119778633117676
1106,final,-5.371112823486328
1107,final,-6.3577752113342285
1108,final,-4.713095664978027
1109,final,-5.976001739501953
1110,final,-7.199720859527588
1111,final,-8.190138816833496
1112,final,-5.479623317718506
1113,final,-4.622522830963135
1114,final,-3.721845865249634
1115,final,-3.935417890548706
1116,final,-6.3577752113342285
1117,final,-3.512312650680542
1118,final,-3.3890058994293213
1119,final,-7.755782127380371
1120,final,-3.0890707969665527
1121,final,-5.5475592613220215
1122,final,-7.644326686859131
1123,final,-3.980602741241455
1124,final,-4.82444429397583
1125,final,-5.178645133972168
1126,final,-3.7602968215942383
1127,final,-3.7602968215942383
1128,final,-4.766501426696777
1129,final,-3.5239195823669434
1130,final,-4.621528148651123
1131,final,-4.851473331451416
1132,final,-7.283359050750732
1133,final,-4.1014723777771
1134,final,-4.68839168548584
1135,final,-3.7457785606384277
1136,final,-6.29086446762085
1137,final,-4.9805908203125
1138,final,-3.3544836044311523
1139,final,-6.040480136871338
1140,final,-4.678521633148193
1141,final,-4.03850793838501
1142,final,-3.511481761932373
1143,final,-4.426823139190674
1144,final,-4.919744968414307
1145,final,-3.6853461265563965
1146,final,-6.643686294555664
1147,final,-4.934657573699951
1148,final,-5.664083480834961
1149,final,-8.09082317352295
1150,final,-4.779636859893799
1151,final,-4.4640655517578125
1152,final,-5.378992557525635
1153,final,-4.4853434562683105
1154,final,-3.210672616958618
1155,final,-4.464066028594971
1156,final,-4.45849084854126
1157,final,-4.588483810424805
1158,final,-4.7749247550964355
1159,final,-3.7614948749542236
1160,final,-6.246841907501221
1161,final,-5.7456488609313965
1162,final,-6.900996685028076
1163,final,-4.8445563316345215
1164,final,-4.932808876037598
1165,final,-5.911801815032959
1166,final,-5.7456488609313965
1167,final,-7.122974395751953
1168,final,-4.7056403160095215
1169,final,-8.426108360290527
1170,final,-5.556915283203125
1171,final,-3.7819137573242188
1172,final,-7.903396129608154
1173,final,-7.903396129608154
1174,final,-5.923777103424072
1175,final,-4.174947738647461
1176,final,-3.6479809284210205
1177,final,-6.545797348022461
1178,final,-6.313374996185303
1179,final,-3.8501169681549072
1180,final,-4.7353434562683105
1181,final,-4.932808876037598
1182,final,-5.753472805023193
1183,final,-4.103416442871094
1184,final,-3.560187816619873
1185,final,-3.0431582927703857
1186,final,-4.122087001800537
1187,final,-5.0248284339904785
1188,final,-3.5588529109954834
1189,final,-6.7683844566345215
1190,final,-5.110771179199219
1191,final,-5.097047328948975
1192,final,-7.512455463409424
1193,final,-4.450751781463623
1194,final,-3.9929683208465576
1195,final,-5.2066826820373535
1196,final,-4.288833141326904
1197,final,-2.951321840286255
1198,final,-3.9929683208465576
1199,final,-4.610073566436768
1200,final,-4.15927791595459
1201,final,-4.54355525970459
1202,final,-10.212320327758789
1203,final,-6.873744487762451
1204,final,-9.771197319030762
1205,final,-6.058189392089844
1206,final,-7.44959831237793
1207,final,-4.094948768615723
1208,final,-6.598089694976807
1209,final,-7.751054286956787
1210,final,-8.568888664245605
1211,final,-5.262124061584473
1212,final,-8.241795539855957
1213,final,-7.3065948486328125
1214,final,-5.76568603515625
1215,final,-4.549579620361328
1216,final,-4.697595119476318
1217,final,-7.954239845275879
1218,final,-7.6403303146362305
1219,final,-6.754158020019531
1220,final,-9.002578735351562
1221,final,-6.261246681213379
1222,final,-8.248244285583496
1223,final,-8.300215721130371
1224,final,-5.2071943283081055
1225,final,-7.006886005401611
1226,final,-6.187110424041748
1227,final,-8.941078186035156
1228,final,-4.89680814743042
1229,final,-5.006333827972412
1230,final,-5.798299789428711
1231,final,-9.787773132324219
1232,final,-6.467130184173584
1233,final,-4.729337215423584
1234,final,-7.5373382568359375
1235,final,-8.08331298828125
1236,final,-4.135505676269531
1237,final,-5.489642143249512
1238,final,-7.182585716247559
1239,final,-8.603195190429688
1240,final,-5.227706432342529
1241,final,-6.218405723571777
1242,final,-5.419553756713867
1243,final,-8.528190612792969
1244,final,-8.88753604888916
1245,final,-8.118103981018066
1246,final,-7.418853759765625
1247,final,-7.485527038574219
1248,final,-5.585437297821045
1249,final,-7.436675071716309
1250,final,-4.090540885925293
1251,final,-5.836324691772461
1252,final,-6.734358787536621
1253,final,-6.78338098526001
1254,final,-5.066779136657715
1255,final,-7.497336387634277
1256,final,-6.87721586227417
1257,final,-5.7973504066467285
1258,final,-4.9570393562316895
1259,final,-5.040455341339111
1260,final,-8.343891143798828
1261,final,-7.92445182800293
1262,final,-5.944856643676758
1263,final,-8.943416595458984
1264,final,-6.037624359130859
1265,final,-7.014305591583252
1266,final,-9.033963203430176
1267,final,-5.087364196777344
1268,final,-5.185082912445068
1269,final,-6.4448418617248535
1270,final,-4.5547661781311035
1271,final,-6.0098042488098145
1272,final,-7.972584247589111
1273,final,-5.279519081115723
1274,final,-6.377852439880371
1275,final,-8.763428688049316
1276,final,-5.685043811798096
1277,final,-4.8720855712890625
1278,final,-4.302541255950928
1279,final,-6.386458873748779
1280,final,-5.405754089355469
1281,final,-5.554849147796631
1282,final,-5.28582239151001
1283,final,-4.409120082855225
1284,final,-4.659226894378662
1285,final,-7.824952602386475
1286,final,-4.892819881439209
1287,final,-7.348631381988525
1288,final,-7.122197151184082
1289,final,-5.861240863800049
1290,final,-7.227518558502197
1291,final,-7.253704071044922
1292,final,-4.816319942474365
1293,final,-5.951084136962891
1294,final,-5.371646404266357
1295,final,-5.08736515045166
1296,final,-6.441850662231445
1297,final,-7.662336826324463
1298,final,-5.080296993255615
1299,final,-9.0542631149292
1300,final,-5.405754089355469
1301,final,-8.529935836791992
1302,final,-8.422505378723145
1303,final,-7.411287784576416
1304,final,-5.356278896331787
1305,final,-6.827908039093018
1306,final,-4.567636966705322
1307,final,-6.577935695648193
1308,final,-5.624421119689941
1309,final,-7.765904903411865
1310,final,-4.3773512840271
1311,final,-4.457465171813965
1312,final,-7.262810230255127
1313,final,-4.489299297332764
1314,final,-7.257428169250488
1315,final,-7.517546653747559
1316,final,-4.80506706237793
1317,final,-6.241750717163086
1318,final,-7.3477091789245605
1319,final,-5.879735469818115
1320,final,-4.803250312805176
1321,final,-3.503657341003418
1322,final,-5.076244354248047
1323,final,-4.699521541595459
1324,final,-5.792646884918213
1325,final,-4.648644924163818
1326,final,-4.085389137268066
1327,final,-4.0432353019714355
1328,final,-4.325431823730469
1329,final,-5.544358253479004
1330,final,-5.544358253479004
1331,final,-6.477451324462891
1332,final,-5.705670356750488
1333,final,-7.34627103805542
1334,final,-5.306180477142334
1335,final,-5.117774486541748
1336,final,-5.299055099487305
1337,final,-5.356966972351074
1338,final,-6.010220527648926
1339,final,-6.9339494705200195
1340,final,-5.662281513214111
1341,final,-6.384398937225342
1342,final,-6.303694725036621
1343,final,-4.734470844268799
1344,final,-4.912199974060059
1345,final,-4.054763317108154
1346,final,-4.244502544403076
1347,final,-4.1847758293151855
1348,final,-3.8927254676818848
1349,final,-4.406488418579102
1350,final,-3.6917567253112793
1351,final,-3.928694725036621
1352,final,-6.562954425811768
1353,final,-6.3150506019592285
1354,final,-5.109606742858887
1355,final,-4.933873176574707
1356,final,-4.475281238555908
1357,final,-4.564547538757324
1358,final,-4.06068754196167
1359,final,-3.80122971534729
1360,final,-4.7435808181762695
1361,final,-4.188205718994141
1362,final,-7.180179119110107
1363,final,-5.3391571044921875
1364,final,-7.721583843231201
1365,final,-8.229938507080078
1366,final,-5.926827907562256
1367,final,-6.037625789642334
0,best,-5.6015625
1,best,-6.82080078125
2,best,-4.265000820159912
3,best,-6.008519172668457
4,best,-6.861642837524414
5,best,-6.674439907073975
6,best,-7.76785135269165
7,best,-6.575644016265869
8,best,-3.5388457775115967
9,best,-4.114819526672363
10,best,-6.332801818847656
11,best,-4.596778869628906
12,best,-4.185066223144531
13,best,-5.288348197937012
14,best,-7.533924102783203
15,best,-4.005230903625488
16,best,-4.984072208404541
17,best,-4.596778869628906
18,best,-5.9114990234375
19,best,-4.265000820159912
20,best,-5.542545795440674
21,best,-5.709238052368164
22,best,-6.272237300872803
23,best,-4.57240629196167
24,best,-7.4369635581970215
25,best,-5.709238052368164
26,best,-4.857520580291748
27,best,-4.170216083526611
28,best,-4.969395637512207
29,best,-4.857520580291748
30,best,-5.699711322784424
31,best,-6.064748287200928
32,best,-3.753674030303955
33,best,-7.04356575012207
34,best,-7.060333251953125
35,best,-5.852039337158203
36,best,-4.322726249694824
37,best,-4.616328716278076
38,best,-3.8078906536102295
39,best,-5.455585479736328
40,best,-5.937784194946289
41,best,-4.544157028198242
42,best,-6.193541526794434
43,best,-8.221837997436523
44,best,-6.008323669433594
45,best,-7.386176586151123
46,best,-5.832568168640137
47,best,-7.536868572235107
48,best,-7.061071395874023
49,best,-6.140889644622803
50,best,-5.695001602172852
51,best,-6.147414684295654
52,best,-5.0711870193481445
53,best,-6.036815643310547
54,best,-6.688717365264893
55,best,-6.0571208000183105
56,best,-8.628364562988281
57,best,-6.210072994232178
58,best,-5.527273178100586
59,best,-5.4933013916015625
60,best,-7.570993423461914
61,best,-4.944425106048584
62,best,-6.931243896484375
63,best,-6.950109004974365
64,best,-6.926565170288086
65,best,-5.094917297363281
66,best,-5.891912460327148
67,best,-8.190756797790527
68,best,-6.861049652099609
69,best,-5.912271976470947
70,best,-7.9725236892700195
71,best,-5.307435989379883
72,best,-7.265656471252441
73,best,-6.480898380279541
74,best,-7.659219264984131
75,best,-6.758457660675049
76,best,-7.30147123336792
77,best,-4.76362943649292
78,best,-5.733138084411621
79,best,-5.550670146942139
80,best,-5.293963432312012
81,best,-5.573070526123047
82,best,-4.718616485595703
83,best,-5.55989933013916
84,best,-6.25794792175293
85,best,-4.318635940551758
86,best,-5.381369113922119
87,best,-4.786689758300781
88,best,-6.521390438079834
89,best,-4.920195579528809
90,best,-4.638128280639648
91,best,-4.443002223968506
92,best,-5.62578010559082
93,best,-4.403993129730225
94,best,-5.928765296936035
95,best,-6.841656684875488
96,best,-4.904296398162842
97,best,-7.449426174163818
98,best,-6.3157477378845215
99,best,-6.5142035484313965
100,best,-6.0078301429748535
101,best,-4.9284796714782715
102,best,-4.628345966339111
103,best,-6.880629539489746
104,best,-6.047083377838135
105,best,-7.212510108947754
106,best,-7.9062957763671875
107,best,-6.203839302062988
108,best,-6.047083377838135
109,best,-7.362324237823486
110,best,-6.595494270324707
111,best,-5.967515468597412
112,best,-4.160589218139648
113,best,-4.753672122955322
114,best,-6.051295280456543
115,best,-4.045589447021484
116,best,-5.79896879196167
117,best,-5.98330020904541
118,best,-4.477597713470459
119,best,-7.092064380645752
120,best,-5.048857688903809
121,best,-5.753017902374268
122,best,-6.682743549346924
123,best,-3.7040984630584717
124,best,-3.8214168548583984
125,best,-6.682743549346924
126,best,-5.860729694366455
127,best,-3.88525652885437
128,best,-4.381483554840088
129,best,-3.2669870853424072
130,best,-3.8535685539245605
131,best,-6.286557674407959
132,best,-4.374356746673584
133,best,-4.521917343139648
134,best,-3.126452684402466
135,best,-6.858662128448486
136,best,-5.406596660614014
137,best,-6.587863445281982
138,best,-3.876577615737915
139,best,-5.540181636810303
140,best,-5.95607852935791
141,best,-5.549816608428955
142,best,-7.202914714813232
143,best,-7.938922882080078
144,best,-7.248025894165039
145,best,-7.996297359466553
146,best,-5.437506675720215
147,best,-5.340997695922852
148,best,-5.825697422027588
149,best,-8.281479835510254
150,best,-6.608866214752197
151,best,-6.934693336486816
152,best,-4.680105686187744
153,best,-8.585979461669922
154,best,-5.790787696838379
155,best,-6.105739593505859
156,best,-5.790787696838379
157,best,-7.351529598236084
158,best,-6.670185089111328
159,best,-6.546870231628418
160,best,-3.57810378074646
161,best,-6.900803565979004
162,best,-5.837302207946777
163,best,-6.449136257171631
164,best,-6.270969867706299
165,best,-4.7708659172058105
166,best,-6.9177093505859375
167,best,-5.487140655517578
168,best,-6.186213970184326
169,best,-8.30639362335205
170,best,-6.2660064697265625
171,best,-6.463993549346924
172,best,-5.199656963348389
173,best,-5.124697208404541
174,best,-6.646817684173584
175,best,-5.4338297843933105
176,best,-6.598878860473633
177,best,-6.654132843017578
178,best,-4.778031826019287
179,best,-4.997745513916016
180,best,-3.615879774093628
181,best,-5.302276611328125
182,best,-5.368005752563477
183,best,-7.115881443023682
184,best,-4.705018997192383
185,best,-4.445757865905762
186,best,-4.778332710266113
187,best,-5.473318099975586
188,best,-4.299377918243408
189,best,-4.965865135192871
190,best,-5.6447577476501465
191,best,-5.595237731933594
192,best,-6.606997013092041
193,best,-5.52777624130249
194,best,-7.1815185546875
195,best,-5.556931495666504
196,best,-6.300695419311523
197,best,-4.6772613525390625
198,best,-4.19334077835083
199,best,-3.759425163269043
200,best,-3.3157198429107666
201,best,-4.2129621505737305
202,best,-3.3969295024871826
203,best,-3.9878122806549072
204,best,-7.80087947845459
205,best,-7.80087947845459
206,best,-6.3934431076049805
207,best,-4.063327312469482
208,best,-4.799870491027832
209,best,-5.791713714599609
210,best,-4.874592304229736
211,best,-5.4997358322143555
212,best,-6.446385383605957
213,best,-5.449540615081787
214,best,-6.919189453125
215,best,-4.572487831115723
216,best,-3.6825428009033203
217,best,-6.157074928283691
218,best,-5.028975963592529
219,best,-5.762767314910889
220,best,-5.804427146911621
221,best,-5.0540385246276855
222,best,-7.492415428161621
223,best,-7.228638172149658
224,best,-5.955528259277344
225,best,-6.242058753967285
226,best,-5.4250569343566895
227,best,-5.611655235290527
228,best,-6.489153861999512
229,best,-7.386343955993652
230,best,-5.4083709716796875
231,best,-5.691289901733398
232,best,-5.3658246994018555
233,best,-5.5644917488098145
234,best,-5.052157402038574
235,best,-6.276267051696777
236,best,-6.595395088195801
237,best,-5.579272270202637
238,best,-5.192290306091309
239,best,-5.127164363861084
240,best,-5.918242454528809
241,best,-6.809653282165527
242,best,-5.707523822784424
243,best,-5.009018898010254
244,best,-5.9163055419921875
245,best,-5.564785003662109
246,best,-6.504664421081543
247,best,-6.6724324226379395
248,best,-6.058434009552002
249,best,-7.502038478851318
250,best,-6.4086689949035645
251,best,-6.348233699798584
252,best,-5.052157402038574
253,best,-5.05403995513916
254,best,-5.05403995513916
255,best,-7.386343955993652
256,best,-5.723252773284912
257,best,-7.698852062225342
258,best,-6.202831745147705
259,best,-4.958869457244873
260,best,-6.747702598571777
261,best,-5.973850727081299
262,best,-5.816630840301514
263,best,-5.324589252471924
264,best,-5.195741176605225
265,best,-6.655453681945801
266,best,-5.9506707191467285
267,best,-5.458444118499756
268,best,-5.667393684387207
269,best,-5.195582866668701
270,best,-5.291241645812988
271,best,-6.156180381774902
272,best,-6.832375526428223
273,best,-5.3025898933410645
274,best,-4.89610481262207
275,best,-5.077943801879883
276,best,-5.0334649085998535
277,best,-4.476670265197754
278,best,-6.875238418579102
279,best,-5.968877792358398
280,best,-5.37699556350708
281,best,-5.03694486618042
282,best,-4.286386489868164
283,best,-4.49266242980957
284,best,-6.124610424041748
285,best,-5.685451984405518
286,best,-5.410745620727539
287,best,-5.401248931884766
288,best,-7.900815486907959
289,best,-6.94514799118042
290,best,-6.806673526763916
291,best,-6.144960880279541
292,best,-7.06614351272583
293,best,-5.448546409606934
294,best,-6.353832721710205
295,best,-5.99819278717041
296,best,-7.035823345184326
297,best,-6.969117641448975
298,best,-5.186248302459717
299,best,-6.509554386138916
300,best,-5.186248302459717
301,best,-6.656724452972412
302,best,-5.418221473693848
303,best,-4.54311466217041
304,best,-6.148890972137451
305,best,-5.5753984451293945
306,best,-5.857858180999756
307,best,-6.958521842956543
308,best,-5.667099952697754
309,best,-6.071795463562012
310,best,-5.99819278717041
311,best,-5.990894794464111
312,best,-6.7229790687561035
313,best,-7.900815486907959
314,best,-7.75683069229126
315,best,-6.958521842956543
316,best,-6.535419940948486
317,best,-5.6042351722717285
318,best,-4.441573143005371
319,best,-5.59148645401001
320,best,-6.266628742218018
321,best,-7.900816917419434
322,best,-5.37978458404541
323,best,-5.202731609344482
324,best,-5.650432109832764
325,best,-5.723738193511963
326,best,-4.266561985015869
327,best,-5.5480546951293945
328,best,-5.392168998718262
329,best,-4.293900012969971
330,best,-4.796255588531494
331,best,-7.286162853240967
332,best,-6.220974445343018
333,best,-6.098401069641113
334,best,-5.787486553192139
335,best,-6.735955715179443
336,best,-4.939124584197998
337,best,-6.129998207092285
338,best,-5.182741641998291
339,best,-6.594507694244385
340,best,-6.455867767333984
341,best,-5.227901935577393
342,best,-6.0266313552856445
343,best,-5.227901935577393
344,best,-6.661041736602783
345,best,-5.152613639831543
346,best,-6.261693477630615
347,best,-7.26097297668457
348,best,-7.044486045837402
349,best,-6.7145915031433105
350,best,-5.020129203796387
351,best,-5.845449447631836
352,best,-5.308259010314941
353,best,-6.452330112457275
354,best,-5.496822357177734
355,best,-6.315671920776367
356,best,-5.503322124481201
357,best,-6.673916339874268
358,best,-5.6665425300598145
359,best,-5.925359725952148
360,best,-5.634031295776367
361,best,-6.814443588256836
362,best,-6.060389041900635
363,best,-5.41640043258667
364,best,-5.915465354919434
365,best,-5.061990737915039
366,best,-6.178735733032227
367,best,-5.723827838897705
368,best,-7.142665386199951
369,best,-7.05092716217041
370,best,-5.551251411437988
371,best,-5.825672149658203
372,best,-6.341642379760742
373,best,-6.034095764160156
374,best,-5.954582214355469
375,best,-5.763705730438232
376,best,-5.831186771392822
377,best,-5.764342784881592
378,best,-6.217386245727539
379,best,-4.867068290710449
380,best,-5.986070156097412
381,best,-5.992288589477539
382,best,-6.2744317054748535
383,best,-5.899049758911133
384,best,-6.094699859619141
385,best,-6.3073835372924805
386,best,-5.723827838897705
387,best,-6.157093048095703
388,best,-7.5158538818359375
389,best,-5.239270210266113
390,best,-6.861939907073975
391,best,-6.398871421813965
392,best,-5.654210090637207
393,best,-4.443917751312256
394,best,-5.783769130706787
395,best,-5.519279479980469
396,best,-6.282437801361084
397,best,-5.116205215454102
398,best,-7.8921217918396
399,best,-5.76273250579834
400,best,-6.431124687194824
401,best,-6.123037338256836
402,best,-5.806125640869141
403,best,-6.058254718780518
404,best,-7.446597099304199
405,best,-5.979099273681641
406,best,-5.73919153213501
407,best,-5.8057451248168945
408,best,-5.3010969161987305
409,best,-7.843289375305176
410,best,-5.498661994934082
411,best,-6.702934741973877
412,best,-6.838160037994385
413,best,-6.479884624481201
414,best,-7.265368461608887
415,best,-6.032841682434082
416,best,-6.470876216888428
417,best,-7.53033971786499
418,best,-6.188141822814941
419,best,-4.441976547241211
420,best,-7.349900722503662
421,best,-7.908602714538574
422,best,-7.391549587249756
423,best,-6.857557773590088
424,best,-7.446063041687012
425,best,-8.086470603942871
426,best,-5.63383150100708
427,best,-5.91073751449585
428,best,-7.10989236831665
429,best,-6.836795806884766
430,best,-6.966036796569824
431,best,-7.124032020568848
432,best,-6.638723850250244
433,best,-7.056069850921631
434,best,-6.750132083892822
435,best,-7.833366870880127
436,best,-4.977457046508789
437,best,-5.490983009338379
438,best,-6.201598644256592
439,best,-6.7752299308776855
440,best,-5.5309624671936035
441,best,-8.031376838684082
442,best,-6.615880966186523
443,best,-7.399321556091309
444,best,-7.0872626304626465
445,best,-6.8225250244140625
446,best,-8.018899917602539
447,best,-6.50302791595459
448,best,-7.3736395835876465
449,best,-6.196444511413574
450,best,-6.849023818969727
451,best,-6.891701698303223
452,best,-7.943961143493652
453,best,-5.041810989379883
454,best,-6.59219217300415
455,best,-5.99372673034668
456,best,-6.376711368560791
457,best,-6.62190055847168
458,best,-5.880460739135742
459,best,-6.7883195877075195
460,best,-7.334020614624023
461,best,-5.8857102394104
462,best,-4.647420406341553
463,best,-7.235208511352539
464,best,-6.157402038574219
465,best,-6.706454753875732
466,best,-5.806288719177246
467,best,-5.812729835510254
468,best,-7.17502498626709
469,best,-5.3800272941589355
470,best,-5.744739055633545
471,best,-7.6306047439575195
472,best,-5.11077356338501
473,best,-4.995762348175049
474,best,-4.945810794830322
475,best,-5.298527240753174
476,best,-5.495839595794678
477,best,-4.748345851898193
478,best,-6.006918907165527
479,best,-5.018536567687988
480,best,-4.851905822753906
481,best,-5.845073699951172
482,best,-4.724761009216309
483,best,-4.94304084777832
484,best,-6.599849224090576
485,best,-4.067193984985352
486,best,-5.937383651733398
487,best,-5.003275394439697
488,best,-6.184410095214844
489,best,-5.954452991485596
490,best,-5.89124870300293
491,best,-5.376012802124023
492,best,-5.083653450012207
493,best,-5.441555976867676
494,best,-6.614477634429932
495,best,-4.23163366317749
496,best,-6.587014198303223
497,best,-6.161310195922852
498,best,-6.161905288696289
499,best,-6.125025272369385
500,best,-4.546806812286377
501,best,-3.938275098800659
502,best,-7.330279350280762
503,best,-6.8357834815979
504,best,-5.1064534187316895
505,best,-7.603116512298584
506,best,-6.649077415466309
507,best,-6.738833427429199
508,best,-4.589705944061279
509,best,-6.5667290687561035
510,best,-8.708108901977539
511,best,-7.776318550109863
512,best,-7.333934783935547
513,best,-9.517658233642578
514,best,-5.877802848815918
515,best,-7.715743064880371
516,best,-4.871028423309326
517,best,-5.204505443572998
518,best,-6.111170291900635
519,best,-4.581142425537109
520,best,-6.053909778594971
521,best,-4.653911113739014
522,best,-4.897201061248779
523,best,-5.589903831481934
524,best,-6.369884967803955
525,best,-6.426069736480713
526,best,-5.44888973236084
527,best,-5.5133748054504395
528,best,-5.248797416687012
529,best,-4.686052322387695
530,best,-5.468717098236084
531,best,-5.7222161293029785
532,best,-6.771420001983643
533,best,-6.404954433441162
534,best,-4.586954116821289
535,best,-5.1934814453125
536,best,-4.937933444976807
537,best,-7.234935283660889
538,best,-4.766879081726074
539,best,-4.961552143096924
540,best,-4.880108833312988
541,best,-6.095612525939941
542,best,-5.947659969329834
543,best,-4.919166564941406
544,best,-4.99971342086792
545,best,-5.619589328765869
546,best,-5.233806610107422
547,best,-5.133579730987549
548,best,-6.132425785064697
549,best,-5.806058406829834
550,best,-7.170895099639893
551,best,-5.239184379577637
552,best,-6.506192684173584
553,best,-7.461511611938477
554,best,-6.2955169677734375
555,best,-5.768295764923096
556,best,-3.9539272785186768
557,best,-4.748691082000732
558,best,-5.266568660736084
559,best,-6.009850025177002
560,best,-8.481239318847656
561,best,-5.878899574279785
562,best,-5.672844886779785
563,best,-5.379507541656494
564,best,-7.51754903793335
565,best,-5.365584850311279
566,best,-6.780540466308594
567,best,-6.683138370513916
568,best,-3.7102034091949463
569,best,-4.315107345581055
570,best,-4.337663650512695
571,best,-5.364497661590576
572,best,-4.247693061828613
573,best,-5.058204650878906
574,best,-6.675885200500488
575,best,-4.420076847076416
576,best,-8.239767074584961
577,best,-6.355909824371338
578,best,-6.355909824371338
579,best,-4.922085285186768
580,best,-6.009850025177002
581,best,-8.216699600219727
582,best,-4.645979881286621
583,best,-6.388237953186035
584,best,-6.904776096343994
585,best,-4.846761703491211
586,best,-7.250402927398682
587,best,-7.5601935386657715
588,best,-8.182311058044434
589,best,-3.743499755859375
590,best,-7.560839653015137
591,best,-6.616343021392822
592,best,-4.035251617431641
593,best,-4.420076847076416
594,best,-5.13056755065918
595,best,-6.204482078552246
596,best,-6.794243812561035
597,best,-6.061836242675781
598,best,-4.810371398925781
599,best,-4.017813682556152
600,best,-4.873000144958496
601,best,-5.169929504394531
602,best,-4.925223350524902
603,best,-7.443027019500732
604,best,-5.813028812408447
605,best,-5.927455902099609
606,best,-5.4413628578186035
607,best,-7.44970178604126
608,best,-4.704674243927002
609,best,-5.175097942352295
610,best,-5.927075386047363
611,best,-4.997840404510498
612,best,-4.4873046875
613,best,-4.7824387550354
614,best,-5.220692157745361
615,best,-5.150562763214111
616,best,-5.1956329345703125
617,best,-7.786251068115234
618,best,-5.5297017097473145
619,best,-5.751252174377441
620,best,-5.940947532653809
621,best,-5.545297622680664
622,best,-5.4497551918029785
623,best,-6.455369472503662
624,best,-6.00307035446167
625,best,-5.414973258972168
626,best,-5.444674491882324
627,best,-5.64732027053833
628,best,-6.242438316345215
629,best,-5.4888410568237305
630,best,-5.651655673980713
631,best,-6.532506942749023
632,best,-5.02634334564209
633,best,-6.291277885437012
634,best,-5.7687458992004395
635,best,-6.367690086364746
636,best,-6.285238742828369
637,best,-6.366968154907227
638,best,-6.476633548736572
639,best,-7.452897071838379
640,best,-5.7506608963012695
641,best,-6.928736209869385
642,best,-4.553756237030029
643,best,-6.176403522491455
644,best,-5.64293909072876
645,best,-5.474765777587891
646,best,-5.795201778411865
647,best,-6.9203386306762695
648,best,-4.967319965362549
649,best,-6.883520603179932
650,best,-5.833117961883545
651,best,-5.027057647705078
652,best,-5.450310707092285
653,best,-6.834313869476318
654,best,-6.74104118347168
655,best,-5.398634910583496
656,best,-4.143526077270508
657,best,-5.403201103210449
658,best,-6.886146545410156
659,best,-7.306963920593262
660,best,-5.084813594818115
661,best,-5.763520240783691
662,best,-6.594386100769043
663,best,-6.302121162414551
664,best,-5.750466346740723
665,best,-6.531905174255371
666,best,-7.085196495056152
667,best,-7.312481880187988
668,best,-5.734591007232666
669,best,-6.307222366333008
670,best,-6.348875999450684
671,best,-7.293734550476074
672,best,-6.030763626098633
673,best,-6.768017292022705
674,best,-7.107721328735352
675,best,-5.973982810974121
676,best,-6.614434719085693
677,best,-6.635075092315674
678,best,-7.509634494781494
679,best,-7.100029945373535
680,best,-7.1655168533325195
681,best,-8.028361320495605
682,best,-5.752788543701172
683,best,-6.264029026031494
684,best,-4.730708599090576
685,best,-8.301054954528809
686,best,-5.584627628326416
687,best,-5.468788146972656
688,best,-7.607217311859131
689,best,-6.507781982421875
690,best,-6.187623023986816
691,best,-6.0729079246521
692,best,-8.092475891113281
693,best,-6.182201862335205
694,best,-5.515880584716797
695,best,-6.493264198303223
696,best,-4.304464817047119
697,best,-6.7837371826171875
698,best,-6.633737087249756
699,best,-8.727831840515137
700,best,-5.725898742675781
701,best,-6.832719802856445
702,best,-6.202102184295654
703,best,-7.727139472961426
704,best,-5.377902030944824
705,best,-7.641813278198242
706,best,-6.820470333099365
707,best,-7.204550743103027
708,best,-5.190946102142334
709,best,-8.246603012084961
710,best,-6.364502429962158
711,best,-6.134420394897461
712,best,-6.004856109619141
713,best,-7.533444404602051
714,best,-6.481803894042969
715,best,-6.334786891937256
716,best,-6.938602447509766
717,best,-6.136388301849365
718,best,-8.903294563293457
719,best,-5.071836948394775
720,best,-5.936357498168945
721,best,-7.457820892333984
722,best,-8.726095199584961
723,best,-7.24144983291626
724,best,-7.335474491119385
725,best,-6.008731365203857
726,best,-6.732741355895996
727,best,-5.580113887786865
728,best,-8.847503662109375
729,best,-5.934455394744873
730,best,-5.16035270690918
731,best,-8.32408618927002
732,best,-6.25366735458374
733,best,-6.316198348999023
734,best,-5.806763648986816
735,best,-8.981926918029785
736,best,-6.669564723968506
737,best,-6.517712116241455
738,best,-7.513693332672119
739,best,-5.55391263961792
740,best,-6.759740829467773
741,best,-6.24758768081665
742,best,-7.546230792999268
743,best,-5.660356044769287
744,best,-7.727577209472656
745,best,-5.284810543060303
746,best,-6.915546894073486
747,best,-5.175683975219727
748,best,-5.703643321990967
749,best,-5.063036918640137
750,best,-7.268899440765381
751,best,-6.410821914672852
752,best,-5.583646774291992
753,best,-7.216951370239258
754,best,-7.635415077209473
755,best,-6.170176982879639
756,best,-7.120774745941162
757,best,-7.719440460205078
758,best,-6.333612442016602
759,best,-7.7850189208984375
760,best,-5.141535758972168
761,best,-7.117382049560547
762,best,-6.200127601623535
763,best,-5.4048566818237305
764,best,-5.198248386383057
765,best,-6.445878028869629
766,best,-6.792514324188232
767,best,-5.7090654373168945
768,best,-5.314722537994385
769,best,-4.393609523773193
770,best,-4.8124260902404785
771,best,-5.887046813964844
772,best,-5.998447418212891
773,best,-5.0362725257873535
774,best,-4.636786937713623
775,best,-6.243727207183838
776,best,-5.525784015655518
777,best,-7.686457633972168
778,best,-4.436459541320801
779,best,-6.6992669105529785
780,best,-5.777332782745361
781,best,-5.504176139831543
782,best,-6.343322277069092
783,best,-5.160267353057861
784,best,-3.9134373664855957
785,best,-6.6341657638549805
786,best,-4.2641682624816895
787,best,-4.938182830810547
788,best,-4.5644121170043945
789,best,-6.254448890686035
790,best,-5.867371082305908
791,best,-4.169280529022217
792,best,-4.923122882843018
793,best,-4.6037917137146
794,best,-6.916316032409668
795,best,-4.247610092163086
796,best,-4.615518569946289
797,best,-5.570915222167969
798,best,-4.833870887756348
799,best,-6.032040596008301
800,best,-6.555016040802002
801,best,-6.175690650939941
802,best,-3.383551836013794
803,best,-6.961949348449707
804,best,-4.504905700683594
805,best,-4.821808815002441
806,best,-5.863866806030273
807,best,-5.256101131439209
808,best,-3.5647363662719727
809,best,-5.781431198120117
810,best,-6.104015827178955
811,best,-5.0839948654174805
812,best,-4.898961067199707
813,best,-4.321771621704102
814,best,-5.095185279846191
815,best,-5.4075236320495605
816,best,-6.0497894287109375
817,best,-7.072299003601074
818,best,-4.575512409210205
819,best,-4.299826622009277
820,best,-4.411963939666748
821,best,-5.93848180770874
822,best,-4.368473529815674
823,best,-4.722954750061035
824,best,-4.943145751953125
825,best,-4.137472629547119
826,best,-4.5412445068359375
827,best,-4.243524551391602
828,best,-5.8491692543029785
829,best,-4.662730693817139
830,best,-5.194043159484863
831,best,-4.576221942901611
832,best,-6.442607879638672
833,best,-5.575088024139404
834,best,-4.321254253387451
835,best,-5.6447529792785645
836,best,-4.874891757965088
837,best,-7.239045143127441
838,best,-4.492776393890381
839,best,-4.687646865844727
840,best,-5.551029205322266
841,best,-4.619149208068848
842,best,-5.920144081115723
843,best,-6.211548805236816
844,best,-5.98771858215332
845,best,-4.189160346984863
846,best,-6.4883222579956055
847,best,-4.007931232452393
848,best,-3.433263063430786
849,best,-5.270954132080078
850,best,-5.548270225524902
851,best,-4.362961769104004
852,best,-5.125363826751709
853,best,-4.496912002563477
854,best,-4.6004204750061035
855,best,-6.304571628570557
856,best,-4.6872711181640625
857,best,-6.884549617767334
858,best,-6.651803493499756
859,best,-6.884549617767334
860,best,-5.402590751647949
861,best,-4.5979743003845215
862,best,-5.461453914642334
863,best,-5.73375129699707
864,best,-4.870675086975098
865,best,-5.394528388977051
866,best,-5.431797027587891
867,best,-2.93161678314209
868,best,-3.7578651905059814
869,best,-3.9786086082458496
870,best,-5.440813064575195
871,best,-4.657588958740234
872,best,-3.558289051055908
873,best,-6.119659423828125
874,best,-3.8806514739990234
875,best,-5.394528388977051
876,best,-3.5519282817840576
877,best,-5.977704048156738
878,best,-5.1533331871032715
879,best,-5.866257190704346
880,best,-5.345041275024414
881,best,-5.538005352020264
882,best,-5.420496463775635
883,best,-5.8736348152160645
884,best,-4.417696952819824
885,best,-3.9786086082458496
886,best,-4.147558689117432
887,best,-5.362634658813477
888,best,-5.270954608917236
889,best,-4.537881851196289
890,best,-4.57082986831665
891,best,-3.9437053203582764
892,best,-5.043025016784668
893,best,-5.994691848754883
894,best,-4.650184154510498
895,best,-5.054300308227539
896,best,-5.120201587677002
897,best,-4.712740898132324
898,best,-5.883121490478516
899,best,-4.8129167556762695
900,best,-7.287487030029297
901,best,-6.421706199645996
902,best,-7.287487030029297
903,best,-5.4501752853393555
904,best,-4.801214218139648
905,best,-5.724135398864746
906,best,-5.800686836242676
907,best,-5.2237348556518555
908,best,-5.973947048187256
909,best,-5.58737325668335
910,best,-5.100695610046387
911,best,-4.553682327270508
912,best,-4.310705184936523
913,best,-5.137287616729736
914,best,-5.001383304595947
915,best,-4.310705184936523
916,best,-5.354150772094727
917,best,-5.741204261779785
918,best,-5.639192581176758
919,best,-4.586292266845703
920,best,-4.9956793785095215
921,best,-5.011833667755127
922,best,-3.7472939491271973
923,best,-4.818088054656982
924,best,-6.221867084503174
925,best,-5.230399131774902
926,best,-4.796164512634277
927,best,-5.206520080566406
928,best,-5.997839450836182
929,best,-6.798951625823975
930,best,-4.910721778869629
931,best,-6.77372407913208
932,best,-6.089578628540039
933,best,-5.382874011993408
934,best,-5.8743391036987305
935,best,-6.170319557189941
936,best,-5.715528964996338
937,best,-6.329956531524658
938,best,-4.901381969451904
939,best,-5.009611129760742
940,best,-5.958552837371826
941,best,-5.689449310302734
942,best,-6.602801322937012
943,best,-5.327868938446045
944,best,-4.731448650360107
945,best,-5.286948204040527
946,best,-5.622820854187012
947,best,-5.130357265472412
948,best,-4.069154262542725
949,best,-5.705698013305664
950,best,-5.519514560699463
951,best,-5.687225341796875
952,best,-3.9712841510772705
953,best,-5.580602645874023
954,best,-4.764582633972168
955,best,-5.050473213195801
956,best,-5.276882648468018
957,best,-5.639787673950195
958,best,-5.050473213195801
959,best,-5.436558723449707
960,best,-6.086853504180908
961,best,-6.022722244262695
962,best,-5.1053266525268555
963,best,-5.147580146789551
964,best,-5.561593532562256
965,best,-4.136052131652832
966,best,-5.127928733825684
967,best,-5.9643073081970215
968,best,-5.444552421569824
969,best,-5.005796909332275
970,best,-5.379329681396484
971,best,-6.390426158905029
972,best,-7.09105920791626
973,best,-4.350316047668457
974,best,-6.589791297912598
975,best,-7.000820159912109
976,best,-5.434473037719727
977,best,-6.456923484802246
978,best,-6.068295001983643
979,best,-6.433492183685303
980,best,-5.007384300231934
981,best,-6.047749042510986
982,best,-4.214516639709473
983,best,-4.806227684020996
984,best,-5.8215131759643555
985,best,-5.604721546173096
986,best,-5.140463352203369
987,best,-5.710063457489014
988,best,-6.1919660568237305
989,best,-6.28212308883667
990,best,-7.129539489746094
991,best,-5.9100470542907715
992,best,-5.527111053466797
993,best,-6.384249210357666
994,best,-5.564420223236084
995,best,-7.23585844039917
996,best,-5.558396339416504
997,best,-6.012598037719727
998,best,-5.977791786193848
999,best,-5.915815830230713
1000,best,-5.238424301147461
1001,best,-5.909229755401611
1002,best,-8.034706115722656
1003,best,-4.458725929260254
1004,best,-6.650454998016357
1005,best,-4.647522926330566
1006,best,-7.466625690460205
1007,best,-7.3977508544921875
1008,best,-5.483856201171875
1009,best,-5.717370510101318
1010,best,-4.185291767120361
1011,best,-6.170414447784424
1012,best,-5.191159248352051
1013,best,-5.493818759918213
1014,best,-5.863198757171631
1015,best,-5.890336513519287
1016,best,-4.7429399490356445
1017,best,-6.52414083480835
1018,best,-6.680950164794922
1019,best,-5.588230609893799
1020,best,-6.521287441253662
1021,best,-5.583070755004883
1022,best,-6.522542476654053
1023,best,-4.877569675445557
1024,best,-5.561244964599609
1025,best,-4.151472568511963
1026,best,-5.35467529296875
1027,best,-5.795971870422363
1028,best,-4.871541976928711
1029,best,-4.938857555389404
1030,best,-5.637186527252197
1031,best,-6.3894195556640625
1032,best,-6.598832130432129
1033,best,-7.097526550292969
1034,best,-5.707644462585449
1035,best,-5.182843208312988
1036,best,-5.190467357635498
1037,best,-4.996448993682861
1038,best,-4.3567986488342285
1039,best,-4.407805919647217
1040,best,-5.4356465339660645
1041,best,-6.265213489532471
1042,best,-4.105652332305908
1043,best,-5.303060054779053
1044,best,-4.8689799308776855
1045,best,-5.119850158691406
1046,best,-5.973762035369873
1047,best,-5.414906978607178
1048,best,-4.136636734008789
1049,best,-5.311744689941406
1050,best,-5.212018013000488
1051,best,-5.427656650543213
1052,best,-5.594149589538574
1053,best,-5.287395000457764
1054,best,-6.159919261932373
1055,best,-4.843983173370361
1056,best,-4.32733678817749
1057,best,-6.621510028839111
1058,best,-5.220462799072266
1059,best,-5.247575759887695
1060,best,-4.615284442901611
1061,best,-5.822023391723633
1062,best,-4.384066104888916
1063,best,-5.337889671325684
1064,best,-5.078272342681885
1065,best,-5.092653751373291
1066,best,-4.44000244140625
1067,best,-6.11754035949707
1068,best,-4.363123416900635
1069,best,-3.9198315143585205
1070,best,-4.282628536224365
1071,best,-4.98093318939209
1072,best,-4.111347675323486
1073,best,-4.641382694244385
1074,best,-6.290778636932373
1075,best,-5.152106285095215
1076,best,-6.34739875793457
1077,best,-3.301575183868408
1078,best,-4.542863368988037
1079,best,-5.4471049308776855
1080,best,-3.922337293624878
1081,best,-3.84741473197937
1082,best,-4.616452693939209
1083,best,-3.8611278533935547
1084,best,-3.8611278533935547
1085,best,-4.261084079742432
1086,best,-3.589080810546875
1087,best,-4.2741312980651855
1088,best,-3.732227087020874
1089,best,-5.957170009613037
1090,best,-4.439648151397705
1091,best,-4.063632488250732
1092,best,-3.473212718963623
1093,best,-5.182920455932617
1094,best,-4.0207343101501465
1095,best,-3.8218133449554443
1096,best,-3.1088879108428955
1097,best,-5.594570636749268
1098,best,-3.513221263885498
1099,best,-4.212941646575928
1100,best,-5.222177028656006
1101,best,-4.432446479797363
1102,best,-5.332864761352539
1103,best,-5.4445013999938965
1104,best,-4.404916286468506
1105,best,-6.487525463104248
1106,best,-5.493616580963135
1107,best,-5.813486099243164
1108,best,-3.7666447162628174
1109,best,-4.941720962524414
1110,best,-6.764218807220459
1111,best,-6.443775653839111
1112,best,-4.599191188812256
1113,best,-4.190345764160156
1114,best,-3.7299232482910156
1115,best,-3.3810501098632812
1116,best,-5.813486099243164
1117,best,-3.74031662940979
1118,best,-3.418886423110962
1119,best,-6.0087571144104
1120,best,-2.988848924636841
1121,best,-4.0521721839904785
1122,best,-4.308210849761963
1123,best,-3.9147512912750244
1124,best,-3.759946584701538
1125,best,-4.455551624298096
1126,best,-3.712296962738037
1127,best,-3.712296962738037
1128,best,-4.145023822784424
1129,best,-3.4031448364257812
1130,best,-3.9388725757598877
1131,best,-3.9015116691589355
1132,best,-5.444802284240723
1133,best,-4.105563163757324
1134,best,-4.202769756317139
1135,best,-3.8220934867858887
1136,best,-4.650748252868652
1137,best,-3.9330008029937744
1138,best,-3.6211013793945312
1139,best,-5.700991153717041
1140,best,-4.656959056854248
1141,best,-3.9653193950653076
1142,best,-3.1691043376922607
1143,best,-4.128485202789307
1144,best,-4.809992790222168
1145,best,-3.791281223297119
1146,best,-5.19075870513916
1147,best,-4.273693561553955
1148,best,-5.746514320373535
1149,best,-6.105223178863525
1150,best,-5.878781795501709
1151,best,-4.755261421203613
1152,best,-4.621825695037842
1153,best,-4.911283016204834
1154,best,-3.1627023220062256
1155,best,-4.755260944366455
1156,best,-3.958996534347534
1157,best,-4.626197338104248
1158,best,-3.9880192279815674
1159,best,-3.801283597946167
1160,best,-5.855096340179443
1161,best,-5.585975170135498
1162,best,-5.734528064727783
1163,best,-3.8588945865631104
1164,best,-4.148618698120117
1165,best,-5.856668472290039
1166,best,-5.585975170135498
1167,best,-6.348146915435791
1168,best,-5.202358722686768
1169,best,-8.084933280944824
1170,best,-4.794977188110352
1171,best,-3.8198440074920654
1172,best,-6.406042575836182
1173,best,-6.406042575836182
1174,best,-5.2686076164245605
1175,best,-3.3052642345428467
1176,best,-3.5994884967803955
1177,best,-5.029705047607422
1178,best,-5.481801986694336
1179,best,-3.7102725505828857
1180,best,-4.6396379470825195
1181,best,-4.148618698120117
1182,best,-4.198665142059326
1183,best,-4.19045352935791
1184,best,-3.4944653511047363
1185,best,-3.0818233489990234
1186,best,-3.727933883666992
1187,best,-4.002768039703369
1188,best,-3.6480326652526855
1189,best,-3.998171091079712
1190,best,-3.5754640102386475
1191,best,-5.135936737060547
1192,best,-4.4904937744140625
1193,best,-4.092193126678467
1194,best,-3.9202823638916016
1195,best,-4.380795478820801
1196,best,-4.4239068031311035
1197,best,-2.9981837272644043
1198,best,-3.9202823638916016
1199,best,-4.172749996185303
1200,best,-4.292660236358643
1201,best,-3.760171413421631
1202,best,-6.831274032592773
1203,best,-5.328117370605469
1204,best,-6.212068557739258
1205,best,-5.25247859954834
1206,best,-5.498880863189697
1207,best,-4.28233003616333
1208,best,-6.470505714416504
1209,best,-6.349740505218506
1210,best,-5.442345142364502
1211,best,-4.810848236083984
1212,best,-6.856454849243164
1213,best,-5.340847492218018
1214,best,-4.660532474517822
1215,best,-4.327873229980469
1216,best,-4.811342716217041
1217,best,-6.322943687438965
1218,best,-5.6360039710998535
1219,best,-4.9855146408081055
1220,best,-6.250705718994141
1221,best,-5.162363529205322
1222,best,-6.295554161071777
1223,best,-6.593274116516113
1224,best,-3.765291690826416
1225,best,-5.795645236968994
1226,best,-4.378712177276611
1227,best,-5.765334606170654
1228,best,-4.769473075866699
1229,best,-4.701951503753662
1230,best,-4.17912483215332
1231,best,-7.843596458435059
1232,best,-5.506133079528809
1233,best,-4.952459335327148
1234,best,-5.409869194030762
1235,best,-6.850768089294434
1236,best,-4.144205570220947
1237,best,-5.142847537994385
1238,best,-6.277045726776123
1239,best,-5.727690696716309
1240,best,-4.414687633514404
1241,best,-5.635256290435791
1242,best,-5.050102710723877
1243,best,-6.657106876373291
1244,best,-5.484628677368164
1245,best,-6.182130813598633
1246,best,-5.305849552154541
1247,best,-5.701931953430176
1248,best,-4.9418253898620605
1249,best,-5.0848388671875
1250,best,-4.313345432281494
1251,best,-5.884094715118408
1252,best,-5.516478538513184
1253,best,-4.976230144500732
1254,best,-4.800988674163818
1255,best,-5.877189636230469
1256,best,-5.195921897888184
1257,best,-4.545504570007324
1258,best,-4.426999092102051
1259,best,-5.071782112121582
1260,best,-5.86538553237915
1261,best,-5.423768997192383
1262,best,-5.175603866577148
1263,best,-5.6920552253723145
1264,best,-4.828940391540527
1265,best,-6.001457214355469
1266,best,-6.295542240142822
1267,best,-4.831733226776123
1268,best,-4.955245494842529
1269,best,-5.895253658294678
1270,best,-5.62274169921875
1271,best,-5.909273147583008
1272,best,-5.853243350982666
1273,best,-4.8889288902282715
1274,best,-4.985466003417969
1275,best,-6.991729736328125
1276,best,-5.503345489501953
1277,best,-4.7856526374816895
1278,best,-4.224452018737793
1279,best,-6.332458972930908
1280,best,-3.763375997543335
1281,best,-4.981090545654297
1282,best,-5.418876647949219
1283,best,-4.5946478843688965
1284,best,-4.761257648468018
1285,best,-7.127542018890381
1286,best,-5.425609588623047
1287,best,-5.861883640289307
1288,best,-5.092123985290527
1289,best,-6.178457736968994
1290,best,-6.457260608673096
1291,best,-6.683345317840576
1292,best,-4.853636741638184
1293,best,-6.389072895050049
1294,best,-5.541164875030518
1295,best,-4.831733226776123
1296,best,-5.4207305908203125
1297,best,-6.548526287078857
1298,best,-4.428408145904541
1299,best,-7.395188808441162
1300,best,-3.763375997543335
1301,best,-6.0167555809021
1302,best,-6.782580852508545
1303,best,-5.44800329208374
1304,best,-5.678043842315674
1305,best,-5.592620849609375
1306,best,-4.8094635009765625
1307,best,-5.416154384613037
1308,best,-5.013195514678955
1309,best,-4.772867679595947
1310,best,-4.390673637390137
1311,best,-4.468886852264404
1312,best,-5.5041632652282715
1313,best,-5.424639701843262
1314,best,-6.1630473136901855
1315,best,-5.155266761779785
1316,best,-4.956148147583008
1317,best,-4.623721122741699
1318,best,-5.409882545471191
1319,best,-5.038449287414551
1320,best,-4.531312942504883
1321,best,-3.5707268714904785
1322,best,-4.239743709564209
1323,best,-3.5550427436828613
1324,best,-4.788440227508545
1325,best,-4.504820823669434
1326,best,-4.264303207397461
1327,best,-3.9757513999938965
1328,best,-3.8472092151641846
1329,best,-4.124867916107178
1330,best,-4.124867916107178
1331,best,-5.634696960449219
1332,best,-4.886787414550781
1333,best,-4.739883899688721
1334,best,-4.606362342834473
1335,best,-4.427574157714844
1336,best,-4.118229866027832
1337,best,-4.317208290100098
1338,best,-3.9899582862854004
1339,best,-5.507905960083008
1340,best,-5.029640197753906
1341,best,-4.991842746734619
1342,best,-5.3234171867370605
1343,best,-3.956660509109497
1344,best,-4.534384727478027
1345,best,-3.902789354324341
1346,best,-4.119875431060791
1347,best,-4.435653209686279
1348,best,-3.606238842010498
1349,best,-4.4473557472229
1350,best,-3.587942361831665
1351,best,-3.4396140575408936
1352,best,-5.9975690841674805
1353,best,-4.355314254760742
1354,best,-4.978045463562012
1355,best,-3.8182473182678223
1356,best,-4.403814792633057
1357,best,-3.54520320892334
1358,best,-3.74619460105896
1359,best,-3.70302152633667
1360,best,-3.741270065307617
1361,best,-3.8447248935699463
1362,best,-5.562392711639404
1363,best,-3.9371559619903564
1364,best,-5.811230659484863
1365,best,-5.615084171295166
1366,best,-4.2361040115356445
1367,best,-4.333024024963379
