item_id,model_state,dative,score
1,initial,pp,-8.113529205322266
2,initial,pp,-8.666401863098145
3,initial,pp,-7.850095748901367
4,initial,pp,-7.99777364730835
5,initial,pp,-7.590336322784424
6,initial,pp,-7.9579291343688965
7,initial,pp,-8.051383972167969
8,initial,pp,-7.732247829437256
9,initial,pp,-6.284191131591797
10,initial,pp,-7.992946147918701
11,initial,pp,-6.478831768035889
12,initial,pp,-5.860873699188232
13,initial,pp,-7.856529235839844
14,initial,pp,-6.178802967071533
15,initial,pp,-8.001452445983887
16,initial,pp,-7.732247829437256
17,initial,pp,-8.019957542419434
18,initial,pp,-6.956913471221924
19,initial,pp,-8.125921249389648
20,initial,pp,-6.653805255889893
21,initial,pp,-7.755180358886719
22,initial,pp,-6.805604457855225
23,initial,pp,-8.103848457336426
24,initial,pp,-8.603117942810059
25,initial,pp,-8.401130676269531
26,initial,pp,-7.851912021636963
27,initial,pp,-8.006775856018066
28,initial,pp,-7.777678966522217
29,initial,pp,-7.839396953582764
30,initial,pp,-8.458969116210938
31,initial,pp,-8.11888599395752
32,initial,pp,-8.603117942810059
33,initial,pp,-7.737419128417969
34,initial,pp,-8.69688892364502
35,initial,pp,-6.292779445648193
36,initial,pp,-6.62484073638916
37,initial,pp,-7.839396953582764
38,initial,pp,-6.5835185050964355
39,initial,pp,-8.620125770568848
40,initial,pp,-8.090991973876953
41,initial,pp,-7.269906997680664
42,initial,pp,-7.650938987731934
43,initial,pp,-6.818938732147217
44,initial,pp,-8.218528747558594
45,initial,pp,-7.938775062561035
46,initial,pp,-7.616410255432129
47,initial,pp,-8.178688049316406
48,initial,pp,-6.7142863273620605
49,initial,pp,-7.361785411834717
50,initial,pp,-7.170358657836914
51,initial,pp,-7.713489532470703
52,initial,pp,-6.82172155380249
53,initial,pp,-7.642324924468994
54,initial,pp,-7.676572799682617
55,initial,pp,-7.431707382202148
56,initial,pp,-6.066601753234863
57,initial,pp,-5.966745376586914
58,initial,pp,-7.538739204406738
59,initial,pp,-7.656764030456543
60,initial,pp,-7.839117050170898
61,initial,pp,-8.536739349365234
62,initial,pp,-7.705716609954834
63,initial,pp,-8.785259246826172
64,initial,pp,-8.66458511352539
65,initial,pp,-7.510195255279541
66,initial,pp,-8.343087196350098
67,initial,pp,-6.433319568634033
68,initial,pp,-8.144646644592285
69,initial,pp,-8.979146003723145
70,initial,pp,-8.023993492126465
71,initial,pp,-5.961874961853027
72,initial,pp,-8.429595947265625
73,initial,pp,-8.552966117858887
74,initial,pp,-8.957326889038086
75,initial,pp,-7.864713668823242
76,initial,pp,-7.564645767211914
77,initial,pp,-6.882347583770752
78,initial,pp,-6.820693016052246
79,initial,pp,-7.1686692237854
80,initial,pp,-8.802502632141113
81,initial,pp,-7.860647201538086
82,initial,pp,-6.7401323318481445
83,initial,pp,-7.1974663734436035
84,initial,pp,-6.290685176849365
85,initial,pp,-6.7401323318481445
86,initial,pp,-6.4883294105529785
87,initial,pp,-6.9282941818237305
88,initial,pp,-6.078073978424072
89,initial,pp,-7.07735013961792
90,initial,pp,-6.200894355773926
91,initial,pp,-6.3368988037109375
92,initial,pp,-8.547627449035645
93,initial,pp,-6.718377113342285
94,initial,pp,-6.576879501342773
95,initial,pp,-6.5661187171936035
96,initial,pp,-6.254019737243652
97,initial,pp,-8.1900634765625
98,initial,pp,-8.267746925354004
99,initial,pp,-7.577861309051514
100,initial,pp,-7.4567670822143555
101,initial,pp,-6.361196041107178
102,initial,pp,-7.783385753631592
103,initial,pp,-7.134095668792725
104,initial,pp,-6.880309581756592
105,initial,pp,-7.276458740234375
106,initial,pp,-7.311871528625488
107,initial,pp,-6.850195407867432
108,initial,pp,-7.553084373474121
109,initial,pp,-7.12160587310791
110,initial,pp,-7.655966281890869
111,initial,pp,-7.566479682922363
112,initial,pp,-7.266994953155518
113,initial,pp,-6.949462890625
114,initial,pp,-6.298341274261475
115,initial,pp,-7.933375835418701
116,initial,pp,-6.6836676597595215
117,initial,pp,-7.725177764892578
118,initial,pp,-6.550382614135742
119,initial,pp,-7.380463123321533
120,initial,pp,-8.215848922729492
121,initial,pp,-7.963106632232666
122,initial,pp,-8.499693870544434
123,initial,pp,-6.994568347930908
124,initial,pp,-8.040629386901855
125,initial,pp,-6.8533525466918945
126,initial,pp,-8.18293285369873
127,initial,pp,-6.977558135986328
128,initial,pp,-8.452996253967285
129,initial,pp,-6.858504772186279
130,initial,pp,-6.950845718383789
131,initial,pp,-6.858504772186279
132,initial,pp,-8.499693870544434
133,initial,pp,-8.438721656799316
134,initial,pp,-7.585371494293213
135,initial,pp,-8.499693870544434
136,initial,pp,-8.182933807373047
137,initial,pp,-8.101908683776855
138,initial,pp,-5.895754814147949
139,initial,pp,-7.935506343841553
140,initial,pp,-7.9112372398376465
141,initial,pp,-7.063556671142578
142,initial,pp,-7.001918792724609
143,initial,pp,-7.524084091186523
144,initial,pp,-7.717461109161377
145,initial,pp,-6.5241007804870605
146,initial,pp,-6.817287445068359
147,initial,pp,-7.404570579528809
148,initial,pp,-7.521627902984619
149,initial,pp,-6.671396255493164
150,initial,pp,-6.167140960693359
151,initial,pp,-7.3217549324035645
152,initial,pp,-7.317552089691162
153,initial,pp,-7.481052398681641
154,initial,pp,-7.231387615203857
155,initial,pp,-7.451305389404297
156,initial,pp,-6.72472620010376
157,initial,pp,-6.451988220214844
158,initial,pp,-6.418929100036621
159,initial,pp,-7.630216121673584
160,initial,pp,-7.6005754470825195
161,initial,pp,-8.93529224395752
162,initial,pp,-7.546634197235107
163,initial,pp,-8.31151294708252
164,initial,pp,-7.008201599121094
165,initial,pp,-7.132944107055664
166,initial,pp,-5.423148155212402
167,initial,pp,-7.834354877471924
168,initial,pp,-9.121153831481934
169,initial,pp,-7.788590431213379
170,initial,pp,-6.486865997314453
171,initial,pp,-8.31151294708252
172,initial,pp,-6.362823009490967
173,initial,pp,-6.362611770629883
174,initial,pp,-8.738371849060059
175,initial,pp,-7.127778053283691
176,initial,pp,-7.132944107055664
177,initial,pp,-8.484822273254395
178,initial,pp,-8.91837215423584
179,initial,pp,-5.98370885848999
180,initial,pp,-7.727001190185547
181,initial,pp,-6.780259132385254
182,initial,pp,-8.15326976776123
183,initial,pp,-6.246851921081543
184,initial,pp,-7.055781364440918
185,initial,pp,-6.733543395996094
186,initial,pp,-6.6927337646484375
187,initial,pp,-6.039546966552734
188,initial,pp,-6.6568450927734375
189,initial,pp,-6.799688339233398
190,initial,pp,-5.782855033874512
191,initial,pp,-7.02062463760376
192,initial,pp,-6.270342826843262
193,initial,pp,-6.506746768951416
194,initial,pp,-6.537245273590088
195,initial,pp,-6.532308101654053
196,initial,pp,-6.204941272735596
197,initial,pp,-7.59290885925293
198,initial,pp,-6.61495304107666
199,initial,pp,-6.27678108215332
200,initial,pp,-8.107138633728027
201,initial,pp,-5.8847784996032715
202,initial,pp,-5.9545674324035645
203,initial,pp,-8.258328437805176
204,initial,pp,-7.4861602783203125
205,initial,pp,-8.083541870117188
206,initial,pp,-7.481796741485596
207,initial,pp,-6.982469081878662
208,initial,pp,-6.4610724449157715
209,initial,pp,-7.8280029296875
210,initial,pp,-6.475230693817139
211,initial,pp,-7.188432216644287
212,initial,pp,-6.687487602233887
213,initial,pp,-6.690019130706787
214,initial,pp,-7.412113189697266
215,initial,pp,-6.7025580406188965
216,initial,pp,-5.750179767608643
217,initial,pp,-7.571030616760254
218,initial,pp,-7.509049892425537
219,initial,pp,-7.39081335067749
220,initial,pp,-6.710439205169678
221,initial,do,-8.099838256835938
222,initial,do,-7.712925434112549
223,initial,do,-7.462283611297607
224,initial,do,-6.467005729675293
225,initial,do,-8.672516822814941
226,initial,do,-7.120906352996826
227,initial,do,-8.608288764953613
228,initial,do,-8.208556175231934
229,initial,do,-8.428495407104492
230,initial,do,-8.137024879455566
231,initial,do,-7.392826080322266
232,initial,do,-8.167494773864746
233,initial,do,-7.676274299621582
234,initial,do,-8.208556175231934
235,initial,do,-6.287163734436035
236,initial,do,-6.985293388366699
237,initial,do,-7.935217380523682
238,initial,do,-7.9183173179626465
239,initial,do,-7.961831092834473
240,initial,do,-7.070260047912598
241,initial,do,-7.676274299621582
242,initial,do,-8.385649681091309
243,initial,do,-7.9155592918396
244,initial,do,-7.9183173179626465
245,initial,do,-8.300719261169434
246,initial,do,-6.520479202270508
247,initial,do,-8.20201301574707
248,initial,do,-8.307336807250977
249,initial,do,-7.561303615570068
250,initial,do,-7.378528594970703
251,initial,do,-7.7179670333862305
252,initial,do,-7.27577543258667
253,initial,do,-8.40977954864502
254,initial,do,-8.536367416381836
255,initial,do,-8.20101261138916
256,initial,do,-8.26665210723877
257,initial,do,-7.147031307220459
258,initial,do,-8.536367416381836
259,initial,do,-6.552031993865967
260,initial,do,-7.7179670333862305
261,initial,do,-7.378528594970703
262,initial,do,-6.408589839935303
263,initial,do,-7.371341705322266
264,initial,pp,-7.41102409362793
265,initial,pp,-7.318035125732422
266,initial,pp,-6.866241455078125
267,initial,pp,-6.205130577087402
268,initial,pp,-7.406610012054443
269,initial,pp,-6.855432033538818
270,initial,pp,-7.472053527832031
271,initial,pp,-7.901285648345947
272,initial,pp,-7.7774505615234375
273,initial,pp,-7.549271583557129
274,initial,pp,-7.182976722717285
275,initial,pp,-7.2624406814575195
276,initial,pp,-7.200115203857422
277,initial,pp,-7.901285648345947
278,initial,pp,-6.006768226623535
279,initial,pp,-6.5919928550720215
280,initial,pp,-7.264963150024414
281,initial,pp,-7.149533748626709
282,initial,pp,-7.474429607391357
283,initial,pp,-6.702582359313965
284,initial,do,-7.258721351623535
285,initial,do,-7.111457347869873
286,initial,do,-8.332121849060059
287,initial,do,-7.4417572021484375
288,initial,do,-7.934488773345947
289,initial,do,-6.686593532562256
290,initial,do,-7.084987640380859
291,initial,do,-8.363738059997559
292,initial,do,-7.934488773345947
293,initial,do,-7.796771049499512
294,initial,do,-6.7418975830078125
295,initial,do,-7.5545196533203125
296,initial,do,-6.471808910369873
297,initial,do,-8.150010108947754
298,initial,do,-7.8459153175354
299,initial,do,-7.678626537322998
300,initial,do,-7.739437580108643
301,initial,do,-7.010882377624512
302,initial,do,-7.529008388519287
303,initial,do,-7.282834529876709
304,initial,do,-6.808128833770752
305,initial,do,-7.084987640380859
306,initial,do,-8.064371109008789
307,initial,do,-7.00341796875
308,initial,do,-7.4417572021484375
309,initial,do,-6.801943302154541
310,initial,do,-6.393429756164551
311,initial,do,-7.898484230041504
312,initial,do,-7.4417572021484375
313,initial,do,-8.72036075592041
314,initial,do,-6.847273349761963
315,initial,do,-8.168863296508789
316,initial,do,-7.949563503265381
317,initial,do,-8.2728271484375
318,initial,do,-6.393429756164551
319,initial,do,-7.010882377624512
320,initial,do,-6.764278411865234
321,initial,do,-6.926278114318848
322,initial,do,-8.332121849060059
323,initial,do,-8.330316543579102
324,initial,do,-7.873095512390137
325,initial,do,-8.256391525268555
326,initial,do,-7.25063419342041
327,initial,pp,-7.131821632385254
328,initial,pp,-6.874237060546875
329,initial,pp,-7.910245895385742
330,initial,pp,-7.16491174697876
331,initial,pp,-7.361495018005371
332,initial,pp,-6.474341869354248
333,initial,pp,-6.950404167175293
334,initial,pp,-8.137239456176758
335,initial,pp,-7.361495018005371
336,initial,pp,-7.228363037109375
337,initial,pp,-6.465263366699219
338,initial,pp,-6.856832981109619
339,initial,pp,-6.415584564208984
340,initial,pp,-7.454449653625488
341,initial,pp,-7.311906337738037
342,initial,pp,-7.252363204956055
343,initial,pp,-7.411279201507568
344,initial,pp,-6.971521377563477
345,initial,pp,-7.1593217849731445
346,initial,pp,-7.0939202308654785
347,initial,do,-6.727360725402832
348,initial,do,-5.891935348510742
349,initial,do,-6.781854629516602
350,initial,do,-6.321611404418945
351,initial,do,-6.77178955078125
352,initial,do,-6.115565299987793
353,initial,do,-6.910161972045898
354,initial,do,-6.397909641265869
355,initial,do,-6.787652492523193
356,initial,do,-6.413480758666992
357,initial,do,-7.129805564880371
358,initial,do,-7.1041178703308105
359,initial,do,-6.452493190765381
360,initial,do,-6.54717493057251
361,initial,do,-6.572010040283203
362,initial,do,-6.660832405090332
363,initial,do,-6.506516933441162
364,initial,do,-7.125193119049072
365,initial,do,-6.785686492919922
366,initial,do,-6.008439540863037
367,initial,do,-6.447605133056641
368,initial,do,-6.0968427658081055
369,initial,do,-6.653614044189453
370,initial,do,-5.516576766967773
371,initial,do,-6.525733470916748
372,initial,do,-7.811551570892334
373,initial,do,-6.290221214294434
374,initial,do,-6.933050155639648
375,initial,do,-5.625631332397461
376,initial,do,-6.965591907501221
377,initial,do,-6.226772308349609
378,initial,do,-6.6424384117126465
379,initial,do,-6.7023420333862305
380,initial,do,-6.643901348114014
381,initial,do,-7.176928520202637
382,initial,do,-6.862551212310791
383,initial,do,-6.141448497772217
384,initial,do,-6.525733470916748
385,initial,do,-6.05942440032959
386,initial,do,-6.290221691131592
387,initial,do,-6.609346389770508
388,initial,do,-6.512234687805176
389,initial,do,-6.960332870483398
390,initial,pp,-6.653316497802734
391,initial,pp,-6.047487735748291
392,initial,pp,-6.771207332611084
393,initial,pp,-5.94340705871582
394,initial,pp,-6.824200630187988
395,initial,pp,-6.209996700286865
396,initial,pp,-7.030299186706543
397,initial,pp,-6.396950721740723
398,initial,pp,-6.84104061126709
399,initial,pp,-6.217475891113281
400,initial,pp,-7.236337184906006
401,initial,pp,-6.9554033279418945
402,initial,pp,-6.281386852264404
403,initial,pp,-6.852044582366943
404,initial,pp,-6.739531517028809
405,initial,pp,-6.2862420082092285
406,initial,pp,-6.8244123458862305
407,initial,pp,-7.082996368408203
408,initial,pp,-6.782198905944824
409,initial,pp,-6.203980922698975
410,initial,do,-8.218478202819824
411,initial,do,-7.729773044586182
412,initial,do,-7.811620235443115
413,initial,do,-9.095032691955566
414,initial,do,-8.913277626037598
415,initial,do,-7.408655643463135
416,initial,do,-7.8335371017456055
417,initial,do,-8.117396354675293
418,initial,do,-5.862905502319336
419,initial,do,-7.795611381530762
420,initial,do,-8.163655281066895
421,initial,do,-8.395678520202637
422,initial,do,-8.777743339538574
423,initial,do,-8.394813537597656
424,initial,do,-7.1849470138549805
425,initial,do,-8.582507133483887
426,initial,do,-6.782236576080322
427,initial,do,-8.056429862976074
428,initial,do,-7.199843406677246
429,initial,do,-8.17138957977295
430,initial,do,-8.582018852233887
431,initial,do,-7.230363845825195
432,initial,do,-8.056429862976074
433,initial,do,-7.663249969482422
434,initial,do,-8.287360191345215
435,initial,do,-7.905933380126953
436,initial,do,-8.214264869689941
437,initial,do,-8.67582893371582
438,initial,do,-7.5295562744140625
439,initial,do,-8.700655937194824
440,initial,do,-8.592264175415039
441,initial,do,-8.500371932983398
442,initial,do,-8.665179252624512
443,initial,do,-8.557432174682617
444,initial,do,-7.426027774810791
445,initial,do,-7.6417555809021
446,initial,do,-8.582507133483887
447,initial,do,-8.562294960021973
448,initial,do,-7.017948150634766
449,initial,do,-7.422706604003906
450,initial,do,-8.19776725769043
451,initial,do,-8.120553016662598
452,initial,do,-8.078454971313477
453,initial,pp,-7.634889602661133
454,initial,pp,-7.146434783935547
455,initial,pp,-7.085476875305176
456,initial,pp,-8.342028617858887
457,initial,pp,-8.295706748962402
458,initial,pp,-7.075920104980469
459,initial,pp,-7.269176959991455
460,initial,pp,-7.44754695892334
461,initial,pp,-5.992522716522217
462,initial,pp,-7.208614826202393
463,initial,pp,-7.980693817138672
464,initial,pp,-8.229730606079102
465,initial,pp,-8.263910293579102
466,initial,pp,-7.91792106628418
467,initial,pp,-6.828960418701172
468,initial,pp,-8.07595443725586
469,initial,pp,-6.297633171081543
470,initial,pp,-7.79352331161499
471,initial,pp,-6.950458526611328
472,initial,pp,-7.734308242797852
473,initial,pp,-7.4288458824157715
474,initial,pp,-8.204229354858398
475,initial,pp,-7.358896732330322
476,initial,pp,-7.117911338806152
477,initial,pp,-6.330470561981201
478,initial,pp,-7.111045837402344
479,initial,pp,-6.720946788787842
480,initial,pp,-6.597326755523682
481,initial,pp,-7.229586124420166
482,initial,pp,-7.51638126373291
483,initial,pp,-6.48733377456665
484,initial,pp,-7.741383075714111
485,initial,pp,-7.794040203094482
486,initial,pp,-6.557811737060547
487,initial,pp,-7.651187419891357
488,initial,pp,-6.747366905212402
489,initial,pp,-6.779926776885986
490,initial,pp,-7.667057514190674
491,initial,pp,-6.52631139755249
492,initial,pp,-7.168752193450928
493,initial,do,-8.30095386505127
494,initial,do,-7.707761287689209
495,initial,do,-8.259416580200195
496,initial,do,-8.834667205810547
497,initial,do,-10.19267749786377
498,initial,do,-6.053342342376709
499,initial,do,-8.56566047668457
500,initial,do,-9.49213981628418
501,initial,do,-7.76994514465332
502,initial,do,-6.512513637542725
503,initial,do,-8.95405387878418
504,initial,do,-8.156181335449219
505,initial,do,-9.044299125671387
506,initial,do,-7.970100402832031
507,initial,do,-9.814313888549805
508,initial,do,-9.635461807250977
509,initial,do,-8.066963195800781
510,initial,do,-7.821633338928223
511,initial,do,-8.00709342956543
512,initial,do,-9.615777969360352
513,initial,do,-7.4685773849487305
514,initial,do,-9.378816604614258
515,initial,do,-9.22054386138916
516,initial,do,-10.335051536560059
517,initial,do,-8.228049278259277
518,initial,do,-9.538874626159668
519,initial,do,-9.051733016967773
520,initial,do,-8.840210914611816
521,initial,do,-9.16316032409668
522,initial,do,-8.249590873718262
523,initial,do,-7.164863109588623
524,initial,do,-8.458903312683105
525,initial,do,-8.823123931884766
526,initial,do,-9.562649726867676
527,initial,do,-7.901149749755859
528,initial,do,-9.015789985656738
529,initial,do,-9.015789985656738
530,initial,do,-9.846589088439941
531,initial,do,-10.122886657714844
532,initial,do,-10.129653930664062
533,initial,do,-9.719732284545898
534,initial,do,-8.23466968536377
535,initial,do,-7.805671691894531
536,initial,pp,-8.039007186889648
537,initial,pp,-7.893310546875
538,initial,pp,-7.884490489959717
539,initial,pp,-8.254487991333008
540,initial,pp,-9.636598587036133
541,initial,pp,-5.6270623207092285
542,initial,pp,-8.297377586364746
543,initial,pp,-9.263703346252441
544,initial,pp,-7.698483943939209
545,initial,pp,-6.325505256652832
546,initial,pp,-8.74561882019043
547,initial,pp,-8.29648208618164
548,initial,pp,-8.691268920898438
549,initial,pp,-8.054980278015137
550,initial,pp,-9.074244499206543
551,initial,pp,-8.869908332824707
552,initial,pp,-7.644097805023193
553,initial,pp,-7.485746383666992
554,initial,pp,-6.948473930358887
555,initial,pp,-9.33438491821289
556,initial,do,-8.235302925109863
557,initial,do,-9.438159942626953
558,initial,do,-8.359002113342285
559,initial,do,-9.216400146484375
560,initial,do,-9.824018478393555
561,initial,do,-7.708797454833984
562,initial,do,-7.5729146003723145
563,initial,do,-9.1406831741333
564,initial,do,-9.438159942626953
565,initial,do,-9.585199356079102
566,initial,do,-6.6633124351501465
567,initial,do,-6.607391357421875
568,initial,do,-7.629957675933838
569,initial,do,-7.883876800537109
570,initial,do,-6.672839641571045
571,initial,do,-9.048080444335938
572,initial,do,-9.079297065734863
573,initial,do,-9.099920272827148
574,initial,do,-9.099920272827148
575,initial,do,-9.435824394226074
576,initial,do,-7.84958028793335
577,initial,do,-7.581620693206787
578,initial,do,-9.079297065734863
579,initial,do,-8.152396202087402
580,initial,do,-7.8552470207214355
581,initial,do,-7.629957675933838
582,initial,do,-9.163633346557617
583,initial,do,-6.472705364227295
584,initial,do,-7.113744258880615
585,initial,do,-9.286890029907227
586,initial,do,-8.31687068939209
587,initial,do,-8.334969520568848
588,initial,do,-6.472705364227295
589,initial,do,-7.8066277503967285
590,initial,do,-7.919329643249512
591,initial,do,-8.546170234680176
592,initial,do,-9.301172256469727
593,initial,do,-8.546170234680176
594,initial,do,-9.567234992980957
595,initial,do,-8.359002113342285
596,initial,do,-9.263923645019531
597,initial,do,-7.629957675933838
598,initial,do,-9.585199356079102
599,initial,pp,-8.319829940795898
600,initial,pp,-9.485496520996094
601,initial,pp,-8.104513168334961
602,initial,pp,-9.304190635681152
603,initial,pp,-9.780365943908691
604,initial,pp,-8.116183280944824
605,initial,pp,-7.21951961517334
606,initial,pp,-8.601475715637207
607,initial,pp,-9.485496520996094
608,initial,pp,-9.493423461914062
609,initial,pp,-7.15468168258667
610,initial,pp,-6.352424621582031
611,initial,pp,-7.436820030212402
612,initial,pp,-7.866961479187012
613,initial,pp,-6.675407409667969
614,initial,pp,-8.516202926635742
615,initial,pp,-9.263638496398926
616,initial,pp,-8.90311336517334
617,initial,pp,-8.90311336517334
618,initial,pp,-9.134448051452637
619,initial,do,-6.921029090881348
620,initial,do,-7.056609153747559
621,initial,do,-7.4991888999938965
622,initial,do,-7.433311939239502
623,initial,do,-8.236480712890625
624,initial,do,-7.739006519317627
625,initial,do,-7.256230354309082
626,initial,do,-7.776706695556641
627,initial,do,-7.716021537780762
628,initial,do,-7.7325286865234375
629,initial,do,-7.469984531402588
630,initial,do,-5.668400764465332
631,initial,do,-6.2818684577941895
632,initial,do,-6.571566581726074
633,initial,do,-6.189443111419678
634,initial,do,-7.733624458312988
635,initial,do,-6.897585868835449
636,initial,do,-8.04122257232666
637,initial,do,-6.2818684577941895
638,initial,do,-7.277795791625977
639,initial,do,-7.844280242919922
640,initial,do,-8.552834510803223
641,initial,do,-7.717852592468262
642,initial,do,-8.908888816833496
643,initial,do,-8.175797462463379
644,initial,do,-6.378565311431885
645,initial,do,-8.685126304626465
646,initial,do,-7.522494792938232
647,initial,do,-7.77003812789917
648,initial,do,-7.579437255859375
649,initial,do,-7.3886284828186035
650,initial,do,-8.879345893859863
651,initial,do,-8.430771827697754
652,initial,do,-8.468762397766113
653,initial,do,-7.963523864746094
654,initial,do,-6.958839416503906
655,initial,do,-7.457701683044434
656,initial,do,-8.180466651916504
657,initial,do,-8.17657470703125
658,initial,do,-6.281867980957031
659,initial,do,-8.472079277038574
660,initial,do,-8.871171951293945
661,initial,do,-7.034096717834473
662,initial,pp,-7.600034713745117
663,initial,pp,-6.612619876861572
664,initial,pp,-7.488208770751953
665,initial,pp,-7.62166690826416
666,initial,pp,-8.256103515625
667,initial,pp,-7.8941330909729
668,initial,pp,-7.85321569442749
669,initial,pp,-8.190098762512207
670,initial,pp,-8.44677734375
671,initial,pp,-8.14526653289795
672,initial,pp,-7.368547439575195
673,initial,pp,-5.693005084991455
674,initial,pp,-6.427987098693848
675,initial,pp,-6.344284534454346
676,initial,pp,-6.403578758239746
677,initial,pp,-8.098555564880371
678,initial,pp,-6.48645544052124
679,initial,pp,-8.273258209228516
680,initial,pp,-6.427987098693848
681,initial,pp,-7.723348617553711
682,initial,do,-9.019611358642578
683,initial,do,-10.021605491638184
684,initial,do,-7.881702899932861
685,initial,do,-6.811740875244141
686,initial,do,-8.281233787536621
687,initial,do,-8.423477172851562
688,initial,do,-10.078290939331055
689,initial,do,-10.326278686523438
690,initial,do,-7.9218597412109375
691,initial,do,-8.668292999267578
692,initial,do,-6.898399829864502
693,initial,do,-9.315892219543457
694,initial,do,-7.568717956542969
695,initial,do,-8.123433113098145
696,initial,do,-9.099102020263672
697,initial,do,-7.685387134552002
698,initial,do,-8.203195571899414
699,initial,do,-8.549126625061035
700,initial,do,-9.152365684509277
701,initial,do,-7.304624080657959
702,initial,do,-8.77418041229248
703,initial,do,-8.832284927368164
704,initial,do,-9.827459335327148
705,initial,do,-8.295392990112305
706,initial,do,-8.574677467346191
707,initial,do,-9.849554061889648
708,initial,do,-7.660457134246826
709,initial,do,-7.648458003997803
710,initial,do,-10.312296867370605
711,initial,do,-8.517708778381348
712,initial,do,-9.176787376403809
713,initial,do,-10.528970718383789
714,initial,do,-9.849209785461426
715,initial,do,-8.96474552154541
716,initial,do,-10.204793930053711
717,initial,do,-10.29444408416748
718,initial,do,-9.836104393005371
719,initial,do,-9.67888069152832
720,initial,do,-7.401699066162109
721,initial,do,-8.674234390258789
722,initial,do,-7.911487102508545
723,initial,do,-8.372172355651855
724,initial,do,-8.199284553527832
725,initial,pp,-9.00953197479248
726,initial,pp,-9.45030689239502
727,initial,pp,-6.844752788543701
728,initial,pp,-6.503591060638428
729,initial,pp,-8.651702880859375
730,initial,pp,-7.721843242645264
731,initial,pp,-9.75782299041748
732,initial,pp,-9.74927043914795
733,initial,pp,-7.691114902496338
734,initial,pp,-8.500467300415039
735,initial,pp,-7.014787673950195
736,initial,pp,-8.32800579071045
737,initial,pp,-7.833008766174316
738,initial,pp,-8.36952018737793
739,initial,pp,-9.656027793884277
740,initial,pp,-8.621393203735352
741,initial,pp,-7.342623710632324
742,initial,pp,-7.691219806671143
743,initial,pp,-9.074728012084961
744,initial,pp,-7.601565837860107
745,initial,pp,-7.395038604736328
746,initial,pp,-7.1566338539123535
747,initial,pp,-7.636549949645996
748,initial,pp,-7.177765846252441
749,initial,pp,-8.356962203979492
750,initial,pp,-8.479731559753418
751,initial,pp,-8.712621688842773
752,initial,pp,-7.68179988861084
753,initial,pp,-6.976307392120361
754,initial,pp,-7.874846458435059
755,initial,pp,-6.476829528808594
756,initial,pp,-6.5556488037109375
757,initial,pp,-7.620122909545898
758,initial,pp,-6.8285675048828125
759,initial,pp,-7.24293851852417
760,initial,pp,-8.254971504211426
761,initial,pp,-9.386116981506348
762,initial,pp,-9.344420433044434
763,initial,pp,-7.066019535064697
764,initial,pp,-7.6238203048706055
765,initial,pp,-7.899179935455322
766,initial,pp,-8.06480884552002
767,initial,pp,-8.41808795928955
768,initial,pp,-6.752084732055664
769,initial,pp,-8.222725868225098
770,initial,pp,-8.483351707458496
771,initial,pp,-8.401403427124023
772,initial,pp,-8.462448120117188
773,initial,pp,-7.592860221862793
774,initial,pp,-6.33426570892334
775,initial,pp,-7.782493591308594
776,initial,pp,-6.816710472106934
777,initial,pp,-6.791168212890625
778,initial,pp,-8.088384628295898
779,initial,pp,-8.37626838684082
780,initial,pp,-8.364412307739258
781,initial,pp,-8.426315307617188
782,initial,pp,-6.668170928955078
783,initial,pp,-8.634344100952148
784,initial,pp,-8.637682914733887
785,initial,do,-7.5053558349609375
786,initial,do,-6.5879411697387695
787,initial,do,-6.651278018951416
788,initial,do,-6.387421131134033
789,initial,do,-7.62137508392334
790,initial,do,-6.58321475982666
791,initial,do,-6.3964524269104
792,initial,do,-6.6319580078125
793,initial,do,-8.584549903869629
794,initial,do,-8.118921279907227
795,initial,do,-6.744502544403076
796,initial,do,-5.594212532043457
797,initial,do,-6.516828536987305
798,initial,do,-8.882746696472168
799,initial,do,-5.953347682952881
800,initial,do,-5.657668590545654
801,initial,do,-7.639476299285889
802,initial,do,-6.723294258117676
803,initial,do,-8.743922233581543
804,initial,do,-8.945174217224121
805,initial,do,-8.141380310058594
806,initial,do,-6.279082775115967
807,initial,do,-7.824610710144043
808,initial,do,-8.992486953735352
809,initial,do,-6.690554141998291
810,initial,do,-5.989689350128174
811,initial,do,-7.458818435668945
812,initial,do,-7.00161075592041
813,initial,do,-7.216728210449219
814,initial,do,-6.613594055175781
815,initial,do,-7.018017292022705
816,initial,do,-7.0182204246521
817,initial,do,-6.257299423217773
818,initial,do,-5.422447204589844
819,initial,do,-7.650859355926514
820,initial,do,-5.657668590545654
821,initial,do,-9.045809745788574
822,initial,do,-6.947667598724365
823,initial,do,-6.673513412475586
824,initial,do,-8.72481632232666
825,initial,do,-7.711763858795166
826,initial,do,-7.0282673835754395
827,initial,do,-8.522435188293457
828,initial,pp,-7.124107360839844
829,initial,pp,-6.280961513519287
830,initial,pp,-6.408942222595215
831,initial,pp,-6.25327205657959
832,initial,pp,-6.887705326080322
833,initial,pp,-6.512392044067383
834,initial,pp,-6.532670974731445
835,initial,pp,-6.349652290344238
836,initial,pp,-7.9016265869140625
837,initial,pp,-7.401393413543701
838,initial,pp,-6.390614986419678
839,initial,pp,-5.588155269622803
840,initial,pp,-6.712988376617432
841,initial,pp,-7.622097492218018
842,initial,pp,-5.604875564575195
843,initial,pp,-5.511900424957275
844,initial,pp,-7.302062034606934
845,initial,pp,-6.204253196716309
846,initial,pp,-8.287111282348633
847,initial,pp,-7.618388652801514
848,initial,do,-6.296721458435059
849,initial,do,-6.686126232147217
850,initial,do,-6.451801776885986
851,initial,do,-8.705765724182129
852,initial,do,-6.252392292022705
853,initial,do,-8.004068374633789
854,initial,do,-7.462669372558594
855,initial,do,-6.190821647644043
856,initial,do,-6.569278240203857
857,initial,do,-6.782271385192871
858,initial,do,-7.939404010772705
859,initial,do,-6.247358798980713
860,initial,do,-7.377326965332031
861,initial,do,-5.241410732269287
862,initial,do,-5.801504135131836
863,initial,do,-5.923067092895508
864,initial,do,-6.225170135498047
865,initial,do,-8.17620849609375
866,initial,do,-5.843470573425293
867,initial,do,-6.255684852600098
868,initial,do,-7.401729583740234
869,initial,do,-6.225988388061523
870,initial,do,-8.662775993347168
871,initial,do,-5.83642053604126
872,initial,do,-6.325882911682129
873,initial,do,-6.707559585571289
874,initial,do,-6.569277763366699
875,initial,do,-6.687969207763672
876,initial,do,-6.619624614715576
877,initial,do,-7.672141075134277
878,initial,do,-6.751274585723877
879,initial,do,-5.689395904541016
880,initial,do,-8.557473182678223
881,initial,do,-7.7387471199035645
882,initial,do,-6.71635627746582
883,initial,do,-7.038347244262695
884,initial,do,-6.296721458435059
885,initial,do,-6.720760822296143
886,initial,do,-5.845437049865723
887,initial,do,-7.378941535949707
888,initial,do,-8.6198148727417
889,initial,do,-7.560288906097412
890,initial,do,-6.2623467445373535
891,initial,pp,-6.575460433959961
892,initial,pp,-6.406027317047119
893,initial,pp,-6.482372283935547
894,initial,pp,-8.305418014526367
895,initial,pp,-5.906398773193359
896,initial,pp,-7.586911678314209
897,initial,pp,-7.097558498382568
898,initial,pp,-6.102078914642334
899,initial,pp,-6.681477069854736
900,initial,pp,-6.705953121185303
901,initial,pp,-7.5103535652160645
902,initial,pp,-6.239057540893555
903,initial,pp,-7.058450698852539
904,initial,pp,-5.297843933105469
905,initial,pp,-5.854795455932617
906,initial,pp,-5.879111289978027
907,initial,pp,-6.2668538093566895
908,initial,pp,-7.87799072265625
909,initial,pp,-5.669471740722656
910,initial,pp,-6.191934585571289
911,initial,do,-7.084079742431641
912,initial,do,-7.446524620056152
913,initial,do,-6.63779354095459
914,initial,do,-7.382719039916992
915,initial,do,-6.437954902648926
916,initial,do,-6.585592269897461
917,initial,do,-7.118736743927002
918,initial,do,-7.402434349060059
919,initial,do,-6.7953691482543945
920,initial,do,-7.420356750488281
921,initial,do,-6.733940124511719
922,initial,do,-6.511373519897461
923,initial,do,-7.7793145179748535
924,initial,do,-6.6210174560546875
925,initial,do,-6.188693046569824
926,initial,do,-6.985830783843994
927,initial,do,-7.085227012634277
928,initial,do,-7.303947448730469
929,initial,do,-6.652303218841553
930,initial,do,-5.900447368621826
931,initial,do,-7.247433185577393
932,initial,do,-6.285412788391113
933,initial,do,-6.675518035888672
934,initial,do,-6.017874717712402
935,initial,do,-6.48825216293335
936,initial,do,-7.187943458557129
937,initial,do,-5.590282917022705
938,initial,do,-5.900463581085205
939,initial,do,-7.486307621002197
940,initial,do,-6.493858814239502
941,initial,do,-7.31818151473999
942,initial,do,-7.667557716369629
943,initial,do,-6.743203163146973
944,initial,do,-6.895350456237793
945,initial,do,-6.565037727355957
946,initial,do,-7.56781005859375
947,initial,do,-6.665969371795654
948,initial,do,-6.857217788696289
949,initial,do,-7.420355796813965
950,initial,do,-6.8460307121276855
951,initial,do,-7.529210567474365
952,initial,do,-6.185749530792236
953,initial,do,-7.426220417022705
954,initial,pp,-6.844169616699219
955,initial,pp,-6.813755989074707
956,initial,pp,-6.683746337890625
957,initial,pp,-7.402617454528809
958,initial,pp,-6.608439922332764
959,initial,pp,-6.573178768157959
960,initial,pp,-7.266357421875
961,initial,pp,-7.601767063140869
962,initial,pp,-6.98144006729126
963,initial,pp,-7.437919616699219
964,initial,pp,-6.737358570098877
965,initial,pp,-6.474681377410889
966,initial,pp,-7.397369384765625
967,initial,pp,-6.4679856300354
968,initial,pp,-6.47781229019165
969,initial,pp,-7.010587215423584
970,initial,pp,-6.981342315673828
971,initial,pp,-7.39136266708374
972,initial,pp,-6.4942145347595215
973,initial,pp,-5.948139190673828
974,initial,do,-8.0596284866333
975,initial,do,-7.857922077178955
976,initial,do,-9.192190170288086
977,initial,do,-8.378060340881348
978,initial,do,-7.3030686378479
979,initial,do,-6.445078372955322
980,initial,do,-8.620170593261719
981,initial,do,-6.856433391571045
982,initial,do,-8.128804206848145
983,initial,do,-7.413647174835205
984,initial,do,-7.888266563415527
985,initial,do,-8.00673770904541
986,initial,do,-8.480510711669922
987,initial,do,-7.522432327270508
988,initial,do,-9.58756160736084
989,initial,do,-8.889423370361328
990,initial,do,-9.547304153442383
991,initial,do,-7.0840325355529785
992,initial,do,-7.384340286254883
993,initial,do,-7.177659034729004
994,initial,do,-6.76924467086792
995,initial,do,-8.588179588317871
996,initial,do,-7.758077144622803
997,initial,do,-7.798253536224365
998,initial,do,-7.750518798828125
999,initial,do,-6.2019734382629395
1000,initial,do,-7.341235637664795
1001,initial,do,-6.260036468505859
1002,initial,do,-7.311219215393066
1003,initial,do,-7.177659034729004
1004,initial,do,-7.1904168128967285
1005,initial,do,-6.6338911056518555
1006,initial,do,-8.312302589416504
1007,initial,do,-7.211692810058594
1008,initial,do,-6.895565509796143
1009,initial,do,-6.7078680992126465
1010,initial,do,-7.433401107788086
1011,initial,do,-8.757057189941406
1012,initial,do,-7.909195899963379
1013,initial,do,-8.362360000610352
1014,initial,do,-7.909195899963379
1015,initial,do,-6.769070625305176
1016,initial,do,-6.805486679077148
1017,initial,pp,-7.326584339141846
1018,initial,pp,-7.154058456420898
1019,initial,pp,-8.589994430541992
1020,initial,pp,-7.648747444152832
1021,initial,pp,-6.894941329956055
1022,initial,pp,-6.423839569091797
1023,initial,pp,-7.960092067718506
1024,initial,pp,-6.434560775756836
1025,initial,pp,-7.219099044799805
1026,initial,pp,-6.859918117523193
1027,initial,pp,-7.491154670715332
1028,initial,pp,-7.663703918457031
1029,initial,pp,-7.651374816894531
1030,initial,pp,-7.028109073638916
1031,initial,pp,-8.54782485961914
1032,initial,pp,-8.291951179504395
1033,initial,pp,-8.712478637695312
1034,initial,pp,-6.587725639343262
1035,initial,pp,-6.761084079742432
1036,initial,pp,-6.847015380859375
1037,initial,pp,-6.507042407989502
1038,initial,pp,-6.044519424438477
1039,initial,pp,-6.784190654754639
1040,initial,pp,-6.81208610534668
1041,initial,pp,-5.569132328033447
1042,initial,pp,-6.957099914550781
1043,initial,pp,-7.924943447113037
1044,initial,pp,-5.253664016723633
1045,initial,pp,-7.097904682159424
1046,initial,pp,-6.242005825042725
1047,initial,pp,-8.12751579284668
1048,initial,pp,-5.853928089141846
1049,initial,pp,-6.021646499633789
1050,initial,pp,-5.634973049163818
1051,initial,pp,-5.716453552246094
1052,initial,pp,-6.982521057128906
1053,initial,pp,-6.868381500244141
1054,initial,pp,-6.5168232917785645
1055,initial,pp,-5.613451957702637
1056,initial,pp,-6.169403076171875
1057,initial,pp,-6.546342849731445
1058,initial,pp,-6.351794242858887
1059,initial,pp,-7.017679214477539
1060,initial,pp,-5.785107135772705
1061,initial,pp,-6.612292766571045
1062,initial,pp,-6.691053867340088
1063,initial,pp,-5.588132858276367
1064,initial,pp,-6.782537460327148
1065,initial,pp,-6.2940263748168945
1066,initial,pp,-6.578566074371338
1067,initial,pp,-7.165201187133789
1068,initial,pp,-5.664987087249756
1069,initial,pp,-5.847938060760498
1070,initial,pp,-6.1659040451049805
1071,initial,pp,-6.246547222137451
1072,initial,pp,-6.271111965179443
1073,initial,pp,-6.331686496734619
1074,initial,pp,-6.160959243774414
1075,initial,pp,-6.1387763023376465
1076,initial,pp,-7.370325565338135
1077,initial,do,-8.498272895812988
1078,initial,do,-8.58403205871582
1079,initial,do,-8.253543853759766
1080,initial,do,-8.520258903503418
1081,initial,do,-6.864282608032227
1082,initial,do,-7.879052639007568
1083,initial,do,-7.886180877685547
1084,initial,do,-7.817598342895508
1085,initial,do,-8.114203453063965
1086,initial,do,-6.860391139984131
1087,initial,do,-8.104849815368652
1088,initial,do,-8.00833797454834
1089,initial,do,-8.359174728393555
1090,initial,do,-9.61986255645752
1091,initial,do,-9.151030540466309
1092,initial,do,-7.821256637573242
1093,initial,do,-8.17904281616211
1094,initial,do,-8.559938430786133
1095,initial,do,-7.077027320861816
1096,initial,do,-8.214615821838379
1097,initial,do,-8.618691444396973
1098,initial,do,-8.167777061462402
1099,initial,do,-8.965055465698242
1100,initial,do,-8.75241756439209
1101,initial,do,-8.182908058166504
1102,initial,do,-8.107803344726562
1103,initial,do,-7.960237979888916
1104,initial,do,-7.51205587387085
1105,initial,do,-8.574798583984375
1106,initial,do,-7.499109745025635
1107,initial,do,-8.167777061462402
1108,initial,do,-8.836426734924316
1109,initial,do,-6.518758296966553
1110,initial,do,-7.894876480102539
1111,initial,do,-7.2325615882873535
1112,initial,do,-7.3802032470703125
1113,initial,do,-7.890224456787109
1114,initial,do,-7.720447063446045
1115,initial,do,-7.941670894622803
1116,initial,do,-8.061829566955566
1117,initial,do,-8.896047592163086
1118,initial,do,-9.231694221496582
1119,initial,do,-6.553721904754639
1120,initial,pp,-7.355483055114746
1121,initial,pp,-7.605907917022705
1122,initial,pp,-7.52567720413208
1123,initial,pp,-7.2261810302734375
1124,initial,pp,-6.076930522918701
1125,initial,pp,-7.140721797943115
1126,initial,pp,-6.911033630371094
1127,initial,pp,-7.162213325500488
1128,initial,pp,-7.030900001525879
1129,initial,pp,-6.542267799377441
1130,initial,pp,-6.95059871673584
1131,initial,pp,-6.707950115203857
1132,initial,pp,-7.735506534576416
1133,initial,pp,-7.84683895111084
1134,initial,pp,-7.703671455383301
1135,initial,pp,-7.1483612060546875
1136,initial,pp,-7.615262508392334
1137,initial,pp,-7.239123821258545
1138,initial,pp,-6.602716445922852
1139,initial,pp,-6.984559059143066
1140,initial,do,-8.071249961853027
1141,initial,do,-7.868190765380859
1142,initial,do,-6.4507975578308105
1143,initial,do,-8.18260383605957
1144,initial,do,-6.834203720092773
1145,initial,do,-7.596701145172119
1146,initial,do,-8.071249961853027
1147,initial,do,-8.726884841918945
1148,initial,do,-8.2537841796875
1149,initial,do,-6.830958843231201
1150,initial,do,-7.661338806152344
1151,initial,do,-9.11609935760498
1152,initial,do,-7.879510402679443
1153,initial,do,-8.183981895446777
1154,initial,do,-7.502561092376709
1155,initial,do,-6.830580234527588
1156,initial,do,-7.2685089111328125
1157,initial,do,-7.064112186431885
1158,initial,do,-8.153387069702148
1159,initial,do,-8.147238731384277
1160,initial,do,-8.727339744567871
1161,initial,do,-6.708364963531494
1162,initial,do,-7.346851348876953
1163,initial,do,-6.904366493225098
1164,initial,do,-7.868190765380859
1165,initial,do,-6.858737468719482
1166,initial,do,-8.400561332702637
1167,initial,do,-6.968772888183594
1168,initial,do,-8.335118293762207
1169,initial,do,-7.139285564422607
1170,initial,do,-6.694862365722656
1171,initial,do,-7.436781406402588
1172,initial,do,-7.2685089111328125
1173,initial,do,-8.31595516204834
1174,initial,do,-7.770843982696533
1175,initial,do,-7.770843982696533
1176,initial,do,-8.179369926452637
1177,initial,do,-8.588028907775879
1178,initial,do,-6.943230152130127
1179,initial,do,-6.830580234527588
1180,initial,do,-7.346851348876953
1181,initial,do,-8.222733497619629
1182,initial,do,-6.968772888183594
1183,initial,pp,-7.322173595428467
1184,initial,pp,-7.313071250915527
1185,initial,pp,-6.033063888549805
1186,initial,pp,-7.423691749572754
1187,initial,pp,-6.6354079246521
1188,initial,pp,-7.028810977935791
1189,initial,pp,-7.322173595428467
1190,initial,pp,-7.853865623474121
1191,initial,pp,-7.550961971282959
1192,initial,pp,-6.387206554412842
1193,initial,pp,-7.277528285980225
1194,initial,pp,-8.234548568725586
1195,initial,pp,-7.125979423522949
1196,initial,pp,-7.445523738861084
1197,initial,pp,-7.162681579589844
1198,initial,pp,-6.403597354888916
1199,initial,pp,-6.899577617645264
1200,initial,pp,-6.568643569946289
1201,initial,pp,-7.736170291900635
1202,initial,pp,-7.349032878875732
1203,initial,do,-7.513855457305908
1204,initial,do,-6.629532814025879
1205,initial,do,-7.951301574707031
1206,initial,do,-7.242766380310059
1207,initial,do,-7.958517551422119
1208,initial,do,-6.936117649078369
1209,initial,do,-7.503282070159912
1210,initial,do,-7.075048446655273
1211,initial,do,-6.7546772956848145
1212,initial,do,-7.296446800231934
1213,initial,do,-7.420010089874268
1214,initial,do,-6.5175933837890625
1215,initial,do,-6.810831069946289
1216,initial,do,-7.01181697845459
1217,initial,do,-7.684569358825684
1218,initial,do,-6.929365158081055
1219,initial,do,-7.31242561340332
1220,initial,do,-7.34650182723999
1221,initial,do,-6.3931708335876465
1222,initial,do,-6.241438865661621
1223,initial,do,-8.654866218566895
1224,initial,do,-8.003317832946777
1225,initial,do,-7.960127830505371
1226,initial,do,-7.5035786628723145
1227,initial,do,-8.014728546142578
1228,initial,do,-7.604983806610107
1229,initial,do,-7.178584098815918
1230,initial,do,-7.675632476806641
1231,initial,do,-7.569677352905273
1232,initial,do,-7.275684356689453
1233,initial,do,-7.666033744812012
1234,initial,do,-7.479455471038818
1235,initial,do,-7.105889320373535
1236,initial,do,-7.0503082275390625
1237,initial,do,-7.41267728805542
1238,initial,do,-7.729982376098633
1239,initial,do,-6.231849193572998
1240,initial,do,-7.359146595001221
1241,initial,do,-7.7799506187438965
1242,initial,do,-5.929956436157227
1243,initial,do,-6.857934474945068
1244,initial,do,-7.876081466674805
1245,initial,do,-6.94913387298584
1246,initial,pp,-7.378629684448242
1247,initial,pp,-6.367387771606445
1248,initial,pp,-7.371310710906982
1249,initial,pp,-7.077578067779541
1250,initial,pp,-7.286661148071289
1251,initial,pp,-6.4634246826171875
1252,initial,pp,-7.3506927490234375
1253,initial,pp,-6.906815528869629
1254,initial,pp,-6.523507595062256
1255,initial,pp,-6.988955974578857
1256,initial,pp,-7.423717975616455
1257,initial,pp,-6.68517541885376
1258,initial,pp,-6.716022491455078
1259,initial,pp,-6.632142543792725
1260,initial,pp,-7.538259029388428
1261,initial,pp,-6.614100933074951
1262,initial,pp,-7.055007457733154
1263,initial,pp,-7.106417179107666
1264,initial,pp,-6.499573230743408
1265,initial,pp,-6.12614107131958
1266,initial,do,-6.899596691131592
1267,initial,do,-7.26129674911499
1268,initial,do,-7.952375888824463
1269,initial,do,-8.162135124206543
1270,initial,do,-7.128971099853516
1271,initial,do,-8.789254188537598
1272,initial,do,-9.608492851257324
1273,initial,do,-9.25688648223877
1274,initial,do,-7.064833164215088
1275,initial,do,-9.222362518310547
1276,initial,do,-9.183450698852539
1277,initial,do,-6.870823383331299
1278,initial,do,-9.001386642456055
1279,initial,do,-8.938968658447266
1280,initial,do,-7.915729522705078
1281,initial,do,-9.311636924743652
1282,initial,do,-8.662290573120117
1283,initial,do,-8.184146881103516
1284,initial,do,-7.931851387023926
1285,initial,do,-8.660801887512207
1286,initial,do,-6.251993179321289
1287,initial,do,-8.626343727111816
1288,initial,do,-8.74665355682373
1289,initial,do,-8.550666809082031
1290,initial,do,-8.646284103393555
1291,initial,do,-7.358668327331543
1292,initial,do,-8.456023216247559
1293,initial,do,-9.522875785827637
1294,initial,do,-8.86677074432373
1295,initial,do,-8.551432609558105
1296,initial,do,-7.715663433074951
1297,initial,do,-8.653658866882324
1298,initial,do,-8.038365364074707
1299,initial,do,-6.375234603881836
1300,initial,do,-8.32230281829834
1301,initial,do,-9.379647254943848
1302,initial,do,-9.379205703735352
1303,initial,do,-7.959717750549316
1304,initial,do,-7.833396911621094
1305,initial,do,-9.348555564880371
1306,initial,do,-9.374682426452637
1307,initial,do,-7.7753496170043945
1308,initial,do,-9.39008617401123
1309,initial,pp,-6.779243469238281
1310,initial,pp,-6.744711399078369
1311,initial,pp,-6.7011823654174805
1312,initial,pp,-7.025345802307129
1313,initial,pp,-5.661889553070068
1314,initial,pp,-7.838330268859863
1315,initial,pp,-8.7652587890625
1316,initial,pp,-8.612245559692383
1317,initial,pp,-5.898022651672363
1318,initial,pp,-8.436890602111816
1319,initial,pp,-8.26501750946045
1320,initial,pp,-6.685845375061035
1321,initial,pp,-8.11976432800293
1322,initial,pp,-7.681050777435303
1323,initial,pp,-7.460528373718262
1324,initial,pp,-8.083450317382812
1325,initial,pp,-7.51427698135376
1326,initial,pp,-7.911498546600342
1327,initial,pp,-6.960190296173096
1328,initial,pp,-7.715541839599609
1329,initial,pp,-6.073343276977539
1330,initial,pp,-5.820625305175781
1331,initial,pp,-7.312412738800049
1332,initial,pp,-7.608887672424316
1333,initial,pp,-8.133648872375488
1334,initial,pp,-6.485799789428711
1335,initial,pp,-5.912451267242432
1336,initial,pp,-5.975320339202881
1337,initial,pp,-6.418903827667236
1338,initial,pp,-6.92784309387207
1339,initial,pp,-5.936845302581787
1340,initial,pp,-7.083187103271484
1341,initial,pp,-7.114574909210205
1342,initial,pp,-7.936919212341309
1343,initial,pp,-7.57003116607666
1344,initial,pp,-6.986003875732422
1345,initial,pp,-7.3332672119140625
1346,initial,pp,-5.72132682800293
1347,initial,pp,-7.249109268188477
1348,initial,pp,-6.736205577850342
1349,initial,pp,-6.60302734375
1350,initial,pp,-7.057773590087891
1351,initial,pp,-7.284841060638428
1352,initial,pp,-6.575587272644043
1353,initial,pp,-7.1075592041015625
1354,initial,pp,-5.997010707855225
1355,initial,pp,-6.051743984222412
1356,initial,pp,-6.122397422790527
1357,initial,pp,-6.404139518737793
1358,initial,pp,-6.893725395202637
1359,initial,pp,-6.559112548828125
1360,initial,pp,-7.176927089691162
1361,initial,pp,-6.2555108070373535
1362,initial,pp,-6.37678861618042
1363,initial,pp,-6.841279983520508
1364,initial,pp,-6.842796325683594
1365,initial,pp,-7.269925117492676
1366,initial,pp,-6.577291965484619
1367,initial,pp,-6.400174140930176
1368,initial,pp,-6.681441307067871
1,final,pp,-5.104498386383057
2,final,pp,-5.6375732421875
3,final,pp,-4.827813625335693
4,final,pp,-5.0733537673950195
5,final,pp,-4.784450054168701
6,final,pp,-4.421619892120361
7,final,pp,-4.704848766326904
8,final,pp,-4.305698871612549
9,final,pp,-3.947723150253296
10,final,pp,-4.342513561248779
11,final,pp,-5.194108009338379
12,final,pp,-3.9176836013793945
13,final,pp,-4.876326084136963
14,final,pp,-4.217619895935059
15,final,pp,-5.845554828643799
16,final,pp,-4.305698871612549
17,final,pp,-5.401299953460693
18,final,pp,-4.8725738525390625
19,final,pp,-5.216345310211182
20,final,pp,-4.026289463043213
21,final,pp,-4.831210613250732
22,final,pp,-5.467982292175293
23,final,pp,-5.3807692527771
24,final,pp,-5.6117682456970215
25,final,pp,-5.409383773803711
26,final,pp,-5.450103759765625
27,final,pp,-5.837429523468018
28,final,pp,-5.5728607177734375
29,final,pp,-6.0200042724609375
30,final,pp,-5.249226093292236
31,final,pp,-4.890108585357666
32,final,pp,-5.6117682456970215
33,final,pp,-5.266430377960205
34,final,pp,-5.752302646636963
35,final,pp,-4.211365222930908
36,final,pp,-4.490472316741943
37,final,pp,-6.0200042724609375
38,final,pp,-4.07898473739624
39,final,pp,-5.8826775550842285
40,final,pp,-5.077296733856201
41,final,pp,-4.742466926574707
42,final,pp,-5.456732273101807
43,final,pp,-5.075848579406738
44,final,pp,-5.361880779266357
45,final,pp,-5.63820743560791
46,final,pp,-5.067561149597168
47,final,pp,-5.654603004455566
48,final,pp,-4.73518180847168
49,final,pp,-5.046132564544678
50,final,pp,-4.887690544128418
51,final,pp,-5.441988945007324
52,final,pp,-4.780863285064697
53,final,pp,-5.153016090393066
54,final,pp,-5.0056304931640625
55,final,pp,-5.442434310913086
56,final,pp,-4.257422924041748
57,final,pp,-4.208314895629883
58,final,pp,-5.756147384643555
59,final,pp,-5.27195930480957
60,final,pp,-4.9519805908203125
61,final,pp,-5.554403305053711
62,final,pp,-6.400538921356201
63,final,pp,-5.48507833480835
64,final,pp,-5.857183933258057
65,final,pp,-6.277066230773926
66,final,pp,-5.820540904998779
67,final,pp,-4.652775287628174
68,final,pp,-6.991799831390381
69,final,pp,-6.499057292938232
70,final,pp,-5.818288326263428
71,final,pp,-4.062242031097412
72,final,pp,-6.716969966888428
73,final,pp,-5.660000324249268
74,final,pp,-6.365410327911377
75,final,pp,-5.811134338378906
76,final,pp,-5.249451160430908
77,final,pp,-5.493659019470215
78,final,pp,-5.338979244232178
79,final,pp,-4.982006549835205
80,final,pp,-5.563116550445557
81,final,pp,-6.007535934448242
82,final,pp,-5.102263927459717
83,final,pp,-5.020474433898926
84,final,pp,-4.557269096374512
85,final,pp,-5.102263927459717
86,final,pp,-4.7881646156311035
87,final,pp,-5.15118932723999
88,final,pp,-4.391541481018066
89,final,pp,-5.343259334564209
90,final,pp,-4.451796531677246
91,final,pp,-4.941596031188965
92,final,pp,-5.972815990447998
93,final,pp,-5.0051422119140625
94,final,pp,-5.302198886871338
95,final,pp,-4.897313594818115
96,final,pp,-4.6436662673950195
97,final,pp,-5.98355770111084
98,final,pp,-6.013574600219727
99,final,pp,-5.203685283660889
100,final,pp,-5.555655002593994
101,final,pp,-5.454403400421143
102,final,pp,-5.747738361358643
103,final,pp,-4.740815162658691
104,final,pp,-5.723985195159912
105,final,pp,-5.373538970947266
106,final,pp,-5.525877952575684
107,final,pp,-5.382669925689697
108,final,pp,-5.769244194030762
109,final,pp,-5.889641284942627
110,final,pp,-5.249520301818848
111,final,pp,-5.062221050262451
112,final,pp,-4.762383937835693
113,final,pp,-5.706782817840576
114,final,pp,-5.13309383392334
115,final,pp,-5.542018890380859
116,final,pp,-5.103713512420654
117,final,pp,-5.120516300201416
118,final,pp,-5.561935901641846
119,final,pp,-5.460958003997803
120,final,pp,-5.61522912979126
121,final,pp,-4.407388687133789
122,final,pp,-4.911702632904053
123,final,pp,-5.224923610687256
124,final,pp,-5.839745998382568
125,final,pp,-4.395296573638916
126,final,pp,-4.9193549156188965
127,final,pp,-4.702346324920654
128,final,pp,-4.881263256072998
129,final,pp,-4.620465278625488
130,final,pp,-4.5756611824035645
131,final,pp,-4.620465278625488
132,final,pp,-4.911703109741211
133,final,pp,-4.635863304138184
134,final,pp,-4.370978355407715
135,final,pp,-4.911703109741211
136,final,pp,-4.9193549156188965
137,final,pp,-4.719008445739746
138,final,pp,-3.7568435668945312
139,final,pp,-4.554933547973633
140,final,pp,-4.517553806304932
141,final,pp,-5.7235307693481445
142,final,pp,-4.396424293518066
143,final,pp,-4.701352596282959
144,final,pp,-5.039575576782227
145,final,pp,-3.9369044303894043
146,final,pp,-4.4755120277404785
147,final,pp,-5.029510498046875
148,final,pp,-5.067455768585205
149,final,pp,-4.302206039428711
150,final,pp,-4.123885154724121
151,final,pp,-5.241585731506348
152,final,pp,-5.279576301574707
153,final,pp,-4.75536584854126
154,final,pp,-5.259092807769775
155,final,pp,-4.393088340759277
156,final,pp,-5.156264305114746
157,final,pp,-3.8409018516540527
158,final,pp,-3.4971542358398438
159,final,pp,-4.952490329742432
160,final,pp,-4.993782043457031
161,final,pp,-5.911888599395752
162,final,pp,-4.854744911193848
163,final,pp,-4.787685394287109
164,final,pp,-3.870654344558716
165,final,pp,-4.8940863609313965
166,final,pp,-3.5926718711853027
167,final,pp,-5.73554801940918
168,final,pp,-5.219823837280273
169,final,pp,-5.234428882598877
170,final,pp,-3.966006278991699
171,final,pp,-4.787685394287109
172,final,pp,-3.3132612705230713
173,final,pp,-4.421970367431641
174,final,pp,-5.462930202484131
175,final,pp,-5.330738544464111
176,final,pp,-4.8940863609313965
177,final,pp,-5.305250644683838
178,final,pp,-5.611154556274414
179,final,pp,-3.520798444747925
180,final,pp,-5.8639397621154785
181,final,pp,-4.897099018096924
182,final,pp,-4.890596389770508
183,final,pp,-4.225615978240967
184,final,pp,-4.693661689758301
185,final,pp,-4.742681980133057
186,final,pp,-5.005918025970459
187,final,pp,-4.258598804473877
188,final,pp,-4.502599716186523
189,final,pp,-4.731113433837891
190,final,pp,-3.84846568107605
191,final,pp,-4.874172210693359
192,final,pp,-4.510953426361084
193,final,pp,-5.141617298126221
194,final,pp,-4.527054786682129
195,final,pp,-4.715123176574707
196,final,pp,-4.657554626464844
197,final,pp,-5.396240711212158
198,final,pp,-4.582325458526611
199,final,pp,-4.911734580993652
200,final,pp,-5.189506530761719
201,final,pp,-3.8185245990753174
202,final,pp,-3.574122905731201
203,final,pp,-5.523528575897217
204,final,pp,-5.238556385040283
205,final,pp,-5.420534610748291
206,final,pp,-4.848921775817871
207,final,pp,-5.599076271057129
208,final,pp,-4.609292984008789
209,final,pp,-5.272894859313965
210,final,pp,-4.559808254241943
211,final,pp,-5.052329063415527
212,final,pp,-5.3672027587890625
213,final,pp,-4.845173358917236
214,final,pp,-6.217787742614746
215,final,pp,-4.48027229309082
216,final,pp,-3.1415438652038574
217,final,pp,-5.107161521911621
218,final,pp,-5.145280361175537
219,final,pp,-4.686963081359863
220,final,pp,-5.04079008102417
221,final,do,-6.250447750091553
222,final,do,-5.789098262786865
223,final,do,-6.148285388946533
224,final,do,-5.237624168395996
225,final,do,-6.000804901123047
226,final,do,-6.032347202301025
227,final,do,-6.107748508453369
228,final,do,-6.378393650054932
229,final,do,-5.76986026763916
230,final,do,-5.432065010070801
231,final,do,-5.650992393493652
232,final,do,-6.466152667999268
233,final,do,-5.750589847564697
234,final,do,-6.378393650054932
235,final,do,-5.115399360656738
236,final,do,-5.126857280731201
237,final,do,-5.532520294189453
238,final,do,-5.3002753257751465
239,final,do,-6.352214336395264
240,final,do,-5.312384605407715
241,final,do,-5.750589847564697
242,final,do,-5.759903907775879
243,final,do,-6.14027738571167
244,final,do,-5.3002753257751465
245,final,do,-6.2378997802734375
246,final,do,-4.918607711791992
247,final,do,-5.533060550689697
248,final,do,-6.576446056365967
249,final,do,-5.099934101104736
250,final,do,-5.736513614654541
251,final,do,-5.168100833892822
252,final,do,-6.008244514465332
253,final,do,-6.1875505447387695
254,final,do,-6.119052410125732
255,final,do,-5.9452080726623535
256,final,do,-6.277317047119141
257,final,do,-6.29828405380249
258,final,do,-6.119052410125732
259,final,do,-4.766303062438965
260,final,do,-5.168100833892822
261,final,do,-5.736513614654541
262,final,do,-4.572556495666504
263,final,do,-4.934834003448486
264,final,pp,-5.201361656188965
265,final,pp,-4.8783159255981445
266,final,pp,-4.986453533172607
267,final,pp,-4.554794788360596
268,final,pp,-4.883284568786621
269,final,pp,-5.037671089172363
270,final,pp,-4.765864372253418
271,final,pp,-5.50434684753418
272,final,pp,-5.010981559753418
273,final,pp,-4.381452560424805
274,final,pp,-4.7877702713012695
275,final,pp,-5.0616655349731445
276,final,pp,-4.716868877410889
277,final,pp,-5.50434684753418
278,final,pp,-4.416704177856445
279,final,pp,-4.21609354019165
280,final,pp,-4.626855373382568
281,final,pp,-4.395569324493408
282,final,pp,-5.4729719161987305
283,final,pp,-4.658455848693848
284,final,do,-5.407135009765625
285,final,do,-4.892909526824951
286,final,do,-6.342464923858643
287,final,do,-6.381839752197266
288,final,do,-5.870109558105469
289,final,do,-5.407543659210205
290,final,do,-4.671916484832764
291,final,do,-6.474562168121338
292,final,do,-5.870109558105469
293,final,do,-6.46574068069458
294,final,do,-4.642380714416504
295,final,do,-5.885226726531982
296,final,do,-5.007718563079834
297,final,do,-6.191849231719971
298,final,do,-5.739574432373047
299,final,do,-5.166293621063232
300,final,do,-6.268276214599609
301,final,do,-5.042996883392334
302,final,do,-5.556319236755371
303,final,do,-5.5688323974609375
304,final,do,-5.375288963317871
305,final,do,-4.671916484832764
306,final,do,-6.223169803619385
307,final,do,-5.004726409912109
308,final,do,-6.381839752197266
309,final,do,-4.79813814163208
310,final,do,-4.656797409057617
311,final,do,-6.347411632537842
312,final,do,-6.381839752197266
313,final,do,-6.327061176300049
314,final,do,-5.055765628814697
315,final,do,-5.94766092300415
316,final,do,-6.199098110198975
317,final,do,-6.1439900398254395
318,final,do,-4.656797409057617
319,final,do,-5.042996883392334
320,final,do,-5.260319232940674
321,final,do,-5.0926079750061035
322,final,do,-6.342464923858643
323,final,do,-6.192615509033203
324,final,do,-6.677809715270996
325,final,do,-6.90152645111084
326,final,do,-6.400509834289551
327,final,pp,-4.6789469718933105
328,final,pp,-4.113030910491943
329,final,pp,-5.5187458992004395
330,final,pp,-5.294022560119629
331,final,pp,-4.7070841789245605
332,final,pp,-4.795623302459717
333,final,pp,-3.7746095657348633
334,final,pp,-5.531954765319824
335,final,pp,-4.7070841789245605
336,final,pp,-5.423847198486328
337,final,pp,-3.5696754455566406
338,final,pp,-4.742331027984619
339,final,pp,-3.893867015838623
340,final,pp,-4.8566789627075195
341,final,pp,-4.667577743530273
342,final,pp,-4.253846168518066
343,final,pp,-5.09446382522583
344,final,pp,-4.558005332946777
345,final,pp,-4.607260704040527
346,final,pp,-4.972112655639648
347,final,do,-5.917608261108398
348,final,do,-4.493359088897705
349,final,do,-5.7106499671936035
350,final,do,-4.210199356079102
351,final,do,-5.68644905090332
352,final,do,-5.2325439453125
353,final,do,-5.716396808624268
354,final,do,-5.90619421005249
355,final,do,-6.060641288757324
356,final,do,-6.466482162475586
357,final,do,-5.624448776245117
358,final,do,-5.646805763244629
359,final,do,-6.1806559562683105
360,final,do,-6.237852096557617
361,final,do,-5.941216945648193
362,final,do,-4.787256240844727
363,final,do,-5.718888282775879
364,final,do,-5.986477375030518
365,final,do,-5.591580390930176
366,final,do,-4.921249866485596
367,final,do,-4.879202365875244
368,final,do,-5.510636329650879
369,final,do,-6.075718879699707
370,final,do,-4.962310791015625
371,final,do,-5.536371231079102
372,final,do,-6.024231433868408
373,final,do,-5.071849346160889
374,final,do,-5.780442237854004
375,final,do,-4.459216594696045
376,final,do,-5.856101989746094
377,final,do,-5.205096244812012
378,final,do,-5.70173978805542
379,final,do,-5.911585330963135
380,final,do,-6.170289039611816
381,final,do,-6.217267990112305
382,final,do,-5.454962730407715
383,final,do,-5.7127838134765625
384,final,do,-5.536371231079102
385,final,do,-4.873836994171143
386,final,do,-5.0718488693237305
387,final,do,-5.954237461090088
388,final,do,-5.104771614074707
389,final,do,-5.735583782196045
390,final,pp,-5.19760799407959
391,final,pp,-4.142209529876709
392,final,pp,-5.134241104125977
393,final,pp,-3.7424709796905518
394,final,pp,-4.691862106323242
395,final,pp,-4.7187418937683105
396,final,pp,-5.160280704498291
397,final,pp,-5.103940010070801
398,final,pp,-5.3003363609313965
399,final,pp,-5.463747978210449
400,final,pp,-5.075110912322998
401,final,pp,-5.153193950653076
402,final,pp,-5.43531608581543
403,final,pp,-5.6809821128845215
404,final,pp,-4.785219669342041
405,final,pp,-3.7950377464294434
406,final,pp,-5.163958549499512
407,final,pp,-5.155591011047363
408,final,pp,-5.021679878234863
409,final,pp,-4.279659748077393
410,final,do,-6.692107200622559
411,final,do,-6.892342567443848
412,final,do,-6.943976402282715
413,final,do,-6.5209479331970215
414,final,do,-7.486239433288574
415,final,do,-5.471961975097656
416,final,do,-7.066624641418457
417,final,do,-7.725533485412598
418,final,do,-5.282988548278809
419,final,do,-6.650069236755371
420,final,do,-7.18305778503418
421,final,do,-7.166014194488525
422,final,do,-6.972027778625488
423,final,do,-7.289576053619385
424,final,do,-6.010398864746094
425,final,do,-6.85430383682251
426,final,do,-6.178502559661865
427,final,do,-6.68217134475708
428,final,do,-5.836762428283691
429,final,do,-7.3342485427856445
430,final,do,-7.024074554443359
431,final,do,-6.193334102630615
432,final,do,-6.68217134475708
433,final,do,-7.455638408660889
434,final,do,-7.227043151855469
435,final,do,-7.456885814666748
436,final,do,-6.791626453399658
437,final,do,-6.866706848144531
438,final,do,-5.852631568908691
439,final,do,-7.330525875091553
440,final,do,-7.2657270431518555
441,final,do,-6.543644905090332
442,final,do,-7.182770252227783
443,final,do,-7.130100250244141
444,final,do,-6.205351829528809
445,final,do,-6.957205295562744
446,final,do,-6.85430383682251
447,final,do,-6.847620964050293
448,final,do,-5.6372785568237305
449,final,do,-5.645491600036621
450,final,do,-5.631319999694824
451,final,do,-7.636607646942139
452,final,do,-6.713418006896973
453,final,pp,-4.990008354187012
454,final,pp,-5.233641147613525
455,final,pp,-5.166143417358398
456,final,pp,-5.586562156677246
457,final,pp,-5.929548740386963
458,final,pp,-4.256818771362305
459,final,pp,-5.788043022155762
460,final,pp,-5.686999320983887
461,final,pp,-4.477572917938232
462,final,pp,-5.242295742034912
463,final,pp,-6.225850582122803
464,final,pp,-5.8818888664245605
465,final,pp,-5.3004841804504395
466,final,pp,-5.721397399902344
467,final,pp,-4.774929523468018
468,final,pp,-5.782763481140137
469,final,pp,-4.721381664276123
470,final,pp,-5.18646240234375
471,final,pp,-4.610009670257568
472,final,pp,-5.549347877502441
473,final,pp,-4.953099250793457
474,final,pp,-5.958535194396973
475,final,pp,-5.438029766082764
476,final,pp,-4.932507514953613
477,final,pp,-4.5599188804626465
478,final,pp,-5.176578521728516
479,final,pp,-4.953289985656738
480,final,pp,-5.566680908203125
481,final,pp,-5.849641799926758
482,final,pp,-4.923000335693359
483,final,pp,-4.463448524475098
484,final,pp,-5.682796001434326
485,final,pp,-5.774422645568848
486,final,pp,-4.486979007720947
487,final,pp,-5.573431015014648
488,final,pp,-4.207464694976807
489,final,pp,-5.023636341094971
490,final,pp,-5.4045209884643555
491,final,pp,-4.274343490600586
492,final,pp,-4.9247283935546875
493,final,do,-7.083789348602295
494,final,do,-6.8153862953186035
495,final,do,-8.23039722442627
496,final,do,-6.6821746826171875
497,final,do,-7.238785743713379
498,final,do,-4.585994243621826
499,final,do,-6.7179059982299805
500,final,do,-7.370394706726074
501,final,do,-6.584279537200928
502,final,do,-5.133235454559326
503,final,do,-6.823950290679932
504,final,do,-6.404762268066406
505,final,do,-7.1713457107543945
506,final,do,-7.283284664154053
507,final,do,-9.192934036254883
508,final,do,-8.52553653717041
509,final,do,-6.740814208984375
510,final,do,-6.739279270172119
511,final,do,-6.573133945465088
512,final,do,-8.137150764465332
513,final,do,-6.501991271972656
514,final,do,-7.985675811767578
515,final,do,-6.854804039001465
516,final,do,-7.705481052398682
517,final,do,-7.76957893371582
518,final,do,-8.734204292297363
519,final,do,-7.808878421783447
520,final,do,-7.6208176612854
521,final,do,-7.683590888977051
522,final,do,-6.556942462921143
523,final,do,-6.337338447570801
524,final,do,-6.565986156463623
525,final,do,-8.6826810836792
526,final,do,-7.36431884765625
527,final,do,-6.659007549285889
528,final,do,-8.414497375488281
529,final,do,-8.414497375488281
530,final,do,-7.46151065826416
531,final,do,-8.601840019226074
532,final,do,-7.240283012390137
533,final,do,-8.95057487487793
534,final,do,-6.87800407409668
535,final,do,-6.1124796867370605
536,final,pp,-6.64625883102417
537,final,pp,-6.213098526000977
538,final,pp,-6.449073791503906
539,final,pp,-5.72191858291626
540,final,pp,-6.306480407714844
541,final,pp,-3.9887678623199463
542,final,pp,-5.46841287612915
543,final,pp,-6.428890228271484
544,final,pp,-5.799935340881348
545,final,pp,-4.6676836013793945
546,final,pp,-5.958155155181885
547,final,pp,-5.734285831451416
548,final,pp,-5.9830803871154785
549,final,pp,-6.427353382110596
550,final,pp,-7.2844109535217285
551,final,pp,-6.847448348999023
552,final,pp,-5.423526763916016
553,final,pp,-5.743937015533447
554,final,pp,-5.479714870452881
555,final,pp,-6.808374881744385
556,final,do,-6.450342178344727
557,final,do,-6.4112868309021
558,final,do,-7.099925994873047
559,final,do,-6.258243083953857
560,final,do,-7.592804908752441
561,final,do,-6.278573513031006
562,final,do,-6.72595739364624
563,final,do,-6.452298641204834
564,final,do,-6.4112868309021
565,final,do,-7.788473606109619
566,final,do,-5.032904624938965
567,final,do,-4.585270404815674
568,final,do,-6.39655065536499
569,final,do,-6.837764263153076
570,final,do,-5.247456073760986
571,final,do,-6.161230564117432
572,final,do,-7.416573524475098
573,final,do,-6.610029697418213
574,final,do,-6.610029697418213
575,final,do,-7.2401533126831055
576,final,do,-6.318100452423096
577,final,do,-5.238097190856934
578,final,do,-7.416573524475098
579,final,do,-7.209831237792969
580,final,do,-6.628587245941162
581,final,do,-6.39655065536499
582,final,do,-7.535703182220459
583,final,do,-5.298005104064941
584,final,do,-5.063331127166748
585,final,do,-6.946252346038818
586,final,do,-6.4113993644714355
587,final,do,-5.928340435028076
588,final,do,-5.298005104064941
589,final,do,-6.006574630737305
590,final,do,-5.804659843444824
591,final,do,-6.999553680419922
592,final,do,-7.0184807777404785
593,final,do,-6.999553680419922
594,final,do,-7.58392333984375
595,final,do,-7.099925994873047
596,final,do,-8.331221580505371
597,final,do,-6.39655065536499
598,final,do,-7.788473606109619
599,final,pp,-5.72116756439209
600,final,pp,-6.083689212799072
601,final,pp,-6.629037857055664
602,final,pp,-5.892317295074463
603,final,pp,-7.035003662109375
604,final,pp,-5.601705074310303
605,final,pp,-6.51945686340332
606,final,pp,-5.7522454261779785
607,final,pp,-6.083689212799072
608,final,pp,-7.288033962249756
609,final,pp,-4.361047744750977
610,final,pp,-3.6470582485198975
611,final,pp,-6.0091447830200195
612,final,pp,-6.030224800109863
613,final,pp,-5.2637939453125
614,final,pp,-5.344600677490234
615,final,pp,-6.277024745941162
616,final,pp,-5.845058441162109
617,final,pp,-5.845058441162109
618,final,pp,-6.443350315093994
619,final,do,-6.733637809753418
620,final,do,-5.881571292877197
621,final,do,-5.516829013824463
622,final,do,-6.558504581451416
623,final,do,-7.064255714416504
624,final,do,-6.407275676727295
625,final,do,-6.276261329650879
626,final,do,-6.345623016357422
627,final,do,-6.461878299713135
628,final,do,-7.00290060043335
629,final,do,-5.865565776824951
630,final,do,-4.7366766929626465
631,final,do,-5.400630474090576
632,final,do,-6.540118217468262
633,final,do,-4.93851900100708
634,final,do,-6.704373836517334
635,final,do,-6.086232662200928
636,final,do,-6.800973415374756
637,final,do,-5.400630474090576
638,final,do,-6.477758407592773
639,final,do,-6.245765686035156
640,final,do,-6.708673000335693
641,final,do,-6.393057823181152
642,final,do,-6.960407257080078
643,final,do,-7.278656959533691
644,final,do,-5.262052536010742
645,final,do,-6.0912699699401855
646,final,do,-6.035057067871094
647,final,do,-6.287681579589844
648,final,do,-6.930947303771973
649,final,do,-6.324790954589844
650,final,do,-7.419342517852783
651,final,do,-6.599122047424316
652,final,do,-6.650121212005615
653,final,do,-6.694377422332764
654,final,do,-6.555407524108887
655,final,do,-6.712264537811279
656,final,do,-6.173850059509277
657,final,do,-7.020029544830322
658,final,do,-5.400629997253418
659,final,do,-7.2445831298828125
660,final,do,-7.892085075378418
661,final,do,-6.027710914611816
662,final,pp,-6.171609401702881
663,final,pp,-5.070554733276367
664,final,pp,-4.738507270812988
665,final,pp,-5.953573703765869
666,final,pp,-6.137701511383057
667,final,pp,-5.898481845855713
668,final,pp,-5.74608039855957
669,final,pp,-6.197993755340576
670,final,pp,-6.3383893966674805
671,final,pp,-6.3897600173950195
672,final,pp,-4.695754051208496
673,final,pp,-4.057342529296875
674,final,pp,-5.296069622039795
675,final,pp,-5.561678886413574
676,final,pp,-4.629166603088379
677,final,pp,-6.693416595458984
678,final,pp,-5.018744468688965
679,final,pp,-5.989404678344727
680,final,pp,-5.296069622039795
681,final,pp,-5.820606231689453
682,final,do,-8.391924858093262
683,final,do,-10.445233345031738
684,final,do,-6.0120849609375
685,final,do,-6.2064595222473145
686,final,do,-6.559717178344727
687,final,do,-6.820202350616455
688,final,do,-9.066308975219727
689,final,do,-8.209894180297852
690,final,do,-7.866786479949951
691,final,do,-8.965965270996094
692,final,do,-6.5335869789123535
693,final,do,-7.5481276512146
694,final,do,-7.00976037979126
695,final,do,-7.700221538543701
696,final,do,-8.47205924987793
697,final,do,-7.244230270385742
698,final,do,-6.697424411773682
699,final,do,-6.929858684539795
700,final,do,-7.448528289794922
701,final,do,-5.100245952606201
702,final,do,-8.361847877502441
703,final,do,-7.3003950119018555
704,final,do,-8.521714210510254
705,final,do,-7.824212551116943
706,final,do,-6.527413368225098
707,final,do,-9.120676040649414
708,final,do,-5.999605655670166
709,final,do,-6.716864109039307
710,final,do,-9.126588821411133
711,final,do,-7.399356842041016
712,final,do,-7.569654941558838
713,final,do,-8.52053451538086
714,final,do,-9.431323051452637
715,final,do,-9.303414344787598
716,final,do,-9.272395133972168
717,final,do,-9.028304100036621
718,final,do,-8.368281364440918
719,final,do,-8.112218856811523
720,final,do,-5.940236568450928
721,final,do,-6.984524726867676
722,final,do,-8.123799324035645
723,final,do,-6.542099475860596
724,final,do,-7.881300449371338
725,final,pp,-6.762783050537109
726,final,pp,-7.909949779510498
727,final,pp,-4.166451930999756
728,final,pp,-5.105092525482178
729,final,pp,-5.977202892303467
730,final,pp,-5.403965473175049
731,final,pp,-8.1405029296875
732,final,pp,-6.192499160766602
733,final,pp,-7.074776649475098
734,final,pp,-7.033128261566162
735,final,pp,-5.96592903137207
736,final,pp,-5.964261531829834
737,final,pp,-6.641326904296875
738,final,pp,-6.728394508361816
739,final,pp,-7.26774263381958
740,final,pp,-6.7420830726623535
741,final,pp,-5.424927711486816
742,final,pp,-5.743606090545654
743,final,pp,-5.69460916519165
744,final,pp,-4.778512001037598
745,final,pp,-5.430221080780029
746,final,pp,-5.485330581665039
747,final,pp,-5.107387542724609
748,final,pp,-6.051761150360107
749,final,pp,-6.502558708190918
750,final,pp,-6.662040710449219
751,final,pp,-6.163309097290039
752,final,pp,-5.772067070007324
753,final,pp,-5.966424942016602
754,final,pp,-5.9179205894470215
755,final,pp,-4.953772068023682
756,final,pp,-4.493039131164551
757,final,pp,-5.743796348571777
758,final,pp,-5.895023345947266
759,final,pp,-5.59368896484375
760,final,pp,-5.22780179977417
761,final,pp,-6.983332633972168
762,final,pp,-6.583888053894043
763,final,pp,-6.543030738830566
764,final,pp,-5.819840908050537
765,final,pp,-6.963592052459717
766,final,pp,-5.788247585296631
767,final,pp,-6.878467559814453
768,final,pp,-5.204641342163086
769,final,pp,-6.1648712158203125
770,final,pp,-6.625418663024902
771,final,pp,-5.957678318023682
772,final,pp,-6.149216651916504
773,final,pp,-5.83062219619751
774,final,pp,-4.077313423156738
775,final,pp,-5.7708330154418945
776,final,pp,-5.26157808303833
777,final,pp,-4.217169761657715
778,final,pp,-7.125300407409668
779,final,pp,-6.995884418487549
780,final,pp,-5.958252906799316
781,final,pp,-6.266844272613525
782,final,pp,-4.994393348693848
783,final,pp,-6.709327220916748
784,final,pp,-7.719217777252197
785,final,do,-6.406073570251465
786,final,do,-5.0975775718688965
787,final,do,-5.7813591957092285
788,final,do,-5.876221656799316
789,final,do,-5.854008197784424
790,final,do,-4.719544410705566
791,final,do,-5.353337287902832
792,final,do,-4.926040172576904
793,final,do,-6.5591349601745605
794,final,do,-6.449582576751709
795,final,do,-4.894759178161621
796,final,do,-4.041463375091553
797,final,do,-5.235905170440674
798,final,do,-6.140998840332031
799,final,do,-4.755687713623047
800,final,do,-4.187831878662109
801,final,do,-5.050416469573975
802,final,do,-5.922851085662842
803,final,do,-5.625136852264404
804,final,do,-7.074552059173584
805,final,do,-6.5375752449035645
806,final,do,-4.8479766845703125
807,final,do,-5.644917964935303
808,final,do,-6.193295478820801
809,final,do,-5.012678146362305
810,final,do,-4.545194625854492
811,final,do,-5.994421005249023
812,final,do,-5.3433732986450195
813,final,do,-5.55872917175293
814,final,do,-5.63612174987793
815,final,do,-5.60867977142334
816,final,do,-5.342662334442139
817,final,do,-4.624612331390381
818,final,do,-4.224371433258057
819,final,do,-4.941348075866699
820,final,do,-4.187831878662109
821,final,do,-7.218090057373047
822,final,do,-5.336555004119873
823,final,do,-5.195913314819336
824,final,do,-6.288361072540283
825,final,do,-6.150330543518066
826,final,do,-5.699626445770264
827,final,do,-7.321259498596191
828,final,pp,-5.570178031921387
829,final,pp,-4.734809875488281
830,final,pp,-5.4930806159973145
831,final,pp,-5.239399433135986
832,final,pp,-5.035165786743164
833,final,pp,-4.349751949310303
834,final,pp,-5.222803592681885
835,final,pp,-4.446909427642822
836,final,pp,-5.673792362213135
837,final,pp,-5.288727760314941
838,final,pp,-4.115353584289551
839,final,pp,-3.7169597148895264
840,final,pp,-4.962901592254639
841,final,pp,-4.867197036743164
842,final,pp,-4.080158710479736
843,final,pp,-4.039135456085205
844,final,pp,-4.320830345153809
845,final,pp,-5.08303165435791
846,final,pp,-4.8024067878723145
847,final,pp,-5.543308734893799
848,final,do,-5.509276390075684
849,final,do,-5.202763080596924
850,final,do,-4.891037940979004
851,final,do,-6.009993553161621
852,final,do,-5.11149787902832
853,final,do,-6.129526615142822
854,final,do,-6.1265082359313965
855,final,do,-5.185824871063232
856,final,do,-5.549834728240967
857,final,do,-5.481546401977539
858,final,do,-6.2451372146606445
859,final,do,-5.351198196411133
860,final,do,-6.577316761016846
861,final,do,-4.188529014587402
862,final,do,-4.221039772033691
863,final,do,-4.390016555786133
864,final,do,-4.755369663238525
865,final,do,-6.242709636688232
866,final,do,-4.188283920288086
867,final,do,-5.099522113800049
868,final,do,-5.72130823135376
869,final,do,-5.161811351776123
870,final,do,-7.149603843688965
871,final,do,-4.555952072143555
872,final,do,-5.360469818115234
873,final,do,-5.317071914672852
874,final,do,-5.549834251403809
875,final,do,-5.133089542388916
876,final,do,-5.283499240875244
877,final,do,-6.336605548858643
878,final,do,-4.996023178100586
879,final,do,-4.435396671295166
880,final,do,-6.819789886474609
881,final,do,-7.178074359893799
882,final,do,-4.95288610458374
883,final,do,-5.804825782775879
884,final,do,-5.509276390075684
885,final,do,-5.32974910736084
886,final,do,-4.414964199066162
887,final,do,-5.329400062561035
888,final,do,-7.023075103759766
889,final,do,-6.453885078430176
890,final,do,-4.7112226486206055
891,final,pp,-4.973147392272949
892,final,pp,-4.753194808959961
893,final,pp,-4.1485395431518555
894,final,pp,-5.093278408050537
895,final,pp,-4.717950344085693
896,final,pp,-5.096834659576416
897,final,pp,-5.50832462310791
898,final,pp,-5.081847667694092
899,final,pp,-4.962101459503174
900,final,pp,-5.0696916580200195
901,final,pp,-5.471977710723877
902,final,pp,-5.339029788970947
903,final,pp,-5.6834259033203125
904,final,pp,-4.038699626922607
905,final,pp,-3.9915847778320312
906,final,pp,-4.167566299438477
907,final,pp,-4.740911483764648
908,final,pp,-5.165699005126953
909,final,pp,-3.794776439666748
910,final,pp,-4.704652309417725
911,final,do,-5.474440574645996
912,final,do,-4.8057990074157715
913,final,do,-5.0405778884887695
914,final,do,-5.822534561157227
915,final,do,-4.986490726470947
916,final,do,-4.624830722808838
917,final,do,-5.447747230529785
918,final,do,-5.640437602996826
919,final,do,-5.741390228271484
920,final,do,-5.747575283050537
921,final,do,-5.107102870941162
922,final,do,-4.7399373054504395
923,final,do,-5.686695575714111
924,final,do,-5.243224620819092
925,final,do,-5.043937683105469
926,final,do,-5.436169147491455
927,final,do,-5.133320331573486
928,final,do,-5.603489875793457
929,final,do,-5.49342679977417
930,final,do,-4.652049541473389
931,final,do,-5.258354663848877
932,final,do,-5.410210132598877
933,final,do,-5.307730674743652
934,final,do,-4.201166152954102
935,final,do,-4.881036758422852
936,final,do,-5.488500118255615
937,final,do,-4.271775245666504
938,final,do,-4.909379482269287
939,final,do,-5.831288814544678
940,final,do,-4.968812942504883
941,final,do,-5.679209232330322
942,final,do,-5.2963104248046875
943,final,do,-5.079184532165527
944,final,do,-5.157988548278809
945,final,do,-4.879960536956787
946,final,do,-5.966580867767334
947,final,do,-5.103179454803467
948,final,do,-5.259475231170654
949,final,do,-5.747575759887695
950,final,do,-5.162526607513428
951,final,do,-6.204460144042969
952,final,do,-4.9313578605651855
953,final,do,-6.0455002784729
954,final,pp,-5.199272632598877
955,final,pp,-4.427260875701904
956,final,pp,-4.760178089141846
957,final,pp,-5.452550411224365
958,final,pp,-5.019100666046143
959,final,pp,-4.406892776489258
960,final,pp,-5.28782320022583
961,final,pp,-4.937027931213379
962,final,pp,-5.3337860107421875
963,final,pp,-5.480744361877441
964,final,pp,-5.066739559173584
965,final,pp,-4.457681179046631
966,final,pp,-5.172751426696777
967,final,pp,-5.0875325202941895
968,final,pp,-5.099820613861084
969,final,pp,-4.7769083976745605
970,final,pp,-4.817298889160156
971,final,pp,-5.174470901489258
972,final,pp,-5.200886249542236
973,final,pp,-4.516470432281494
974,final,do,-6.370534420013428
975,final,do,-6.159389019012451
976,final,do,-8.171886444091797
977,final,do,-7.094837665557861
978,final,do,-6.605636119842529
979,final,do,-5.181218147277832
980,final,do,-7.2459845542907715
981,final,do,-4.879091739654541
982,final,do,-6.6000165939331055
983,final,do,-5.316170692443848
984,final,do,-7.192765235900879
985,final,do,-6.313178539276123
986,final,do,-7.305752277374268
987,final,do,-6.552002906799316
988,final,do,-8.251643180847168
989,final,do,-6.937343120574951
990,final,do,-7.054062843322754
991,final,do,-5.884400844573975
992,final,do,-6.289365768432617
993,final,do,-6.689214706420898
994,final,do,-5.603542804718018
995,final,do,-7.497656345367432
996,final,do,-6.092446327209473
997,final,do,-6.708293914794922
998,final,do,-6.251782417297363
999,final,do,-5.85378360748291
1000,final,do,-5.740888595581055
1001,final,do,-5.656876564025879
1002,final,do,-5.602614879608154
1003,final,do,-6.689214706420898
1004,final,do,-6.0282721519470215
1005,final,do,-5.325496673583984
1006,final,do,-7.404993534088135
1007,final,do,-5.448409080505371
1008,final,do,-5.585979461669922
1009,final,do,-5.051742076873779
1010,final,do,-6.543451309204102
1011,final,do,-7.40334415435791
1012,final,do,-6.381828308105469
1013,final,do,-6.446913719177246
1014,final,do,-6.381828308105469
1015,final,do,-4.858661651611328
1016,final,do,-4.8622283935546875
1017,final,pp,-5.038451194763184
1018,final,pp,-5.116180419921875
1019,final,pp,-6.648326873779297
1020,final,pp,-5.677038192749023
1021,final,pp,-5.399201393127441
1022,final,pp,-4.587554931640625
1023,final,pp,-5.636281490325928
1024,final,pp,-4.3584089279174805
1025,final,pp,-5.233900547027588
1026,final,pp,-4.613091945648193
1027,final,pp,-6.189967155456543
1028,final,pp,-5.648200988769531
1029,final,pp,-5.769966125488281
1030,final,pp,-5.449997425079346
1031,final,pp,-6.807443141937256
1032,final,pp,-5.253321647644043
1033,final,pp,-6.2753520011901855
1034,final,pp,-5.361555099487305
1035,final,pp,-5.503645896911621
1036,final,pp,-5.663003921508789
1037,final,pp,-5.158726215362549
1038,final,pp,-4.479844093322754
1039,final,pp,-5.4594879150390625
1040,final,pp,-5.4035868644714355
1041,final,pp,-4.325538158416748
1042,final,pp,-5.426090240478516
1043,final,pp,-5.758674144744873
1044,final,pp,-3.7655694484710693
1045,final,pp,-5.70460319519043
1046,final,pp,-3.769106864929199
1047,final,pp,-5.741067409515381
1048,final,pp,-4.588042736053467
1049,final,pp,-4.732255935668945
1050,final,pp,-4.74734354019165
1051,final,pp,-4.034887313842773
1052,final,pp,-5.003958225250244
1053,final,pp,-5.308539867401123
1054,final,pp,-4.794083118438721
1055,final,pp,-4.429502010345459
1056,final,pp,-4.632969856262207
1057,final,pp,-4.099737167358398
1058,final,pp,-5.075169086456299
1059,final,pp,-5.502448558807373
1060,final,pp,-3.9316375255584717
1061,final,pp,-5.16343355178833
1062,final,pp,-5.368220806121826
1063,final,pp,-3.884624481201172
1064,final,pp,-5.164034366607666
1065,final,pp,-5.432518482208252
1066,final,pp,-5.388611316680908
1067,final,pp,-5.68871545791626
1068,final,pp,-4.502897262573242
1069,final,pp,-4.825225353240967
1070,final,pp,-4.708633899688721
1071,final,pp,-4.752269744873047
1072,final,pp,-5.0263142585754395
1073,final,pp,-4.699462413787842
1074,final,pp,-4.3830461502075195
1075,final,pp,-5.138462066650391
1076,final,pp,-5.956570148468018
1077,final,do,-6.301295757293701
1078,final,do,-6.351291656494141
1079,final,do,-5.87684440612793
1080,final,do,-6.3874359130859375
1081,final,do,-4.306116580963135
1082,final,do,-5.81119966506958
1083,final,do,-5.167250156402588
1084,final,do,-5.046570301055908
1085,final,do,-6.65731954574585
1086,final,do,-5.107249736785889
1087,final,do,-6.349174499511719
1088,final,do,-6.1122870445251465
1089,final,do,-6.143880367279053
1090,final,do,-7.08811616897583
1091,final,do,-6.677427291870117
1092,final,do,-6.290638446807861
1093,final,do,-6.3965606689453125
1094,final,do,-6.818124294281006
1095,final,do,-5.188223838806152
1096,final,do,-5.858312129974365
1097,final,do,-6.248366832733154
1098,final,do,-5.524545192718506
1099,final,do,-5.989161968231201
1100,final,do,-5.770790100097656
1101,final,do,-5.971414089202881
1102,final,do,-6.06351900100708
1103,final,do,-5.745962619781494
1104,final,do,-5.418820858001709
1105,final,do,-6.498239517211914
1106,final,do,-5.634908199310303
1107,final,do,-5.524545192718506
1108,final,do,-6.371486663818359
1109,final,do,-4.619916915893555
1110,final,do,-6.052590847015381
1111,final,do,-6.281382083892822
1112,final,do,-5.412312030792236
1113,final,do,-5.8160400390625
1114,final,do,-5.363492965698242
1115,final,do,-5.2514801025390625
1116,final,do,-5.786729335784912
1117,final,do,-6.581419467926025
1118,final,do,-7.8819756507873535
1119,final,do,-5.244508266448975
1120,final,pp,-5.058762073516846
1121,final,pp,-5.256073951721191
1122,final,pp,-4.778447151184082
1123,final,pp,-4.648651123046875
1124,final,pp,-3.36719012260437
1125,final,pp,-4.541890621185303
1126,final,pp,-4.04282283782959
1127,final,pp,-4.008693695068359
1128,final,pp,-4.970422267913818
1129,final,pp,-4.148830413818359
1130,final,pp,-4.919090747833252
1131,final,pp,-4.591189384460449
1132,final,pp,-5.085480690002441
1133,final,pp,-5.576935768127441
1134,final,pp,-4.919009685516357
1135,final,pp,-4.982158184051514
1136,final,pp,-4.975574493408203
1137,final,pp,-5.106288909912109
1138,final,pp,-4.655790328979492
1139,final,pp,-4.544161796569824
1140,final,do,-6.28776741027832
1141,final,do,-6.71426248550415
1142,final,do,-4.826976299285889
1143,final,do,-6.122232913970947
1144,final,do,-5.115521430969238
1145,final,do,-5.864013671875
1146,final,do,-6.28776741027832
1147,final,do,-7.634176254272461
1148,final,do,-5.730413436889648
1149,final,do,-4.919567108154297
1150,final,do,-5.595494747161865
1151,final,do,-6.593756198883057
1152,final,do,-6.0297369956970215
1153,final,do,-6.443719387054443
1154,final,do,-5.800796031951904
1155,final,do,-4.911360263824463
1156,final,do,-5.467686653137207
1157,final,do,-5.310688018798828
1158,final,do,-5.804347515106201
1159,final,do,-5.567310333251953
1160,final,do,-6.542852401733398
1161,final,do,-4.941505432128906
1162,final,do,-6.406368255615234
1163,final,do,-5.6473708152771
1164,final,do,-6.71426248550415
1165,final,do,-4.765693187713623
1166,final,do,-6.801458835601807
1167,final,do,-5.199970245361328
1168,final,do,-6.166861057281494
1169,final,do,-5.382531642913818
1170,final,do,-4.757340908050537
1171,final,do,-5.430161952972412
1172,final,do,-5.467686653137207
1173,final,do,-5.712432861328125
1174,final,do,-5.237133502960205
1175,final,do,-5.237133502960205
1176,final,do,-5.793781280517578
1177,final,do,-6.134400844573975
1178,final,do,-4.4669647216796875
1179,final,do,-4.911360263824463
1180,final,do,-6.406368255615234
1181,final,do,-5.39808464050293
1182,final,do,-5.199970245361328
1183,final,pp,-5.229442119598389
1184,final,pp,-5.623514652252197
1185,final,pp,-4.059074401855469
1186,final,pp,-4.912199974060059
1187,final,pp,-4.194669246673584
1188,final,pp,-4.74044132232666
1189,final,pp,-5.229443073272705
1190,final,pp,-6.306360721588135
1191,final,pp,-4.563968181610107
1192,final,pp,-4.039405345916748
1193,final,pp,-4.586977958679199
1194,final,pp,-5.550750255584717
1195,final,pp,-4.649041175842285
1196,final,pp,-5.37772798538208
1197,final,pp,-4.798098087310791
1198,final,pp,-3.744170665740967
1199,final,pp,-4.703648567199707
1200,final,pp,-4.660833835601807
1201,final,pp,-4.9138312339782715
1202,final,pp,-4.512938499450684
1203,final,do,-6.321073055267334
1204,final,do,-5.14051628112793
1205,final,do,-6.033766746520996
1206,final,do,-5.5243754386901855
1207,final,do,-6.724451065063477
1208,final,do,-5.523753643035889
1209,final,do,-5.9014177322387695
1210,final,do,-5.3116865158081055
1211,final,do,-4.8458943367004395
1212,final,do,-6.247574329376221
1213,final,do,-5.8309326171875
1214,final,do,-5.710775852203369
1215,final,do,-5.215378761291504
1216,final,do,-5.712364673614502
1217,final,do,-5.361545562744141
1218,final,do,-4.621317386627197
1219,final,do,-5.935539245605469
1220,final,do,-5.848265647888184
1221,final,do,-5.405323028564453
1222,final,do,-4.968887805938721
1223,final,do,-6.507630348205566
1224,final,do,-6.4763922691345215
1225,final,do,-6.622326850891113
1226,final,do,-5.566335678100586
1227,final,do,-6.3524274826049805
1228,final,do,-5.930559158325195
1229,final,do,-5.629854202270508
1230,final,do,-6.0854644775390625
1231,final,do,-5.4972920417785645
1232,final,do,-5.19476318359375
1233,final,do,-5.88450813293457
1234,final,do,-5.278950214385986
1235,final,do,-6.266980171203613
1236,final,do,-5.204526901245117
1237,final,do,-5.396346569061279
1238,final,do,-6.427798271179199
1239,final,do,-5.381027698516846
1240,final,do,-6.533559799194336
1241,final,do,-6.770868301391602
1242,final,do,-4.298006534576416
1243,final,do,-5.328943729400635
1244,final,do,-6.593296527862549
1245,final,do,-5.7472968101501465
1246,final,pp,-5.295973300933838
1247,final,pp,-4.171075820922852
1248,final,pp,-5.1055097579956055
1249,final,pp,-4.543863773345947
1250,final,pp,-5.535859107971191
1251,final,pp,-4.840066909790039
1252,final,pp,-5.2609663009643555
1253,final,pp,-4.709611892700195
1254,final,pp,-4.304621696472168
1255,final,pp,-5.445729732513428
1256,final,pp,-4.756570816040039
1257,final,pp,-4.641545295715332
1258,final,pp,-4.4904608726501465
1259,final,pp,-4.46345329284668
1260,final,pp,-4.38217830657959
1261,final,pp,-3.8597755432128906
1262,final,pp,-4.922358512878418
1263,final,pp,-5.0241780281066895
1264,final,pp,-4.664249897003174
1265,final,pp,-4.322038650512695
1266,final,do,-5.5418548583984375
1267,final,do,-6.210433006286621
1268,final,do,-5.5916748046875
1269,final,do,-5.921278476715088
1270,final,do,-5.267782688140869
1271,final,do,-7.015784740447998
1272,final,do,-7.706967830657959
1273,final,do,-7.814950942993164
1274,final,do,-4.950579643249512
1275,final,do,-6.4548115730285645
1276,final,do,-8.088841438293457
1277,final,do,-5.311497211456299
1278,final,do,-8.035995483398438
1279,final,do,-6.770141124725342
1280,final,do,-6.952531814575195
1281,final,do,-7.1401896476745605
1282,final,do,-7.5385918617248535
1283,final,do,-7.356259822845459
1284,final,do,-6.4449357986450195
1285,final,do,-7.328369617462158
1286,final,do,-5.841085433959961
1287,final,do,-7.54245138168335
1288,final,do,-7.171748638153076
1289,final,do,-7.239767074584961
1290,final,do,-6.314279556274414
1291,final,do,-6.485960960388184
1292,final,do,-7.694234848022461
1293,final,do,-8.012760162353516
1294,final,do,-7.696617603302002
1295,final,do,-6.952335357666016
1296,final,do,-4.945383548736572
1297,final,do,-7.41162633895874
1298,final,do,-6.362401485443115
1299,final,do,-4.808144569396973
1300,final,do,-7.201286792755127
1301,final,do,-7.3664703369140625
1302,final,do,-7.376125812530518
1303,final,do,-7.416554927825928
1304,final,do,-6.745283603668213
1305,final,do,-7.395120620727539
1306,final,do,-7.187708377838135
1307,final,do,-6.626734256744385
1308,final,do,-7.567916393280029
1309,final,pp,-4.671619892120361
1310,final,pp,-5.03226375579834
1311,final,pp,-3.835369348526001
1312,final,pp,-4.2197442054748535
1313,final,pp,-3.765813112258911
1314,final,pp,-5.317302227020264
1315,final,pp,-6.266017436981201
1316,final,pp,-6.188689231872559
1317,final,pp,-3.68729829788208
1318,final,pp,-5.660802364349365
1319,final,pp,-5.975364685058594
1320,final,pp,-4.663954257965088
1321,final,pp,-6.187169551849365
1322,final,pp,-5.084449768066406
1323,final,pp,-5.118614196777344
1324,final,pp,-5.133873462677002
1325,final,pp,-5.389542579650879
1326,final,pp,-5.941492557525635
1327,final,pp,-4.85211181640625
1328,final,pp,-5.167938232421875
1329,final,pp,-4.967597007751465
1330,final,pp,-3.8353073596954346
1331,final,pp,-6.150684833526611
1332,final,pp,-5.3131866455078125
1333,final,pp,-6.07371711730957
1334,final,pp,-4.554989814758301
1335,final,pp,-4.037842750549316
1336,final,pp,-5.01343297958374
1337,final,pp,-4.244873523712158
1338,final,pp,-4.44952392578125
1339,final,pp,-3.981630325317383
1340,final,pp,-5.189219951629639
1341,final,pp,-4.639395713806152
1342,final,pp,-5.776205539703369
1343,final,pp,-5.713321685791016
1344,final,pp,-4.970983982086182
1345,final,pp,-6.1497015953063965
1346,final,pp,-3.898991346359253
1347,final,pp,-5.262468338012695
1348,final,pp,-4.882689952850342
1349,final,pp,-5.091987609863281
1350,final,pp,-5.04561710357666
1351,final,pp,-6.044190406799316
1352,final,pp,-4.497730731964111
1353,final,pp,-4.598271369934082
1354,final,pp,-3.7677559852600098
1355,final,pp,-4.216226100921631
1356,final,pp,-4.597862720489502
1357,final,pp,-4.819018840789795
1358,final,pp,-5.393130302429199
1359,final,pp,-4.803513526916504
1360,final,pp,-4.732282638549805
1361,final,pp,-5.013136386871338
1362,final,pp,-4.258192539215088
1363,final,pp,-5.447699069976807
1364,final,pp,-4.4644551277160645
1365,final,pp,-5.410048961639404
1366,final,pp,-4.6241631507873535
1367,final,pp,-4.21601676940918
1368,final,pp,-4.419820785522461
1,best,pp,-4.741437911987305
2,best,pp,-5.2941670417785645
3,best,pp,-4.50712776184082
4,best,pp,-4.686654567718506
5,best,pp,-4.428135395050049
6,best,pp,-4.158349514007568
7,best,pp,-4.418713092803955
8,best,pp,-4.047031402587891
9,best,pp,-3.492849349975586
10,best,pp,-4.16834831237793
11,best,pp,-4.975163459777832
12,best,pp,-3.8464584350585938
13,best,pp,-4.563137054443359
14,best,pp,-4.210971832275391
15,best,pp,-5.4212493896484375
16,best,pp,-4.047031402587891
17,best,pp,-5.053106784820557
18,best,pp,-4.370008945465088
19,best,pp,-4.71718168258667
20,best,pp,-3.6285526752471924
21,best,pp,-4.567104816436768
22,best,pp,-5.30781364440918
23,best,pp,-5.074404239654541
24,best,pp,-5.291916370391846
25,best,pp,-5.069436550140381
26,best,pp,-4.929600238800049
27,best,pp,-5.445898532867432
28,best,pp,-5.1817731857299805
29,best,pp,-5.650152683258057
30,best,pp,-4.975654602050781
31,best,pp,-4.661814212799072
32,best,pp,-5.291916370391846
33,best,pp,-4.890615940093994
34,best,pp,-5.462701320648193
35,best,pp,-4.18002986907959
36,best,pp,-4.454257488250732
37,best,pp,-5.650152683258057
38,best,pp,-3.7597763538360596
39,best,pp,-5.4361252784729
40,best,pp,-4.813299179077148
41,best,pp,-4.391170024871826
42,best,pp,-4.966432571411133
43,best,pp,-4.5345139503479
44,best,pp,-5.069605827331543
45,best,pp,-5.271062850952148
46,best,pp,-4.616660118103027
47,best,pp,-5.3606696128845215
48,best,pp,-4.340961933135986
49,best,pp,-4.661623001098633
50,best,pp,-4.499410629272461
51,best,pp,-5.100768089294434
52,best,pp,-4.797449111938477
53,best,pp,-4.958101272583008
54,best,pp,-4.7521514892578125
55,best,pp,-4.922908782958984
56,best,pp,-3.8734114170074463
57,best,pp,-4.181116580963135
58,best,pp,-5.411317825317383
59,best,pp,-4.872518062591553
60,best,pp,-4.699410438537598
61,best,pp,-5.199705600738525
62,best,pp,-5.870236873626709
63,best,pp,-5.050452709197998
64,best,pp,-5.679234981536865
65,best,pp,-6.11454963684082
66,best,pp,-5.489661693572998
67,best,pp,-4.530421257019043
68,best,pp,-6.520421504974365
69,best,pp,-6.099788188934326
70,best,pp,-5.287571430206299
71,best,pp,-3.995151996612549
72,best,pp,-6.268222808837891
73,best,pp,-5.542476177215576
74,best,pp,-5.719620227813721
75,best,pp,-5.319892406463623
76,best,pp,-4.8429718017578125
77,best,pp,-5.2491841316223145
78,best,pp,-4.998348236083984
79,best,pp,-4.472850799560547
80,best,pp,-5.260146617889404
81,best,pp,-5.726846694946289
82,best,pp,-5.024552345275879
83,best,pp,-4.935515403747559
84,best,pp,-4.30608606338501
85,best,pp,-5.024552345275879
86,best,pp,-4.533884525299072
87,best,pp,-5.179202556610107
88,best,pp,-4.313584327697754
89,best,pp,-5.101356506347656
90,best,pp,-4.315396785736084
91,best,pp,-4.629550457000732
92,best,pp,-5.931604385375977
93,best,pp,-4.701598644256592
94,best,pp,-5.04535436630249
95,best,pp,-4.620611190795898
96,best,pp,-4.466530799865723
97,best,pp,-5.720001220703125
98,best,pp,-5.877310276031494
99,best,pp,-5.175796985626221
100,best,pp,-5.220370292663574
101,best,pp,-5.223119258880615
102,best,pp,-5.370208740234375
103,best,pp,-4.411859035491943
104,best,pp,-5.1609015464782715
105,best,pp,-4.9104132652282715
106,best,pp,-4.9805426597595215
107,best,pp,-4.859188079833984
108,best,pp,-5.329298496246338
109,best,pp,-5.243504047393799
110,best,pp,-4.810115337371826
111,best,pp,-4.762269020080566
112,best,pp,-4.397055149078369
113,best,pp,-5.231015682220459
114,best,pp,-4.986556053161621
115,best,pp,-5.23297643661499
116,best,pp,-4.562692642211914
117,best,pp,-4.844551086425781
118,best,pp,-5.367722511291504
119,best,pp,-4.938582897186279
120,best,pp,-5.3218817710876465
121,best,pp,-4.117247104644775
122,best,pp,-4.630280017852783
123,best,pp,-5.098750591278076
124,best,pp,-5.472639560699463
125,best,pp,-3.9729537963867188
126,best,pp,-4.500497341156006
127,best,pp,-4.288043975830078
128,best,pp,-4.720911502838135
129,best,pp,-4.293860912322998
130,best,pp,-4.136606693267822
131,best,pp,-4.293860912322998
132,best,pp,-4.6302809715271
133,best,pp,-4.356027603149414
134,best,pp,-4.111194610595703
135,best,pp,-4.6302809715271
136,best,pp,-4.500497341156006
137,best,pp,-4.452194690704346
138,best,pp,-3.7900285720825195
139,best,pp,-4.108155727386475
140,best,pp,-4.238042831420898
141,best,pp,-5.266422271728516
142,best,pp,-4.114645004272461
143,best,pp,-4.354432106018066
144,best,pp,-4.7280683517456055
145,best,pp,-3.5203282833099365
146,best,pp,-4.186678409576416
147,best,pp,-4.646174907684326
148,best,pp,-4.734157562255859
149,best,pp,-4.253961563110352
150,best,pp,-4.140807151794434
151,best,pp,-5.0125579833984375
152,best,pp,-4.792208194732666
153,best,pp,-4.404180526733398
154,best,pp,-4.817991256713867
155,best,pp,-4.128518104553223
156,best,pp,-5.055577754974365
157,best,pp,-3.654414653778076
158,best,pp,-3.4005651473999023
159,best,pp,-4.510120391845703
160,best,pp,-4.662510395050049
161,best,pp,-5.703327178955078
162,best,pp,-4.658397197723389
163,best,pp,-4.545341491699219
164,best,pp,-3.4341564178466797
165,best,pp,-4.569486141204834
166,best,pp,-3.5684022903442383
167,best,pp,-5.572788715362549
168,best,pp,-4.969883441925049
169,best,pp,-5.015376091003418
170,best,pp,-3.698759078979492
171,best,pp,-4.545341491699219
172,best,pp,-3.034827947616577
173,best,pp,-4.424341678619385
174,best,pp,-5.414283275604248
175,best,pp,-4.998366355895996
176,best,pp,-4.569486141204834
177,best,pp,-4.979285717010498
178,best,pp,-5.263240337371826
179,best,pp,-3.2468624114990234
180,best,pp,-5.427567005157471
181,best,pp,-4.6401753425598145
182,best,pp,-4.6956634521484375
183,best,pp,-4.258819103240967
184,best,pp,-4.7216477394104
185,best,pp,-4.485335350036621
186,best,pp,-4.911553382873535
187,best,pp,-4.295247554779053
188,best,pp,-4.332310199737549
189,best,pp,-4.510681629180908
190,best,pp,-3.5327460765838623
191,best,pp,-4.661837577819824
192,best,pp,-4.354888916015625
193,best,pp,-4.96553897857666
194,best,pp,-4.198304653167725
195,best,pp,-4.403690338134766
196,best,pp,-4.405487060546875
197,best,pp,-5.15829610824585
198,best,pp,-4.2499799728393555
199,best,pp,-4.782566547393799
200,best,pp,-4.949225902557373
201,best,pp,-3.5162060260772705
202,best,pp,-3.0964088439941406
203,best,pp,-5.232731342315674
204,best,pp,-4.829617977142334
205,best,pp,-5.2048444747924805
206,best,pp,-4.584110736846924
207,best,pp,-5.025295734405518
208,best,pp,-4.595155239105225
209,best,pp,-4.841818332672119
210,best,pp,-4.016322135925293
211,best,pp,-4.674587726593018
212,best,pp,-5.254229545593262
213,best,pp,-4.346165180206299
214,best,pp,-5.626095294952393
215,best,pp,-4.286348342895508
216,best,pp,-2.9428677558898926
217,best,pp,-4.641317844390869
218,best,pp,-4.703944683074951
219,best,pp,-4.291681289672852
220,best,pp,-4.695146083831787
221,best,do,-5.865821838378906
222,best,do,-5.230142116546631
223,best,do,-5.557155132293701
224,best,do,-4.635259628295898
225,best,do,-5.565459251403809
226,best,do,-5.38857364654541
227,best,do,-5.647858619689941
228,best,do,-5.951290130615234
229,best,do,-5.475729942321777
230,best,do,-5.1903791427612305
231,best,do,-5.122078895568848
232,best,do,-5.875283241271973
233,best,do,-5.323248863220215
234,best,do,-5.951290130615234
235,best,do,-4.395357131958008
236,best,do,-4.639711856842041
237,best,do,-5.155676364898682
238,best,do,-4.865113735198975
239,best,do,-5.941497325897217
240,best,do,-5.139651298522949
241,best,do,-5.323248863220215
242,best,do,-5.309031963348389
243,best,do,-5.688394069671631
244,best,do,-4.865113735198975
245,best,do,-5.764075756072998
246,best,do,-4.759568691253662
247,best,do,-5.2705607414245605
248,best,do,-5.855850696563721
249,best,do,-4.549196243286133
250,best,do,-5.1242218017578125
251,best,do,-4.89206600189209
252,best,do,-5.837286949157715
253,best,do,-5.865609169006348
254,best,do,-5.736281871795654
255,best,do,-5.475195407867432
256,best,do,-5.663949012756348
257,best,do,-6.056692600250244
258,best,do,-5.736281871795654
259,best,do,-4.737245559692383
260,best,do,-4.89206600189209
261,best,do,-5.1242218017578125
262,best,do,-4.5262322425842285
263,best,do,-4.574185848236084
264,best,pp,-4.916868686676025
265,best,pp,-4.491178512573242
266,best,pp,-4.563009738922119
267,best,pp,-4.13007926940918
268,best,pp,-4.7134294509887695
269,best,pp,-4.511274337768555
270,best,pp,-4.587657928466797
271,best,pp,-5.103064060211182
272,best,pp,-4.718199729919434
273,best,pp,-4.230267524719238
274,best,pp,-4.395655632019043
275,best,pp,-4.6474761962890625
276,best,pp,-4.410234451293945
277,best,pp,-5.103064060211182
278,best,pp,-3.8996763229370117
279,best,pp,-3.820819139480591
280,best,pp,-4.393064498901367
281,best,pp,-4.154838562011719
282,best,pp,-5.133347511291504
283,best,pp,-4.512881755828857
284,best,do,-4.958254337310791
285,best,do,-4.516077995300293
286,best,do,-6.154419422149658
287,best,do,-5.9095683097839355
288,best,do,-5.589807033538818
289,best,do,-5.022647380828857
290,best,do,-4.602746486663818
291,best,do,-6.147503852844238
292,best,do,-5.589807033538818
293,best,do,-6.1220383644104
294,best,do,-4.390583038330078
295,best,do,-5.433669567108154
296,best,do,-4.500824928283691
297,best,do,-5.872798442840576
298,best,do,-5.387330055236816
299,best,do,-5.049493312835693
300,best,do,-5.861095905303955
301,best,do,-4.824428081512451
302,best,do,-5.218420505523682
303,best,do,-5.525974750518799
304,best,do,-4.956821441650391
305,best,do,-4.602746486663818
306,best,do,-5.89497709274292
307,best,do,-4.8044891357421875
308,best,do,-5.9095683097839355
309,best,do,-4.551376819610596
310,best,do,-4.634512901306152
311,best,do,-5.9317402839660645
312,best,do,-5.9095683097839355
313,best,do,-6.199603080749512
314,best,do,-4.7991533279418945
315,best,do,-5.737212181091309
316,best,do,-5.725338935852051
317,best,do,-6.011592388153076
318,best,do,-4.634512901306152
319,best,do,-4.824428081512451
320,best,do,-5.1526336669921875
321,best,do,-4.681923866271973
322,best,do,-6.154419422149658
323,best,do,-5.922947406768799
324,best,do,-6.310654640197754
325,best,do,-6.628395080566406
326,best,do,-6.237603664398193
327,best,pp,-4.27778434753418
328,best,pp,-3.789289712905884
329,best,pp,-5.239696502685547
330,best,pp,-4.851414680480957
331,best,pp,-4.484879016876221
332,best,pp,-4.38591194152832
333,best,pp,-3.640263557434082
334,best,pp,-5.258707523345947
335,best,pp,-4.484879016876221
336,best,pp,-5.062543869018555
337,best,pp,-3.3892970085144043
338,best,pp,-4.380105972290039
339,best,pp,-3.570052146911621
340,best,pp,-4.635738372802734
341,best,pp,-4.443267822265625
342,best,pp,-4.109148979187012
343,best,pp,-4.762434959411621
344,best,pp,-4.374554634094238
345,best,pp,-4.314292907714844
346,best,pp,-4.89121150970459
347,best,do,-5.58309268951416
348,best,do,-4.516830921173096
349,best,do,-5.402582168579102
350,best,do,-4.069748878479004
351,best,do,-5.337881088256836
352,best,do,-4.881485939025879
353,best,do,-5.480589389801025
354,best,do,-5.480869770050049
355,best,do,-5.618926525115967
356,best,do,-6.121060848236084
357,best,do,-5.46522331237793
358,best,do,-5.467505931854248
359,best,do,-5.954333782196045
360,best,do,-5.907709121704102
361,best,do,-5.58542013168335
362,best,do,-4.6901679039001465
363,best,do,-5.394495010375977
364,best,do,-5.5537848472595215
365,best,do,-5.268675327301025
366,best,do,-4.814296245574951
367,best,do,-4.861492156982422
368,best,do,-5.300082206726074
369,best,do,-5.770927429199219
370,best,do,-4.440831661224365
371,best,do,-5.238710403442383
372,best,do,-5.762764930725098
373,best,do,-4.598107814788818
374,best,do,-5.517353534698486
375,best,do,-4.446306228637695
376,best,do,-5.525170803070068
377,best,do,-5.039597511291504
378,best,do,-5.374760150909424
379,best,do,-5.496793746948242
380,best,do,-5.695154190063477
381,best,do,-6.081681728363037
382,best,do,-5.200838088989258
383,best,do,-5.474215984344482
384,best,do,-5.238710403442383
385,best,do,-4.418588161468506
386,best,do,-4.59810733795166
387,best,do,-5.610926151275635
388,best,do,-4.804924964904785
389,best,do,-5.631494522094727
390,best,pp,-4.782639980316162
391,best,pp,-4.204709529876709
392,best,pp,-4.830657005310059
393,best,pp,-3.5739593505859375
394,best,pp,-4.446888446807861
395,best,pp,-4.372844696044922
396,best,pp,-4.977546691894531
397,best,pp,-4.713135719299316
398,best,pp,-4.927822113037109
399,best,pp,-5.119720458984375
400,best,pp,-4.990170001983643
401,best,pp,-4.971189022064209
402,best,pp,-5.219544887542725
403,best,pp,-5.4057440757751465
404,best,pp,-4.6373114585876465
405,best,pp,-3.7621192932128906
406,best,pp,-4.890273094177246
407,best,pp,-4.7998528480529785
408,best,pp,-4.786470890045166
409,best,pp,-4.326550006866455
410,best,do,-6.343795299530029
411,best,do,-6.3679327964782715
412,best,do,-6.441530704498291
413,best,do,-6.219897270202637
414,best,do,-7.051238059997559
415,best,do,-5.300673007965088
416,best,do,-6.735390663146973
417,best,do,-7.029805660247803
418,best,do,-4.998213291168213
419,best,do,-6.3907670974731445
420,best,do,-7.019801616668701
421,best,do,-6.714710235595703
422,best,do,-6.575756549835205
423,best,do,-7.060726642608643
424,best,do,-5.767027854919434
425,best,do,-6.343428611755371
426,best,do,-5.391547203063965
427,best,do,-6.280406951904297
428,best,do,-5.5099358558654785
429,best,do,-6.554300785064697
430,best,do,-6.703113079071045
431,best,do,-5.996144771575928
432,best,do,-6.280406951904297
433,best,do,-6.795191287994385
434,best,do,-6.957545757293701
435,best,do,-6.582828521728516
436,best,do,-6.4937944412231445
437,best,do,-6.477710247039795
438,best,do,-5.3040313720703125
439,best,do,-6.826368808746338
440,best,do,-6.808640956878662
441,best,do,-6.251549243927002
442,best,do,-6.789601802825928
443,best,do,-6.691880226135254
444,best,do,-5.936615943908691
445,best,do,-6.227118015289307
446,best,do,-6.343428611755371
447,best,do,-6.637296199798584
448,best,do,-5.397835731506348
449,best,do,-5.122002601623535
450,best,do,-5.42476224899292
451,best,do,-7.2178826332092285
452,best,do,-6.278914928436279
453,best,pp,-4.86574649810791
454,best,pp,-4.895838737487793
455,best,pp,-4.935466289520264
456,best,pp,-5.435788154602051
457,best,pp,-5.566531658172607
458,best,pp,-4.246437072753906
459,best,pp,-5.416221618652344
460,best,pp,-5.380946636199951
461,best,pp,-4.368609428405762
462,best,pp,-5.040247917175293
463,best,pp,-6.1606855392456055
464,best,pp,-5.6563544273376465
465,best,pp,-5.108981132507324
466,best,pp,-5.540134429931641
467,best,pp,-4.672327041625977
468,best,pp,-5.51411247253418
469,best,pp,-4.210887432098389
470,best,pp,-5.078020095825195
471,best,pp,-4.373735427856445
472,best,pp,-5.076974868774414
473,best,pp,-4.781013488769531
474,best,pp,-5.676845073699951
475,best,pp,-5.184554576873779
476,best,pp,-4.715949535369873
477,best,pp,-4.558639049530029
478,best,pp,-4.679220199584961
479,best,pp,-4.4250593185424805
480,best,pp,-5.337714672088623
481,best,pp,-5.435112953186035
482,best,pp,-4.771762371063232
483,best,pp,-4.378517150878906
484,best,pp,-5.355352401733398
485,best,pp,-5.571072101593018
486,best,pp,-4.205280780792236
487,best,pp,-5.341470718383789
488,best,pp,-4.055424213409424
489,best,pp,-4.6640801429748535
490,best,pp,-5.143344879150391
491,best,pp,-3.9881505966186523
492,best,pp,-4.680532455444336
493,best,do,-6.794473171234131
494,best,do,-6.688769817352295
495,best,do,-7.5288238525390625
496,best,do,-6.162421226501465
497,best,do,-6.742936134338379
498,best,do,-4.374170303344727
499,best,do,-6.055787563323975
500,best,do,-6.984640598297119
501,best,do,-6.149820804595947
502,best,do,-4.963603973388672
503,best,do,-6.211287498474121
504,best,do,-6.008863925933838
505,best,do,-6.678974151611328
506,best,do,-6.8489251136779785
507,best,do,-8.449764251708984
508,best,do,-8.103103637695312
509,best,do,-6.224900245666504
510,best,do,-6.545893669128418
511,best,do,-5.872838973999023
512,best,do,-7.4066619873046875
513,best,do,-6.297980785369873
514,best,do,-7.188207149505615
515,best,do,-6.508427619934082
516,best,do,-7.224876403808594
517,best,do,-7.31342887878418
518,best,do,-8.102168083190918
519,best,do,-7.09043025970459
520,best,do,-6.94677734375
521,best,do,-7.086939334869385
522,best,do,-6.030250549316406
523,best,do,-6.072047233581543
524,best,do,-5.9752020835876465
525,best,do,-8.030122756958008
526,best,do,-6.951042175292969
527,best,do,-6.134011745452881
528,best,do,-7.894052028656006
529,best,do,-7.894052028656006
530,best,do,-7.168234825134277
531,best,do,-7.911955833435059
532,best,do,-7.09148645401001
533,best,do,-8.216436386108398
534,best,do,-6.401352405548096
535,best,do,-5.7196221351623535
536,best,pp,-6.286362171173096
537,best,pp,-6.199463367462158
538,best,pp,-6.02632474899292
539,best,pp,-5.3782877922058105
540,best,pp,-5.863132476806641
541,best,pp,-3.930054187774658
542,best,pp,-4.975495338439941
543,best,pp,-6.062678813934326
544,best,pp,-5.6468424797058105
545,best,pp,-4.535312652587891
546,best,pp,-5.421482086181641
547,best,pp,-5.624609470367432
548,best,pp,-5.6616058349609375
549,best,pp,-6.2621893882751465
550,best,pp,-6.621175289154053
551,best,pp,-6.426851272583008
552,best,pp,-4.940354824066162
553,best,pp,-5.552445411682129
554,best,pp,-4.8697710037231445
555,best,pp,-6.185472011566162
556,best,do,-6.252171993255615
557,best,do,-6.513284206390381
558,best,do,-6.818387508392334
559,best,do,-5.986152648925781
560,best,do,-7.41970157623291
561,best,do,-6.042640686035156
562,best,do,-6.68475341796875
563,best,do,-6.261645317077637
564,best,do,-6.513284206390381
565,best,do,-7.370477199554443
566,best,do,-4.631549835205078
567,best,do,-4.423729419708252
568,best,do,-6.245416164398193
569,best,do,-6.812222957611084
570,best,do,-5.109274864196777
571,best,do,-5.939131736755371
572,best,do,-7.098622798919678
573,best,do,-6.019139289855957
574,best,do,-6.019139289855957
575,best,do,-6.72110652923584
576,best,do,-6.012653350830078
577,best,do,-4.831718444824219
578,best,do,-7.098622798919678
579,best,do,-6.79419469833374
580,best,do,-6.132052898406982
581,best,do,-6.245416164398193
582,best,do,-7.072401523590088
583,best,do,-5.135891914367676
584,best,do,-4.4704694747924805
585,best,do,-6.597840309143066
586,best,do,-6.043875217437744
587,best,do,-5.67306661605835
588,best,do,-5.135891914367676
589,best,do,-5.643237590789795
590,best,do,-5.221268653869629
591,best,do,-6.496025085449219
592,best,do,-6.760250091552734
593,best,do,-6.496025085449219
594,best,do,-7.373754978179932
595,best,do,-6.818387508392334
596,best,do,-8.096551895141602
597,best,do,-6.245416164398193
598,best,do,-7.370477199554443
599,best,pp,-5.634240627288818
600,best,pp,-6.011355876922607
601,best,pp,-6.307554244995117
602,best,pp,-5.38213586807251
603,best,pp,-6.768653869628906
604,best,pp,-5.373021602630615
605,best,pp,-6.543452739715576
606,best,pp,-5.505639553070068
607,best,pp,-6.011355876922607
608,best,pp,-6.803089141845703
609,best,pp,-4.136338233947754
610,best,pp,-3.45898699760437
611,best,pp,-5.89425802230835
612,best,pp,-6.071086883544922
613,best,pp,-5.040671348571777
614,best,pp,-5.2149176597595215
615,best,pp,-5.957340240478516
616,best,pp,-5.368663311004639
617,best,pp,-5.368663311004639
618,best,pp,-5.8628315925598145
619,best,do,-6.331422805786133
620,best,do,-5.373255729675293
621,best,do,-5.270699501037598
622,best,do,-6.11415958404541
623,best,do,-6.660744667053223
624,best,do,-5.850041389465332
625,best,do,-6.009629249572754
626,best,do,-5.7561540603637695
627,best,do,-6.0127644538879395
628,best,do,-6.375812530517578
629,best,do,-5.58319091796875
630,best,do,-4.511187553405762
631,best,do,-5.25498104095459
632,best,do,-6.017490386962891
633,best,do,-4.927748203277588
634,best,do,-6.141300678253174
635,best,do,-5.60076904296875
636,best,do,-6.477302551269531
637,best,do,-5.25498104095459
638,best,do,-6.00678014755249
639,best,do,-5.8496198654174805
640,best,do,-6.371179103851318
641,best,do,-5.932121276855469
642,best,do,-6.745821475982666
643,best,do,-6.9096574783325195
644,best,do,-4.6690287590026855
645,best,do,-6.0881266593933105
646,best,do,-5.666561603546143
647,best,do,-5.926929473876953
648,best,do,-6.483439922332764
649,best,do,-6.0508012771606445
650,best,do,-7.172843933105469
651,best,do,-6.329302787780762
652,best,do,-6.411932468414307
653,best,do,-6.260424613952637
654,best,do,-6.1478118896484375
655,best,do,-6.53566837310791
656,best,do,-5.964910984039307
657,best,do,-6.925478458404541
658,best,do,-5.254980564117432
659,best,do,-7.014523506164551
660,best,do,-7.355473041534424
661,best,do,-5.442442893981934
662,best,pp,-5.991927623748779
663,best,pp,-4.566705703735352
664,best,pp,-4.448661804199219
665,best,pp,-5.784000873565674
666,best,pp,-5.854419231414795
667,best,pp,-5.473389148712158
668,best,pp,-5.523630142211914
669,best,pp,-5.435474872589111
670,best,pp,-5.841043472290039
671,best,pp,-5.834484100341797
672,best,pp,-4.534831523895264
673,best,pp,-4.017061233520508
674,best,pp,-5.1136064529418945
675,best,pp,-5.067327499389648
676,best,pp,-4.608837604522705
677,best,pp,-6.070370674133301
678,best,pp,-4.551046371459961
679,best,pp,-5.551516532897949
680,best,pp,-5.1136064529418945
681,best,pp,-5.609823226928711
682,best,do,-7.705780029296875
683,best,do,-9.774384498596191
684,best,do,-5.1870245933532715
685,best,do,-5.945827960968018
686,best,do,-6.211669445037842
687,best,do,-6.296096324920654
688,best,do,-8.419807434082031
689,best,do,-7.8744916915893555
690,best,do,-7.6997599601745605
691,best,do,-8.45797348022461
692,best,do,-6.536102294921875
693,best,do,-6.945423126220703
694,best,do,-6.782726287841797
695,best,do,-7.474232196807861
696,best,do,-7.739218235015869
697,best,do,-6.716129302978516
698,best,do,-6.18548583984375
699,best,do,-6.122478485107422
700,best,do,-7.127532005310059
701,best,do,-4.692689418792725
702,best,do,-7.878612995147705
703,best,do,-6.4495849609375
704,best,do,-7.870144844055176
705,best,do,-7.326866149902344
706,best,do,-5.708209991455078
707,best,do,-8.860921859741211
708,best,do,-6.010702133178711
709,best,do,-6.239635467529297
710,best,do,-8.709915161132812
711,best,do,-7.402291774749756
712,best,do,-7.2262091636657715
713,best,do,-8.325335502624512
714,best,do,-8.756291389465332
715,best,do,-8.503753662109375
716,best,do,-8.666572570800781
717,best,do,-8.372735977172852
718,best,do,-7.960968017578125
719,best,do,-7.562525749206543
720,best,do,-5.6217360496521
721,best,do,-6.7198357582092285
722,best,do,-7.7982659339904785
723,best,do,-6.054100036621094
724,best,do,-6.940222263336182
725,best,pp,-6.049789905548096
726,best,pp,-7.310774326324463
727,best,pp,-3.6975975036621094
728,best,pp,-5.099904537200928
729,best,pp,-5.746345520019531
730,best,pp,-4.8371758460998535
731,best,pp,-7.63409948348999
732,best,pp,-5.997859954833984
733,best,pp,-7.028025150299072
734,best,pp,-6.832424640655518
735,best,pp,-5.81694221496582
736,best,pp,-5.624225616455078
737,best,pp,-6.407768726348877
738,best,pp,-6.371703624725342
739,best,pp,-6.68313455581665
740,best,pp,-6.158888816833496
741,best,pp,-5.143680572509766
742,best,pp,-5.322312831878662
743,best,pp,-5.413841724395752
744,best,pp,-4.26591157913208
745,best,pp,-5.264479637145996
746,best,pp,-5.244593143463135
747,best,pp,-5.220143795013428
748,best,pp,-5.688689231872559
749,best,pp,-6.197615146636963
750,best,pp,-6.328157901763916
751,best,pp,-6.144869327545166
752,best,pp,-5.543660640716553
753,best,pp,-5.972224235534668
754,best,pp,-5.763192653656006
755,best,pp,-4.774050712585449
756,best,pp,-4.486375331878662
757,best,pp,-5.6736249923706055
758,best,pp,-5.480062007904053
759,best,pp,-5.345459938049316
760,best,pp,-4.852842330932617
761,best,pp,-6.681177139282227
762,best,pp,-6.458300590515137
763,best,pp,-6.557272434234619
764,best,pp,-5.544817924499512
765,best,pp,-6.348162651062012
766,best,pp,-5.4935736656188965
767,best,pp,-6.512369632720947
768,best,pp,-4.870906352996826
769,best,pp,-5.3909173011779785
770,best,pp,-6.057660102844238
771,best,pp,-5.5380964279174805
772,best,pp,-5.835160255432129
773,best,pp,-5.507108688354492
774,best,pp,-3.980473756790161
775,best,pp,-5.183596134185791
776,best,pp,-4.795807361602783
777,best,pp,-3.929807424545288
778,best,pp,-6.63222599029541
779,best,pp,-6.32979679107666
780,best,pp,-5.481623649597168
781,best,pp,-5.72611141204834
782,best,pp,-4.435161590576172
783,best,pp,-6.436715602874756
784,best,pp,-7.180590629577637
785,best,do,-5.998804569244385
786,best,do,-4.732646465301514
787,best,do,-5.237005233764648
788,best,do,-5.45811653137207
789,best,do,-5.432038307189941
790,best,do,-4.459096908569336
791,best,do,-5.181312561035156
792,best,do,-4.608605861663818
793,best,do,-6.07013463973999
794,best,do,-6.089405059814453
795,best,do,-4.641299724578857
796,best,do,-3.712036609649658
797,best,do,-4.781421661376953
798,best,do,-5.762686252593994
799,best,do,-4.288201808929443
800,best,do,-4.090922832489014
801,best,do,-4.699096202850342
802,best,do,-5.5776262283325195
803,best,do,-5.434110164642334
804,best,do,-6.68779993057251
805,best,do,-6.170985221862793
806,best,do,-4.412204265594482
807,best,do,-5.394046306610107
808,best,do,-5.9610748291015625
809,best,do,-4.657409191131592
810,best,do,-4.390732288360596
811,best,do,-5.800187587738037
812,best,do,-4.9068756103515625
813,best,do,-5.305768966674805
814,best,do,-5.292078971862793
815,best,do,-5.172414779663086
816,best,do,-4.995668888092041
817,best,do,-4.325137138366699
818,best,do,-4.095065116882324
819,best,do,-4.532480716705322
820,best,do,-4.090922832489014
821,best,do,-6.816582202911377
822,best,do,-5.063657760620117
823,best,do,-4.901214599609375
824,best,do,-5.798107147216797
825,best,do,-5.789004802703857
826,best,do,-5.225016117095947
827,best,do,-6.947072505950928
828,best,pp,-5.198507308959961
829,best,pp,-4.423981189727783
830,best,pp,-4.967479705810547
831,best,pp,-4.902431011199951
832,best,pp,-4.751747131347656
833,best,pp,-4.119562149047852
834,best,pp,-5.028152942657471
835,best,pp,-4.14059591293335
836,best,pp,-5.23417329788208
837,best,pp,-4.958049297332764
838,best,pp,-3.8897666931152344
839,best,pp,-3.3508994579315186
840,best,pp,-4.5432610511779785
841,best,pp,-4.7145280838012695
842,best,pp,-3.696481943130493
843,best,pp,-3.9142847061157227
844,best,pp,-4.024119853973389
845,best,pp,-4.77000617980957
846,best,pp,-4.7426910400390625
847,best,pp,-5.349242210388184
848,best,do,-5.221625328063965
849,best,do,-4.954468250274658
850,best,do,-4.830589771270752
851,best,do,-5.766859531402588
852,best,do,-4.776433944702148
853,best,do,-5.782138347625732
854,best,do,-6.039571762084961
855,best,do,-5.097076892852783
856,best,do,-5.202021598815918
857,best,do,-5.165836811065674
858,best,do,-5.799432277679443
859,best,do,-5.141110420227051
860,best,do,-6.183290004730225
861,best,do,-4.121364593505859
862,best,do,-3.9405179023742676
863,best,do,-3.971259117126465
864,best,do,-4.511573791503906
865,best,do,-5.996705055236816
866,best,do,-3.992023468017578
867,best,do,-4.878327369689941
868,best,do,-5.5885210037231445
869,best,do,-4.856869697570801
870,best,do,-6.885424613952637
871,best,do,-4.085906028747559
872,best,do,-4.8109917640686035
873,best,do,-4.93828010559082
874,best,do,-5.20202112197876
875,best,do,-4.942115783691406
876,best,do,-4.868623733520508
877,best,do,-6.073952674865723
878,best,do,-4.922379493713379
879,best,do,-4.153004169464111
880,best,do,-6.749205112457275
881,best,do,-6.832526683807373
882,best,do,-4.63139533996582
883,best,do,-5.81396484375
884,best,do,-5.221625328063965
885,best,do,-5.129941940307617
886,best,do,-4.356747150421143
887,best,do,-5.334628105163574
888,best,do,-6.840054988861084
889,best,do,-6.17223596572876
890,best,do,-4.531369686126709
891,best,pp,-4.640931606292725
892,best,pp,-4.524386882781982
893,best,pp,-4.058777809143066
894,best,pp,-4.906051158905029
895,best,pp,-4.3863301277160645
896,best,pp,-4.811825275421143
897,best,pp,-5.397065162658691
898,best,pp,-4.944583415985107
899,best,pp,-4.669026851654053
900,best,pp,-4.7073140144348145
901,best,pp,-5.06783390045166
902,best,pp,-5.0763325691223145
903,best,pp,-5.274649620056152
904,best,pp,-3.9459526538848877
905,best,pp,-3.6996665000915527
906,best,pp,-3.7545006275177
907,best,pp,-4.457248210906982
908,best,pp,-4.9435811042785645
909,best,pp,-3.5858311653137207
910,best,pp,-4.486599445343018
911,best,do,-5.3102874755859375
912,best,do,-4.878769874572754
913,best,do,-4.755064010620117
914,best,do,-5.607469081878662
915,best,do,-4.707819938659668
916,best,do,-4.507687091827393
917,best,do,-5.257246017456055
918,best,do,-5.3849616050720215
919,best,do,-5.404168128967285
920,best,do,-5.502720355987549
921,best,do,-4.8658061027526855
922,best,do,-4.788773536682129
923,best,do,-5.480860233306885
924,best,do,-4.933478355407715
925,best,do,-4.615394115447998
926,best,do,-5.175162315368652
927,best,do,-4.889083385467529
928,best,do,-5.495528221130371
929,best,do,-5.393168926239014
930,best,do,-4.635981559753418
931,best,do,-5.212371349334717
932,best,do,-5.159870147705078
933,best,do,-5.233458518981934
934,best,do,-4.0204386711120605
935,best,do,-4.719898700714111
936,best,do,-5.227395057678223
937,best,do,-3.819676637649536
938,best,do,-4.820007801055908
939,best,do,-5.558931350708008
940,best,do,-4.808258533477783
941,best,do,-5.46882438659668
942,best,do,-5.231279373168945
943,best,do,-4.8974409103393555
944,best,do,-4.9948859214782715
945,best,do,-4.6587114334106445
946,best,do,-5.719010353088379
947,best,do,-4.784384727478027
948,best,do,-4.938894271850586
949,best,do,-5.502719402313232
950,best,do,-4.930387020111084
951,best,do,-5.817018985748291
952,best,do,-4.648705959320068
953,best,do,-5.746357440948486
954,best,pp,-4.963771343231201
955,best,pp,-4.401042938232422
956,best,pp,-4.5286865234375
957,best,pp,-5.203234672546387
958,best,pp,-4.767946243286133
959,best,pp,-4.27315092086792
960,best,pp,-5.0182013511657715
961,best,pp,-4.713978290557861
962,best,pp,-4.973848819732666
963,best,pp,-5.267836093902588
964,best,pp,-4.738004207611084
965,best,pp,-4.547766208648682
966,best,pp,-4.920820713043213
967,best,pp,-4.802949905395508
968,best,pp,-4.635274410247803
969,best,pp,-4.50733757019043
970,best,pp,-4.579129695892334
971,best,pp,-5.097741603851318
972,best,pp,-5.0984039306640625
973,best,pp,-4.451684474945068
974,best,do,-5.760268211364746
975,best,do,-5.7843122482299805
976,best,do,-7.925160884857178
977,best,do,-6.848344326019287
978,best,do,-6.309383869171143
979,best,do,-4.898590087890625
980,best,do,-6.835959434509277
981,best,do,-4.571722507476807
982,best,do,-6.361800193786621
983,best,do,-4.959140300750732
984,best,do,-7.012543678283691
985,best,do,-6.149921894073486
986,best,do,-7.049728870391846
987,best,do,-6.255894660949707
988,best,do,-7.7919158935546875
989,best,do,-6.474551200866699
990,best,do,-6.9701714515686035
991,best,do,-5.730611801147461
992,best,do,-5.942490100860596
993,best,do,-6.234074592590332
994,best,do,-5.296884536743164
995,best,do,-6.9798479080200195
996,best,do,-5.8952717781066895
997,best,do,-6.569490432739258
998,best,do,-6.0005059242248535
999,best,do,-5.767763137817383
1000,best,do,-5.412739276885986
1001,best,do,-5.440658092498779
1002,best,do,-5.396803855895996
1003,best,do,-6.234074592590332
1004,best,do,-5.71078634262085
1005,best,do,-5.033480167388916
1006,best,do,-7.083939552307129
1007,best,do,-5.100535869598389
1008,best,do,-5.278606414794922
1009,best,do,-4.953481674194336
1010,best,do,-6.097247123718262
1011,best,do,-7.231663703918457
1012,best,do,-6.134583473205566
1013,best,do,-6.259748458862305
1014,best,do,-6.134583473205566
1015,best,do,-4.5555572509765625
1016,best,do,-4.407038688659668
1017,best,pp,-4.536917686462402
1018,best,pp,-4.763864040374756
1019,best,pp,-6.367830753326416
1020,best,pp,-5.410405158996582
1021,best,pp,-5.146427631378174
1022,best,pp,-4.240850925445557
1023,best,pp,-5.282264232635498
1024,best,pp,-4.135134696960449
1025,best,pp,-5.10852575302124
1026,best,pp,-4.372129440307617
1027,best,pp,-5.963292598724365
1028,best,pp,-5.489513874053955
1029,best,pp,-5.551889419555664
1030,best,pp,-5.1125054359436035
1031,best,pp,-6.319270133972168
1032,best,pp,-5.061801433563232
1033,best,pp,-6.335305690765381
1034,best,pp,-5.116786003112793
1035,best,pp,-5.310593128204346
1036,best,pp,-5.307934284210205
1037,best,pp,-4.815697193145752
1038,best,pp,-4.2991485595703125
1039,best,pp,-5.141637325286865
1040,best,pp,-5.196538925170898
1041,best,pp,-4.090765953063965
1042,best,pp,-5.17490816116333
1043,best,pp,-5.639885425567627
1044,best,pp,-3.499267578125
1045,best,pp,-5.660654544830322
1046,best,pp,-3.730041742324829
1047,best,pp,-5.6793599128723145
1048,best,pp,-4.419980525970459
1049,best,pp,-4.492250919342041
1050,best,pp,-4.499470233917236
1051,best,pp,-3.881317138671875
1052,best,pp,-4.89195442199707
1053,best,pp,-4.996394634246826
1054,best,pp,-4.790990829467773
1055,best,pp,-4.363141059875488
1056,best,pp,-4.432238578796387
1057,best,pp,-3.7836766242980957
1058,best,pp,-4.743712425231934
1059,best,pp,-5.193769454956055
1060,best,pp,-3.6351430416107178
1061,best,pp,-4.935966968536377
1062,best,pp,-4.974475860595703
1063,best,pp,-3.614116907119751
1064,best,pp,-4.851032733917236
1065,best,pp,-5.156815528869629
1066,best,pp,-5.00509786605835
1067,best,pp,-5.419904708862305
1068,best,pp,-4.329543590545654
1069,best,pp,-4.673372268676758
1070,best,pp,-4.251436233520508
1071,best,pp,-4.286876678466797
1072,best,pp,-4.70811653137207
1073,best,pp,-4.182463645935059
1074,best,pp,-4.162042617797852
1075,best,pp,-4.739076137542725
1076,best,pp,-5.478418827056885
1077,best,do,-5.765631198883057
1078,best,do,-6.018116474151611
1079,best,do,-5.258264064788818
1080,best,do,-5.964338779449463
1081,best,do,-3.687620162963867
1082,best,do,-5.341648578643799
1083,best,do,-4.797554016113281
1084,best,do,-4.596637725830078
1085,best,do,-6.069431781768799
1086,best,do,-4.903446674346924
1087,best,do,-5.702757358551025
1088,best,do,-5.434631824493408
1089,best,do,-5.558764934539795
1090,best,do,-6.674192905426025
1091,best,do,-6.116593837738037
1092,best,do,-5.700316905975342
1093,best,do,-5.917205810546875
1094,best,do,-6.2241902351379395
1095,best,do,-4.971611499786377
1096,best,do,-5.415744781494141
1097,best,do,-5.760286331176758
1098,best,do,-5.144493103027344
1099,best,do,-5.657507419586182
1100,best,do,-5.3695831298828125
1101,best,do,-5.3390212059021
1102,best,do,-5.353030681610107
1103,best,do,-5.29713249206543
1104,best,do,-4.830005168914795
1105,best,do,-5.9069976806640625
1106,best,do,-4.93736457824707
1107,best,do,-5.144493103027344
1108,best,do,-5.83439302444458
1109,best,do,-4.466928482055664
1110,best,do,-5.3467698097229
1111,best,do,-5.984304904937744
1112,best,do,-5.184513092041016
1113,best,do,-5.351755619049072
1114,best,do,-4.902181625366211
1115,best,do,-4.785912036895752
1116,best,do,-5.385475158691406
1117,best,do,-5.932244777679443
1118,best,do,-7.369429111480713
1119,best,do,-4.506924152374268
1120,best,pp,-4.6454596519470215
1121,best,pp,-4.93036413192749
1122,best,pp,-4.4050140380859375
1123,best,pp,-4.304852485656738
1124,best,pp,-2.926403045654297
1125,best,pp,-4.302668571472168
1126,best,pp,-3.8020846843719482
1127,best,pp,-3.7514469623565674
1128,best,pp,-4.532489776611328
1129,best,pp,-3.964709997177124
1130,best,pp,-4.516390800476074
1131,best,pp,-4.162644386291504
1132,best,pp,-4.561490535736084
1133,best,pp,-5.289388179779053
1134,best,pp,-4.710709571838379
1135,best,pp,-4.598629474639893
1136,best,pp,-4.5947089195251465
1137,best,pp,-4.725639820098877
1138,best,pp,-4.600952625274658
1139,best,pp,-4.281893253326416
1140,best,do,-5.750413417816162
1141,best,do,-6.076080799102783
1142,best,do,-4.754467487335205
1143,best,do,-5.856496334075928
1144,best,do,-4.564344882965088
1145,best,do,-5.476919174194336
1146,best,do,-5.750413417816162
1147,best,do,-7.3154144287109375
1148,best,do,-5.579184055328369
1149,best,do,-4.935998439788818
1150,best,do,-5.164701461791992
1151,best,do,-6.604542255401611
1152,best,do,-5.794774532318115
1153,best,do,-5.950586795806885
1154,best,do,-5.536059856414795
1155,best,do,-4.464938640594482
1156,best,do,-5.571835041046143
1157,best,do,-5.1498847007751465
1158,best,do,-5.457245349884033
1159,best,do,-5.28894567489624
1160,best,do,-6.295790195465088
1161,best,do,-4.466464996337891
1162,best,do,-6.183365821838379
1163,best,do,-5.594851016998291
1164,best,do,-6.076080799102783
1165,best,do,-4.647982120513916
1166,best,do,-6.425060749053955
1167,best,do,-5.1996893882751465
1168,best,do,-5.8171257972717285
1169,best,do,-5.196375370025635
1170,best,do,-4.518819332122803
1171,best,do,-5.048823833465576
1172,best,do,-5.571835041046143
1173,best,do,-5.597469329833984
1174,best,do,-5.2049641609191895
1175,best,do,-5.2049641609191895
1176,best,do,-5.613681793212891
1177,best,do,-5.8801727294921875
1178,best,do,-4.177482604980469
1179,best,do,-4.464938640594482
1180,best,do,-6.183365821838379
1181,best,do,-5.3586201667785645
1182,best,do,-5.1996893882751465
1183,best,pp,-4.7733235359191895
1184,best,pp,-5.049481391906738
1185,best,pp,-4.0653076171875
1186,best,pp,-4.615316867828369
1187,best,pp,-3.802995443344116
1188,best,pp,-4.348047733306885
1189,best,pp,-4.7733235359191895
1190,best,pp,-5.959228038787842
1191,best,pp,-4.415067672729492
1192,best,pp,-3.9529874324798584
1193,best,pp,-4.214779853820801
1194,best,pp,-5.353168487548828
1195,best,pp,-4.4690728187561035
1196,best,pp,-4.926671028137207
1197,best,pp,-4.519101142883301
1198,best,pp,-3.4226036071777344
1199,best,pp,-4.647475242614746
1200,best,pp,-4.614666938781738
1201,best,pp,-4.565462589263916
1202,best,pp,-4.270857810974121
1203,best,do,-5.6423797607421875
1204,best,do,-4.744396209716797
1205,best,do,-5.784693241119385
1206,best,do,-5.17814826965332
1207,best,do,-6.460201263427734
1208,best,do,-5.439786434173584
1209,best,do,-5.462784767150879
1210,best,do,-5.378689289093018
1211,best,do,-4.600160598754883
1212,best,do,-6.114005088806152
1213,best,do,-5.536457538604736
1214,best,do,-5.212221622467041
1215,best,do,-4.85518741607666
1216,best,do,-5.310048580169678
1217,best,do,-5.177692890167236
1218,best,do,-4.205517292022705
1219,best,do,-5.550566673278809
1220,best,do,-5.502443313598633
1221,best,do,-5.261812686920166
1222,best,do,-4.867145538330078
1223,best,do,-6.175583839416504
1224,best,do,-6.187239646911621
1225,best,do,-6.080191135406494
1226,best,do,-5.328989028930664
1227,best,do,-6.171172142028809
1228,best,do,-5.612534999847412
1229,best,do,-5.048055648803711
1230,best,do,-5.8193254470825195
1231,best,do,-5.293579578399658
1232,best,do,-4.828873157501221
1233,best,do,-5.555631637573242
1234,best,do,-5.144615650177002
1235,best,do,-6.0869293212890625
1236,best,do,-4.636348724365234
1237,best,do,-5.073870658874512
1238,best,do,-6.0385284423828125
1239,best,do,-4.759608745574951
1240,best,do,-5.909156799316406
1241,best,do,-6.376115322113037
1242,best,do,-4.286225318908691
1243,best,do,-4.862156867980957
1244,best,do,-6.02601957321167
1245,best,do,-5.14239501953125
1246,best,pp,-4.9154767990112305
1247,best,pp,-3.8407046794891357
1248,best,pp,-4.838566780090332
1249,best,pp,-4.216893196105957
1250,best,pp,-5.330460548400879
1251,best,pp,-4.787330150604248
1252,best,pp,-4.914592266082764
1253,best,pp,-4.634598731994629
1254,best,pp,-4.038426876068115
1255,best,pp,-5.350166320800781
1256,best,pp,-4.596872329711914
1257,best,pp,-4.428597927093506
1258,best,pp,-4.211561679840088
1259,best,pp,-4.208155155181885
1260,best,pp,-4.330785751342773
1261,best,pp,-3.5814294815063477
1262,best,pp,-4.615858554840088
1263,best,pp,-4.69162654876709
1264,best,pp,-4.659531116485596
1265,best,pp,-4.352056503295898
1266,best,do,-5.127743721008301
1267,best,do,-5.7798662185668945
1268,best,do,-4.8932061195373535
1269,best,do,-5.178637981414795
1270,best,do,-4.994147300720215
1271,best,do,-6.749998092651367
1272,best,do,-7.261292934417725
1273,best,do,-7.536181926727295
1274,best,do,-4.678732395172119
1275,best,do,-6.036985397338867
1276,best,do,-7.235995769500732
1277,best,do,-4.732753276824951
1278,best,do,-7.019948959350586
1279,best,do,-6.108665943145752
1280,best,do,-6.407586574554443
1281,best,do,-6.716543674468994
1282,best,do,-6.74015474319458
1283,best,do,-6.709024906158447
1284,best,do,-6.14591121673584
1285,best,do,-6.64796257019043
1286,best,do,-5.709274768829346
1287,best,do,-6.815908908843994
1288,best,do,-6.694562911987305
1289,best,do,-6.812936305999756
1290,best,do,-5.364866256713867
1291,best,do,-5.778082847595215
1292,best,do,-7.177249431610107
1293,best,do,-7.710195541381836
1294,best,do,-7.113659381866455
1295,best,do,-6.451878070831299
1296,best,do,-4.838754177093506
1297,best,do,-6.9695210456848145
1298,best,do,-5.716278076171875
1299,best,do,-4.74376106262207
1300,best,do,-6.734115123748779
1301,best,do,-6.849573612213135
1302,best,do,-6.890364170074463
1303,best,do,-7.074392318725586
1304,best,do,-6.379894733428955
1305,best,do,-6.627790927886963
1306,best,do,-6.730485439300537
1307,best,do,-6.5136566162109375
1308,best,do,-7.360865116119385
1309,best,pp,-4.259538650512695
1310,best,pp,-4.670313835144043
1311,best,pp,-3.5170841217041016
1312,best,pp,-3.7542827129364014
1313,best,pp,-3.6347241401672363
1314,best,pp,-5.082631587982178
1315,best,pp,-5.961521625518799
1316,best,pp,-5.910098552703857
1317,best,pp,-3.4880809783935547
1318,best,pp,-5.529277324676514
1319,best,pp,-5.498304843902588
1320,best,pp,-4.0943803787231445
1321,best,pp,-5.531494140625
1322,best,pp,-4.618193626403809
1323,best,pp,-4.813836097717285
1324,best,pp,-4.93546199798584
1325,best,pp,-4.871140480041504
1326,best,pp,-5.522518157958984
1327,best,pp,-4.660862445831299
1328,best,pp,-4.885200500488281
1329,best,pp,-4.8411383628845215
1330,best,pp,-3.675133466720581
1331,best,pp,-5.692718505859375
1332,best,pp,-5.182070255279541
1333,best,pp,-5.893648147583008
1334,best,pp,-4.45257568359375
1335,best,pp,-3.860010862350464
1336,best,pp,-4.848536968231201
1337,best,pp,-4.164957046508789
1338,best,pp,-4.5602569580078125
1339,best,pp,-3.9209024906158447
1340,best,pp,-5.098062992095947
1341,best,pp,-4.692056179046631
1342,best,pp,-5.694818496704102
1343,best,pp,-5.38908052444458
1344,best,pp,-4.5900397300720215
1345,best,pp,-5.78373908996582
1346,best,pp,-3.632068395614624
1347,best,pp,-4.844863414764404
1348,best,pp,-4.892209053039551
1349,best,pp,-4.692403793334961
1350,best,pp,-4.766491889953613
1351,best,pp,-5.6729350090026855
1352,best,pp,-4.137449264526367
1353,best,pp,-4.336824417114258
1354,best,pp,-3.2525148391723633
1355,best,pp,-3.809269428253174
1356,best,pp,-4.585846424102783
1357,best,pp,-4.473568916320801
1358,best,pp,-5.046869277954102
1359,best,pp,-4.396908283233643
1360,best,pp,-4.383152484893799
1361,best,pp,-4.840616226196289
1362,best,pp,-3.907238245010376
1363,best,pp,-4.992865562438965
1364,best,pp,-4.207883358001709
1365,best,pp,-4.99758768081665
1366,best,pp,-4.043883323669434
1367,best,pp,-3.906566619873047
1368,best,pp,-4.165162086486816
