item_id,model_state,do,pp
0,initial,-8.084310531616211,-7.502195835113525
1,initial,-8.73023509979248,-8.334528923034668
2,initial,-7.7015204429626465,-7.262901306152344
3,initial,-9.45611572265625,-8.793706893920898
4,initial,-8.010984420776367,-6.430134296417236
5,initial,-8.713958740234375,-7.965704441070557
6,initial,-9.766688346862793,-9.08165168762207
7,initial,-8.501096725463867,-7.750176906585693
8,initial,-7.853944301605225,-6.628640174865723
9,initial,-7.7015204429626465,-7.262901306152344
10,initial,-9.653011322021484,-8.212915420532227
11,initial,-7.397023677825928,-6.917611122131348
12,initial,-8.45971965789795,-7.102680206298828
13,initial,-9.57023811340332,-8.229681015014648
14,initial,-7.853944301605225,-6.628640174865723
15,initial,-9.56485652923584,-8.533923149108887
16,initial,-7.613526821136475,-6.985921382904053
17,initial,-8.24129867553711,-7.915282249450684
18,initial,-9.830085754394531,-9.318976402282715
19,initial,-7.467591285705566,-7.004871845245361
20,initial,-7.4750237464904785,-7.322795391082764
21,initial,-8.282344818115234,-7.712166786193848
22,initial,-9.422440528869629,-8.540790557861328
23,initial,-7.930519104003906,-7.413689136505127
24,initial,-9.267559051513672,-8.429834365844727
25,initial,-7.930519104003906,-7.413689136505127
26,initial,-9.660032272338867,-8.858450889587402
27,initial,-9.380743026733398,-9.272600173950195
28,initial,-7.5477776527404785,-7.5508270263671875
29,initial,-9.705918312072754,-8.675946235656738
30,initial,-7.795542240142822,-7.635048866271973
31,initial,-8.874383926391602,-8.03648853302002
32,initial,-9.422439575195312,-8.540789604187012
33,initial,-8.874384880065918,-8.03648853302002
34,initial,-8.399393081665039,-8.103691101074219
35,initial,-9.246569633483887,-8.921740531921387
36,initial,-7.547779083251953,-7.5508270263671875
37,initial,-8.874384880065918,-8.03648853302002
38,initial,-7.602806091308594,-7.57550048828125
39,initial,-7.337238788604736,-6.953671932220459
40,initial,-7.769124507904053,-7.2990546226501465
41,initial,-7.5740861892700195,-6.82382869720459
42,initial,-7.331845760345459,-6.726107120513916
43,initial,-8.387879371643066,-8.10239315032959
44,initial,-8.444787979125977,-7.047793388366699
45,initial,-7.719143867492676,-7.219858646392822
46,initial,-8.171638488769531,-6.967967987060547
47,initial,-7.990823745727539,-7.297321796417236
48,initial,-8.974493980407715,-8.266035079956055
49,initial,-7.933570384979248,-7.067493915557861
50,initial,-8.273530960083008,-7.807005882263184
51,initial,-8.959789276123047,-8.07838249206543
52,initial,-8.121607780456543,-7.356375694274902
53,initial,-8.495326042175293,-7.808971881866455
54,initial,-8.067739486694336,-7.538642406463623
55,initial,-7.970225811004639,-7.046947002410889
56,initial,-7.829601287841797,-6.840004920959473
57,initial,-6.82224178314209,-6.493662357330322
58,initial,-8.022847175598145,-7.094782829284668
59,initial,-7.722660541534424,-6.699324607849121
60,initial,-8.626986503601074,-8.49627685546875
61,initial,-9.215730667114258,-8.194598197937012
62,initial,-10.85910701751709,-9.892109870910645
63,initial,-9.82630443572998,-9.166443824768066
64,initial,-8.421113014221191,-7.82697057723999
65,initial,-7.736486911773682,-7.926300048828125
66,initial,-8.10221004486084,-7.615612983703613
67,initial,-10.847780227661133,-10.245654106140137
68,initial,-8.679275512695312,-8.203827857971191
69,initial,-8.292937278747559,-7.787780284881592
70,initial,-8.484827041625977,-7.918112754821777
71,initial,-9.344178199768066,-9.32509994506836
72,initial,-7.150455951690674,-6.912291526794434
73,initial,-7.95364236831665,-7.840572834014893
74,initial,-7.2556471824646,-7.3215556144714355
75,initial,-9.704304695129395,-8.819306373596191
76,initial,-8.469822883605957,-7.728484153747559
77,initial,-9.679155349731445,-9.142040252685547
78,initial,-7.834157943725586,-7.499815940856934
79,initial,-8.318915367126465,-7.510347843170166
80,initial,-6.183374404907227,-6.118537902832031
81,initial,-6.114499568939209,-5.965268135070801
82,initial,-8.62753963470459,-7.705080032348633
83,initial,-7.214511871337891,-6.565711975097656
84,initial,-6.795393943786621,-6.724897384643555
85,initial,-8.639588356018066,-8.076225280761719
86,initial,-7.993280410766602,-7.561551570892334
87,initial,-6.840079307556152,-6.7253899574279785
88,initial,-7.189599990844727,-6.898287296295166
89,initial,-5.7840142250061035,-5.813503265380859
90,initial,-7.207332134246826,-6.2484211921691895
91,initial,-9.405827522277832,-8.822751998901367
92,initial,-6.397845268249512,-5.915896415710449
93,initial,-7.211245536804199,-7.248807430267334
94,initial,-7.137335777282715,-7.140265464782715
95,initial,-7.020359039306641,-6.970369338989258
96,initial,-6.75678014755249,-6.363515853881836
97,initial,-7.200823783874512,-6.573028087615967
98,initial,-8.640410423278809,-8.434629440307617
99,initial,-6.895158767700195,-6.513670921325684
100,initial,-8.531455993652344,-7.274731636047363
101,initial,-7.910388946533203,-6.924935340881348
102,initial,-8.977792739868164,-8.11081600189209
103,initial,-7.666017055511475,-6.583095073699951
104,initial,-7.666017055511475,-6.583095073699951
105,initial,-7.82565975189209,-6.929793834686279
106,initial,-8.596102714538574,-7.847141742706299
107,initial,-8.334892272949219,-7.378385066986084
108,initial,-7.083278179168701,-6.41729211807251
109,initial,-9.520398139953613,-8.708039283752441
110,initial,-9.080692291259766,-8.11113166809082
111,initial,-7.919539451599121,-7.205228328704834
112,initial,-8.976560592651367,-7.989516735076904
113,initial,-8.794800758361816,-7.858345985412598
114,initial,-7.5604248046875,-6.99287223815918
115,initial,-8.14188289642334,-7.465397834777832
116,initial,-9.379597663879395,-8.186867713928223
117,initial,-9.044441223144531,-7.90580415725708
118,initial,-8.596102714538574,-7.847141742706299
119,initial,-9.539504051208496,-8.205357551574707
120,initial,-8.107525825500488,-6.768975257873535
121,initial,-7.9878363609313965,-6.612213134765625
122,initial,-8.694934844970703,-7.224327087402344
123,initial,-7.995903968811035,-6.329306125640869
124,initial,-8.069875717163086,-7.2764058113098145
125,initial,-10.21898365020752,-8.074654579162598
126,initial,-9.815694808959961,-8.657952308654785
127,initial,-9.441720008850098,-7.182393550872803
128,initial,-8.315585136413574,-6.918442249298096
129,initial,-10.068526268005371,-8.148652076721191
130,initial,-8.207876205444336,-6.637274265289307
131,initial,-7.491290092468262,-6.763073444366455
132,initial,-7.943543910980225,-7.035758972167969
133,initial,-10.000033378601074,-8.09497356414795
134,initial,-10.068526268005371,-8.148652076721191
135,initial,-7.970538139343262,-6.806112766265869
136,initial,-7.595533847808838,-6.575324535369873
137,initial,-7.970538139343262,-6.806112766265869
138,initial,-10.21898365020752,-8.074654579162598
139,initial,-8.089709281921387,-6.961490154266357
140,initial,-7.2684125900268555,-6.767702102661133
141,initial,-8.130151748657227,-7.038576126098633
142,initial,-7.780393600463867,-6.810173988342285
143,initial,-6.938676357269287,-6.093587875366211
144,initial,-8.684915542602539,-8.060542106628418
145,initial,-7.574807167053223,-6.417793273925781
146,initial,-8.879677772521973,-7.738439083099365
147,initial,-9.051104545593262,-8.300359725952148
148,initial,-7.8754987716674805,-6.781611442565918
149,initial,-7.677096366882324,-6.708876132965088
150,initial,-8.259445190429688,-7.472009658813477
151,initial,-8.345520973205566,-7.589804649353027
152,initial,-8.903026580810547,-7.566990375518799
153,initial,-8.499835968017578,-7.603719711303711
154,initial,-7.2684125900268555,-6.767702102661133
155,initial,-8.879677772521973,-7.738439083099365
156,initial,-8.984345436096191,-7.828879356384277
157,initial,-8.843558311462402,-7.647462844848633
158,initial,-7.681200981140137,-6.738836288452148
159,initial,-8.879677772521973,-7.738439083099365
160,initial,-9.08206558227539,-8.13332748413086
161,initial,-8.68220329284668,-7.186498165130615
162,initial,-8.178986549377441,-7.873600959777832
163,initial,-9.630768775939941,-8.944999694824219
164,initial,-10.451870918273926,-9.320138931274414
165,initial,-7.316978454589844,-6.8770904541015625
166,initial,-8.54366397857666,-7.783034324645996
167,initial,-9.630768775939941,-8.944999694824219
168,initial,-8.777257919311523,-7.392227649688721
169,initial,-8.0281343460083,-7.551484107971191
170,initial,-9.975918769836426,-8.316650390625
171,initial,-9.070352554321289,-7.894174098968506
172,initial,-7.99763822555542,-7.506246089935303
173,initial,-10.164819717407227,-9.217109680175781
174,initial,-9.853711128234863,-9.012828826904297
175,initial,-8.663522720336914,-7.937571048736572
176,initial,-10.091163635253906,-8.95083236694336
177,initial,-8.269058227539062,-7.401187419891357
178,initial,-8.118290901184082,-6.9458208084106445
179,initial,-9.49541187286377,-7.528018474578857
180,initial,-7.220674991607666,-6.850396633148193
181,initial,-6.109558582305908,-5.944899559020996
182,initial,-6.645880222320557,-6.441997051239014
183,initial,-7.076749324798584,-6.621959686279297
184,initial,-7.049005031585693,-6.0763373374938965
185,initial,-8.02912425994873,-7.629561424255371
186,initial,-7.429620742797852,-7.314604759216309
187,initial,-9.114998817443848,-8.05476188659668
188,initial,-6.4352617263793945,-6.003679275512695
189,initial,-7.72783088684082,-7.012807369232178
190,initial,-8.09101676940918,-6.866555690765381
191,initial,-7.220674991607666,-6.850396633148193
192,initial,-7.512394428253174,-7.1065168380737305
193,initial,-7.951776504516602,-7.453986167907715
194,initial,-7.338953495025635,-6.927175521850586
195,initial,-8.167499542236328,-7.609020233154297
196,initial,-7.692249774932861,-7.058684349060059
197,initial,-8.116168975830078,-6.808382034301758
198,initial,-8.68323040008545,-8.107768058776855
199,initial,-7.190754413604736,-6.5348663330078125
200,initial,-7.044713497161865,-6.253933906555176
201,initial,-8.573836326599121,-7.584386825561523
202,initial,-8.281429290771484,-7.05399751663208
203,initial,-7.943482875823975,-6.201831817626953
204,initial,-7.943482875823975,-6.201831817626953
205,initial,-7.919628620147705,-7.135095596313477
206,initial,-9.267916679382324,-8.177614212036133
207,initial,-9.525907516479492,-8.205361366271973
208,initial,-7.943482875823975,-6.201831817626953
209,initial,-7.919628620147705,-7.135095596313477
210,initial,-8.33004093170166,-7.523170471191406
211,initial,-8.466446876525879,-6.683470249176025
212,initial,-8.466446876525879,-6.683470249176025
213,initial,-8.697916984558105,-7.400027751922607
214,initial,-8.33004093170166,-7.523170471191406
215,initial,-8.650538444519043,-7.494736671447754
216,initial,-9.100861549377441,-7.7449774742126465
217,initial,-9.45830249786377,-7.9611897468566895
218,initial,-8.133996963500977,-7.117469310760498
219,initial,-7.5896220207214355,-6.435562610626221
220,initial,-7.18629789352417,-6.780223369598389
221,initial,-7.096856594085693,-7.080346584320068
222,initial,-7.16055154800415,-6.828995704650879
223,initial,-7.305870532989502,-7.1586785316467285
224,initial,-8.218391418457031,-7.863984107971191
225,initial,-7.5616536140441895,-7.374605178833008
226,initial,-7.1957597732543945,-6.973545551300049
227,initial,-7.220456123352051,-6.8841023445129395
228,initial,-7.630993843078613,-7.30448055267334
229,initial,-7.5616536140441895,-7.374605178833008
230,initial,-8.391539573669434,-7.786072254180908
231,initial,-6.958991050720215,-6.397139072418213
232,initial,-8.123758316040039,-7.343458652496338
233,initial,-8.946824073791504,-8.173826217651367
234,initial,-8.975793838500977,-7.9488911628723145
235,initial,-7.499807834625244,-7.071645259857178
236,initial,-6.819215297698975,-6.589803218841553
237,initial,-6.997342109680176,-6.663328170776367
238,initial,-8.796361923217773,-8.089820861816406
239,initial,-7.287605285644531,-7.122557640075684
240,initial,-6.706768989562988,-6.688450813293457
241,initial,-7.84700870513916,-7.629007339477539
242,initial,-8.34589958190918,-7.939022541046143
243,initial,-7.155428886413574,-7.107223033905029
244,initial,-8.091501235961914,-7.697660446166992
245,initial,-8.392705917358398,-8.138794898986816
246,initial,-7.510486125946045,-7.276617050170898
247,initial,-8.19886302947998,-8.145359992980957
248,initial,-8.332457542419434,-8.291899681091309
249,initial,-8.31638240814209,-7.938592433929443
250,initial,-7.9868483543396,-7.770318031311035
251,initial,-6.773292541503906,-7.02485466003418
252,initial,-6.898134708404541,-7.102059364318848
253,initial,-7.150115489959717,-7.216268062591553
254,initial,-6.681886672973633,-6.710478782653809
255,initial,-7.704746723175049,-7.476713180541992
256,initial,-8.590509414672852,-8.257305145263672
257,initial,-8.720054626464844,-8.239039421081543
258,initial,-6.93595027923584,-6.917638778686523
259,initial,-6.2542266845703125,-6.263133525848389
260,initial,-7.059377193450928,-7.056872367858887
261,initial,-7.166938781738281,-7.09633731842041
262,initial,-6.60472297668457,-6.481951713562012
263,initial,-7.489797115325928,-7.614859104156494
264,initial,-7.39682674407959,-7.444579124450684
265,initial,-6.830870628356934,-7.049159049987793
266,initial,-6.8133697509765625,-6.730607509613037
267,initial,-6.554952621459961,-6.567233085632324
268,initial,-6.791253566741943,-7.012716770172119
269,initial,-7.527994632720947,-7.306220054626465
270,initial,-6.842381477355957,-6.819806098937988
271,initial,-6.431167125701904,-6.436673164367676
272,initial,-6.178532600402832,-6.2167744636535645
273,initial,-6.734036922454834,-6.524199485778809
274,initial,-7.5805840492248535,-7.61868143081665
275,initial,-6.212989330291748,-6.176301956176758
276,initial,-7.026643753051758,-6.744821071624756
277,initial,-6.613307476043701,-6.64025354385376
278,initial,-6.551560401916504,-6.957993984222412
279,initial,-7.009039402008057,-6.9850358963012695
280,initial,-9.63232421875,-8.75964641571045
281,initial,-8.057940483093262,-8.143574714660645
282,initial,-8.047441482543945,-7.998793125152588
283,initial,-7.625162124633789,-7.58500337600708
284,initial,-7.292682647705078,-7.36955451965332
285,initial,-6.884197235107422,-7.128483295440674
286,initial,-8.73829460144043,-8.536130905151367
287,initial,-8.238814353942871,-7.871377944946289
288,initial,-8.090777397155762,-7.862574577331543
289,initial,-6.458416938781738,-6.9619140625
290,initial,-8.742599487304688,-8.591527938842773
291,initial,-8.898985862731934,-8.599184036254883
292,initial,-7.8571014404296875,-8.010113716125488
293,initial,-8.837688446044922,-8.525650978088379
294,initial,-6.628645896911621,-6.752240180969238
295,initial,-7.266435623168945,-7.388133525848389
296,initial,-7.937878608703613,-7.683561325073242
297,initial,-9.899103164672852,-9.038612365722656
298,initial,-7.450921058654785,-7.5667548179626465
299,initial,-8.954362869262695,-8.805336952209473
300,initial,-7.163564205169678,-6.812821865081787
301,initial,-7.222021579742432,-6.925853252410889
302,initial,-6.764126777648926,-6.443615436553955
303,initial,-7.55565071105957,-7.275737285614014
304,initial,-6.8570709228515625,-6.449069499969482
305,initial,-7.625577449798584,-7.517663478851318
306,initial,-9.084362030029297,-8.520157814025879
307,initial,-6.962536334991455,-6.600677490234375
308,initial,-7.159209251403809,-6.385439872741699
309,initial,-6.365066051483154,-6.307948112487793
310,initial,-7.980489253997803,-7.863593578338623
311,initial,-6.905642032623291,-6.863603591918945
312,initial,-7.240507125854492,-6.920416355133057
313,initial,-7.0948076248168945,-6.70749044418335
314,initial,-6.438629150390625,-6.254566192626953
315,initial,-6.5137553215026855,-6.305267333984375
316,initial,-5.967247486114502,-5.683817386627197
317,initial,-7.543522834777832,-7.341943264007568
318,initial,-6.483943939208984,-6.2018632888793945
319,initial,-7.932198524475098,-7.750243186950684
320,initial,-5.9638237953186035,-5.688440322875977
321,initial,-7.320622444152832,-6.9056196212768555
322,initial,-7.007303237915039,-6.971698760986328
323,initial,-7.06455135345459,-6.571654319763184
324,initial,-7.472238540649414,-7.1873064041137695
325,initial,-6.950506210327148,-6.6886467933654785
326,initial,-7.351278305053711,-7.3836212158203125
327,initial,-8.116564750671387,-7.665823936462402
328,initial,-5.864175796508789,-5.9703474044799805
329,initial,-7.746581077575684,-7.455453872680664
330,initial,-6.81095552444458,-6.5765790939331055
331,initial,-7.5728559494018555,-7.3865814208984375
332,initial,-7.638774871826172,-7.666797161102295
333,initial,-6.922472953796387,-6.753178596496582
334,initial,-6.954059600830078,-6.564996242523193
335,initial,-6.840212345123291,-6.524857521057129
336,initial,-7.264504432678223,-7.373499393463135
337,initial,-6.986723899841309,-6.651666164398193
338,initial,-6.000730037689209,-5.882676124572754
339,initial,-7.326290607452393,-7.109941482543945
340,initial,-7.290111541748047,-6.2108154296875
341,initial,-10.407981872558594,-9.629712104797363
342,initial,-9.932198524475098,-9.064777374267578
343,initial,-9.979209899902344,-9.353777885437012
344,initial,-8.18366527557373,-7.542954921722412
345,initial,-8.130515098571777,-7.068778038024902
346,initial,-10.113035202026367,-8.411760330200195
347,initial,-7.651257514953613,-7.571522235870361
348,initial,-10.285834312438965,-9.281157493591309
349,initial,-8.305224418640137,-7.42486572265625
350,initial,-8.382650375366211,-8.74405288696289
351,initial,-10.53385066986084,-10.229939460754395
352,initial,-8.83544921875,-7.74907922744751
353,initial,-10.248805046081543,-9.301667213439941
354,initial,-8.427691459655762,-7.697582721710205
355,initial,-8.881799697875977,-8.654497146606445
356,initial,-10.7701997756958,-10.342148780822754
357,initial,-10.414082527160645,-9.676189422607422
358,initial,-8.37697982788086,-7.245061874389648
359,initial,-8.710800170898438,-7.795337200164795
360,initial,-7.998859882354736,-7.559321403503418
361,initial,-9.921101570129395,-9.077469825744629
362,initial,-7.974523067474365,-7.572792053222656
363,initial,-7.780168056488037,-7.869121551513672
364,initial,-8.113019943237305,-8.288002014160156
365,initial,-7.844855308532715,-7.880609512329102
366,initial,-7.754648685455322,-8.3052339553833
367,initial,-9.26960563659668,-8.400860786437988
368,initial,-9.770140647888184,-8.604836463928223
369,initial,-10.84906005859375,-10.70101547241211
370,initial,-7.795370578765869,-7.741176605224609
371,initial,-10.413902282714844,-10.394920349121094
372,initial,-9.321718215942383,-8.757248878479004
373,initial,-10.634381294250488,-10.525686264038086
374,initial,-8.66804027557373,-8.645575523376465
375,initial,-6.9422807693481445,-6.47709321975708
376,initial,-8.408750534057617,-8.662405014038086
377,initial,-9.921101570129395,-9.077469825744629
378,initial,-7.780168056488037,-7.869121551513672
379,initial,-8.37134838104248,-8.308599472045898
380,initial,-7.562589168548584,-7.642274856567383
381,initial,-9.232986450195312,-8.201107025146484
382,initial,-7.371053218841553,-7.078965187072754
383,initial,-8.718450546264648,-8.91602611541748
384,initial,-6.812049388885498,-6.2744646072387695
385,initial,-8.31298542022705,-8.180601119995117
386,initial,-8.367108345031738,-7.757327556610107
387,initial,-8.672991752624512,-8.489375114440918
388,initial,-7.899413585662842,-7.780241012573242
389,initial,-7.668224811553955,-7.799222946166992
390,initial,-7.711154460906982,-8.10083293914795
391,initial,-7.779659271240234,-7.163811683654785
392,initial,-7.871535301208496,-7.6069135665893555
393,initial,-8.760513305664062,-8.390937805175781
394,initial,-7.496580123901367,-7.813928604125977
395,initial,-9.169034957885742,-9.30197525024414
396,initial,-8.543725967407227,-8.215381622314453
397,initial,-7.141175270080566,-7.298919677734375
398,initial,-7.3411149978637695,-7.654550552368164
399,initial,-7.150039196014404,-6.791090488433838
400,initial,-8.304630279541016,-7.85518741607666
401,initial,-9.613450050354004,-9.287693977355957
402,initial,-10.525257110595703,-10.707782745361328
403,initial,-7.150192737579346,-7.077561855316162
404,initial,-9.066980361938477,-8.119336128234863
405,initial,-9.146464347839355,-8.193385124206543
406,initial,-8.796284675598145,-8.487541198730469
407,initial,-8.325066566467285,-8.594727516174316
408,initial,-7.196094989776611,-7.138091564178467
409,initial,-8.841976165771484,-7.863166332244873
410,initial,-8.0899076461792,-7.751013278961182
411,initial,-8.92238712310791,-8.72512435913086
412,initial,-8.858969688415527,-8.74904727935791
413,initial,-7.800190448760986,-7.739186763763428
414,initial,-9.147099494934082,-8.910014152526855
415,initial,-9.60851001739502,-9.039069175720215
416,initial,-10.185697555541992,-9.143637657165527
417,initial,-9.558671951293945,-9.2385892868042
418,initial,-8.953232765197754,-8.061697959899902
419,initial,-7.1501922607421875,-7.077561855316162
420,initial,-8.123520851135254,-7.259755611419678
421,initial,-6.296396255493164,-6.439009666442871
422,initial,-7.329424858093262,-6.941766738891602
423,initial,-7.424637794494629,-7.074969291687012
424,initial,-6.915037631988525,-6.699090480804443
425,initial,-8.664684295654297,-8.1280517578125
426,initial,-8.796269416809082,-8.5191650390625
427,initial,-9.460784912109375,-9.046713829040527
428,initial,-8.322757720947266,-8.01321792602539
429,initial,-6.566270351409912,-6.483948230743408
430,initial,-9.542723655700684,-9.588977813720703
431,initial,-7.197999000549316,-7.089041233062744
432,initial,-6.966204643249512,-7.027608871459961
433,initial,-8.79028034210205,-7.749473571777344
434,initial,-7.900207996368408,-7.676290035247803
435,initial,-6.809018135070801,-6.406826019287109
436,initial,-6.954701900482178,-6.87695837020874
437,initial,-6.687360763549805,-6.452262878417969
438,initial,-6.970495700836182,-6.752906322479248
439,initial,-7.1901726722717285,-6.937612533569336
440,initial,-8.362627983093262,-7.608310699462891
441,initial,-6.357810020446777,-5.6939849853515625
442,initial,-8.448838233947754,-7.70034122467041
443,initial,-7.540125370025635,-7.198662757873535
444,initial,-7.823165416717529,-7.084588527679443
445,initial,-8.169326782226562,-7.424298286437988
446,initial,-9.208718299865723,-8.817069053649902
447,initial,-9.374317169189453,-8.61905574798584
448,initial,-8.506134986877441,-7.560830116271973
449,initial,-7.139561176300049,-6.8486714363098145
450,initial,-8.51729679107666,-7.774077415466309
451,initial,-8.175806999206543,-7.291484355926514
452,initial,-8.81026554107666,-7.553250312805176
453,initial,-8.292027473449707,-7.036418437957764
454,initial,-7.854760646820068,-7.312872409820557
455,initial,-7.522051811218262,-6.975915431976318
456,initial,-7.454576015472412,-6.865074634552002
457,initial,-7.540046691894531,-7.061740875244141
458,initial,-8.092617988586426,-7.4697265625
459,initial,-7.480266571044922,-7.288060665130615
460,initial,-8.51561450958252,-7.865082740783691
461,initial,-6.451928615570068,-6.069271564483643
462,initial,-6.45114803314209,-6.292375564575195
463,initial,-7.703352928161621,-7.346667766571045
464,initial,-7.4656524658203125,-7.335885524749756
465,initial,-7.131132125854492,-7.089474678039551
466,initial,-6.600800514221191,-6.570441246032715
467,initial,-6.905943870544434,-6.665528297424316
468,initial,-7.7355875968933105,-7.392231464385986
469,initial,-7.453122615814209,-7.151719570159912
470,initial,-7.2680463790893555,-7.076901912689209
471,initial,-8.956817626953125,-8.206857681274414
472,initial,-7.490018844604492,-7.18292236328125
473,initial,-7.380377769470215,-6.8489179611206055
474,initial,-7.082311153411865,-6.954092979431152
475,initial,-7.322929382324219,-7.04971981048584
476,initial,-6.308257579803467,-6.2686848640441895
477,initial,-7.272104263305664,-7.003991603851318
478,initial,-6.578359603881836,-6.2175397872924805
479,initial,-6.591525077819824,-6.465909004211426
480,initial,-6.450281620025635,-6.409018516540527
481,initial,-7.2165679931640625,-6.840590000152588
482,initial,-7.764300346374512,-7.317668437957764
483,initial,-6.506445407867432,-6.182582378387451
484,initial,-5.969099998474121,-5.539180755615234
485,initial,-6.492094993591309,-6.557793140411377
486,initial,-6.492094993591309,-6.557793140411377
487,initial,-7.306183815002441,-7.2392683029174805
488,initial,-6.401200771331787,-6.037209987640381
489,initial,-7.2376389503479,-7.152350902557373
490,initial,-7.9299635887146,-7.506062984466553
491,initial,-9.2297945022583,-8.467561721801758
492,initial,-6.492094993591309,-6.557793140411377
493,initial,-6.357892990112305,-6.016848564147949
494,initial,-7.015296936035156,-6.459601402282715
495,initial,-7.412642002105713,-7.148795127868652
496,initial,-6.474673748016357,-6.5143280029296875
497,initial,-6.592046737670898,-6.115451812744141
498,initial,-6.357892990112305,-6.016848564147949
499,initial,-7.427311897277832,-7.268056392669678
500,initial,-6.047974109649658,-6.4359540939331055
501,initial,-6.4076762199401855,-6.499582290649414
502,initial,-6.625653266906738,-6.547077655792236
503,initial,-8.014300346374512,-7.92678689956665
504,initial,-6.555310249328613,-6.427219390869141
505,initial,-6.462250709533691,-6.615589618682861
506,initial,-6.436576843261719,-6.745021343231201
507,initial,-8.271611213684082,-8.278639793395996
508,initial,-6.987687587738037,-6.886127471923828
509,initial,-6.52641487121582,-6.470972537994385
510,initial,-8.167099952697754,-7.726304054260254
511,initial,-7.677624225616455,-7.46614933013916
512,initial,-6.609706401824951,-6.512598991394043
513,initial,-6.717281341552734,-6.6096110343933105
514,initial,-6.99085807800293,-7.062587738037109
515,initial,-6.908087730407715,-6.699733734130859
516,initial,-6.860758304595947,-6.9350690841674805
517,initial,-5.4310383796691895,-5.357604503631592
518,initial,-7.359793186187744,-7.3186726570129395
519,initial,-8.25508975982666,-8.392644882202148
520,initial,-7.601795196533203,-7.471898555755615
521,initial,-7.350502014160156,-7.270334720611572
522,initial,-8.556321144104004,-8.065160751342773
523,initial,-7.48158073425293,-7.414610862731934
524,initial,-6.506218433380127,-6.678423881530762
525,initial,-8.10287857055664,-8.09212589263916
526,initial,-6.299740791320801,-6.1012043952941895
527,initial,-5.681131839752197,-5.963308811187744
528,initial,-8.749943733215332,-8.165334701538086
529,initial,-7.586180210113525,-7.69012975692749
530,initial,-7.373380184173584,-7.222917079925537
531,initial,-8.5789155960083,-8.549476623535156
532,initial,-9.0005521774292,-8.34990406036377
533,initial,-7.475905895233154,-7.494180679321289
534,initial,-8.08464241027832,-7.804725646972656
535,initial,-6.594262599945068,-6.640576362609863
536,initial,-6.129677772521973,-6.723873138427734
537,initial,-8.5789155960083,-8.549476623535156
538,initial,-6.331631183624268,-6.3028244972229
539,initial,-6.905625820159912,-6.796586990356445
540,initial,-5.702200412750244,-5.9053497314453125
541,initial,-5.7178754806518555,-5.695440769195557
542,initial,-6.549219131469727,-6.357853412628174
543,initial,-5.855273246765137,-5.948235511779785
544,initial,-6.007381916046143,-5.955428123474121
545,initial,-6.241086959838867,-6.19325590133667
546,initial,-6.385597229003906,-6.41843318939209
547,initial,-6.534393310546875,-6.6327667236328125
548,initial,-5.895707607269287,-5.69902229309082
549,initial,-6.082620143890381,-5.972989559173584
550,initial,-6.583959102630615,-6.341517925262451
551,initial,-7.11857795715332,-6.994276523590088
552,initial,-6.361518859863281,-6.275030136108398
553,initial,-7.611480712890625,-7.029107570648193
554,initial,-7.604127883911133,-7.612305164337158
555,initial,-7.501622676849365,-6.989961624145508
556,initial,-5.498821258544922,-6.045536518096924
557,initial,-6.792665481567383,-6.442566394805908
558,initial,-6.095149993896484,-5.810089588165283
559,initial,-6.1692657470703125,-6.000753402709961
560,initial,-7.38531494140625,-6.7386794090271
561,initial,-7.558390140533447,-6.627980709075928
562,initial,-7.969905376434326,-7.551612854003906
563,initial,-6.6763916015625,-6.418051242828369
564,initial,-8.093494415283203,-7.411890029907227
565,initial,-6.27921724319458,-5.646975994110107
566,initial,-6.721036434173584,-6.264560699462891
567,initial,-7.464224815368652,-6.7535552978515625
568,initial,-6.866742134094238,-6.913698196411133
569,initial,-7.352061748504639,-6.871170997619629
570,initial,-7.902688503265381,-7.359763145446777
571,initial,-7.111571311950684,-6.456414699554443
572,initial,-6.83681058883667,-6.75269079208374
573,initial,-8.303343772888184,-7.680857181549072
574,initial,-6.558377742767334,-6.267364978790283
575,initial,-6.405055522918701,-6.029892444610596
576,initial,-6.53633975982666,-6.149557113647461
577,initial,-5.823147773742676,-5.528656005859375
578,initial,-6.0113325119018555,-5.950849533081055
579,initial,-6.376803398132324,-5.992073059082031
580,initial,-7.627269744873047,-7.300038814544678
581,initial,-8.46794605255127,-7.6886210441589355
582,initial,-7.1301374435424805,-6.4975199699401855
583,initial,-8.86182689666748,-7.699193477630615
584,initial,-8.315999984741211,-7.908785820007324
585,initial,-6.836952209472656,-6.313327312469482
586,initial,-7.179165363311768,-6.737765312194824
587,initial,-8.71926212310791,-7.844837665557861
588,initial,-8.056967735290527,-7.418680667877197
589,initial,-8.1328706741333,-7.203402042388916
590,initial,-8.492772102355957,-7.548428535461426
591,initial,-8.733231544494629,-7.86663293838501
592,initial,-8.67984676361084,-7.775641441345215
593,initial,-7.680039405822754,-7.23716926574707
594,initial,-6.784465312957764,-6.130214214324951
595,initial,-8.765177726745605,-7.709555625915527
596,initial,-6.567288875579834,-6.074443817138672
597,initial,-7.905196666717529,-7.279456615447998
598,initial,-9.416083335876465,-8.168499946594238
599,initial,-8.380325317382812,-7.766092777252197
600,initial,-7.562998294830322,-7.494605541229248
601,initial,-9.111433982849121,-8.078547477722168
602,initial,-9.239840507507324,-8.22756576538086
603,initial,-8.768558502197266,-8.041448593139648
604,initial,-7.562998294830322,-7.494605541229248
605,initial,-7.532007694244385,-7.2950921058654785
606,initial,-8.81883430480957,-7.958469867706299
607,initial,-7.938083171844482,-7.472711563110352
608,initial,-8.465723991394043,-7.65147066116333
609,initial,-8.851994514465332,-8.200681686401367
610,initial,-7.659754276275635,-7.174489974975586
611,initial,-9.239840507507324,-8.227564811706543
612,initial,-7.0974555015563965,-6.618704795837402
613,initial,-7.884517669677734,-7.381435394287109
614,initial,-7.212322235107422,-6.898914813995361
615,initial,-7.764096736907959,-7.528817176818848
616,initial,-7.335810661315918,-6.807458877563477
617,initial,-8.437355995178223,-7.681077003479004
618,initial,-7.459671497344971,-7.001063346862793
619,initial,-8.767472267150879,-7.960160732269287
620,initial,-7.2836174964904785,-7.0781378746032715
621,initial,-7.863574504852295,-7.624698162078857
622,initial,-8.50572681427002,-8.240394592285156
623,initial,-7.004354000091553,-6.897108554840088
624,initial,-7.3124799728393555,-7.003227710723877
625,initial,-7.2267889976501465,-7.318987846374512
626,initial,-8.201642036437988,-8.061139106750488
627,initial,-6.488691329956055,-6.358748435974121
628,initial,-7.230732440948486,-6.686878681182861
629,initial,-8.557883262634277,-7.937178611755371
630,initial,-7.943890571594238,-7.305415630340576
631,initial,-7.669684410095215,-7.065810203552246
632,initial,-6.503969192504883,-6.5918169021606445
633,initial,-6.385149002075195,-6.304750442504883
634,initial,-7.510158061981201,-7.198453903198242
635,initial,-5.999431610107422,-5.998888969421387
636,initial,-7.346040725708008,-7.36631441116333
637,initial,-6.515129566192627,-6.401226997375488
638,initial,-7.68137788772583,-7.6102294921875
639,initial,-6.622487545013428,-6.152453899383545
640,initial,-8.22659969329834,-7.351354122161865
641,initial,-7.607136249542236,-8.00650691986084
642,initial,-7.183390140533447,-6.908829689025879
643,initial,-8.825604438781738,-8.211524963378906
644,initial,-8.083558082580566,-8.330700874328613
645,initial,-8.286784172058105,-7.8752360343933105
646,initial,-9.328489303588867,-9.079232215881348
647,initial,-8.064581871032715,-7.141495704650879
648,initial,-10.0027494430542,-8.647520065307617
649,initial,-8.35560131072998,-8.103107452392578
650,initial,-8.073267936706543,-8.11147689819336
651,initial,-7.485941410064697,-7.352216720581055
652,initial,-7.574318885803223,-7.064534664154053
653,initial,-7.963235855102539,-7.1983819007873535
654,initial,-7.978948593139648,-7.87027645111084
655,initial,-9.191568374633789,-8.663458824157715
656,initial,-9.07268238067627,-8.506048202514648
657,initial,-9.588797569274902,-8.868971824645996
658,initial,-8.961506843566895,-8.365818977355957
659,initial,-8.554692268371582,-7.7814226150512695
660,initial,-7.953999042510986,-7.291967391967773
661,initial,-5.913414001464844,-5.65451192855835
662,initial,-8.11464786529541,-7.523478031158447
663,initial,-7.439428329467773,-7.4857306480407715
664,initial,-6.584903717041016,-6.375324726104736
665,initial,-6.542946815490723,-6.5373215675354
666,initial,-5.94791841506958,-5.937763690948486
667,initial,-7.061378002166748,-6.72489070892334
668,initial,-6.380504131317139,-6.322408676147461
669,initial,-5.675226211547852,-5.908146381378174
670,initial,-8.250345230102539,-7.945109844207764
671,initial,-6.7516770362854,-6.581399440765381
672,initial,-7.815311431884766,-7.330016136169434
673,initial,-6.408552646636963,-6.293633937835693
674,initial,-8.250345230102539,-7.945109844207764
675,initial,-7.11322021484375,-7.025251865386963
676,initial,-8.453248023986816,-7.845682621002197
677,initial,-7.057984828948975,-6.605947971343994
678,initial,-7.1911492347717285,-7.112154006958008
679,initial,-7.396572113037109,-7.405153274536133
680,initial,-7.520984172821045,-6.57513952255249
681,initial,-7.404672145843506,-6.712882041931152
682,initial,-7.172029495239258,-6.545013904571533
683,initial,-8.258140563964844,-7.7058820724487305
684,initial,-7.4733967781066895,-6.7024359703063965
685,initial,-6.371474266052246,-5.970193862915039
686,initial,-7.274677276611328,-6.820991039276123
687,initial,-6.8558268547058105,-6.56595516204834
688,initial,-7.27284574508667,-6.479552745819092
689,initial,-7.814815044403076,-7.316056728363037
690,initial,-7.059390068054199,-6.632265090942383
691,initial,-6.754424571990967,-6.463836669921875
692,initial,-7.3807501792907715,-7.223849296569824
693,initial,-7.358147621154785,-6.736169815063477
694,initial,-7.244727611541748,-7.291794776916504
695,initial,-7.8074774742126465,-7.64707612991333
696,initial,-8.68006706237793,-7.908616065979004
697,initial,-7.245579719543457,-6.513519287109375
698,initial,-7.37919282913208,-6.99833345413208
699,initial,-6.977921962738037,-6.356252670288086
0,final,-4.659923553466797,-3.7398488521575928
1,final,-4.425950527191162,-3.7134580612182617
2,final,-3.7798233032226562,-3.0539889335632324
3,final,-6.181313514709473,-5.139974117279053
4,final,-4.901337623596191,-3.642441511154175
5,final,-4.269956111907959,-3.3820159435272217
6,final,-7.058424949645996,-5.399542331695557
7,final,-4.5899810791015625,-3.34587025642395
8,final,-4.204226493835449,-3.051546573638916
9,final,-3.7798233032226562,-3.0539889335632324
10,final,-5.453546047210693,-3.9282824993133545
11,final,-3.900029420852661,-3.175928831100464
12,final,-3.5987677574157715,-2.5833890438079834
13,final,-5.892661094665527,-4.4551310539245605
14,final,-4.204226493835449,-3.051546573638916
15,final,-6.800924777984619,-4.864633560180664
16,final,-3.633648633956909,-2.6987762451171875
17,final,-5.9055867195129395,-4.917606830596924
18,final,-6.811007499694824,-5.787471294403076
19,final,-4.98220682144165,-3.6915385723114014
20,final,-4.284574031829834,-3.6852669715881348
21,final,-6.241605758666992,-4.772396087646484
22,final,-5.806637287139893,-4.271162509918213
23,final,-4.884893417358398,-3.8184585571289062
24,final,-5.793915748596191,-4.338303089141846
25,final,-4.884893417358398,-3.8184585571289062
26,final,-6.4666643142700195,-5.083084583282471
27,final,-7.119251251220703,-5.546527862548828
28,final,-5.745384216308594,-4.875349998474121
29,final,-5.228921413421631,-3.919011354446411
30,final,-4.948290824890137,-4.188090801239014
31,final,-4.33629846572876,-3.104382276535034
32,final,-5.806635856628418,-4.271162509918213
33,final,-4.336300373077393,-3.1043832302093506
34,final,-4.311361789703369,-3.4988391399383545
35,final,-5.938512325286865,-4.710973262786865
36,final,-5.745384216308594,-4.875349998474121
37,final,-4.336300373077393,-3.1043832302093506
38,final,-4.063459396362305,-3.4339239597320557
39,final,-4.887344837188721,-3.859694242477417
40,final,-5.177899360656738,-4.740035057067871
41,final,-5.634421348571777,-4.610509872436523
42,final,-5.79291296005249,-4.718518257141113
43,final,-5.900813102722168,-4.842400550842285
44,final,-4.702734470367432,-3.8460826873779297
45,final,-5.876636981964111,-5.143034934997559
46,final,-4.435023784637451,-3.6960034370422363
47,final,-6.222445011138916,-5.555129051208496
48,final,-6.715488910675049,-5.671018123626709
49,final,-5.657204627990723,-5.185248374938965
50,final,-5.4813923835754395,-4.4504547119140625
51,final,-6.958226203918457,-5.661124229431152
52,final,-6.504031181335449,-5.559050559997559
53,final,-5.7223968505859375,-4.8913984298706055
54,final,-5.000795841217041,-4.337740898132324
55,final,-4.5485992431640625,-3.671687602996826
56,final,-5.245091438293457,-4.608063697814941
57,final,-4.853671073913574,-3.973619222640991
58,final,-5.091219425201416,-3.687386989593506
59,final,-4.294806480407715,-3.4522247314453125
60,final,-6.82922887802124,-6.070149898529053
61,final,-5.774163722991943,-4.02482271194458
62,final,-8.416421890258789,-6.999549388885498
63,final,-7.6306586265563965,-5.582823276519775
64,final,-7.664286136627197,-6.0732831954956055
65,final,-5.440001964569092,-4.4839277267456055
66,final,-6.609643459320068,-5.003151893615723
67,final,-8.611945152282715,-6.6467437744140625
68,final,-5.821522235870361,-4.92124605178833
69,final,-5.464500427246094,-4.537073612213135
70,final,-6.630941867828369,-5.280974864959717
71,final,-7.763796806335449,-6.575485706329346
72,final,-5.063220500946045,-4.093963146209717
73,final,-4.821950435638428,-4.387942790985107
74,final,-6.600180625915527,-5.511634826660156
75,final,-7.646646022796631,-5.813113689422607
76,final,-5.9819655418396,-4.623724937438965
77,final,-7.994172096252441,-6.327891826629639
78,final,-6.080533981323242,-5.289746284484863
79,final,-7.319722652435303,-5.723152160644531
80,final,-4.249564170837402,-3.709191083908081
81,final,-4.231543064117432,-3.236769437789917
82,final,-6.003150939941406,-4.215353012084961
83,final,-5.595639705657959,-4.875975131988525
84,final,-4.963655471801758,-4.346933841705322
85,final,-6.966514587402344,-5.3871893882751465
86,final,-6.123408794403076,-5.3325958251953125
87,final,-4.365372180938721,-3.820404052734375
88,final,-5.012360572814941,-4.103978157043457
89,final,-4.562112808227539,-3.995908260345459
90,final,-5.472494125366211,-4.444982528686523
91,final,-7.5909905433654785,-5.71842098236084
92,final,-4.477586269378662,-3.6333885192871094
93,final,-5.32448673248291,-4.02370548248291
94,final,-5.240752220153809,-4.03138542175293
95,final,-5.305314540863037,-4.681658744812012
96,final,-4.971578598022461,-4.0777812004089355
97,final,-5.478878974914551,-4.681432723999023
98,final,-7.192902565002441,-5.512430191040039
99,final,-4.649098873138428,-3.817831516265869
100,final,-5.900306701660156,-4.202605247497559
101,final,-5.425326347351074,-4.173243522644043
102,final,-6.410462856292725,-5.3157806396484375
103,final,-3.9582531452178955,-2.794334888458252
104,final,-3.9582531452178955,-2.794334888458252
105,final,-5.413727760314941,-4.734122276306152
106,final,-5.703892230987549,-4.283327579498291
107,final,-5.494100093841553,-4.150367259979248
108,final,-4.410701274871826,-3.694338321685791
109,final,-6.8298869132995605,-5.6836981773376465
110,final,-6.1120429039001465,-4.8866167068481445
111,final,-4.842434406280518,-3.6852400302886963
112,final,-6.518941402435303,-5.088355541229248
113,final,-6.092066287994385,-4.652673244476318
114,final,-5.903587818145752,-4.597359657287598
115,final,-5.800861835479736,-4.895778656005859
116,final,-6.455565929412842,-4.949178218841553
117,final,-5.536017894744873,-4.357942581176758
118,final,-5.703892230987549,-4.283327579498291
119,final,-6.269947052001953,-4.4707207679748535
120,final,-3.512831449508667,-2.633513927459717
121,final,-3.7724673748016357,-2.7665634155273438
122,final,-5.745965480804443,-4.558216571807861
123,final,-3.9988341331481934,-2.7119083404541016
124,final,-3.0406527519226074,-2.100273370742798
125,final,-6.48385763168335,-4.65321683883667
126,final,-4.772167205810547,-3.633596420288086
127,final,-5.361542224884033,-3.9178130626678467
128,final,-4.387287139892578,-3.388690948486328
129,final,-6.4254655838012695,-5.009968280792236
130,final,-3.8549869060516357,-2.8929245471954346
131,final,-4.570550918579102,-3.302316665649414
132,final,-3.8422088623046875,-2.8892152309417725
133,final,-4.964339256286621,-3.6345412731170654
134,final,-6.4254655838012695,-5.009968280792236
135,final,-3.089616060256958,-2.061999559402466
136,final,-4.049177646636963,-3.3512518405914307
137,final,-3.089616060256958,-2.061999559402466
138,final,-6.48385763168335,-4.65321683883667
139,final,-5.341348648071289,-4.318449974060059
140,final,-4.687424659729004,-3.998605966567993
141,final,-5.1595001220703125,-4.250917911529541
142,final,-5.864411354064941,-4.982930660247803
143,final,-4.0262651443481445,-3.130171060562134
144,final,-5.775213718414307,-4.451519966125488
145,final,-4.9912109375,-4.029412269592285
146,final,-6.280344486236572,-5.226135730743408
147,final,-6.2404303550720215,-5.125371932983398
148,final,-6.013760566711426,-4.96891975402832
149,final,-5.260650634765625,-4.243407249450684
150,final,-6.598194599151611,-5.346519470214844
151,final,-5.195384502410889,-4.4251813888549805
152,final,-5.930057048797607,-4.609963893890381
153,final,-5.958061695098877,-5.199021339416504
154,final,-4.687424659729004,-3.998605966567993
155,final,-6.280344486236572,-5.226135730743408
156,final,-6.512143135070801,-5.3203349113464355
157,final,-6.296830654144287,-5.226241111755371
158,final,-4.716093063354492,-3.7895877361297607
159,final,-6.280344486236572,-5.226135730743408
160,final,-5.655293941497803,-4.20965576171875
161,final,-5.453739643096924,-3.892537832260132
162,final,-6.937905788421631,-5.172985553741455
163,final,-7.487061500549316,-5.5784454345703125
164,final,-8.2150297164917,-6.213977336883545
165,final,-3.9848194122314453,-2.9747180938720703
166,final,-5.664978504180908,-4.284087181091309
167,final,-7.487061500549316,-5.5784454345703125
168,final,-6.84507417678833,-4.988014221191406
169,final,-6.471384525299072,-4.559901714324951
170,final,-6.69467830657959,-4.836934566497803
171,final,-4.866021156311035,-3.498783826828003
172,final,-5.986802577972412,-4.209185600280762
173,final,-6.59829044342041,-5.182565212249756
174,final,-7.878237724304199,-6.013755798339844
175,final,-6.161881923675537,-4.404758453369141
176,final,-7.3070878982543945,-5.442603588104248
177,final,-6.286978244781494,-4.902905464172363
178,final,-6.102078914642334,-4.784119606018066
179,final,-6.248254299163818,-4.0915207862854
180,final,-6.153522491455078,-4.307849407196045
181,final,-3.858839750289917,-3.0521035194396973
182,final,-4.178833961486816,-3.6566050052642822
183,final,-4.57200813293457,-3.8206677436828613
184,final,-4.935108184814453,-4.186753749847412
185,final,-6.275201797485352,-4.453859806060791
186,final,-7.055148601531982,-5.126039505004883
187,final,-5.924555778503418,-4.708122253417969
188,final,-3.66986346244812,-2.8862009048461914
189,final,-5.4659600257873535,-4.837207794189453
190,final,-4.501644134521484,-3.66904878616333
191,final,-6.153522491455078,-4.307849407196045
192,final,-5.303734302520752,-4.661990165710449
193,final,-6.666991710662842,-4.91807222366333
194,final,-5.760854244232178,-5.183748245239258
195,final,-6.001647472381592,-5.229964256286621
196,final,-5.642068862915039,-5.038474082946777
197,final,-5.013768672943115,-3.738384246826172
198,final,-6.941462993621826,-5.024779319763184
199,final,-4.486175537109375,-3.8769919872283936
200,final,-4.313680171966553,-3.000262498855591
201,final,-6.510194301605225,-5.288791179656982
202,final,-5.796591281890869,-4.002385139465332
203,final,-4.733129024505615,-3.3821442127227783
204,final,-4.733129024505615,-3.3821442127227783
205,final,-4.478519916534424,-3.4750137329101562
206,final,-6.083631992340088,-4.532507419586182
207,final,-6.499502658843994,-5.294101238250732
208,final,-4.733129024505615,-3.3821442127227783
209,final,-4.478519916534424,-3.4750137329101562
210,final,-4.944212436676025,-3.884427309036255
211,final,-5.4411797523498535,-3.916062831878662
212,final,-5.4411797523498535,-3.916062831878662
213,final,-5.951921463012695,-4.348983287811279
214,final,-4.944212436676025,-3.884427309036255
215,final,-6.614846706390381,-4.777798175811768
216,final,-6.284404754638672,-4.757170677185059
217,final,-6.843395709991455,-5.211160182952881
218,final,-4.868149757385254,-3.744312286376953
219,final,-3.1015069484710693,-2.1974520683288574
220,final,-4.562973499298096,-3.651519536972046
221,final,-3.9430012702941895,-3.0891056060791016
222,final,-5.24047327041626,-4.50056266784668
223,final,-5.319003582000732,-4.548073768615723
224,final,-5.710086822509766,-4.8121867179870605
225,final,-5.7856550216674805,-5.005374908447266
226,final,-5.561245441436768,-5.025271415710449
227,final,-5.138964653015137,-4.336386680603027
228,final,-5.778188705444336,-4.9459381103515625
229,final,-5.7856550216674805,-5.005374908447266
230,final,-6.1139678955078125,-5.282802104949951
231,final,-3.969878673553467,-3.4935734272003174
232,final,-5.414847373962402,-4.514136791229248
233,final,-5.87224817276001,-4.820505142211914
234,final,-6.385822772979736,-5.342192649841309
235,final,-5.701140403747559,-5.039512634277344
236,final,-4.559431076049805,-4.041825294494629
237,final,-4.640536308288574,-4.054834842681885
238,final,-6.157394886016846,-5.087167739868164
239,final,-5.0309739112854,-4.348335266113281
240,final,-4.486255645751953,-3.6833009719848633
241,final,-4.883125305175781,-3.978992462158203
242,final,-6.414647579193115,-5.130949974060059
243,final,-5.745495796203613,-4.887180805206299
244,final,-5.886504173278809,-4.640848636627197
245,final,-6.698134422302246,-5.492542266845703
246,final,-6.126822471618652,-4.816887855529785
247,final,-5.840522766113281,-5.024837493896484
248,final,-5.920304298400879,-4.973903656005859
249,final,-5.967188358306885,-4.803712844848633
250,final,-5.668702125549316,-4.506084442138672
251,final,-4.701895236968994,-3.6972928047180176
252,final,-4.4458699226379395,-3.719385862350464
253,final,-5.364083290100098,-4.345221519470215
254,final,-4.800903797149658,-4.086767196655273
255,final,-6.401996612548828,-5.292725563049316
256,final,-6.434479713439941,-5.395592212677002
257,final,-6.167022705078125,-4.972619533538818
258,final,-4.8688249588012695,-3.8386688232421875
259,final,-3.86332631111145,-3.223264694213867
260,final,-6.148197174072266,-5.3127241134643555
261,final,-5.420989036560059,-4.694796562194824
262,final,-5.020561695098877,-4.254303455352783
263,final,-5.943756103515625,-5.430788040161133
264,final,-5.353397369384766,-4.697100639343262
265,final,-5.6298508644104,-5.379793167114258
266,final,-5.351298809051514,-4.576460361480713
267,final,-4.221545219421387,-3.636226177215576
268,final,-5.461213111877441,-4.941682815551758
269,final,-6.723813056945801,-5.193812847137451
270,final,-5.791904449462891,-5.105420112609863
271,final,-4.435129642486572,-3.401620864868164
272,final,-4.964846611022949,-4.581643581390381
273,final,-4.612217903137207,-3.9858956336975098
274,final,-6.597238540649414,-5.670655250549316
275,final,-4.1743035316467285,-3.7446351051330566
276,final,-4.980332851409912,-3.7263922691345215
277,final,-4.162548065185547,-3.7101073265075684
278,final,-5.530328273773193,-5.144772052764893
279,final,-4.846826553344727,-4.110888481140137
280,final,-8.17093563079834,-6.3911051750183105
281,final,-5.119356632232666,-4.617487907409668
282,final,-7.01638126373291,-5.891462802886963
283,final,-7.311776161193848,-6.12892484664917
284,final,-5.143718719482422,-4.384645462036133
285,final,-4.823972225189209,-4.057901859283447
286,final,-7.411551475524902,-6.490323543548584
287,final,-5.987027645111084,-5.272304058074951
288,final,-6.412967681884766,-5.117208957672119
289,final,-5.247976779937744,-4.6004486083984375
290,final,-6.846790790557861,-6.2539262771606445
291,final,-7.264805316925049,-6.31795597076416
292,final,-6.830175399780273,-6.207165718078613
293,final,-7.213694095611572,-6.2495832443237305
294,final,-4.938534736633301,-4.419181823730469
295,final,-6.038868427276611,-5.377493381500244
296,final,-5.901779651641846,-4.527420997619629
297,final,-8.165802955627441,-6.5060553550720215
298,final,-6.441562652587891,-5.722862720489502
299,final,-7.123006343841553,-6.270233631134033
300,final,-5.521706581115723,-4.630758762359619
301,final,-6.203196048736572,-5.249296188354492
302,final,-4.504249572753906,-3.788558006286621
303,final,-6.336999893188477,-5.255228519439697
304,final,-5.7011237144470215,-4.717089653015137
305,final,-6.595122337341309,-5.151633262634277
306,final,-7.950098037719727,-6.170909881591797
307,final,-5.119166374206543,-4.127608776092529
308,final,-4.634326457977295,-3.841749429702759
309,final,-5.267630577087402,-3.8869025707244873
310,final,-7.66055965423584,-6.172069072723389
311,final,-5.42041540145874,-4.445799350738525
312,final,-6.097320556640625,-5.101813793182373
313,final,-5.2586350440979,-4.420328140258789
314,final,-5.468882083892822,-4.371901035308838
315,final,-5.2898030281066895,-4.317922592163086
316,final,-4.393009185791016,-3.6272120475769043
317,final,-6.08425760269165,-5.277011871337891
318,final,-5.022241115570068,-4.12733268737793
319,final,-7.162128925323486,-5.494023323059082
320,final,-4.143162727355957,-3.4335312843322754
321,final,-4.856916427612305,-4.048227787017822
322,final,-6.513915538787842,-5.3178510665893555
323,final,-4.538421154022217,-3.4849796295166016
324,final,-6.246828079223633,-5.252079486846924
325,final,-5.703248023986816,-4.489992141723633
326,final,-5.431777477264404,-4.545454978942871
327,final,-6.562562465667725,-5.5232367515563965
328,final,-3.8698654174804688,-3.4785819053649902
329,final,-4.7457990646362305,-3.6955173015594482
330,final,-5.312204360961914,-4.4602742195129395
331,final,-6.210394859313965,-5.106157302856445
332,final,-6.099449157714844,-4.928510665893555
333,final,-5.578664302825928,-4.671083927154541
334,final,-4.310491561889648,-3.5256645679473877
335,final,-4.8116455078125,-4.017908573150635
336,final,-5.882436275482178,-4.777705669403076
337,final,-4.966943264007568,-4.051344871520996
338,final,-3.8102519512176514,-3.0013928413391113
339,final,-5.306583404541016,-4.092411041259766
340,final,-4.259017467498779,-3.724879741668701
341,final,-7.662496089935303,-6.089393138885498
342,final,-7.024533271789551,-5.4164509773254395
343,final,-6.690657615661621,-5.203638553619385
344,final,-6.191954135894775,-5.408965110778809
345,final,-5.19424295425415,-4.282400608062744
346,final,-7.268507480621338,-5.26305627822876
347,final,-6.105553150177002,-4.305362224578857
348,final,-7.436404228210449,-6.0362324714660645
349,final,-5.975517272949219,-5.296120643615723
350,final,-6.2278547286987305,-5.076461315155029
351,final,-8.280171394348145,-6.774343013763428
352,final,-7.347217559814453,-6.194337368011475
353,final,-7.953014373779297,-6.523293972015381
354,final,-4.930217266082764,-4.053264141082764
355,final,-7.070725917816162,-5.938881874084473
356,final,-8.212010383605957,-6.9035563468933105
357,final,-7.482876777648926,-6.083405017852783
358,final,-6.042269229888916,-5.056850910186768
359,final,-7.15911865234375,-6.175748348236084
360,final,-6.2492547035217285,-5.244849681854248
361,final,-7.662676811218262,-5.637784957885742
362,final,-5.151893138885498,-4.426272392272949
363,final,-4.558964252471924,-4.086060047149658
364,final,-3.8280532360076904,-3.1826086044311523
365,final,-4.8600873947143555,-3.8669111728668213
366,final,-5.36467981338501,-4.5918450355529785
367,final,-5.5242815017700195,-4.691211223602295
368,final,-7.007415771484375,-5.836566925048828
369,final,-8.429880142211914,-6.788239002227783
370,final,-6.224652290344238,-5.090750217437744
371,final,-7.774251461029053,-6.448145389556885
372,final,-7.492312431335449,-5.790338039398193
373,final,-8.355476379394531,-6.7810444831848145
374,final,-4.7258100509643555,-4.161657333374023
375,final,-4.765347003936768,-4.055767059326172
376,final,-4.239405155181885,-3.695458173751831
377,final,-7.662676811218262,-5.637784957885742
378,final,-4.558964252471924,-4.086060047149658
379,final,-6.7265167236328125,-5.900566577911377
380,final,-5.364856243133545,-5.023361682891846
381,final,-6.626414775848389,-5.445916175842285
382,final,-5.875037670135498,-5.577030658721924
383,final,-7.241346836090088,-6.29134464263916
384,final,-4.966131687164307,-4.45218563079834
385,final,-5.096529483795166,-4.716282367706299
386,final,-5.921116352081299,-5.1437458992004395
387,final,-6.91336727142334,-5.705287456512451
388,final,-6.530772686004639,-6.019697189331055
389,final,-5.042931079864502,-4.34840202331543
390,final,-4.2865190505981445,-4.48646354675293
391,final,-6.832721710205078,-6.063647270202637
392,final,-6.049526691436768,-5.3745832443237305
393,final,-7.025900840759277,-6.050090789794922
394,final,-5.956017971038818,-5.252083778381348
395,final,-7.6132307052612305,-7.001215934753418
396,final,-6.634675025939941,-5.869363784790039
397,final,-5.168952941894531,-4.581710338592529
398,final,-5.531709671020508,-4.884420394897461
399,final,-5.357112884521484,-4.721545219421387
400,final,-7.377063751220703,-6.227589130401611
401,final,-7.0158538818359375,-6.054908752441406
402,final,-8.235803604125977,-7.20551872253418
403,final,-6.53602933883667,-5.651241779327393
404,final,-6.93002462387085,-5.322682857513428
405,final,-5.818236827850342,-5.329196453094482
406,final,-8.48363208770752,-6.82781457901001
407,final,-8.031929016113281,-6.715381622314453
408,final,-6.176464557647705,-5.452189922332764
409,final,-6.341704845428467,-5.200797080993652
410,final,-5.261477470397949,-4.251370429992676
411,final,-7.516381740570068,-5.9792022705078125
412,final,-7.1123552322387695,-6.691669464111328
413,final,-5.940552234649658,-5.333521366119385
414,final,-6.774440765380859,-6.072140216827393
415,final,-6.811476707458496,-6.022041320800781
416,final,-8.316119194030762,-7.07931661605835
417,final,-7.4701032638549805,-6.631891250610352
418,final,-7.610768795013428,-6.286075115203857
419,final,-6.536028861999512,-5.651241779327393
420,final,-5.872259616851807,-5.313638687133789
421,final,-5.278799057006836,-4.890393257141113
422,final,-6.082138538360596,-5.424014091491699
423,final,-5.572907447814941,-5.206448078155518
424,final,-5.531813144683838,-4.82130765914917
425,final,-6.9712605476379395,-5.786412239074707
426,final,-7.427314758300781,-6.247211933135986
427,final,-8.049116134643555,-6.526176929473877
428,final,-7.536353588104248,-6.69106912612915
429,final,-4.92317008972168,-4.578310489654541
430,final,-7.67592716217041,-6.664888381958008
431,final,-5.520583629608154,-4.80999755859375
432,final,-5.46077823638916,-4.746884822845459
433,final,-6.680205345153809,-5.465215682983398
434,final,-7.041897773742676,-6.126718997955322
435,final,-5.303027153015137,-4.341643333435059
436,final,-4.961535453796387,-4.590877532958984
437,final,-4.974599838256836,-4.158623695373535
438,final,-4.993556022644043,-4.297203063964844
439,final,-6.098145008087158,-5.326189041137695
440,final,-6.450727939605713,-4.908222675323486
441,final,-4.1065874099731445,-3.461677074432373
442,final,-5.494178295135498,-4.903998374938965
443,final,-5.7100958824157715,-4.7755937576293945
444,final,-5.730710983276367,-4.135199546813965
445,final,-6.565910339355469,-5.576450347900391
446,final,-6.947216033935547,-6.088526725769043
447,final,-7.162530899047852,-5.9471845626831055
448,final,-5.709712505340576,-4.450242519378662
449,final,-4.787684917449951,-4.356695652008057
450,final,-6.069996356964111,-5.112046241760254
451,final,-6.439464569091797,-5.226838111877441
452,final,-6.573376178741455,-4.963176727294922
453,final,-5.1379218101501465,-3.9894237518310547
454,final,-5.250121116638184,-4.61651086807251
455,final,-6.267189979553223,-5.517287254333496
456,final,-5.5066447257995605,-4.954659938812256
457,final,-5.250339508056641,-3.98897123336792
458,final,-4.36024284362793,-3.486140727996826
459,final,-5.095522880554199,-4.678861141204834
460,final,-5.793213844299316,-4.747249603271484
461,final,-4.031392574310303,-4.027561187744141
462,final,-4.146456718444824,-4.0961527824401855
463,final,-5.14835786819458,-5.062773704528809
464,final,-5.288464546203613,-5.061308860778809
465,final,-4.938244819641113,-4.864222049713135
466,final,-4.476859092712402,-4.359609127044678
467,final,-4.549030303955078,-4.421296119689941
468,final,-5.128543853759766,-5.154933452606201
469,final,-4.561811447143555,-4.551762580871582
470,final,-5.595444202423096,-5.135836124420166
471,final,-6.016495227813721,-5.40291690826416
472,final,-5.183968544006348,-5.100987434387207
473,final,-5.047029972076416,-4.775284767150879
474,final,-4.522574424743652,-4.459149360656738
475,final,-4.375222682952881,-4.625744342803955
476,final,-3.8611531257629395,-4.035974979400635
477,final,-4.558919906616211,-4.512018203735352
478,final,-4.564697742462158,-4.401556015014648
479,final,-4.372047424316406,-4.426839828491211
480,final,-4.018747329711914,-3.9272007942199707
481,final,-4.172069072723389,-4.083220481872559
482,final,-5.406044960021973,-5.030903339385986
483,final,-4.1023969650268555,-3.918558359146118
484,final,-3.2607216835021973,-3.1090121269226074
485,final,-4.811789035797119,-4.684808254241943
486,final,-4.811789035797119,-4.684808254241943
487,final,-5.297567844390869,-4.980132579803467
488,final,-3.4372477531433105,-3.3750410079956055
489,final,-4.9799723625183105,-3.96525239944458
490,final,-5.730649471282959,-5.307387828826904
491,final,-7.267598628997803,-6.536262512207031
492,final,-4.811789035797119,-4.684808254241943
493,final,-3.656984806060791,-3.618579626083374
494,final,-4.144469738006592,-4.019896984100342
495,final,-4.940781593322754,-3.8683865070343018
496,final,-3.1406655311584473,-3.2136268615722656
497,final,-4.607247352600098,-4.281041622161865
498,final,-3.656984806060791,-3.618579626083374
499,final,-4.490486145019531,-3.408083200454712
500,final,-4.348369598388672,-4.806548595428467
501,final,-3.7751481533050537,-4.336801052093506
502,final,-4.445728778839111,-4.8018083572387695
503,final,-6.237268924713135,-6.599706172943115
504,final,-3.786383867263794,-3.898106575012207
505,final,-4.680581092834473,-4.9952168464660645
506,final,-4.901588439941406,-4.347522258758545
507,final,-6.48315954208374,-6.634786128997803
508,final,-4.492040157318115,-4.8588666915893555
509,final,-3.4981513023376465,-3.9304513931274414
510,final,-5.568926811218262,-5.04336404800415
511,final,-5.776113510131836,-6.098214149475098
512,final,-4.954954147338867,-5.097879409790039
513,final,-5.279475212097168,-5.166889190673828
514,final,-4.789936542510986,-5.048469066619873
515,final,-5.238576889038086,-4.350492000579834
516,final,-5.602339744567871,-5.853437423706055
517,final,-3.119994878768921,-3.579432725906372
518,final,-5.505473613739014,-5.686507701873779
519,final,-6.627280235290527,-6.816061496734619
520,final,-5.571639060974121,-5.405484199523926
521,final,-5.487496376037598,-5.175093650817871
522,final,-5.624335765838623,-5.217558860778809
523,final,-5.795939922332764,-5.4337358474731445
524,final,-3.5304625034332275,-3.393244743347168
525,final,-6.1554179191589355,-5.959284782409668
526,final,-3.9081406593322754,-3.7680013179779053
527,final,-4.820250511169434,-4.6951727867126465
528,final,-7.320679664611816,-6.624194622039795
529,final,-5.81224250793457,-5.28977632522583
530,final,-4.2465901374816895,-4.326345443725586
531,final,-6.828347206115723,-6.429444313049316
532,final,-5.848084926605225,-4.351334571838379
533,final,-6.568879127502441,-6.208616256713867
534,final,-6.3406219482421875,-4.817327499389648
535,final,-4.206727981567383,-4.326735019683838
536,final,-3.8726484775543213,-3.625762939453125
537,final,-6.828347206115723,-6.429444313049316
538,final,-4.268665313720703,-4.141913890838623
539,final,-5.1758623123168945,-5.203428268432617
540,final,-4.79660701751709,-4.734744071960449
541,final,-4.3805131912231445,-4.091843605041504
542,final,-4.959407329559326,-4.8711724281311035
543,final,-4.768382549285889,-4.619844436645508
544,final,-5.043395042419434,-4.760507106781006
545,final,-5.1703314781188965,-4.65871524810791
546,final,-4.984313011169434,-4.361223220825195
547,final,-5.245917797088623,-4.932674407958984
548,final,-4.18297004699707,-3.835817575454712
549,final,-5.386274337768555,-4.904138565063477
550,final,-5.641963958740234,-5.228848457336426
551,final,-6.044967174530029,-5.777720928192139
552,final,-5.254775524139404,-4.900803089141846
553,final,-5.746885776519775,-5.388915538787842
554,final,-6.297010898590088,-5.600386142730713
555,final,-5.899056911468506,-5.505397319793701
556,final,-4.484145641326904,-4.051515102386475
557,final,-5.198548793792725,-5.162500858306885
558,final,-3.82586669921875,-3.5471115112304688
559,final,-4.651397228240967,-4.645842552185059
560,final,-5.482960224151611,-4.736504554748535
561,final,-5.12723445892334,-4.750899314880371
562,final,-6.194993495941162,-5.583088397979736
563,final,-4.888819694519043,-4.898681163787842
564,final,-6.161583423614502,-5.641939163208008
565,final,-4.23347806930542,-3.882157564163208
566,final,-4.726011276245117,-4.399918556213379
567,final,-5.636847972869873,-4.969244956970215
568,final,-4.408517837524414,-3.255622386932373
569,final,-5.567380905151367,-5.179195404052734
570,final,-5.30562162399292,-4.761945724487305
571,final,-5.0625433921813965,-4.538437366485596
572,final,-4.950563430786133,-4.193830966949463
573,final,-6.4447526931762695,-6.186995029449463
574,final,-3.6953635215759277,-3.849123954772949
575,final,-4.6109619140625,-4.211384296417236
576,final,-3.905327320098877,-4.0697021484375
577,final,-3.4109787940979004,-3.3670694828033447
578,final,-3.819969892501831,-3.8310048580169678
579,final,-4.339416027069092,-4.054661273956299
580,final,-3.9135196208953857,-3.571645975112915
581,final,-5.0673627853393555,-4.066488265991211
582,final,-4.7702460289001465,-3.971097707748413
583,final,-5.656526565551758,-4.520303249359131
584,final,-4.474610805511475,-4.011561870574951
585,final,-4.144049644470215,-3.5124759674072266
586,final,-3.5872466564178467,-3.02109956741333
587,final,-5.213310241699219,-4.209661960601807
588,final,-3.8748064041137695,-3.4066131114959717
589,final,-4.905585765838623,-3.995548963546753
590,final,-5.583652973175049,-4.7701849937438965
591,final,-5.672710418701172,-5.012966632843018
592,final,-5.142195224761963,-4.173503875732422
593,final,-4.885787010192871,-4.183488845825195
594,final,-3.497823476791382,-2.9519691467285156
595,final,-5.075953960418701,-4.202308654785156
596,final,-3.898224353790283,-3.340933322906494
597,final,-3.6011905670166016,-3.4085118770599365
598,final,-6.273273468017578,-5.132781982421875
599,final,-3.8866188526153564,-3.4751529693603516
600,final,-5.071712017059326,-4.034350872039795
601,final,-5.787746906280518,-4.643042087554932
602,final,-5.174526691436768,-4.249575138092041
603,final,-6.243305206298828,-5.053049564361572
604,final,-5.071712017059326,-4.034350872039795
605,final,-3.199657440185547,-2.3544018268585205
606,final,-4.81137228012085,-3.7622244358062744
607,final,-5.146830081939697,-4.14916467666626
608,final,-4.2482781410217285,-3.365065097808838
609,final,-5.610326766967773,-4.55491304397583
610,final,-4.3838372230529785,-3.5614616870880127
611,final,-5.174526691436768,-4.249574184417725
612,final,-4.198258876800537,-3.358720302581787
613,final,-3.8578927516937256,-2.9329121112823486
614,final,-3.1518890857696533,-2.2942357063293457
615,final,-3.9264976978302,-3.027555227279663
616,final,-5.165520668029785,-4.229401588439941
617,final,-5.915449619293213,-4.564137935638428
618,final,-5.033710956573486,-4.073337554931641
619,final,-5.95294713973999,-4.729496002197266
620,final,-4.411520004272461,-3.929558753967285
621,final,-5.984356880187988,-5.116001129150391
622,final,-6.648392677307129,-5.990668773651123
623,final,-4.023543834686279,-3.770538330078125
624,final,-4.21586275100708,-4.02571439743042
625,final,-5.789450645446777,-5.293928623199463
626,final,-5.971775054931641,-5.58440637588501
627,final,-4.291200637817383,-3.6396877765655518
628,final,-4.376111030578613,-3.588273763656616
629,final,-6.430586814880371,-5.801751613616943
630,final,-6.49674129486084,-4.938527584075928
631,final,-5.737625598907471,-5.083554744720459
632,final,-3.960996389389038,-3.6893227100372314
633,final,-4.042206287384033,-3.595114231109619
634,final,-4.567216873168945,-4.001035690307617
635,final,-3.6575045585632324,-3.3647377490997314
636,final,-4.71917724609375,-4.227275371551514
637,final,-4.773594379425049,-4.120853424072266
638,final,-4.976388931274414,-4.826467990875244
639,final,-4.709574222564697,-3.7085819244384766
640,final,-5.684439182281494,-4.058420658111572
641,final,-5.789072513580322,-4.9877448081970215
642,final,-4.624568939208984,-3.771305561065674
643,final,-5.151968479156494,-4.6117448806762695
644,final,-5.484443664550781,-5.266509056091309
645,final,-6.216865539550781,-4.963095664978027
646,final,-7.0197930335998535,-5.581477165222168
647,final,-4.3543524742126465,-3.920358896255493
648,final,-7.012156009674072,-5.107330322265625
649,final,-5.811577320098877,-4.908547878265381
650,final,-6.787494659423828,-5.9338059425354
651,final,-5.055858612060547,-4.549369812011719
652,final,-5.101032733917236,-4.482831954956055
653,final,-4.8550496101379395,-4.078637599945068
654,final,-4.737431526184082,-4.502953052520752
655,final,-7.173648834228516,-5.777642726898193
656,final,-6.735439300537109,-5.7816596031188965
657,final,-6.371316909790039,-4.926596641540527
658,final,-6.718400478363037,-5.2824907302856445
659,final,-5.29148530960083,-4.581741809844971
660,final,-6.354895114898682,-4.975866794586182
661,final,-4.183564186096191,-3.527268886566162
662,final,-6.257277965545654,-5.105905532836914
663,final,-6.133697032928467,-5.163419246673584
664,final,-4.4871721267700195,-4.0989460945129395
665,final,-5.359306812286377,-4.690406799316406
666,final,-3.9789977073669434,-3.4069883823394775
667,final,-4.780201435089111,-3.9595158100128174
668,final,-4.406508445739746,-4.003207683563232
669,final,-3.84895658493042,-3.489020347595215
670,final,-6.368407249450684,-5.117097854614258
671,final,-4.976243495941162,-3.8034396171569824
672,final,-5.075699806213379,-4.277199745178223
673,final,-4.909751892089844,-4.444831371307373
674,final,-6.368406772613525,-5.117097854614258
675,final,-5.52103853225708,-5.193273544311523
676,final,-6.618340015411377,-5.55972957611084
677,final,-4.958663463592529,-4.472906112670898
678,final,-5.151381015777588,-4.678416728973389
679,final,-5.74344539642334,-5.329789161682129
680,final,-5.113923072814941,-3.9696133136749268
681,final,-4.2723188400268555,-3.5817184448242188
682,final,-5.265756130218506,-4.333446979522705
683,final,-5.488040447235107,-4.647653579711914
684,final,-4.11001443862915,-3.0423285961151123
685,final,-3.870314359664917,-3.090402603149414
686,final,-4.654898166656494,-3.5998435020446777
687,final,-3.8548169136047363,-3.307919502258301
688,final,-4.72642183303833,-3.9030351638793945
689,final,-5.682314395904541,-4.734963893890381
690,final,-5.2252936363220215,-4.281253337860107
691,final,-4.100900650024414,-3.556493043899536
692,final,-5.370493412017822,-4.282946586608887
693,final,-4.125918865203857,-3.3818345069885254
694,final,-5.816773414611816,-4.804379940032959
695,final,-5.130124092102051,-4.320234298706055
696,final,-6.140578746795654,-5.2394208908081055
697,final,-4.071535587310791,-3.1930761337280273
698,final,-5.2400312423706055,-4.432961463928223
699,final,-4.8236565589904785,-3.6896073818206787
0,best,-4.561203956604004,-3.61723256111145
1,best,-4.332122325897217,-3.58748722076416
2,best,-3.6704094409942627,-2.961803674697876
3,best,-6.132983207702637,-5.077685832977295
4,best,-4.779676914215088,-3.5398409366607666
5,best,-4.148502826690674,-3.2490053176879883
6,best,-6.884566307067871,-5.250271797180176
7,best,-4.427833080291748,-3.2027130126953125
8,best,-4.046864986419678,-2.972198486328125
9,best,-3.6704094409942627,-2.961803674697876
10,best,-5.274542331695557,-3.8332860469818115
11,best,-3.7836835384368896,-3.082651138305664
12,best,-3.5157113075256348,-2.5248255729675293
13,best,-5.769049167633057,-4.310466289520264
14,best,-4.046864986419678,-2.972198486328125
15,best,-6.654531002044678,-4.747401714324951
16,best,-3.4956486225128174,-2.623300790786743
17,best,-5.807982921600342,-4.837562084197998
18,best,-6.758424282073975,-5.708502292633057
19,best,-4.853713035583496,-3.5824480056762695
20,best,-4.177351474761963,-3.6422345638275146
21,best,-6.202167510986328,-4.761436462402344
22,best,-5.777706146240234,-4.306146144866943
23,best,-4.776246547698975,-3.7854764461517334
24,best,-5.712460517883301,-4.330175399780273
25,best,-4.776246547698975,-3.7854764461517334
26,best,-6.494903564453125,-5.128688335418701
27,best,-6.984031677246094,-5.49203634262085
28,best,-5.6800408363342285,-4.875649452209473
29,best,-5.168284893035889,-3.9184114933013916
30,best,-4.815640926361084,-4.108674049377441
31,best,-4.259250164031982,-3.1389801502227783
32,best,-5.777706146240234,-4.306146144866943
33,best,-4.259250640869141,-3.1389808654785156
34,best,-4.2176713943481445,-3.483842134475708
35,best,-5.9407453536987305,-4.749979019165039
36,best,-5.680042266845703,-4.875649929046631
37,best,-4.259250640869141,-3.1389808654785156
38,best,-3.981579542160034,-3.4204907417297363
39,best,-4.7624030113220215,-3.827087640762329
40,best,-5.088375091552734,-4.627440452575684
41,best,-5.533886909484863,-4.512150764465332
42,best,-5.7371602058410645,-4.665200233459473
43,best,-5.773571491241455,-4.71856164932251
44,best,-4.654656410217285,-3.7941324710845947
45,best,-5.8142547607421875,-5.094954013824463
46,best,-4.455856800079346,-3.684546947479248
47,best,-6.1469950675964355,-5.479905128479004
48,best,-6.644232273101807,-5.575463771820068
49,best,-5.609189510345459,-5.123164176940918
50,best,-5.3924102783203125,-4.372088432312012
51,best,-6.8841447830200195,-5.591343879699707
52,best,-6.448945045471191,-5.491039752960205
53,best,-5.675276279449463,-4.808611869812012
54,best,-4.945927619934082,-4.258461952209473
55,best,-4.554335117340088,-3.663975238800049
56,best,-5.168540954589844,-4.515242576599121
57,best,-4.786188125610352,-3.8805689811706543
58,best,-5.053051471710205,-3.660515069961548
59,best,-4.252964496612549,-3.3990514278411865
60,best,-6.815287113189697,-5.982514381408691
61,best,-5.709385871887207,-3.9495668411254883
62,best,-8.340692520141602,-6.8392791748046875
63,best,-7.547486782073975,-5.492825984954834
64,best,-7.6111931800842285,-5.93781042098999
65,best,-5.327378749847412,-4.360517978668213
66,best,-6.471243381500244,-4.875164031982422
67,best,-8.580039978027344,-6.615547180175781
68,best,-5.841812610626221,-4.830575466156006
69,best,-5.380517482757568,-4.445791244506836
70,best,-6.620172023773193,-5.2498040199279785
71,best,-7.698385715484619,-6.4894537925720215
72,best,-4.98567008972168,-4.036853313446045
73,best,-4.786692142486572,-4.307957649230957
74,best,-6.5132269859313965,-5.449718475341797
75,best,-7.559206485748291,-5.711390972137451
76,best,-5.867290496826172,-4.512233734130859
77,best,-7.805503845214844,-6.189271926879883
78,best,-6.044580459594727,-5.200568675994873
79,best,-7.244429111480713,-5.6133623123168945
80,best,-4.218668460845947,-3.712054967880249
81,best,-4.16956090927124,-3.2194647789001465
82,best,-5.9975409507751465,-4.270983695983887
83,best,-5.602011203765869,-4.886715888977051
84,best,-4.938629150390625,-4.34363317489624
85,best,-6.885147571563721,-5.34608268737793
86,best,-6.089820384979248,-5.295717239379883
87,best,-4.322033882141113,-3.797449827194214
88,best,-4.976729869842529,-4.136233806610107
89,best,-4.52315092086792,-3.982814073562622
90,best,-5.4425177574157715,-4.450393199920654
91,best,-7.5782246589660645,-5.7562103271484375
92,best,-4.398569583892822,-3.5921897888183594
93,best,-5.283269882202148,-4.007784843444824
94,best,-5.18293571472168,-3.987441062927246
95,best,-5.23020076751709,-4.634222030639648
96,best,-4.939630031585693,-4.090342044830322
97,best,-5.440083026885986,-4.659895896911621
98,best,-7.107093811035156,-5.483403205871582
99,best,-4.622869491577148,-3.8236172199249268
100,best,-5.905323028564453,-4.181063175201416
101,best,-5.349593162536621,-4.1237945556640625
102,best,-6.323767185211182,-5.208728790283203
103,best,-3.9025466442108154,-2.7783234119415283
104,best,-3.9025466442108154,-2.7783234119415283
105,best,-5.357779502868652,-4.6641845703125
106,best,-5.685916900634766,-4.339053153991699
107,best,-5.489627361297607,-4.150979042053223
108,best,-4.366753101348877,-3.645070791244507
109,best,-6.848178386688232,-5.686750888824463
110,best,-6.084220886230469,-4.871701717376709
111,best,-4.848577976226807,-3.651237964630127
112,best,-6.49001932144165,-5.0658860206604
113,best,-6.07251501083374,-4.636039733886719
114,best,-5.845876216888428,-4.5969109535217285
115,best,-5.765578269958496,-4.876641750335693
116,best,-6.385501861572266,-4.904984474182129
117,best,-5.557938098907471,-4.322661399841309
118,best,-5.685916900634766,-4.339053153991699
119,best,-6.229124546051025,-4.4505438804626465
120,best,-3.4511947631835938,-2.56365966796875
121,best,-3.681410074234009,-2.6750411987304688
122,best,-5.664850234985352,-4.480218410491943
123,best,-3.9149410724639893,-2.646599054336548
124,best,-3.05578351020813,-2.072067975997925
125,best,-6.393157005310059,-4.575534820556641
126,best,-4.71140193939209,-3.5683109760284424
127,best,-5.256455421447754,-3.8293297290802
128,best,-4.252237319946289,-3.2800896167755127
129,best,-6.314593315124512,-4.908009052276611
130,best,-3.7889046669006348,-2.7729270458221436
131,best,-4.473995208740234,-3.2047932147979736
132,best,-3.762383222579956,-2.8105480670928955
133,best,-4.882798194885254,-3.5569076538085938
134,best,-6.314593315124512,-4.908009052276611
135,best,-3.093996524810791,-2.024951219558716
136,best,-3.9620139598846436,-3.2254278659820557
137,best,-3.093996524810791,-2.024951219558716
138,best,-6.393157005310059,-4.575534343719482
139,best,-5.292999267578125,-4.259911060333252
140,best,-4.603574752807617,-3.9339632987976074
141,best,-5.09896183013916,-4.203474044799805
142,best,-5.768562316894531,-4.922990322113037
143,best,-3.9547476768493652,-3.0785772800445557
144,best,-5.6957268714904785,-4.387941360473633
145,best,-4.890637397766113,-3.9642066955566406
146,best,-6.221205711364746,-5.20125675201416
147,best,-6.129563331604004,-5.089344024658203
148,best,-5.967071533203125,-4.91534948348999
149,best,-5.188787937164307,-4.163980960845947
150,best,-6.469511032104492,-5.278036594390869
151,best,-5.189909934997559,-4.414319038391113
152,best,-5.862316131591797,-4.56484842300415
153,best,-5.892681121826172,-5.126155376434326
154,best,-4.603574752807617,-3.9339632987976074
155,best,-6.221205711364746,-5.20125675201416
156,best,-6.432085990905762,-5.251335144042969
157,best,-6.206368923187256,-5.144454002380371
158,best,-4.702274322509766,-3.7386865615844727
159,best,-6.221205711364746,-5.20125675201416
160,best,-5.698328971862793,-4.214766979217529
161,best,-5.433619022369385,-3.8420441150665283
162,best,-6.859551906585693,-5.128170967102051
163,best,-7.380369663238525,-5.513768672943115
164,best,-8.221433639526367,-6.212730407714844
165,best,-3.9737770557403564,-2.933971881866455
166,best,-5.561878681182861,-4.193070888519287
167,best,-7.380369663238525,-5.513768672943115
168,best,-6.793483734130859,-4.926525592803955
169,best,-6.346228122711182,-4.417564868927002
170,best,-6.650299072265625,-4.796942234039307
171,best,-4.831358909606934,-3.461622953414917
172,best,-5.892759799957275,-4.073830604553223
173,best,-6.6165452003479,-5.133457660675049
174,best,-7.7454986572265625,-5.918216228485107
175,best,-6.044502258300781,-4.296645164489746
176,best,-7.241419792175293,-5.3946990966796875
177,best,-6.219598293304443,-4.853292942047119
178,best,-6.1067938804626465,-4.754303932189941
179,best,-6.130406379699707,-3.9733924865722656
180,best,-6.03709602355957,-4.282705307006836
181,best,-3.8052453994750977,-3.017019748687744
182,best,-4.197175025939941,-3.6794183254241943
183,best,-4.517277240753174,-3.8456051349639893
184,best,-4.930143356323242,-4.198695659637451
185,best,-6.18126106262207,-4.432955265045166
186,best,-6.968312740325928,-5.106977939605713
187,best,-5.875664234161377,-4.717617988586426
188,best,-3.61557674407959,-2.884821891784668
189,best,-5.512552738189697,-4.886131286621094
190,best,-4.4575910568237305,-3.628180503845215
191,best,-6.03709602355957,-4.282705307006836
192,best,-5.366334438323975,-4.725228786468506
193,best,-6.5512471199035645,-4.901445388793945
194,best,-5.775665283203125,-5.188643455505371
195,best,-6.000715255737305,-5.241418361663818
196,best,-5.681135177612305,-5.082389831542969
197,best,-4.952752113342285,-3.7104291915893555
198,best,-6.868281364440918,-5.0592851638793945
199,best,-4.539461135864258,-3.9176907539367676
200,best,-4.2384467124938965,-2.970876932144165
201,best,-6.493443965911865,-5.2698893547058105
202,best,-5.743652820587158,-3.99932599067688
203,best,-4.691238880157471,-3.33349871635437
204,best,-4.691238880157471,-3.33349871635437
205,best,-4.5048041343688965,-3.4560256004333496
206,best,-6.107143878936768,-4.582465171813965
207,best,-6.3986735343933105,-5.236729145050049
208,best,-4.691238880157471,-3.33349871635437
209,best,-4.5048041343688965,-3.4560256004333496
210,best,-4.889260768890381,-3.8970465660095215
211,best,-5.450512409210205,-3.908207416534424
212,best,-5.450512409210205,-3.908207416534424
213,best,-5.849074840545654,-4.324360370635986
214,best,-4.889260768890381,-3.8970465660095215
215,best,-6.511682033538818,-4.757872581481934
216,best,-6.271830081939697,-4.743290424346924
217,best,-6.875358581542969,-5.237845420837402
218,best,-4.850790500640869,-3.703068256378174
219,best,-3.089670181274414,-2.2013297080993652
220,best,-4.487745761871338,-3.5960333347320557
221,best,-3.8978631496429443,-3.074362277984619
222,best,-5.116823673248291,-4.413210868835449
223,best,-5.205597877502441,-4.484926700592041
224,best,-5.627068042755127,-4.792590141296387
225,best,-5.716538429260254,-4.955402851104736
226,best,-5.48472261428833,-4.965364456176758
227,best,-5.041974067687988,-4.234209060668945
228,best,-5.688152313232422,-4.879372596740723
229,best,-5.716538429260254,-4.955402851104736
230,best,-6.025993347167969,-5.194031238555908
231,best,-3.9168663024902344,-3.445218086242676
232,best,-5.29423189163208,-4.425921440124512
233,best,-5.825087547302246,-4.803959846496582
234,best,-6.317326545715332,-5.288188457489014
235,best,-5.599062442779541,-4.953943729400635
236,best,-4.475484848022461,-3.9630813598632812
237,best,-4.558497905731201,-3.992647409439087
238,best,-6.127452373504639,-5.071170330047607
239,best,-4.980804920196533,-4.2915358543396
240,best,-4.421936988830566,-3.683990478515625
241,best,-4.760385990142822,-3.961127996444702
242,best,-6.3390350341796875,-5.126780033111572
243,best,-5.685385704040527,-4.885721206665039
244,best,-5.894834041595459,-4.67889404296875
245,best,-6.603921413421631,-5.465183258056641
246,best,-6.073718547821045,-4.809561729431152
247,best,-5.850490570068359,-5.075056552886963
248,best,-5.941588878631592,-5.039435863494873
249,best,-5.888003826141357,-4.772967338562012
250,best,-5.706812858581543,-4.580388069152832
251,best,-4.658354759216309,-3.74700665473938
252,best,-4.385623931884766,-3.7458295822143555
253,best,-5.260427951812744,-4.303256988525391
254,best,-4.715978145599365,-4.062224864959717
255,best,-6.31017541885376,-5.258483409881592
256,best,-6.3768792152404785,-5.396340847015381
257,best,-6.1283345222473145,-5.001157760620117
258,best,-4.801486968994141,-3.8307528495788574
259,best,-3.813627243041992,-3.240476369857788
260,best,-6.028060436248779,-5.227689266204834
261,best,-5.374438762664795,-4.695373058319092
262,best,-4.926599502563477,-4.2276201248168945
263,best,-5.884152889251709,-5.404027938842773
264,best,-5.271673202514648,-4.675210475921631
265,best,-5.559065341949463,-5.348659038543701
266,best,-5.272433757781982,-4.513145446777344
267,best,-4.147467613220215,-3.6224567890167236
268,best,-5.317714214324951,-4.853079795837402
269,best,-6.619736194610596,-5.158809661865234
270,best,-5.725053787231445,-5.061709880828857
271,best,-4.428220748901367,-3.430854082107544
272,best,-4.877997398376465,-4.547137260437012
273,best,-4.496655464172363,-3.9162967205047607
274,best,-6.493476867675781,-5.619093894958496
275,best,-4.117669105529785,-3.7072441577911377
276,best,-4.933557987213135,-3.7341599464416504
277,best,-4.1306610107421875,-3.6979317665100098
278,best,-5.475537300109863,-5.1429362297058105
279,best,-4.805227756500244,-4.115080833435059
280,best,-8.02757740020752,-6.267480373382568
281,best,-5.082396507263184,-4.576968193054199
282,best,-6.966959476470947,-5.771246910095215
283,best,-7.259608268737793,-6.039641380310059
284,best,-5.096648216247559,-4.336395263671875
285,best,-4.7892937660217285,-4.03188419342041
286,best,-7.270552635192871,-6.3780131340026855
287,best,-5.8709635734558105,-5.156366348266602
288,best,-6.318100929260254,-5.049765586853027
289,best,-5.167050361633301,-4.550380706787109
290,best,-6.763804912567139,-6.163820743560791
291,best,-7.163203239440918,-6.236879348754883
292,best,-6.79233980178833,-6.126644611358643
293,best,-7.096937656402588,-6.1788506507873535
294,best,-4.856451988220215,-4.320773124694824
295,best,-6.000007629394531,-5.320021629333496
296,best,-5.8520636558532715,-4.511986255645752
297,best,-8.073594093322754,-6.442800521850586
298,best,-6.4167046546936035,-5.683235168457031
299,best,-7.058163166046143,-6.190644264221191
300,best,-5.4259819984436035,-4.626385688781738
301,best,-6.164307594299316,-5.229039192199707
302,best,-4.479959011077881,-3.8157825469970703
303,best,-6.3070478439331055,-5.243966102600098
304,best,-5.66987943649292,-4.757602214813232
305,best,-6.551493167877197,-5.171542167663574
306,best,-7.897401809692383,-6.178625106811523
307,best,-5.103480815887451,-4.165841102600098
308,best,-4.595314025878906,-3.807325601577759
309,best,-5.230617523193359,-3.8750901222229004
310,best,-7.604676723480225,-6.136472702026367
311,best,-5.375807762145996,-4.478508472442627
312,best,-6.083649158477783,-5.096704006195068
313,best,-5.22355318069458,-4.4220805168151855
314,best,-5.419236660003662,-4.368098258972168
315,best,-5.229924201965332,-4.318068504333496
316,best,-4.367350101470947,-3.6473307609558105
317,best,-6.105450630187988,-5.352771282196045
318,best,-4.963657855987549,-4.122647285461426
319,best,-7.104707717895508,-5.518014430999756
320,best,-4.042290687561035,-3.3783836364746094
321,best,-4.798123836517334,-4.014134407043457
322,best,-6.497159004211426,-5.3062968254089355
323,best,-4.4767231941223145,-3.4531760215759277
324,best,-6.214691162109375,-5.235768795013428
325,best,-5.7002058029174805,-4.488439559936523
326,best,-5.3881120681762695,-4.55649995803833
327,best,-6.440979957580566,-5.439708232879639
328,best,-3.832641124725342,-3.4723663330078125
329,best,-4.715091228485107,-3.711359739303589
330,best,-5.276888370513916,-4.451256275177002
331,best,-6.140976428985596,-5.066657066345215
332,best,-6.0587544441223145,-4.943077564239502
333,best,-5.526195049285889,-4.635497093200684
334,best,-4.265606880187988,-3.5004711151123047
335,best,-4.730096340179443,-3.970801830291748
336,best,-5.81351375579834,-4.72526216506958
337,best,-4.884467601776123,-4.0040459632873535
338,best,-3.7692277431488037,-2.9951248168945312
339,best,-5.294407367706299,-4.122664451599121
340,best,-4.223423957824707,-3.6649246215820312
341,best,-7.679355621337891,-6.0857834815979
342,best,-6.9645586013793945,-5.403195858001709
343,best,-6.563035488128662,-5.171178340911865
344,best,-6.065633296966553,-5.3361053466796875
345,best,-5.10205078125,-4.220641613006592
346,best,-7.21285343170166,-5.205541133880615
347,best,-5.988834381103516,-4.243127346038818
348,best,-7.406144142150879,-5.980799198150635
349,best,-5.827762603759766,-5.178832054138184
350,best,-6.106253147125244,-4.989101409912109
351,best,-8.232622146606445,-6.736494541168213
352,best,-7.249471664428711,-6.154354095458984
353,best,-7.810931205749512,-6.448781967163086
354,best,-4.879217147827148,-4.04709005355835
355,best,-6.987842082977295,-5.923332691192627
356,best,-8.06083869934082,-6.819004058837891
357,best,-7.499067783355713,-6.123645782470703
358,best,-5.902433395385742,-4.958934307098389
359,best,-7.0883917808532715,-6.1745452880859375
360,best,-6.08035135269165,-5.175320148468018
361,best,-7.534063816070557,-5.653083324432373
362,best,-5.068680286407471,-4.358241558074951
363,best,-4.552019119262695,-4.143235206604004
364,best,-3.8370041847229004,-3.2338078022003174
365,best,-4.791833400726318,-3.8776228427886963
366,best,-5.315497398376465,-4.660721302032471
367,best,-5.371585845947266,-4.711458206176758
368,best,-6.872342109680176,-5.862267017364502
369,best,-8.333563804626465,-6.783731460571289
370,best,-6.043642997741699,-5.07761812210083
371,best,-7.785506248474121,-6.510267734527588
372,best,-7.4026198387146,-5.789930820465088
373,best,-8.246915817260742,-6.786149501800537
374,best,-4.705788612365723,-4.234212398529053
375,best,-4.715988636016846,-4.021569728851318
376,best,-4.27600622177124,-3.8354413509368896
377,best,-7.534063816070557,-5.653083324432373
378,best,-4.552019119262695,-4.143235206604004
379,best,-6.7044997215271,-5.9675703048706055
380,best,-5.316863059997559,-5.013704776763916
381,best,-6.586003303527832,-5.466383457183838
382,best,-5.803609848022461,-5.504937648773193
383,best,-7.135882377624512,-6.253623008728027
384,best,-4.916316032409668,-4.409159183502197
385,best,-5.115859508514404,-4.805127143859863
386,best,-5.878493309020996,-5.161746025085449
387,best,-6.78987455368042,-5.632925033569336
388,best,-6.475274085998535,-6.021369457244873
389,best,-4.997534275054932,-4.318258762359619
390,best,-4.290085315704346,-4.534264087677002
391,best,-6.762786865234375,-6.0354204177856445
392,best,-6.058722496032715,-5.376966953277588
393,best,-6.905979633331299,-5.96312141418457
394,best,-5.873920440673828,-5.194809436798096
395,best,-7.5169806480407715,-6.957658290863037
396,best,-6.5447821617126465,-5.834062576293945
397,best,-5.099320411682129,-4.516261100769043
398,best,-5.460762977600098,-4.853333473205566
399,best,-5.316651344299316,-4.711668968200684
400,best,-7.249978542327881,-6.094607353210449
401,best,-6.9916510581970215,-5.97642707824707
402,best,-8.185873031616211,-7.139301776885986
403,best,-6.39877986907959,-5.573226451873779
404,best,-6.817283630371094,-5.251391887664795
405,best,-5.761014461517334,-5.322146892547607
406,best,-8.400259971618652,-6.707343578338623
407,best,-8.009414672851562,-6.730973720550537
408,best,-6.080102920532227,-5.391246795654297
409,best,-6.283541202545166,-5.106446266174316
410,best,-5.255237579345703,-4.2811760902404785
411,best,-7.42709493637085,-5.930115222930908
412,best,-6.978137969970703,-6.516717910766602
413,best,-5.852718353271484,-5.246347904205322
414,best,-6.6772942543029785,-5.978095054626465
415,best,-6.8309783935546875,-5.983728408813477
416,best,-8.143043518066406,-6.934554576873779
417,best,-7.445021629333496,-6.605205535888672
418,best,-7.545183181762695,-6.3044962882995605
419,best,-6.398779392242432,-5.573226451873779
420,best,-5.812122344970703,-5.26649284362793
421,best,-5.208702564239502,-4.839516639709473
422,best,-6.065206527709961,-5.440171241760254
423,best,-5.596645832061768,-5.242824554443359
424,best,-5.5460615158081055,-4.86155366897583
425,best,-6.895527362823486,-5.747646331787109
426,best,-7.380904674530029,-6.25123405456543
427,best,-8.038064956665039,-6.586411476135254
428,best,-7.508545875549316,-6.717226505279541
429,best,-4.937615394592285,-4.59688138961792
430,best,-7.60642671585083,-6.633515357971191
431,best,-5.501086711883545,-4.822981834411621
432,best,-5.418257713317871,-4.743189334869385
433,best,-6.653007507324219,-5.467978000640869
434,best,-6.9825263023376465,-6.070405960083008
435,best,-5.26429557800293,-4.312079429626465
436,best,-4.970806121826172,-4.637944221496582
437,best,-4.89939546585083,-4.14471435546875
438,best,-4.970122337341309,-4.3506646156311035
439,best,-6.087191581726074,-5.333024501800537
440,best,-6.431953430175781,-4.9607086181640625
441,best,-4.086408615112305,-3.427840232849121
442,best,-5.488889217376709,-4.895092010498047
443,best,-5.664191246032715,-4.800073623657227
444,best,-5.692124843597412,-4.1903486251831055
445,best,-6.512076377868652,-5.60910701751709
446,best,-6.868534088134766,-6.030323028564453
447,best,-7.070964813232422,-5.921143531799316
448,best,-5.654292106628418,-4.468463897705078
449,best,-4.707943439483643,-4.2529072761535645
450,best,-6.0693278312683105,-5.102175235748291
451,best,-6.404587745666504,-5.216543197631836
452,best,-6.545886516571045,-4.970091819763184
453,best,-5.113365650177002,-3.9741697311401367
454,best,-5.213150978088379,-4.590408802032471
455,best,-6.197035312652588,-5.507184028625488
456,best,-5.437023639678955,-4.940587997436523
457,best,-5.194931507110596,-3.9806740283966064
458,best,-4.340500354766846,-3.4633190631866455
459,best,-5.021190643310547,-4.661269187927246
460,best,-5.749619483947754,-4.724587917327881
461,best,-4.0300612449646,-3.972135066986084
462,best,-4.127176761627197,-4.048417091369629
463,best,-5.160845756530762,-5.031113624572754
464,best,-5.283731937408447,-5.041839599609375
465,best,-4.957257270812988,-4.8382768630981445
466,best,-4.432163238525391,-4.312074661254883
467,best,-4.487816333770752,-4.333553314208984
468,best,-5.0289459228515625,-5.059163570404053
469,best,-4.614787578582764,-4.548106670379639
470,best,-5.584990978240967,-5.120409965515137
471,best,-5.914913177490234,-5.333500385284424
472,best,-5.158798694610596,-5.04662561416626
473,best,-5.084280014038086,-4.795382499694824
474,best,-4.557860374450684,-4.442634582519531
475,best,-4.379342079162598,-4.582011699676514
476,best,-3.85408616065979,-3.9828104972839355
477,best,-4.54869270324707,-4.4765729904174805
478,best,-4.5365424156188965,-4.353361129760742
479,best,-4.359692573547363,-4.36086368560791
480,best,-4.05126953125,-3.951272964477539
481,best,-4.210525989532471,-4.101465702056885
482,best,-5.40918493270874,-5.0671892166137695
483,best,-4.119741916656494,-3.910078525543213
484,best,-3.227745771408081,-3.0794169902801514
485,best,-4.857048988342285,-4.713632106781006
486,best,-4.857048988342285,-4.713632106781006
487,best,-5.312981605529785,-5.009608745574951
488,best,-3.4781041145324707,-3.3914551734924316
489,best,-4.937373638153076,-3.99833083152771
490,best,-5.747682094573975,-5.322582721710205
491,best,-7.269820213317871,-6.557979583740234
492,best,-4.857048988342285,-4.713632106781006
493,best,-3.669431209564209,-3.61442494392395
494,best,-4.149230003356934,-4.032242298126221
495,best,-4.866814613342285,-3.857609987258911
496,best,-3.19710111618042,-3.2611243724823
497,best,-4.590208530426025,-4.273782253265381
498,best,-3.669431209564209,-3.61442494392395
499,best,-4.4511613845825195,-3.432525396347046
500,best,-4.345767498016357,-4.761335372924805
501,best,-3.8071787357330322,-4.327717304229736
502,best,-4.441257476806641,-4.773997783660889
503,best,-6.22792911529541,-6.570011138916016
504,best,-3.7768218517303467,-3.8660624027252197
505,best,-4.614149570465088,-4.931386947631836
506,best,-4.842355251312256,-4.31038761138916
507,best,-6.462994575500488,-6.587258815765381
508,best,-4.504328727722168,-4.877443313598633
509,best,-3.519357919692993,-3.9131996631622314
510,best,-5.506961822509766,-4.997089385986328
511,best,-5.802848815917969,-6.077574253082275
512,best,-4.950162887573242,-5.079287052154541
513,best,-5.243161678314209,-5.165471076965332
514,best,-4.791393756866455,-5.025564670562744
515,best,-5.145946979522705,-4.295216083526611
516,best,-5.572395324707031,-5.82449197769165
517,best,-3.115077018737793,-3.5212738513946533
518,best,-5.515862464904785,-5.664721965789795
519,best,-6.559606075286865,-6.756449222564697
520,best,-5.584216117858887,-5.364065170288086
521,best,-5.447065353393555,-5.107300758361816
522,best,-5.717249870300293,-5.236758232116699
523,best,-5.824623107910156,-5.424355983734131
524,best,-3.5779671669006348,-3.3605380058288574
525,best,-6.163200855255127,-5.936124324798584
526,best,-3.946324110031128,-3.7672362327575684
527,best,-4.761452674865723,-4.664419174194336
528,best,-7.3128485679626465,-6.573357582092285
529,best,-5.780216217041016,-5.265345096588135
530,best,-4.280677795410156,-4.2965497970581055
531,best,-6.82047176361084,-6.412886619567871
532,best,-5.828131198883057,-4.33722448348999
533,best,-6.583807945251465,-6.1650309562683105
534,best,-6.241957187652588,-4.752170085906982
535,best,-4.25821590423584,-4.319404602050781
536,best,-3.898829936981201,-3.6003198623657227
537,best,-6.82047176361084,-6.412886619567871
538,best,-4.325331687927246,-4.126994609832764
539,best,-5.211752891540527,-5.204768657684326
540,best,-4.803337574005127,-4.744307041168213
541,best,-4.312934398651123,-4.064691066741943
542,best,-4.9736175537109375,-4.897036552429199
543,best,-4.744167327880859,-4.609848499298096
544,best,-5.060075283050537,-4.778291702270508
545,best,-5.153990268707275,-4.648199081420898
546,best,-4.990780353546143,-4.3689775466918945
547,best,-5.225384712219238,-4.92732572555542
548,best,-4.175807476043701,-3.8498308658599854
549,best,-5.361474990844727,-4.890438079833984
550,best,-5.64152717590332,-5.254883766174316
551,best,-6.012472629547119,-5.771940231323242
552,best,-5.2450995445251465,-4.893606185913086
553,best,-5.724493980407715,-5.364642143249512
554,best,-6.2712082862854,-5.605626583099365
555,best,-5.898601531982422,-5.50151252746582
556,best,-4.436995983123779,-4.051632404327393
557,best,-5.229304790496826,-5.208618640899658
558,best,-3.844306707382202,-3.5675859451293945
559,best,-4.657684803009033,-4.6236090660095215
560,best,-5.4423346519470215,-4.706940174102783
561,best,-5.135263442993164,-4.70610237121582
562,best,-6.1797990798950195,-5.591325759887695
563,best,-4.925302505493164,-4.901636123657227
564,best,-6.161167144775391,-5.6407060623168945
565,best,-4.232707500457764,-3.8565375804901123
566,best,-4.694052696228027,-4.347261905670166
567,best,-5.601764678955078,-4.940670967102051
568,best,-4.359350681304932,-3.23699688911438
569,best,-5.5621137619018555,-5.181975364685059
570,best,-5.344482898712158,-4.7981085777282715
571,best,-5.103135585784912,-4.549175262451172
572,best,-4.91898775100708,-4.183682441711426
573,best,-6.4444499015808105,-6.1728363037109375
574,best,-3.7417759895324707,-3.8446099758148193
575,best,-4.597792625427246,-4.185603618621826
576,best,-3.889392852783203,-4.049795627593994
577,best,-3.414919853210449,-3.354243040084839
578,best,-3.8677589893341064,-3.8298251628875732
579,best,-4.328582286834717,-4.02096700668335
580,best,-3.92305064201355,-3.555881977081299
581,best,-5.101622104644775,-4.071150302886963
582,best,-4.741175174713135,-3.9408035278320312
583,best,-5.614776611328125,-4.481953144073486
584,best,-4.442141056060791,-3.976339817047119
585,best,-4.121302127838135,-3.4489612579345703
586,best,-3.5820090770721436,-2.993135929107666
587,best,-5.229214191436768,-4.196867942810059
588,best,-3.8759706020355225,-3.399315595626831
589,best,-4.862036228179932,-3.9662187099456787
590,best,-5.485738277435303,-4.6832098960876465
591,best,-5.579148769378662,-4.948421001434326
592,best,-5.067271709442139,-4.100002765655518
593,best,-4.8499836921691895,-4.139483451843262
594,best,-3.483945608139038,-2.91776704788208
595,best,-5.05875825881958,-4.171839714050293
596,best,-3.8646152019500732,-3.280596971511841
597,best,-3.636449098587036,-3.4038944244384766
598,best,-6.209346771240234,-5.057230472564697
599,best,-3.8233273029327393,-3.4091103076934814
600,best,-5.041728496551514,-4.102217674255371
601,best,-5.8154296875,-4.751331806182861
602,best,-5.149795055389404,-4.270141124725342
603,best,-6.1896209716796875,-5.0569024085998535
604,best,-5.041728496551514,-4.102217674255371
605,best,-3.1988070011138916,-2.4292657375335693
606,best,-4.778316974639893,-3.763974666595459
607,best,-5.068521976470947,-4.142560958862305
608,best,-4.1860671043396,-3.3431529998779297
609,best,-5.629324436187744,-4.603298664093018
610,best,-4.298449993133545,-3.536468505859375
611,best,-5.149796009063721,-4.270141124725342
612,best,-4.096061706542969,-3.3087611198425293
613,best,-3.7831733226776123,-2.9662113189697266
614,best,-3.173457145690918,-2.384199380874634
615,best,-3.9528567790985107,-3.1107869148254395
616,best,-5.098565578460693,-4.215268135070801
617,best,-5.866693019866943,-4.571641445159912
618,best,-4.9780731201171875,-4.091495037078857
619,best,-5.940309524536133,-4.778930187225342
620,best,-4.420077800750732,-3.9500622749328613
621,best,-5.882037162780762,-5.038767337799072
622,best,-6.647881031036377,-5.995912075042725
623,best,-3.9824917316436768,-3.728677272796631
624,best,-4.204665184020996,-4.003505229949951
625,best,-5.714860916137695,-5.259081840515137
626,best,-5.989564418792725,-5.580679416656494
627,best,-4.251765727996826,-3.5876495838165283
628,best,-4.357278823852539,-3.558793067932129
629,best,-6.382040500640869,-5.763752460479736
630,best,-6.440120697021484,-4.9138946533203125
631,best,-5.693001747131348,-5.036043167114258
632,best,-3.92301607131958,-3.6701862812042236
633,best,-3.9981160163879395,-3.551863431930542
634,best,-4.57474946975708,-3.997544527053833
635,best,-3.6411497592926025,-3.3552627563476562
636,best,-4.7262396812438965,-4.214324474334717
637,best,-4.695398807525635,-4.069884300231934
638,best,-4.990451812744141,-4.809312343597412
639,best,-4.674401760101318,-3.679983139038086
640,best,-5.65255880355835,-4.0637617111206055
641,best,-5.694008827209473,-4.914129257202148
642,best,-4.5668768882751465,-3.7405734062194824
643,best,-5.170428276062012,-4.58809232711792
644,best,-5.486022472381592,-5.231492042541504
645,best,-6.144234657287598,-4.9008588790893555
646,best,-6.935679912567139,-5.586627006530762
647,best,-4.326602458953857,-3.8790013790130615
648,best,-6.9664082527160645,-5.126245975494385
649,best,-5.770776748657227,-4.855810642242432
650,best,-6.796683311462402,-5.946561336517334
651,best,-5.026050090789795,-4.490373611450195
652,best,-5.067492961883545,-4.460738182067871
653,best,-4.82818603515625,-4.07480525970459
654,best,-4.729452133178711,-4.449655055999756
655,best,-7.1431050300598145,-5.761425018310547
656,best,-6.732367038726807,-5.736088275909424
657,best,-6.318534851074219,-4.917780876159668
658,best,-6.635876178741455,-5.268381595611572
659,best,-5.23630952835083,-4.5335845947265625
660,best,-6.278472423553467,-4.975520610809326
661,best,-4.106000900268555,-3.510908603668213
662,best,-6.236791133880615,-5.120683670043945
663,best,-6.09431791305542,-5.1585516929626465
664,best,-4.51177453994751,-4.128689289093018
665,best,-5.342964172363281,-4.692417621612549
666,best,-3.9639439582824707,-3.3945436477661133
667,best,-4.730962753295898,-3.945600748062134
668,best,-4.414708137512207,-4.0120530128479
669,best,-3.7772536277770996,-3.459378957748413
670,best,-6.3811163902282715,-5.139711380004883
671,best,-4.907956600189209,-3.7836241722106934
672,best,-5.0732197761535645,-4.318856716156006
673,best,-4.87928581237793,-4.446828365325928
674,best,-6.381115913391113,-5.139711380004883
675,best,-5.536685943603516,-5.217287063598633
676,best,-6.556381702423096,-5.541501522064209
677,best,-4.936137676239014,-4.496857166290283
678,best,-5.185639381408691,-4.691288471221924
679,best,-5.714001655578613,-5.301211357116699
680,best,-5.107983589172363,-3.976652145385742
681,best,-4.297099590301514,-3.5980019569396973
682,best,-5.2486090660095215,-4.307527542114258
683,best,-5.396040439605713,-4.5787129402160645
684,best,-4.102591514587402,-3.0895957946777344
685,best,-3.83252215385437,-3.085583209991455
686,best,-4.671353340148926,-3.6353678703308105
687,best,-3.833479642868042,-3.3108339309692383
688,best,-4.764764308929443,-3.923121452331543
689,best,-5.624378681182861,-4.686399459838867
690,best,-5.174495697021484,-4.266799449920654
691,best,-4.03144645690918,-3.4883110523223877
692,best,-5.34224796295166,-4.303546905517578
693,best,-4.086185455322266,-3.4123024940490723
694,best,-5.791839599609375,-4.823799133300781
695,best,-5.05300235748291,-4.271884918212891
696,best,-6.066493511199951,-5.208346366882324
697,best,-4.0351738929748535,-3.168971061706543
698,best,-5.180554389953613,-4.410287857055664
699,best,-4.755767822265625,-3.6303656101226807
