item_id,model_state,dative,score
1,initial,pp,-8.11269474029541
2,initial,pp,-8.667838096618652
3,initial,pp,-7.856016159057617
4,initial,pp,-8.000362396240234
5,initial,pp,-7.5916595458984375
6,initial,pp,-7.962335586547852
7,initial,pp,-8.055885314941406
8,initial,pp,-7.7343831062316895
9,initial,pp,-6.2865309715271
10,initial,pp,-7.998485565185547
11,initial,pp,-6.480066299438477
12,initial,pp,-5.862200736999512
13,initial,pp,-7.8580546379089355
14,initial,pp,-6.179819583892822
15,initial,pp,-8.00117015838623
16,initial,pp,-7.7343831062316895
17,initial,pp,-8.021628379821777
18,initial,pp,-6.956422328948975
19,initial,pp,-8.133490562438965
20,initial,pp,-6.657194137573242
21,initial,pp,-7.759811878204346
22,initial,pp,-6.807317733764648
23,initial,pp,-8.10470199584961
24,initial,pp,-8.601910591125488
25,initial,pp,-8.403564453125
26,initial,pp,-7.853918075561523
27,initial,pp,-8.005745887756348
28,initial,pp,-7.774473190307617
29,initial,pp,-7.842419147491455
30,initial,pp,-8.460147857666016
31,initial,pp,-8.123481750488281
32,initial,pp,-8.601910591125488
33,initial,pp,-7.739021301269531
34,initial,pp,-8.69591999053955
35,initial,pp,-6.293493270874023
36,initial,pp,-6.624264717102051
37,initial,pp,-7.842419147491455
38,initial,pp,-6.586838245391846
39,initial,pp,-8.621646881103516
40,initial,pp,-8.091780662536621
41,initial,pp,-7.27419900894165
42,initial,pp,-7.653317451477051
43,initial,pp,-6.822628498077393
44,initial,pp,-8.219490051269531
45,initial,pp,-7.9418864250183105
46,initial,pp,-7.618851184844971
47,initial,pp,-8.1828031539917
48,initial,pp,-6.718891620635986
49,initial,pp,-7.367428779602051
50,initial,pp,-7.170624256134033
51,initial,pp,-7.716287612915039
52,initial,pp,-6.822049140930176
53,initial,pp,-7.6441330909729
54,initial,pp,-7.680309295654297
55,initial,pp,-7.436916351318359
56,initial,pp,-6.067457675933838
57,initial,pp,-5.9680681228637695
58,initial,pp,-7.538853645324707
59,initial,pp,-7.661949157714844
60,initial,pp,-7.842537879943848
61,initial,pp,-8.53522777557373
62,initial,pp,-7.707583904266357
63,initial,pp,-8.79128646850586
64,initial,pp,-8.666707038879395
65,initial,pp,-7.510909080505371
66,initial,pp,-8.344286918640137
67,initial,pp,-6.4333086013793945
68,initial,pp,-8.148241996765137
69,initial,pp,-8.984851837158203
70,initial,pp,-8.023222923278809
71,initial,pp,-5.964957237243652
72,initial,pp,-8.433833122253418
73,initial,pp,-8.556281089782715
74,initial,pp,-8.958744049072266
75,initial,pp,-7.860626697540283
76,initial,pp,-7.5583271980285645
77,initial,pp,-6.883269786834717
78,initial,pp,-6.819163799285889
79,initial,pp,-7.172176361083984
80,initial,pp,-8.802668571472168
81,initial,pp,-7.86140775680542
82,initial,pp,-6.736867427825928
83,initial,pp,-7.195838928222656
84,initial,pp,-6.292468070983887
85,initial,pp,-6.736867427825928
86,initial,pp,-6.4893999099731445
87,initial,pp,-6.927633762359619
88,initial,pp,-6.078091144561768
89,initial,pp,-7.07625150680542
90,initial,pp,-6.20266056060791
91,initial,pp,-6.338547706604004
92,initial,pp,-8.550070762634277
93,initial,pp,-6.719690799713135
94,initial,pp,-6.573343753814697
95,initial,pp,-6.565612316131592
96,initial,pp,-6.255373001098633
97,initial,pp,-8.189226150512695
98,initial,pp,-8.270235061645508
99,initial,pp,-7.577295303344727
100,initial,pp,-7.458240032196045
101,initial,pp,-6.3621978759765625
102,initial,pp,-7.7820024490356445
103,initial,pp,-7.135642051696777
104,initial,pp,-6.876572608947754
105,initial,pp,-7.2780351638793945
106,initial,pp,-7.312958717346191
107,initial,pp,-6.85202693939209
108,initial,pp,-7.554783821105957
109,initial,pp,-7.11790132522583
110,initial,pp,-7.6584577560424805
111,initial,pp,-7.569483757019043
112,initial,pp,-7.269561290740967
113,initial,pp,-6.944715976715088
114,initial,pp,-6.299371719360352
115,initial,pp,-7.936157703399658
116,initial,pp,-6.682183742523193
117,initial,pp,-7.7269287109375
118,initial,pp,-6.550238609313965
119,initial,pp,-7.38179874420166
120,initial,pp,-8.21558666229248
121,initial,pp,-7.961248874664307
122,initial,pp,-8.497031211853027
123,initial,pp,-6.99501895904541
124,initial,pp,-8.04088020324707
125,initial,pp,-6.857844829559326
126,initial,pp,-8.184090614318848
127,initial,pp,-6.977179050445557
128,initial,pp,-8.45291805267334
129,initial,pp,-6.852230548858643
130,initial,pp,-6.950350284576416
131,initial,pp,-6.852230548858643
132,initial,pp,-8.497030258178711
133,initial,pp,-8.437870025634766
134,initial,pp,-7.585371494293213
135,initial,pp,-8.497030258178711
136,initial,pp,-8.18409252166748
137,initial,pp,-8.102936744689941
138,initial,pp,-5.8963847160339355
139,initial,pp,-7.9377899169921875
140,initial,pp,-7.9075026512146
141,initial,pp,-7.063102722167969
142,initial,pp,-7.005126953125
143,initial,pp,-7.5241498947143555
144,initial,pp,-7.7165961265563965
145,initial,pp,-6.524064064025879
146,initial,pp,-6.8192620277404785
147,initial,pp,-7.4063897132873535
148,initial,pp,-7.519993782043457
149,initial,pp,-6.666616916656494
150,initial,pp,-6.1667609214782715
151,initial,pp,-7.3216447830200195
152,initial,pp,-7.31974458694458
153,initial,pp,-7.48049259185791
154,initial,pp,-7.2281012535095215
155,initial,pp,-7.450933456420898
156,initial,pp,-6.72641134262085
157,initial,pp,-6.4535112380981445
158,initial,pp,-6.4219970703125
159,initial,pp,-7.6306939125061035
160,initial,pp,-7.599459648132324
161,initial,pp,-8.932686805725098
162,initial,pp,-7.544623374938965
163,initial,pp,-8.310260772705078
164,initial,pp,-7.005351543426514
165,initial,pp,-7.124233722686768
166,initial,pp,-5.423828125
167,initial,pp,-7.834923267364502
168,initial,pp,-9.120804786682129
169,initial,pp,-7.783219814300537
170,initial,pp,-6.486245632171631
171,initial,pp,-8.310260772705078
172,initial,pp,-6.362240314483643
173,initial,pp,-6.3639349937438965
174,initial,pp,-8.738137245178223
175,initial,pp,-7.124844551086426
176,initial,pp,-7.124233722686768
177,initial,pp,-8.487530708312988
178,initial,pp,-8.91488265991211
179,initial,pp,-5.987761497497559
180,initial,pp,-7.725916385650635
181,initial,pp,-6.781740665435791
182,initial,pp,-8.153202056884766
183,initial,pp,-6.245004653930664
184,initial,pp,-7.054861545562744
185,initial,pp,-6.731965065002441
186,initial,pp,-6.687331199645996
187,initial,pp,-6.039025783538818
188,initial,pp,-6.655121326446533
189,initial,pp,-6.797298431396484
190,initial,pp,-5.7835307121276855
191,initial,pp,-7.020020484924316
192,initial,pp,-6.268960475921631
193,initial,pp,-6.504827976226807
194,initial,pp,-6.535529136657715
195,initial,pp,-6.531728267669678
196,initial,pp,-6.204509258270264
197,initial,pp,-7.590715408325195
198,initial,pp,-6.615481376647949
199,initial,pp,-6.278395175933838
200,initial,pp,-8.103143692016602
201,initial,pp,-5.883976936340332
202,initial,pp,-5.951899528503418
203,initial,pp,-8.255099296569824
204,initial,pp,-7.483287334442139
205,initial,pp,-8.082125663757324
206,initial,pp,-7.482094764709473
207,initial,pp,-6.976413249969482
208,initial,pp,-6.460548400878906
209,initial,pp,-7.8242106437683105
210,initial,pp,-6.476902484893799
211,initial,pp,-7.1859540939331055
212,initial,pp,-6.688172340393066
213,initial,pp,-6.691768169403076
214,initial,pp,-7.410574913024902
215,initial,pp,-6.699470520019531
216,initial,pp,-5.749237537384033
217,initial,pp,-7.5712456703186035
218,initial,pp,-7.507236957550049
219,initial,pp,-7.390495300292969
220,initial,pp,-6.709206581115723
221,initial,do,-8.096720695495605
222,initial,do,-7.712441921234131
223,initial,do,-7.45769739151001
224,initial,do,-6.463946342468262
225,initial,do,-8.671300888061523
226,initial,do,-7.113669395446777
227,initial,do,-8.604915618896484
228,initial,do,-8.210634231567383
229,initial,do,-8.426192283630371
230,initial,do,-8.137250900268555
231,initial,do,-7.3893609046936035
232,initial,do,-8.166525840759277
233,initial,do,-7.674260139465332
234,initial,do,-8.210634231567383
235,initial,do,-6.284553050994873
236,initial,do,-6.983096599578857
237,initial,do,-7.934232234954834
238,initial,do,-7.919486999511719
239,initial,do,-7.9564008712768555
240,initial,do,-7.070428371429443
241,initial,do,-7.674260139465332
242,initial,do,-8.385252952575684
243,initial,do,-7.916213035583496
244,initial,do,-7.919486999511719
245,initial,do,-8.298447608947754
246,initial,do,-6.519676685333252
247,initial,do,-8.203903198242188
248,initial,do,-8.307415962219238
249,initial,do,-7.560196876525879
250,initial,do,-7.375594615936279
251,initial,do,-7.715167045593262
252,initial,do,-7.276937007904053
253,initial,do,-8.412026405334473
254,initial,do,-8.53570556640625
255,initial,do,-8.201743125915527
256,initial,do,-8.265371322631836
257,initial,do,-7.147467613220215
258,initial,do,-8.53570556640625
259,initial,do,-6.552731037139893
260,initial,do,-7.715167045593262
261,initial,do,-7.375594615936279
262,initial,do,-6.408146381378174
263,initial,do,-7.370610237121582
264,initial,pp,-7.407535552978516
265,initial,pp,-7.316483497619629
266,initial,pp,-6.864105224609375
267,initial,pp,-6.201634883880615
268,initial,pp,-7.403717041015625
269,initial,pp,-6.848665237426758
270,initial,pp,-7.46976375579834
271,initial,pp,-7.902538776397705
272,initial,pp,-7.776968002319336
273,initial,pp,-7.547857284545898
274,initial,pp,-7.180061340332031
275,initial,pp,-7.261452674865723
276,initial,pp,-7.197214126586914
277,initial,pp,-7.902538776397705
278,initial,pp,-6.004724979400635
279,initial,pp,-6.590775966644287
280,initial,pp,-7.2618303298950195
281,initial,pp,-7.152904510498047
282,initial,pp,-7.467106819152832
283,initial,pp,-6.701941967010498
284,initial,do,-7.260841369628906
285,initial,do,-7.1080827713012695
286,initial,do,-8.329675674438477
287,initial,do,-7.434513568878174
288,initial,do,-7.930241107940674
289,initial,do,-6.685902118682861
290,initial,do,-7.0846099853515625
291,initial,do,-8.358957290649414
292,initial,do,-7.930241107940674
293,initial,do,-7.793003559112549
294,initial,do,-6.742873191833496
295,initial,do,-7.549448490142822
296,initial,do,-6.470770835876465
297,initial,do,-8.143793106079102
298,initial,do,-7.841919898986816
299,initial,do,-7.675620079040527
300,initial,do,-7.73436975479126
301,initial,do,-7.0127668380737305
302,initial,do,-7.526200294494629
303,initial,do,-7.280196666717529
304,initial,do,-6.8095550537109375
305,initial,do,-7.0846099853515625
306,initial,do,-8.064709663391113
307,initial,do,-7.003079414367676
308,initial,do,-7.434513568878174
309,initial,do,-6.801147937774658
310,initial,do,-6.393210411071777
311,initial,do,-7.891415596008301
312,initial,do,-7.434513568878174
313,initial,do,-8.717621803283691
314,initial,do,-6.844090938568115
315,initial,do,-8.16635799407959
316,initial,do,-7.943914890289307
317,initial,do,-8.27121639251709
318,initial,do,-6.393210411071777
319,initial,do,-7.0127668380737305
320,initial,do,-6.760824203491211
321,initial,do,-6.925082206726074
322,initial,do,-8.329675674438477
323,initial,do,-8.324620246887207
324,initial,do,-7.8689470291137695
325,initial,do,-8.252098083496094
326,initial,do,-7.250716209411621
327,initial,pp,-7.133465766906738
328,initial,pp,-6.873810291290283
329,initial,pp,-7.908550262451172
330,initial,pp,-7.15810489654541
331,initial,pp,-7.361703395843506
332,initial,pp,-6.471528053283691
333,initial,pp,-6.950180530548096
334,initial,pp,-8.132749557495117
335,initial,pp,-7.361703395843506
336,initial,pp,-7.22591495513916
337,initial,pp,-6.466861724853516
338,initial,pp,-6.853187084197998
339,initial,pp,-6.414802551269531
340,initial,pp,-7.452077865600586
341,initial,pp,-7.309012413024902
342,initial,pp,-7.251708984375
343,initial,pp,-7.405689239501953
344,initial,pp,-6.972324371337891
345,initial,pp,-7.15895938873291
346,initial,pp,-7.093149185180664
347,initial,do,-6.722262859344482
348,initial,do,-5.889671325683594
349,initial,do,-6.777548313140869
350,initial,do,-6.322612762451172
351,initial,do,-6.769197463989258
352,initial,do,-6.112598896026611
353,initial,do,-6.904738903045654
354,initial,do,-6.392056465148926
355,initial,do,-6.781991958618164
356,initial,do,-6.408075332641602
357,initial,do,-7.125699520111084
358,initial,do,-7.101573467254639
359,initial,do,-6.451633930206299
360,initial,do,-6.5431060791015625
361,initial,do,-6.568948745727539
362,initial,do,-6.6593546867370605
363,initial,do,-6.501540184020996
364,initial,do,-7.120571613311768
365,initial,do,-6.7800679206848145
366,initial,do,-6.004870891571045
367,initial,do,-6.446291446685791
368,initial,do,-6.09486198425293
369,initial,do,-6.649771213531494
370,initial,do,-5.509416580200195
371,initial,do,-6.521401882171631
372,initial,do,-7.81035852432251
373,initial,do,-6.284772872924805
374,initial,do,-6.931760787963867
375,initial,do,-5.6233744621276855
376,initial,do,-6.9605207443237305
377,initial,do,-6.224249839782715
378,initial,do,-6.636750221252441
379,initial,do,-6.700965881347656
380,initial,do,-6.6353583335876465
381,initial,do,-7.176480293273926
382,initial,do,-6.857571125030518
383,initial,do,-6.139033317565918
384,initial,do,-6.521401882171631
385,initial,do,-6.053814888000488
386,initial,do,-6.284772872924805
387,initial,do,-6.602750778198242
388,initial,do,-6.51043701171875
389,initial,do,-6.96060037612915
390,initial,pp,-6.651026725769043
391,initial,pp,-6.0473761558532715
392,initial,pp,-6.7716498374938965
393,initial,pp,-5.944277763366699
394,initial,pp,-6.823036193847656
395,initial,pp,-6.210953712463379
396,initial,pp,-7.028176784515381
397,initial,pp,-6.394607067108154
398,initial,pp,-6.838231086730957
399,initial,pp,-6.213580131530762
400,initial,pp,-7.236557960510254
401,initial,pp,-6.954862117767334
402,initial,pp,-6.280709743499756
403,initial,pp,-6.851041316986084
404,initial,pp,-6.735872745513916
405,initial,pp,-6.284133434295654
406,initial,pp,-6.82211971282959
407,initial,pp,-7.081020355224609
408,initial,pp,-6.77783727645874
409,initial,pp,-6.202617645263672
410,initial,do,-8.21168041229248
411,initial,do,-7.726265907287598
412,initial,do,-7.808840751647949
413,initial,do,-9.094347953796387
414,initial,do,-8.907556533813477
415,initial,do,-7.411890983581543
416,initial,do,-7.83162784576416
417,initial,do,-8.111944198608398
418,initial,do,-5.860233783721924
419,initial,do,-7.792986869812012
420,initial,do,-8.16490650177002
421,initial,do,-8.396923065185547
422,initial,do,-8.773797035217285
423,initial,do,-8.391877174377441
424,initial,do,-7.182644844055176
425,initial,do,-8.580801010131836
426,initial,do,-6.7802605628967285
427,initial,do,-8.056340217590332
428,initial,do,-7.2016072273254395
429,initial,do,-8.165928840637207
430,initial,do,-8.57900333404541
431,initial,do,-7.230297565460205
432,initial,do,-8.056340217590332
433,initial,do,-7.663852214813232
434,initial,do,-8.283331871032715
435,initial,do,-7.898494243621826
436,initial,do,-8.21005630493164
437,initial,do,-8.671640396118164
438,initial,do,-7.523688793182373
439,initial,do,-8.694836616516113
440,initial,do,-8.585675239562988
441,initial,do,-8.494869232177734
442,initial,do,-8.66294002532959
443,initial,do,-8.550080299377441
444,initial,do,-7.422334671020508
445,initial,do,-7.634949207305908
446,initial,do,-8.580801010131836
447,initial,do,-8.55661392211914
448,initial,do,-7.014835357666016
449,initial,do,-7.418248653411865
450,initial,do,-8.19395637512207
451,initial,do,-8.115365982055664
452,initial,do,-8.072528839111328
453,initial,pp,-7.630702972412109
454,initial,pp,-7.141988754272461
455,initial,pp,-7.082017421722412
456,initial,pp,-8.344205856323242
457,initial,pp,-8.290630340576172
458,initial,pp,-7.075246334075928
459,initial,pp,-7.261490821838379
460,initial,pp,-7.445352554321289
461,initial,pp,-5.989490509033203
462,initial,pp,-7.206107139587402
463,initial,pp,-7.980996131896973
464,initial,pp,-8.232404708862305
465,initial,pp,-8.260358810424805
466,initial,pp,-7.916688919067383
467,initial,pp,-6.823660373687744
468,initial,pp,-8.077167510986328
469,initial,pp,-6.293693542480469
470,initial,pp,-7.791878700256348
471,initial,pp,-6.948565483093262
472,initial,pp,-7.728923320770264
473,initial,pp,-7.426949501037598
474,initial,pp,-8.198698043823242
475,initial,pp,-7.35701322555542
476,initial,pp,-7.119039058685303
477,initial,pp,-6.330526828765869
478,initial,pp,-7.107900619506836
479,initial,pp,-6.720017433166504
480,initial,pp,-6.596408367156982
481,initial,pp,-7.229891300201416
482,initial,pp,-7.518197059631348
483,initial,pp,-6.486643314361572
484,initial,pp,-7.738412857055664
485,initial,pp,-7.791991233825684
486,initial,pp,-6.555698394775391
487,initial,pp,-7.6516289710998535
488,initial,pp,-6.748532772064209
489,initial,pp,-6.778471946716309
490,initial,pp,-7.666110515594482
491,initial,pp,-6.524423599243164
492,initial,pp,-7.167270183563232
493,initial,do,-8.302363395690918
494,initial,do,-7.709402561187744
495,initial,do,-8.256304740905762
496,initial,do,-8.832499504089355
497,initial,do,-10.191819190979004
498,initial,do,-6.0552873611450195
499,initial,do,-8.563364028930664
500,initial,do,-9.492803573608398
501,initial,do,-7.76110315322876
502,initial,do,-6.513510704040527
503,initial,do,-8.952095031738281
504,initial,do,-8.151172637939453
505,initial,do,-9.050779342651367
506,initial,do,-7.9651408195495605
507,initial,do,-9.809422492980957
508,initial,do,-9.635394096374512
509,initial,do,-8.063206672668457
510,initial,do,-7.820789337158203
511,initial,do,-8.007970809936523
512,initial,do,-9.612678527832031
513,initial,do,-7.46805477142334
514,initial,do,-9.381495475769043
515,initial,do,-9.220368385314941
516,initial,do,-10.331381797790527
517,initial,do,-8.221308708190918
518,initial,do,-9.53381633758545
519,initial,do,-9.049468040466309
520,initial,do,-8.841377258300781
521,initial,do,-9.162337303161621
522,initial,do,-8.247673988342285
523,initial,do,-7.164277076721191
524,initial,do,-8.45835018157959
525,initial,do,-8.824128150939941
526,initial,do,-9.560346603393555
527,initial,do,-7.8961663246154785
528,initial,do,-9.01861572265625
529,initial,do,-9.01861572265625
530,initial,do,-9.84518814086914
531,initial,do,-10.114115715026855
532,initial,do,-10.131292343139648
533,initial,do,-9.71607494354248
534,initial,do,-8.23279094696045
535,initial,do,-7.802674770355225
536,initial,pp,-8.03464126586914
537,initial,pp,-7.890084266662598
538,initial,pp,-7.883279323577881
539,initial,pp,-8.252739906311035
540,initial,pp,-9.632652282714844
541,initial,pp,-5.625972747802734
542,initial,pp,-8.297856330871582
543,initial,pp,-9.259102821350098
544,initial,pp,-7.697101593017578
545,initial,pp,-6.321359157562256
546,initial,pp,-8.746500968933105
547,initial,pp,-8.294023513793945
548,initial,pp,-8.691174507141113
549,initial,pp,-8.054444313049316
550,initial,pp,-9.069319725036621
551,initial,pp,-8.870368003845215
552,initial,pp,-7.645933628082275
553,initial,pp,-7.484352111816406
554,initial,pp,-6.948321342468262
555,initial,pp,-9.329849243164062
556,initial,do,-8.227784156799316
557,initial,do,-9.441751480102539
558,initial,do,-8.359827995300293
559,initial,do,-9.2157621383667
560,initial,do,-9.819833755493164
561,initial,do,-7.704176425933838
562,initial,do,-7.574440956115723
563,initial,do,-9.13532829284668
564,initial,do,-9.441751480102539
565,initial,do,-9.578099250793457
566,initial,do,-6.654543399810791
567,initial,do,-6.608302593231201
568,initial,do,-7.631058692932129
569,initial,do,-7.884694576263428
570,initial,do,-6.672209739685059
571,initial,do,-9.044563293457031
572,initial,do,-9.078226089477539
573,initial,do,-9.094705581665039
574,initial,do,-9.094705581665039
575,initial,do,-9.433748245239258
576,initial,do,-7.8482842445373535
577,initial,do,-7.576292991638184
578,initial,do,-9.078226089477539
579,initial,do,-8.14941120147705
580,initial,do,-7.854946136474609
581,initial,do,-7.631058692932129
582,initial,do,-9.158709526062012
583,initial,do,-6.472296714782715
584,initial,do,-7.105873107910156
585,initial,do,-9.279316902160645
586,initial,do,-8.312491416931152
587,initial,do,-8.334312438964844
588,initial,do,-6.472296714782715
589,initial,do,-7.805979251861572
590,initial,do,-7.9154229164123535
591,initial,do,-8.54157829284668
592,initial,do,-9.297386169433594
593,initial,do,-8.54157829284668
594,initial,do,-9.561187744140625
595,initial,do,-8.359827995300293
596,initial,do,-9.263031005859375
597,initial,do,-7.631058692932129
598,initial,do,-9.578099250793457
599,initial,pp,-8.31591796875
600,initial,pp,-9.4857816696167
601,initial,pp,-8.10054874420166
602,initial,pp,-9.298773765563965
603,initial,pp,-9.774508476257324
604,initial,pp,-8.114553451538086
605,initial,pp,-7.215780258178711
606,initial,pp,-8.598006248474121
607,initial,pp,-9.4857816696167
608,initial,pp,-9.487821578979492
609,initial,pp,-7.148953914642334
610,initial,pp,-6.351612567901611
611,initial,pp,-7.4364013671875
612,initial,pp,-7.8639817237854
613,initial,pp,-6.67317533493042
614,initial,pp,-8.514935493469238
615,initial,pp,-9.259008407592773
616,initial,pp,-8.903120040893555
617,initial,pp,-8.903120040893555
618,initial,pp,-9.128951072692871
619,initial,do,-6.916529655456543
620,initial,do,-7.05427885055542
621,initial,do,-7.4923224449157715
622,initial,do,-7.422343730926514
623,initial,do,-8.230792045593262
624,initial,do,-7.734587669372559
625,initial,do,-7.250494480133057
626,initial,do,-7.768710613250732
627,initial,do,-7.713657379150391
628,initial,do,-7.728068828582764
629,initial,do,-7.468349933624268
630,initial,do,-5.665200233459473
631,initial,do,-6.277318954467773
632,initial,do,-6.567463397979736
633,initial,do,-6.187542915344238
634,initial,do,-7.73024845123291
635,initial,do,-6.890793323516846
636,initial,do,-8.03363037109375
637,initial,do,-6.277318954467773
638,initial,do,-7.270716667175293
639,initial,do,-7.844630241394043
640,initial,do,-8.552313804626465
641,initial,do,-7.71299934387207
642,initial,do,-8.909086227416992
643,initial,do,-8.167080879211426
644,initial,do,-6.372014045715332
645,initial,do,-8.685331344604492
646,initial,do,-7.515352725982666
647,initial,do,-7.769718170166016
648,initial,do,-7.573901653289795
649,initial,do,-7.382720470428467
650,initial,do,-8.871980667114258
651,initial,do,-8.423969268798828
652,initial,do,-8.465277671813965
653,initial,do,-7.9592156410217285
654,initial,do,-6.950382232666016
655,initial,do,-7.455753803253174
656,initial,do,-8.17640495300293
657,initial,do,-8.176352500915527
658,initial,do,-6.277318954467773
659,initial,do,-8.469897270202637
660,initial,do,-8.859062194824219
661,initial,do,-7.028801441192627
662,initial,pp,-7.600274085998535
663,initial,pp,-6.612495422363281
664,initial,pp,-7.487853527069092
665,initial,pp,-7.620917320251465
666,initial,pp,-8.25313663482666
667,initial,pp,-7.890869140625
668,initial,pp,-7.850514888763428
669,initial,pp,-8.188680648803711
670,initial,pp,-8.44953441619873
671,initial,pp,-8.148468971252441
672,initial,pp,-7.36965274810791
673,initial,pp,-5.691826343536377
674,initial,pp,-6.42730712890625
675,initial,pp,-6.343357563018799
676,initial,pp,-6.40448522567749
677,initial,pp,-8.099308967590332
678,initial,pp,-6.483014106750488
679,initial,pp,-8.269752502441406
680,initial,pp,-6.42730712890625
681,initial,pp,-7.723679542541504
682,initial,do,-9.015164375305176
683,initial,do,-10.012035369873047
684,initial,do,-7.879000186920166
685,initial,do,-6.805849075317383
686,initial,do,-8.281231880187988
687,initial,do,-8.413918495178223
688,initial,do,-10.073243141174316
689,initial,do,-10.317201614379883
690,initial,do,-7.92120361328125
691,initial,do,-8.657011032104492
692,initial,do,-6.897861480712891
693,initial,do,-9.307605743408203
694,initial,do,-7.567695617675781
695,initial,do,-8.113524436950684
696,initial,do,-9.089853286743164
697,initial,do,-7.677079677581787
698,initial,do,-8.201759338378906
699,initial,do,-8.548462867736816
700,initial,do,-9.146349906921387
701,initial,do,-7.301591396331787
702,initial,do,-8.767341613769531
703,initial,do,-8.818512916564941
704,initial,do,-9.8226318359375
705,initial,do,-8.294255256652832
706,initial,do,-8.567184448242188
707,initial,do,-9.845528602600098
708,initial,do,-7.65289831161499
709,initial,do,-7.6431756019592285
710,initial,do,-10.306889533996582
711,initial,do,-8.510767936706543
712,initial,do,-9.1727876663208
713,initial,do,-10.526016235351562
714,initial,do,-9.838983535766602
715,initial,do,-8.959625244140625
716,initial,do,-10.191987037658691
717,initial,do,-10.290889739990234
718,initial,do,-9.831284523010254
719,initial,do,-9.672002792358398
720,initial,do,-7.399707794189453
721,initial,do,-8.677122116088867
722,initial,do,-7.908279895782471
723,initial,do,-8.370594024658203
724,initial,do,-8.1936674118042
725,initial,pp,-9.000712394714355
726,initial,pp,-9.44384765625
727,initial,pp,-6.842099189758301
728,initial,pp,-6.500550746917725
729,initial,pp,-8.651528358459473
730,initial,pp,-7.710920810699463
731,initial,pp,-9.75292682647705
732,initial,pp,-9.74524974822998
733,initial,pp,-7.686497688293457
734,initial,pp,-8.498215675354004
735,initial,pp,-7.01262903213501
736,initial,pp,-8.327112197875977
737,initial,pp,-7.83452844619751
738,initial,pp,-8.361061096191406
739,initial,pp,-9.648287773132324
740,initial,pp,-8.615195274353027
741,initial,pp,-7.342654228210449
742,initial,pp,-7.691158771514893
743,initial,pp,-9.069962501525879
744,initial,pp,-7.600795269012451
745,initial,pp,-7.390656471252441
746,initial,pp,-7.152401447296143
747,initial,pp,-7.631810665130615
748,initial,pp,-7.174180030822754
749,initial,pp,-8.354283332824707
750,initial,pp,-8.47527027130127
751,initial,pp,-8.712820053100586
752,initial,pp,-7.6773223876953125
753,initial,pp,-6.975942611694336
754,initial,pp,-7.873493671417236
755,initial,pp,-6.477631568908691
756,initial,pp,-6.554289817810059
757,initial,pp,-7.615442276000977
758,initial,pp,-6.82831335067749
759,initial,pp,-7.240360736846924
760,initial,pp,-8.250509262084961
761,initial,pp,-9.382369995117188
762,initial,pp,-9.342057228088379
763,initial,pp,-7.062497138977051
764,initial,pp,-7.618795871734619
765,initial,pp,-7.8948283195495605
766,initial,pp,-8.057329177856445
767,initial,pp,-8.4168119430542
768,initial,pp,-6.7526326179504395
769,initial,pp,-8.221944808959961
770,initial,pp,-8.480047225952148
771,initial,pp,-8.398497581481934
772,initial,pp,-8.459535598754883
773,initial,pp,-7.588296890258789
774,initial,pp,-6.330639839172363
775,initial,pp,-7.77752685546875
776,initial,pp,-6.814015865325928
777,initial,pp,-6.791647911071777
778,initial,pp,-8.082686424255371
779,initial,pp,-8.372276306152344
780,initial,pp,-8.363100051879883
781,initial,pp,-8.421582221984863
782,initial,pp,-6.664737701416016
783,initial,pp,-8.633475303649902
784,initial,pp,-8.635603904724121
785,initial,do,-7.4996442794799805
786,initial,do,-6.585379123687744
787,initial,do,-6.650874137878418
788,initial,do,-6.3862199783325195
789,initial,do,-7.622552394866943
790,initial,do,-6.58228874206543
791,initial,do,-6.396249294281006
792,initial,do,-6.63060188293457
793,initial,do,-8.58568286895752
794,initial,do,-8.115106582641602
795,initial,do,-6.74186897277832
796,initial,do,-5.592194557189941
797,initial,do,-6.516453266143799
798,initial,do,-8.880356788635254
799,initial,do,-5.95106315612793
800,initial,do,-5.658307075500488
801,initial,do,-7.638123035430908
802,initial,do,-6.720023155212402
803,initial,do,-8.743050575256348
804,initial,do,-8.943890571594238
805,initial,do,-8.140353202819824
806,initial,do,-6.276027202606201
807,initial,do,-7.825109004974365
808,initial,do,-8.990171432495117
809,initial,do,-6.689049243927002
810,initial,do,-5.990748882293701
811,initial,do,-7.459259986877441
812,initial,do,-6.999576091766357
813,initial,do,-7.213259220123291
814,initial,do,-6.612096786499023
815,initial,do,-7.014443874359131
816,initial,do,-7.016097545623779
817,initial,do,-6.2560715675354
818,initial,do,-5.420784950256348
819,initial,do,-7.64939546585083
820,initial,do,-5.658307075500488
821,initial,do,-9.042276382446289
822,initial,do,-6.946297645568848
823,initial,do,-6.6702046394348145
824,initial,do,-8.723093032836914
825,initial,do,-7.7100443840026855
826,initial,do,-7.027224063873291
827,initial,do,-8.517836570739746
828,initial,pp,-7.117663383483887
829,initial,pp,-6.279685974121094
830,initial,pp,-6.407418251037598
831,initial,pp,-6.251938819885254
832,initial,pp,-6.883742809295654
833,initial,pp,-6.510459899902344
834,initial,pp,-6.532092571258545
835,initial,pp,-6.347487926483154
836,initial,pp,-7.901250839233398
837,initial,pp,-7.39772367477417
838,initial,pp,-6.387650966644287
839,initial,pp,-5.58577299118042
840,initial,pp,-6.712776184082031
841,initial,pp,-7.619656085968018
842,initial,pp,-5.602605819702148
843,initial,pp,-5.511632919311523
844,initial,pp,-7.303009033203125
845,initial,pp,-6.20195198059082
846,initial,pp,-8.285419464111328
847,initial,pp,-7.617318153381348
848,initial,do,-6.295022010803223
849,initial,do,-6.682437419891357
850,initial,do,-6.449374675750732
851,initial,do,-8.702401161193848
852,initial,do,-6.249582767486572
853,initial,do,-8.000950813293457
854,initial,do,-7.463935852050781
855,initial,do,-6.19198751449585
856,initial,do,-6.565192699432373
857,initial,do,-6.781659126281738
858,initial,do,-7.938726902008057
859,initial,do,-6.248510360717773
860,initial,do,-7.37566614151001
861,initial,do,-5.239689826965332
862,initial,do,-5.799522399902344
863,initial,do,-5.921309471130371
864,initial,do,-6.224692344665527
865,initial,do,-8.172292709350586
866,initial,do,-5.84192419052124
867,initial,do,-6.249422073364258
868,initial,do,-7.3989338874816895
869,initial,do,-6.223042964935303
870,initial,do,-8.658906936645508
871,initial,do,-5.835482597351074
872,initial,do,-6.323123455047607
873,initial,do,-6.704766273498535
874,initial,do,-6.565193176269531
875,initial,do,-6.68516731262207
876,initial,do,-6.616617679595947
877,initial,do,-7.670154571533203
878,initial,do,-6.747679710388184
879,initial,do,-5.686227321624756
880,initial,do,-8.553677558898926
881,initial,do,-7.7371087074279785
882,initial,do,-6.713308334350586
883,initial,do,-7.034744739532471
884,initial,do,-6.295022010803223
885,initial,do,-6.718606948852539
886,initial,do,-5.843688011169434
887,initial,do,-7.37466287612915
888,initial,do,-8.61491584777832
889,initial,do,-7.5593976974487305
890,initial,do,-6.26080322265625
891,initial,pp,-6.57491397857666
892,initial,pp,-6.403675079345703
893,initial,pp,-6.479630470275879
894,initial,pp,-8.304365158081055
895,initial,pp,-5.9030961990356445
896,initial,pp,-7.5868940353393555
897,initial,pp,-7.097750663757324
898,initial,pp,-6.102672576904297
899,initial,pp,-6.680835723876953
900,initial,pp,-6.704720497131348
901,initial,pp,-7.509476661682129
902,initial,pp,-6.2396697998046875
903,initial,pp,-7.0559563636779785
904,initial,pp,-5.297032356262207
905,initial,pp,-5.850953578948975
906,initial,pp,-5.877424716949463
907,initial,pp,-6.265806674957275
908,initial,pp,-7.877830982208252
909,initial,pp,-5.668448448181152
910,initial,pp,-6.186009883880615
911,initial,do,-7.080528259277344
912,initial,do,-7.4434380531311035
913,initial,do,-6.63485050201416
914,initial,do,-7.378087520599365
915,initial,do,-6.435666084289551
916,initial,do,-6.585566997528076
917,initial,do,-7.117072582244873
918,initial,do,-7.401021957397461
919,initial,do,-6.7911200523376465
920,initial,do,-7.417688846588135
921,initial,do,-6.73073148727417
922,initial,do,-6.507188320159912
923,initial,do,-7.776518821716309
924,initial,do,-6.615528106689453
925,initial,do,-6.185177803039551
926,initial,do,-6.981439590454102
927,initial,do,-7.0836076736450195
928,initial,do,-7.301874160766602
929,initial,do,-6.652168273925781
930,initial,do,-5.898882865905762
931,initial,do,-7.244924545288086
932,initial,do,-6.281663417816162
933,initial,do,-6.6728081703186035
934,initial,do,-6.016699314117432
935,initial,do,-6.48495626449585
936,initial,do,-7.184843063354492
937,initial,do,-5.584231853485107
938,initial,do,-5.8970842361450195
939,initial,do,-7.482587814331055
940,initial,do,-6.4900665283203125
941,initial,do,-7.315219402313232
942,initial,do,-7.664450645446777
943,initial,do,-6.738886833190918
944,initial,do,-6.891038417816162
945,initial,do,-6.562426567077637
946,initial,do,-7.567452430725098
947,initial,do,-6.663170337677002
948,initial,do,-6.849761962890625
949,initial,do,-7.417688846588135
950,initial,do,-6.842221260070801
951,initial,do,-7.522674560546875
952,initial,do,-6.182092189788818
953,initial,do,-7.420769691467285
954,initial,pp,-6.843706130981445
955,initial,pp,-6.813316345214844
956,initial,pp,-6.682217121124268
957,initial,pp,-7.399552822113037
958,initial,pp,-6.607387065887451
959,initial,pp,-6.5735931396484375
960,initial,pp,-7.267076015472412
961,initial,pp,-7.6011247634887695
962,initial,pp,-6.979793548583984
963,initial,pp,-7.437069892883301
964,initial,pp,-6.736845016479492
965,initial,pp,-6.472026824951172
966,initial,pp,-7.396270751953125
967,initial,pp,-6.467206001281738
968,initial,pp,-6.476752758026123
969,initial,pp,-7.008164882659912
970,initial,pp,-6.982332706451416
971,initial,pp,-7.389338970184326
972,initial,pp,-6.4952239990234375
973,initial,pp,-5.948205471038818
974,initial,do,-8.050361633300781
975,initial,do,-7.853096008300781
976,initial,do,-9.190333366394043
977,initial,do,-8.371931076049805
978,initial,do,-7.301865100860596
979,initial,do,-6.442056655883789
980,initial,do,-8.614618301391602
981,initial,do,-6.851873874664307
982,initial,do,-8.124213218688965
983,initial,do,-7.407369136810303
984,initial,do,-7.885403156280518
985,initial,do,-8.003266334533691
986,initial,do,-8.480066299438477
987,initial,do,-7.51687479019165
988,initial,do,-9.580260276794434
989,initial,do,-8.883003234863281
990,initial,do,-9.542914390563965
991,initial,do,-7.080277442932129
992,initial,do,-7.381520748138428
993,initial,do,-7.172722816467285
994,initial,do,-6.76658821105957
995,initial,do,-8.580792427062988
996,initial,do,-7.753411293029785
997,initial,do,-7.794511795043945
998,initial,do,-7.747355937957764
999,initial,do,-6.201256275177002
1000,initial,do,-7.332480430603027
1001,initial,do,-6.258788108825684
1002,initial,do,-7.305541038513184
1003,initial,do,-7.172722816467285
1004,initial,do,-7.187815189361572
1005,initial,do,-6.631857872009277
1006,initial,do,-8.306368827819824
1007,initial,do,-7.206125736236572
1008,initial,do,-6.889368057250977
1009,initial,do,-6.703435897827148
1010,initial,do,-7.433254718780518
1011,initial,do,-8.757404327392578
1012,initial,do,-7.901217937469482
1013,initial,do,-8.360810279846191
1014,initial,do,-7.901217937469482
1015,initial,do,-6.764043807983398
1016,initial,do,-6.799721717834473
1017,initial,pp,-7.319704055786133
1018,initial,pp,-7.150610446929932
1019,initial,pp,-8.58716869354248
1020,initial,pp,-7.644918441772461
1021,initial,pp,-6.894480228424072
1022,initial,pp,-6.421322822570801
1023,initial,pp,-7.956841468811035
1024,initial,pp,-6.432947158813477
1025,initial,pp,-7.215564250946045
1026,initial,pp,-6.855337619781494
1027,initial,pp,-7.4879913330078125
1028,initial,pp,-7.661221981048584
1029,initial,pp,-7.650444507598877
1030,initial,pp,-7.025485038757324
1031,initial,pp,-8.546149253845215
1032,initial,pp,-8.286158561706543
1033,initial,pp,-8.710658073425293
1034,initial,pp,-6.584953308105469
1035,initial,pp,-6.759588718414307
1036,initial,pp,-6.844615936279297
1037,initial,pp,-6.505125522613525
1038,initial,pp,-6.041819095611572
1039,initial,pp,-6.781412124633789
1040,initial,pp,-6.809752941131592
1041,initial,pp,-5.5653886795043945
1042,initial,pp,-6.951969146728516
1043,initial,pp,-7.9233503341674805
1044,initial,pp,-5.2498779296875
1045,initial,pp,-7.09731912612915
1046,initial,pp,-6.242741107940674
1047,initial,pp,-8.123152732849121
1048,initial,pp,-5.8520684242248535
1049,initial,pp,-6.019108772277832
1050,initial,pp,-5.632824420928955
1051,initial,pp,-5.716403007507324
1052,initial,pp,-6.983051300048828
1053,initial,pp,-6.864574432373047
1054,initial,pp,-6.5132737159729
1055,initial,pp,-5.612897872924805
1056,initial,pp,-6.169823169708252
1057,initial,pp,-6.546933174133301
1058,initial,pp,-6.350914001464844
1059,initial,pp,-7.015172004699707
1060,initial,pp,-5.781649112701416
1061,initial,pp,-6.610043048858643
1062,initial,pp,-6.688714981079102
1063,initial,pp,-5.584489345550537
1064,initial,pp,-6.779340744018555
1065,initial,pp,-6.294404983520508
1066,initial,pp,-6.575292587280273
1067,initial,pp,-7.163835525512695
1068,initial,pp,-5.663278102874756
1069,initial,pp,-5.847460746765137
1070,initial,pp,-6.163504123687744
1071,initial,pp,-6.245193958282471
1072,initial,pp,-6.267286777496338
1073,initial,pp,-6.328303813934326
1074,initial,pp,-6.156631946563721
1075,initial,pp,-6.134028434753418
1076,initial,pp,-7.3688483238220215
1077,initial,do,-8.498355865478516
1078,initial,do,-8.582013130187988
1079,initial,do,-8.253096580505371
1080,initial,do,-8.514897346496582
1081,initial,do,-6.859310150146484
1082,initial,do,-7.878547668457031
1083,initial,do,-7.880087375640869
1084,initial,do,-7.815603733062744
1085,initial,do,-8.105572700500488
1086,initial,do,-6.861438274383545
1087,initial,do,-8.095246315002441
1088,initial,do,-8.004278182983398
1089,initial,do,-8.359894752502441
1090,initial,do,-9.616721153259277
1091,initial,do,-9.147526741027832
1092,initial,do,-7.819818019866943
1093,initial,do,-8.176261901855469
1094,initial,do,-8.552308082580566
1095,initial,do,-7.0783305168151855
1096,initial,do,-8.212782859802246
1097,initial,do,-8.617107391357422
1098,initial,do,-8.168140411376953
1099,initial,do,-8.965680122375488
1100,initial,do,-8.752636909484863
1101,initial,do,-8.182007789611816
1102,initial,do,-8.107186317443848
1103,initial,do,-7.956440448760986
1104,initial,do,-7.509552001953125
1105,initial,do,-8.570517539978027
1106,initial,do,-7.493564605712891
1107,initial,do,-8.168140411376953
1108,initial,do,-8.836134910583496
1109,initial,do,-6.516461372375488
1110,initial,do,-7.8942742347717285
1111,initial,do,-7.23368501663208
1112,initial,do,-7.37992000579834
1113,initial,do,-7.887136936187744
1114,initial,do,-7.7178168296813965
1115,initial,do,-7.936604022979736
1116,initial,do,-8.060627937316895
1117,initial,do,-8.89491081237793
1118,initial,do,-9.228621482849121
1119,initial,do,-6.551613807678223
1120,initial,pp,-7.354617118835449
1121,initial,pp,-7.601703643798828
1122,initial,pp,-7.523951053619385
1123,initial,pp,-7.223265171051025
1124,initial,pp,-6.07273006439209
1125,initial,pp,-7.139190196990967
1126,initial,pp,-6.905492305755615
1127,initial,pp,-7.156634330749512
1128,initial,pp,-7.0200066566467285
1129,initial,pp,-6.538919448852539
1130,initial,pp,-6.939507007598877
1131,initial,pp,-6.703352928161621
1132,initial,pp,-7.731666564941406
1133,initial,pp,-7.844132423400879
1134,initial,pp,-7.700113773345947
1135,initial,pp,-7.148885250091553
1136,initial,pp,-7.610908031463623
1137,initial,pp,-7.228423118591309
1138,initial,pp,-6.603603363037109
1139,initial,pp,-6.984336853027344
1140,initial,do,-8.067554473876953
1141,initial,do,-7.863901138305664
1142,initial,do,-6.4498796463012695
1143,initial,do,-8.175616264343262
1144,initial,do,-6.830333709716797
1145,initial,do,-7.592154026031494
1146,initial,do,-8.067554473876953
1147,initial,do,-8.721257209777832
1148,initial,do,-8.251083374023438
1149,initial,do,-6.826954364776611
1150,initial,do,-7.654041767120361
1151,initial,do,-9.110321044921875
1152,initial,do,-7.874736785888672
1153,initial,do,-8.1806001663208
1154,initial,do,-7.49254846572876
1155,initial,do,-6.824211597442627
1156,initial,do,-7.262946605682373
1157,initial,do,-7.064704895019531
1158,initial,do,-8.152210235595703
1159,initial,do,-8.139431953430176
1160,initial,do,-8.722648620605469
1161,initial,do,-6.70432710647583
1162,initial,do,-7.34720516204834
1163,initial,do,-6.903889179229736
1164,initial,do,-7.863901138305664
1165,initial,do,-6.85722017288208
1166,initial,do,-8.391642570495605
1167,initial,do,-6.964477062225342
1168,initial,do,-8.332128524780273
1169,initial,do,-7.134399890899658
1170,initial,do,-6.6920037269592285
1171,initial,do,-7.437399387359619
1172,initial,do,-7.262946605682373
1173,initial,do,-8.312613487243652
1174,initial,do,-7.768026828765869
1175,initial,do,-7.768026828765869
1176,initial,do,-8.174033164978027
1177,initial,do,-8.58300495147705
1178,initial,do,-6.942002773284912
1179,initial,do,-6.824211597442627
1180,initial,do,-7.34720516204834
1181,initial,do,-8.215415000915527
1182,initial,do,-6.964477062225342
1183,initial,pp,-7.319018840789795
1184,initial,pp,-7.3108811378479
1185,initial,pp,-6.029552936553955
1186,initial,pp,-7.418975830078125
1187,initial,pp,-6.633350849151611
1188,initial,pp,-7.022976398468018
1189,initial,pp,-7.319018840789795
1190,initial,pp,-7.849972248077393
1191,initial,pp,-7.547118663787842
1192,initial,pp,-6.386791706085205
1193,initial,pp,-7.27301025390625
1194,initial,pp,-8.230596542358398
1195,initial,pp,-7.1242995262146
1196,initial,pp,-7.442875862121582
1197,initial,pp,-7.151080131530762
1198,initial,pp,-6.402270793914795
1199,initial,pp,-6.895802021026611
1200,initial,pp,-6.569231033325195
1201,initial,pp,-7.7345757484436035
1202,initial,pp,-7.342520236968994
1203,initial,do,-7.509267330169678
1204,initial,do,-6.6220703125
1205,initial,do,-7.946321487426758
1206,initial,do,-7.237419128417969
1207,initial,do,-7.9570112228393555
1208,initial,do,-6.935751438140869
1209,initial,do,-7.498064041137695
1210,initial,do,-7.072408676147461
1211,initial,do,-6.751471996307373
1212,initial,do,-7.2953925132751465
1213,initial,do,-7.413064002990723
1214,initial,do,-6.5141282081604
1215,initial,do,-6.807739734649658
1216,initial,do,-7.004923343658447
1217,initial,do,-7.68154764175415
1218,initial,do,-6.924288749694824
1219,initial,do,-7.305510520935059
1220,initial,do,-7.341738224029541
1221,initial,do,-6.38922643661499
1222,initial,do,-6.236251354217529
1223,initial,do,-8.65124225616455
1224,initial,do,-8.002413749694824
1225,initial,do,-7.955776691436768
1226,initial,do,-7.500136375427246
1227,initial,do,-8.010037422180176
1228,initial,do,-7.601486682891846
1229,initial,do,-7.17721700668335
1230,initial,do,-7.675320625305176
1231,initial,do,-7.569148063659668
1232,initial,do,-7.270440101623535
1233,initial,do,-7.663840293884277
1234,initial,do,-7.478154182434082
1235,initial,do,-7.103800296783447
1236,initial,do,-7.046034812927246
1237,initial,do,-7.406510353088379
1238,initial,do,-7.720625400543213
1239,initial,do,-6.226034164428711
1240,initial,do,-7.35493278503418
1241,initial,do,-7.77506160736084
1242,initial,do,-5.9254469871521
1243,initial,do,-6.850728988647461
1244,initial,do,-7.870217323303223
1245,initial,do,-6.940876007080078
1246,initial,pp,-7.37752628326416
1247,initial,pp,-6.361467361450195
1248,initial,pp,-7.368173599243164
1249,initial,pp,-7.071512699127197
1250,initial,pp,-7.287327289581299
1251,initial,pp,-6.461741924285889
1252,initial,pp,-7.349050045013428
1253,initial,pp,-6.905255317687988
1254,initial,pp,-6.5183210372924805
1255,initial,pp,-6.987605571746826
1256,initial,pp,-7.422031879425049
1257,initial,pp,-6.683300018310547
1258,initial,pp,-6.713761806488037
1259,initial,pp,-6.630281448364258
1260,initial,pp,-7.535042762756348
1261,initial,pp,-6.609624862670898
1262,initial,pp,-7.05164909362793
1263,initial,pp,-7.104483127593994
1264,initial,pp,-6.49821138381958
1265,initial,pp,-6.12247896194458
1266,initial,do,-6.896798133850098
1267,initial,do,-7.25394868850708
1268,initial,do,-7.9445343017578125
1269,initial,do,-8.156213760375977
1270,initial,do,-7.1253461837768555
1271,initial,do,-8.781171798706055
1272,initial,do,-9.607521057128906
1273,initial,do,-9.255813598632812
1274,initial,do,-7.0594401359558105
1275,initial,do,-9.218932151794434
1276,initial,do,-9.176558494567871
1277,initial,do,-6.866787910461426
1278,initial,do,-8.994208335876465
1279,initial,do,-8.934576988220215
1280,initial,do,-7.912022113800049
1281,initial,do,-9.303568840026855
1282,initial,do,-8.656036376953125
1283,initial,do,-8.183789253234863
1284,initial,do,-7.924110412597656
1285,initial,do,-8.654911994934082
1286,initial,do,-6.25136137008667
1287,initial,do,-8.620865821838379
1288,initial,do,-8.747610092163086
1289,initial,do,-8.546103477478027
1290,initial,do,-8.63961124420166
1291,initial,do,-7.351839542388916
1292,initial,do,-8.451573371887207
1293,initial,do,-9.52122974395752
1294,initial,do,-8.857074737548828
1295,initial,do,-8.543976783752441
1296,initial,do,-7.709139347076416
1297,initial,do,-8.651351928710938
1298,initial,do,-8.029158592224121
1299,initial,do,-6.372731685638428
1300,initial,do,-8.318574905395508
1301,initial,do,-9.371916770935059
1302,initial,do,-9.369892120361328
1303,initial,do,-7.961414337158203
1304,initial,do,-7.828212261199951
1305,initial,do,-9.345671653747559
1306,initial,do,-9.36508560180664
1307,initial,do,-7.771329402923584
1308,initial,do,-9.382833480834961
1309,initial,pp,-6.776278495788574
1310,initial,pp,-6.737792491912842
1311,initial,pp,-6.694301605224609
1312,initial,pp,-7.020603656768799
1313,initial,pp,-5.658049583435059
1314,initial,pp,-7.832180500030518
1315,initial,pp,-8.76485538482666
1316,initial,pp,-8.610150337219238
1317,initial,pp,-5.8916168212890625
1318,initial,pp,-8.437150955200195
1319,initial,pp,-8.260819435119629
1320,initial,pp,-6.683377742767334
1321,initial,pp,-8.116483688354492
1322,initial,pp,-7.674164772033691
1323,initial,pp,-7.454958438873291
1324,initial,pp,-8.082478523254395
1325,initial,pp,-7.510806560516357
1326,initial,pp,-7.910276889801025
1327,initial,pp,-6.953260898590088
1328,initial,pp,-7.711788654327393
1329,initial,pp,-6.072376251220703
1330,initial,pp,-5.817096710205078
1331,initial,pp,-7.30952262878418
1332,initial,pp,-7.606339454650879
1333,initial,pp,-8.12952995300293
1334,initial,pp,-6.485253810882568
1335,initial,pp,-5.91040563583374
1336,initial,pp,-5.973618984222412
1337,initial,pp,-6.415387153625488
1338,initial,pp,-6.92460823059082
1339,initial,pp,-5.934640884399414
1340,initial,pp,-7.07990837097168
1341,initial,pp,-7.1117472648620605
1342,initial,pp,-7.935335636138916
1343,initial,pp,-7.566628456115723
1344,initial,pp,-6.980706691741943
1345,initial,pp,-7.324843406677246
1346,initial,pp,-5.720428466796875
1347,initial,pp,-7.248634338378906
1348,initial,pp,-6.733465671539307
1349,initial,pp,-6.600841999053955
1350,initial,pp,-7.056491851806641
1351,initial,pp,-7.281343460083008
1352,initial,pp,-6.5691237449646
1353,initial,pp,-7.103399753570557
1354,initial,pp,-5.993685722351074
1355,initial,pp,-6.049008846282959
1356,initial,pp,-6.118982791900635
1357,initial,pp,-6.400468826293945
1358,initial,pp,-6.8842034339904785
1359,initial,pp,-6.556031227111816
1360,initial,pp,-7.169337272644043
1361,initial,pp,-6.253075122833252
1362,initial,pp,-6.373549938201904
1363,initial,pp,-6.838829040527344
1364,initial,pp,-6.839197635650635
1365,initial,pp,-7.267852306365967
1366,initial,pp,-6.576960563659668
1367,initial,pp,-6.401056289672852
1368,initial,pp,-6.680999755859375
1,final,pp,-4.374744415283203
2,final,pp,-5.31660795211792
3,final,pp,-4.424132823944092
4,final,pp,-5.073736667633057
5,final,pp,-4.126613616943359
6,final,pp,-4.6653971672058105
7,final,pp,-4.852787017822266
8,final,pp,-4.118110179901123
9,final,pp,-3.9101734161376953
10,final,pp,-3.9259653091430664
11,final,pp,-5.606287479400635
12,final,pp,-4.2937774658203125
13,final,pp,-4.364470958709717
14,final,pp,-4.517537593841553
15,final,pp,-5.42388916015625
16,final,pp,-4.118110179901123
17,final,pp,-4.779173851013184
18,final,pp,-4.960713863372803
19,final,pp,-4.796596527099609
20,final,pp,-3.983280897140503
21,final,pp,-4.189230442047119
22,final,pp,-6.036240577697754
23,final,pp,-4.662649631500244
24,final,pp,-5.040123462677002
25,final,pp,-5.582274913787842
26,final,pp,-5.848241329193115
27,final,pp,-5.365737438201904
28,final,pp,-5.201064109802246
29,final,pp,-4.868823528289795
30,final,pp,-5.003738880157471
31,final,pp,-4.907554626464844
32,final,pp,-5.040123462677002
33,final,pp,-5.156909465789795
34,final,pp,-5.348079204559326
35,final,pp,-4.810575485229492
36,final,pp,-4.993415832519531
37,final,pp,-4.868823528289795
38,final,pp,-3.800682783126831
39,final,pp,-5.448984622955322
40,final,pp,-4.392884254455566
41,final,pp,-4.50515079498291
42,final,pp,-4.770191192626953
43,final,pp,-3.9391915798187256
44,final,pp,-4.869542121887207
45,final,pp,-5.0259599685668945
46,final,pp,-4.719533443450928
47,final,pp,-5.686835289001465
48,final,pp,-4.418282508850098
49,final,pp,-4.286443710327148
50,final,pp,-3.885098934173584
51,final,pp,-4.605018615722656
52,final,pp,-4.8848137855529785
53,final,pp,-4.127906322479248
54,final,pp,-4.246430397033691
55,final,pp,-4.6961469650268555
56,final,pp,-4.354045391082764
57,final,pp,-4.259581565856934
58,final,pp,-4.825229644775391
59,final,pp,-4.888073444366455
60,final,pp,-4.652660369873047
61,final,pp,-4.928103923797607
62,final,pp,-4.826048374176025
63,final,pp,-5.229457378387451
64,final,pp,-5.399833679199219
65,final,pp,-6.6852617263793945
66,final,pp,-5.1501240730285645
67,final,pp,-4.996180534362793
68,final,pp,-6.161802768707275
69,final,pp,-6.609377384185791
70,final,pp,-5.579892635345459
71,final,pp,-4.0813140869140625
72,final,pp,-5.604747295379639
73,final,pp,-4.877142429351807
74,final,pp,-6.309423923492432
75,final,pp,-4.964888095855713
76,final,pp,-4.131864070892334
77,final,pp,-5.790289878845215
78,final,pp,-4.64618444442749
79,final,pp,-3.890306234359741
80,final,pp,-5.630417346954346
81,final,pp,-6.607132434844971
82,final,pp,-5.113816261291504
83,final,pp,-5.482324600219727
84,final,pp,-4.897217750549316
85,final,pp,-5.113816261291504
86,final,pp,-4.831839561462402
87,final,pp,-5.6129608154296875
88,final,pp,-4.736670017242432
89,final,pp,-5.129909515380859
90,final,pp,-4.4752116203308105
91,final,pp,-5.0784125328063965
92,final,pp,-6.290791988372803
93,final,pp,-5.626306533813477
94,final,pp,-5.128602027893066
95,final,pp,-4.72079610824585
96,final,pp,-4.830714225769043
97,final,pp,-5.704381465911865
98,final,pp,-5.84311580657959
99,final,pp,-5.81514310836792
100,final,pp,-5.378301620483398
101,final,pp,-5.4828200340271
102,final,pp,-4.718562126159668
103,final,pp,-4.5712995529174805
104,final,pp,-4.480791091918945
105,final,pp,-4.668859004974365
106,final,pp,-4.857821941375732
107,final,pp,-4.041811466217041
108,final,pp,-5.520443916320801
109,final,pp,-5.373981952667236
110,final,pp,-5.239437580108643
111,final,pp,-4.573276042938232
112,final,pp,-4.82506799697876
113,final,pp,-4.77642822265625
114,final,pp,-5.556303977966309
115,final,pp,-5.446593761444092
116,final,pp,-4.771109104156494
117,final,pp,-5.102982521057129
118,final,pp,-5.77299690246582
119,final,pp,-4.457173824310303
120,final,pp,-5.17173433303833
121,final,pp,-4.085132598876953
122,final,pp,-4.276701927185059
123,final,pp,-5.890153884887695
124,final,pp,-4.94651460647583
125,final,pp,-4.5404052734375
126,final,pp,-4.016120433807373
127,final,pp,-3.5929508209228516
128,final,pp,-4.506631851196289
129,final,pp,-3.630077362060547
130,final,pp,-3.4382946491241455
131,final,pp,-3.630077362060547
132,final,pp,-4.2767014503479
133,final,pp,-4.695417404174805
134,final,pp,-3.296571969985962
135,final,pp,-4.2767014503479
136,final,pp,-4.016120433807373
137,final,pp,-4.027160167694092
138,final,pp,-3.9569849967956543
139,final,pp,-3.7242698669433594
140,final,pp,-3.555889129638672
141,final,pp,-4.3155341148376465
142,final,pp,-4.10159158706665
143,final,pp,-3.923060417175293
144,final,pp,-4.516298294067383
145,final,pp,-4.063212871551514
146,final,pp,-4.470731735229492
147,final,pp,-3.749868631362915
148,final,pp,-3.991692543029785
149,final,pp,-4.2355546951293945
150,final,pp,-4.181046009063721
151,final,pp,-4.980568885803223
152,final,pp,-4.095088481903076
153,final,pp,-3.7924234867095947
154,final,pp,-4.2802653312683105
155,final,pp,-3.9440360069274902
156,final,pp,-5.4127655029296875
157,final,pp,-4.439637184143066
158,final,pp,-4.657683849334717
159,final,pp,-4.055304050445557
160,final,pp,-3.9545350074768066
161,final,pp,-4.596027374267578
162,final,pp,-4.054669380187988
163,final,pp,-4.11303186416626
164,final,pp,-4.550455570220947
165,final,pp,-3.7577145099639893
166,final,pp,-3.626650810241699
167,final,pp,-6.2408223152160645
168,final,pp,-4.6945061683654785
169,final,pp,-4.6561689376831055
170,final,pp,-5.572502136230469
171,final,pp,-4.11303186416626
172,final,pp,-4.282606601715088
173,final,pp,-4.510168075561523
174,final,pp,-4.55892276763916
175,final,pp,-4.581912994384766
176,final,pp,-3.7577145099639893
177,final,pp,-4.565374851226807
178,final,pp,-4.523496627807617
179,final,pp,-4.295899391174316
180,final,pp,-5.845741271972656
181,final,pp,-4.696192741394043
182,final,pp,-5.302380561828613
183,final,pp,-4.876400947570801
184,final,pp,-6.266967296600342
185,final,pp,-4.783774375915527
186,final,pp,-5.184073448181152
187,final,pp,-4.951207637786865
188,final,pp,-4.268259048461914
189,final,pp,-4.716772079467773
190,final,pp,-5.230367183685303
191,final,pp,-5.178323268890381
192,final,pp,-5.045933723449707
193,final,pp,-5.033593654632568
194,final,pp,-4.792001247406006
195,final,pp,-4.8136444091796875
196,final,pp,-4.6253156661987305
197,final,pp,-4.736352920532227
198,final,pp,-4.961392402648926
199,final,pp,-5.846488952636719
200,final,pp,-5.20166015625
201,final,pp,-4.267862796783447
202,final,pp,-3.7127506732940674
203,final,pp,-5.052865505218506
204,final,pp,-3.7300350666046143
205,final,pp,-4.658420085906982
206,final,pp,-3.776383638381958
207,final,pp,-4.727906227111816
208,final,pp,-4.728848934173584
209,final,pp,-3.939030170440674
210,final,pp,-3.6321372985839844
211,final,pp,-3.5952823162078857
212,final,pp,-5.505565643310547
213,final,pp,-4.719357490539551
214,final,pp,-5.197896480560303
215,final,pp,-4.75855827331543
216,final,pp,-4.301299095153809
217,final,pp,-3.9201622009277344
218,final,pp,-4.105532646179199
219,final,pp,-3.820328950881958
220,final,pp,-4.560705661773682
221,final,do,-5.281114101409912
222,final,do,-4.8342437744140625
223,final,do,-4.817830562591553
224,final,do,-5.157629489898682
225,final,do,-5.1545844078063965
226,final,do,-4.691028594970703
227,final,do,-5.1883063316345215
228,final,do,-6.0636701583862305
229,final,do,-5.1003947257995605
230,final,do,-4.6817779541015625
231,final,do,-5.411496639251709
232,final,do,-5.988638401031494
233,final,do,-5.3968095779418945
234,final,do,-6.0636701583862305
235,final,do,-4.962368011474609
236,final,do,-4.427788734436035
237,final,do,-4.733631610870361
238,final,do,-4.905562877655029
239,final,do,-5.405051231384277
240,final,do,-5.0051140785217285
241,final,do,-5.3968095779418945
242,final,do,-4.87423038482666
243,final,do,-5.4070281982421875
244,final,do,-4.905562877655029
245,final,do,-5.401244163513184
246,final,do,-5.275168418884277
247,final,do,-4.80220890045166
248,final,do,-5.48054838180542
249,final,do,-4.54738187789917
250,final,do,-5.6460137367248535
251,final,do,-4.79232931137085
252,final,do,-6.358394622802734
253,final,do,-6.027655124664307
254,final,do,-5.286608695983887
255,final,do,-5.128825664520264
256,final,do,-5.219829082489014
257,final,do,-6.280433654785156
258,final,do,-5.286608695983887
259,final,do,-5.161332130432129
260,final,do,-4.79232931137085
261,final,do,-5.6460137367248535
262,final,do,-5.039891719818115
263,final,do,-4.527218818664551
264,final,pp,-5.125734329223633
265,final,pp,-4.61843204498291
266,final,pp,-4.69627571105957
267,final,pp,-4.965913772583008
268,final,pp,-4.556034088134766
269,final,pp,-4.373851776123047
270,final,pp,-4.296995162963867
271,final,pp,-5.704716682434082
272,final,pp,-4.705461025238037
273,final,pp,-4.5032477378845215
274,final,pp,-5.06300163269043
275,final,pp,-5.138401031494141
276,final,pp,-5.076435089111328
277,final,pp,-5.704716682434082
278,final,pp,-4.6735405921936035
279,final,pp,-4.2454376220703125
280,final,pp,-4.487432479858398
281,final,pp,-4.3855462074279785
282,final,pp,-5.212457180023193
283,final,pp,-4.786157131195068
284,final,do,-4.287993431091309
285,final,do,-4.6288838386535645
286,final,do,-4.907196521759033
287,final,do,-4.576779842376709
288,final,do,-4.132421016693115
289,final,do,-5.02088737487793
290,final,do,-4.932590484619141
291,final,do,-4.98010778427124
292,final,do,-4.132421016693115
293,final,do,-4.721928119659424
294,final,do,-4.777770042419434
295,final,do,-4.048243045806885
296,final,do,-4.9538116455078125
297,final,do,-4.530636310577393
298,final,do,-4.424179553985596
299,final,do,-4.257404327392578
300,final,do,-4.622299671173096
301,final,do,-5.184211254119873
302,final,do,-4.394897937774658
303,final,do,-5.0055131912231445
304,final,do,-5.112880229949951
305,final,do,-4.932590484619141
306,final,do,-4.725826263427734
307,final,do,-5.028870105743408
308,final,do,-4.576779842376709
309,final,do,-5.36195707321167
310,final,do,-4.725831508636475
311,final,do,-4.536303520202637
312,final,do,-4.576779842376709
313,final,do,-5.077300071716309
314,final,do,-5.128438472747803
315,final,do,-4.647964954376221
316,final,do,-4.647701740264893
317,final,do,-5.588137626647949
318,final,do,-4.725831508636475
319,final,do,-5.184211254119873
320,final,do,-4.5092267990112305
321,final,do,-5.1355156898498535
322,final,do,-4.907196998596191
323,final,do,-4.6178412437438965
324,final,do,-4.919948101043701
325,final,do,-5.174152851104736
326,final,do,-6.163944721221924
327,final,pp,-4.5785722732543945
328,final,pp,-4.856349945068359
329,final,pp,-5.156347751617432
330,final,pp,-4.789580345153809
331,final,pp,-4.080001354217529
332,final,pp,-5.237079620361328
333,final,pp,-5.111252784729004
334,final,pp,-5.236124515533447
335,final,pp,-4.080001354217529
336,final,pp,-5.102303504943848
337,final,pp,-4.7354912757873535
338,final,pp,-4.396040439605713
339,final,pp,-5.110532283782959
340,final,pp,-4.447336673736572
341,final,pp,-4.564602851867676
342,final,pp,-4.232648849487305
343,final,pp,-4.583600044250488
344,final,pp,-5.401045799255371
345,final,pp,-4.5156145095825195
346,final,pp,-5.2022247314453125
347,final,do,-4.7716193199157715
348,final,do,-4.705807209014893
349,final,do,-4.935164451599121
350,final,do,-4.996322154998779
351,final,do,-5.112636566162109
352,final,do,-4.456055164337158
353,final,do,-4.9744873046875
354,final,do,-4.749192237854004
355,final,do,-5.092399597167969
356,final,do,-5.186247825622559
357,final,do,-5.095001220703125
358,final,do,-5.091090202331543
359,final,do,-5.721324443817139
360,final,do,-5.102015018463135
361,final,do,-4.767698287963867
362,final,do,-5.6376800537109375
363,final,do,-5.143331527709961
364,final,do,-5.1355414390563965
365,final,do,-4.61029577255249
366,final,do,-4.789539813995361
367,final,do,-4.635509014129639
368,final,do,-4.834183216094971
369,final,do,-5.2022199630737305
370,final,do,-4.579854965209961
371,final,do,-4.493376731872559
372,final,do,-5.510488986968994
373,final,do,-4.902687072753906
374,final,do,-4.992738246917725
375,final,do,-4.516397476196289
376,final,do,-4.698625564575195
377,final,do,-4.663364410400391
378,final,do,-4.526067733764648
379,final,do,-4.435239315032959
380,final,do,-4.891088008880615
381,final,do,-6.365163803100586
382,final,do,-4.842782497406006
383,final,do,-4.672696113586426
384,final,do,-4.493376731872559
385,final,do,-4.760653972625732
386,final,do,-4.902687072753906
387,final,do,-4.757916450500488
388,final,do,-5.142988681793213
389,final,do,-6.071497917175293
390,final,pp,-4.568121910095215
391,final,pp,-4.4850592613220215
392,final,pp,-4.71063756942749
393,final,pp,-4.751122951507568
394,final,pp,-4.745532512664795
395,final,pp,-4.3345489501953125
396,final,pp,-4.669562339782715
397,final,pp,-4.6563334465026855
398,final,pp,-4.849737644195557
399,final,pp,-4.75480318069458
400,final,pp,-4.848631858825684
401,final,pp,-5.0269598960876465
402,final,pp,-5.439998626708984
403,final,pp,-4.6675543785095215
404,final,pp,-4.726763725280762
405,final,pp,-5.239270210266113
406,final,pp,-5.0197038650512695
407,final,pp,-4.964245796203613
408,final,pp,-4.449944972991943
409,final,pp,-4.655712604522705
410,final,do,-5.382136344909668
411,final,do,-5.809967994689941
412,final,do,-5.675504207611084
413,final,do,-6.81580114364624
414,final,do,-6.455535888671875
415,final,do,-6.267322063446045
416,final,do,-5.943479537963867
417,final,do,-7.012478351593018
418,final,do,-5.314730644226074
419,final,do,-5.6636552810668945
420,final,do,-7.084558963775635
421,final,do,-6.307799816131592
422,final,do,-7.25093412399292
423,final,do,-5.773910999298096
424,final,do,-4.888214111328125
425,final,do,-6.70044469833374
426,final,do,-5.3874053955078125
427,final,do,-5.444648742675781
428,final,do,-6.227625370025635
429,final,do,-6.069531440734863
430,final,do,-6.369018077850342
431,final,do,-6.543854236602783
432,final,do,-5.444648742675781
433,final,do,-5.5543975830078125
434,final,do,-5.694056510925293
435,final,do,-5.9332685470581055
436,final,do,-6.212597370147705
437,final,do,-7.003725528717041
438,final,do,-6.449337959289551
439,final,do,-6.092635154724121
440,final,do,-6.0499420166015625
441,final,do,-5.865764617919922
442,final,do,-6.431199073791504
443,final,do,-6.440558910369873
444,final,do,-6.1440324783325195
445,final,do,-5.440816402435303
446,final,do,-6.70044469833374
447,final,do,-5.770573139190674
448,final,do,-6.093406677246094
449,final,do,-5.716026306152344
450,final,do,-5.626063823699951
451,final,do,-5.86799955368042
452,final,do,-5.7869415283203125
453,final,pp,-4.821822166442871
454,final,pp,-4.777609825134277
455,final,pp,-4.381938457489014
456,final,pp,-6.073450088500977
457,final,pp,-5.830852508544922
458,final,pp,-6.048076152801514
459,final,pp,-5.351053237915039
460,final,pp,-5.416655540466309
461,final,pp,-4.7980852127075195
462,final,pp,-5.2274322509765625
463,final,pp,-7.030064582824707
464,final,pp,-6.123768329620361
465,final,pp,-5.716425895690918
466,final,pp,-5.383460998535156
467,final,pp,-4.535611629486084
468,final,pp,-5.933955192565918
469,final,pp,-5.245936393737793
470,final,pp,-5.17561674118042
471,final,pp,-6.1329474449157715
472,final,pp,-5.255731582641602
473,final,pp,-4.684945106506348
474,final,pp,-5.5856170654296875
475,final,pp,-4.9616522789001465
476,final,pp,-4.8964691162109375
477,final,pp,-4.669132709503174
478,final,pp,-4.766565322875977
479,final,pp,-4.864015579223633
480,final,pp,-5.865592956542969
481,final,pp,-5.476300239562988
482,final,pp,-4.866026878356934
483,final,pp,-4.656872272491455
484,final,pp,-5.674502372741699
485,final,pp,-5.403453350067139
486,final,pp,-5.237332344055176
487,final,pp,-4.98219108581543
488,final,pp,-5.083585739135742
489,final,pp,-4.324949264526367
490,final,pp,-4.911958694458008
491,final,pp,-5.416867256164551
492,final,pp,-4.562333106994629
493,final,do,-7.441751956939697
494,final,do,-7.201987266540527
495,final,do,-7.175349235534668
496,final,do,-5.389395236968994
497,final,do,-6.734905242919922
498,final,do,-4.783047676086426
499,final,do,-6.208161354064941
500,final,do,-5.8347697257995605
501,final,do,-5.924396991729736
502,final,do,-5.404965400695801
503,final,do,-6.445095062255859
504,final,do,-5.715608596801758
505,final,do,-5.5128607749938965
506,final,do,-6.364506244659424
507,final,do,-7.445979118347168
508,final,do,-7.234889984130859
509,final,do,-6.825275421142578
510,final,do,-7.614775657653809
511,final,do,-5.200958728790283
512,final,do,-6.70163106918335
513,final,do,-7.012979984283447
514,final,do,-6.539851188659668
515,final,do,-6.029566287994385
516,final,do,-6.867877006530762
517,final,do,-6.524481296539307
518,final,do,-8.877426147460938
519,final,do,-7.722121238708496
520,final,do,-5.648253440856934
521,final,do,-6.356738090515137
522,final,do,-5.1180925369262695
523,final,do,-6.54986572265625
524,final,do,-5.148108005523682
525,final,do,-7.157097816467285
526,final,do,-6.602165222167969
527,final,do,-5.945606708526611
528,final,do,-6.226291656494141
529,final,do,-6.226291656494141
530,final,do,-6.352614402770996
531,final,do,-7.153074741363525
532,final,do,-7.145678520202637
533,final,do,-6.830214500427246
534,final,do,-6.20953893661499
535,final,do,-4.982156276702881
536,final,pp,-7.229175567626953
537,final,pp,-7.087640762329102
538,final,pp,-5.604598522186279
539,final,pp,-5.48453950881958
540,final,pp,-6.173160552978516
541,final,pp,-4.361213207244873
542,final,pp,-5.178921222686768
543,final,pp,-5.68100118637085
544,final,pp,-5.821825981140137
545,final,pp,-5.058221340179443
546,final,pp,-6.0197882652282715
547,final,pp,-5.911560535430908
548,final,pp,-5.194669246673584
549,final,pp,-6.244511604309082
550,final,pp,-6.189856052398682
551,final,pp,-6.324906826019287
552,final,pp,-6.043192386627197
553,final,pp,-6.511409282684326
554,final,pp,-4.85378360748291
555,final,pp,-6.1301116943359375
556,final,do,-5.291496753692627
557,final,do,-5.133875846862793
558,final,do,-7.318922519683838
559,final,do,-5.308993339538574
560,final,do,-5.5487470626831055
561,final,do,-5.989408493041992
562,final,do,-6.429452419281006
563,final,do,-5.766263961791992
564,final,do,-5.133875846862793
565,final,do,-6.020883560180664
566,final,do,-5.154394626617432
567,final,do,-5.151625156402588
568,final,do,-6.714444160461426
569,final,do,-7.103210926055908
570,final,do,-5.32889986038208
571,final,do,-5.613844871520996
572,final,do,-5.890833377838135
573,final,do,-5.902769565582275
574,final,do,-5.902769565582275
575,final,do,-5.367365837097168
576,final,do,-5.429023742675781
577,final,do,-6.98687744140625
578,final,do,-5.890833377838135
579,final,do,-5.07406759262085
580,final,do,-4.536808490753174
581,final,do,-6.714444160461426
582,final,do,-5.699990272521973
583,final,do,-5.425883769989014
584,final,do,-5.309192657470703
585,final,do,-5.594757080078125
586,final,do,-4.563565731048584
587,final,do,-4.51214599609375
588,final,do,-5.425883769989014
589,final,do,-3.8224973678588867
590,final,do,-6.343987464904785
591,final,do,-6.948643684387207
592,final,do,-5.672475337982178
593,final,do,-6.948643684387207
594,final,do,-6.002251625061035
595,final,do,-7.318922519683838
596,final,do,-5.8658576011657715
597,final,do,-6.714444160461426
598,final,do,-6.020883560180664
599,final,pp,-5.769627571105957
600,final,pp,-5.950911998748779
601,final,pp,-7.124302864074707
602,final,pp,-5.77322244644165
603,final,pp,-6.176548004150391
604,final,pp,-6.281540870666504
605,final,pp,-6.624683380126953
606,final,pp,-6.0125956535339355
607,final,pp,-5.950911998748779
608,final,pp,-6.346088886260986
609,final,pp,-5.356112957000732
610,final,pp,-5.2145819664001465
611,final,pp,-6.475127220153809
612,final,pp,-6.94266414642334
613,final,pp,-5.602295875549316
614,final,pp,-5.735687732696533
615,final,pp,-6.5081610679626465
616,final,pp,-5.76962423324585
617,final,pp,-5.76962423324585
618,final,pp,-5.683420181274414
619,final,do,-6.025931358337402
620,final,do,-4.684230804443359
621,final,do,-7.253899097442627
622,final,do,-6.018714904785156
623,final,do,-6.295870304107666
624,final,do,-5.8676557540893555
625,final,do,-5.763909816741943
626,final,do,-5.9086456298828125
627,final,do,-5.951143741607666
628,final,do,-6.051875591278076
629,final,do,-4.997272968292236
630,final,do,-4.7682576179504395
631,final,do,-5.5012712478637695
632,final,do,-5.120207786560059
633,final,do,-5.313844203948975
634,final,do,-6.536121845245361
635,final,do,-4.715775012969971
636,final,do,-7.06826114654541
637,final,do,-5.5012712478637695
638,final,do,-5.919144630432129
639,final,do,-5.239430904388428
640,final,do,-6.2619805335998535
641,final,do,-5.129528045654297
642,final,do,-5.974850654602051
643,final,do,-6.186549663543701
644,final,do,-4.862123012542725
645,final,do,-6.139618396759033
646,final,do,-5.5819220542907715
647,final,do,-5.891760349273682
648,final,do,-5.85144567489624
649,final,do,-6.249002456665039
650,final,do,-6.520806789398193
651,final,do,-7.131561756134033
652,final,do,-6.057652473449707
653,final,do,-6.204548358917236
654,final,do,-5.757299900054932
655,final,do,-7.140685081481934
656,final,do,-5.295217037200928
657,final,do,-7.52665901184082
658,final,do,-5.501270771026611
659,final,do,-6.500713348388672
660,final,do,-6.635440349578857
661,final,do,-5.024875164031982
662,final,pp,-5.609302043914795
663,final,pp,-4.490705490112305
664,final,pp,-5.8292365074157715
665,final,pp,-5.44907808303833
666,final,pp,-5.781684875488281
667,final,pp,-5.574869155883789
668,final,pp,-5.3087592124938965
669,final,pp,-5.225955486297607
670,final,pp,-5.519344329833984
671,final,pp,-5.229193210601807
672,final,pp,-4.645459175109863
673,final,pp,-4.280643939971924
674,final,pp,-5.131777763366699
675,final,pp,-4.5278000831604
676,final,pp,-4.837731838226318
677,final,pp,-5.77536678314209
678,final,pp,-4.219645023345947
679,final,pp,-6.185517311096191
680,final,pp,-5.131777763366699
681,final,pp,-5.4375739097595215
682,final,do,-7.3182373046875
683,final,do,-9.515998840332031
684,final,do,-6.657989978790283
685,final,do,-6.507052898406982
686,final,do,-5.730185031890869
687,final,do,-6.693509578704834
688,final,do,-8.00230884552002
689,final,do,-9.206997871398926
690,final,do,-7.013951778411865
691,final,do,-7.176133632659912
692,final,do,-6.53661584854126
693,final,do,-8.31076431274414
694,final,do,-7.52097225189209
695,final,do,-6.719755172729492
696,final,do,-7.500441074371338
697,final,do,-6.065486431121826
698,final,do,-5.914461612701416
699,final,do,-6.572399139404297
700,final,do,-9.061140060424805
701,final,do,-6.561182022094727
702,final,do,-7.104360103607178
703,final,do,-8.617609977722168
704,final,do,-8.683733940124512
705,final,do,-6.745713710784912
706,final,do,-8.379316329956055
707,final,do,-7.39935827255249
708,final,do,-7.062615871429443
709,final,do,-7.2854838371276855
710,final,do,-7.444455623626709
711,final,do,-6.2869873046875
712,final,do,-8.68697738647461
713,final,do,-7.9642438888549805
714,final,do,-7.865572452545166
715,final,do,-8.368183135986328
716,final,do,-9.613497734069824
717,final,do,-7.534893035888672
718,final,do,-7.6044487953186035
719,final,do,-9.076817512512207
720,final,do,-5.6124796867370605
721,final,do,-6.443243503570557
722,final,do,-6.951669216156006
723,final,do,-6.900758266448975
724,final,do,-6.227432727813721
725,final,pp,-5.6631293296813965
726,final,pp,-7.804215908050537
727,final,pp,-5.074589729309082
728,final,pp,-5.806024074554443
729,final,pp,-5.139176845550537
730,final,pp,-5.7887701988220215
731,final,pp,-7.035898208618164
732,final,pp,-6.8211989402771
733,final,pp,-7.171474456787109
734,final,pp,-6.4737629890441895
735,final,pp,-6.544486999511719
736,final,pp,-7.101500034332275
737,final,pp,-6.400041580200195
738,final,pp,-6.040406703948975
739,final,pp,-6.199911117553711
740,final,pp,-5.438503742218018
741,final,pp,-5.018955707550049
742,final,pp,-5.467517375946045
743,final,pp,-6.857475280761719
744,final,pp,-5.522828578948975
745,final,pp,-6.141970634460449
746,final,pp,-5.301296710968018
747,final,pp,-6.982264518737793
748,final,pp,-6.091287612915039
749,final,pp,-6.285150527954102
750,final,pp,-7.085704803466797
751,final,pp,-6.013842582702637
752,final,pp,-6.921154022216797
753,final,pp,-6.3473801612854
754,final,pp,-6.454992771148682
755,final,pp,-5.795393943786621
756,final,pp,-5.029894828796387
757,final,pp,-5.785487651824951
758,final,pp,-5.272830963134766
759,final,pp,-5.456559181213379
760,final,pp,-6.653514385223389
761,final,pp,-8.134328842163086
762,final,pp,-6.606875419616699
763,final,pp,-6.654214382171631
764,final,pp,-5.834214687347412
765,final,pp,-5.3708696365356445
766,final,pp,-5.817872047424316
767,final,pp,-5.914539813995361
768,final,pp,-4.555699825286865
769,final,pp,-6.691729545593262
770,final,pp,-5.670456409454346
771,final,pp,-5.526855945587158
772,final,pp,-6.22080135345459
773,final,pp,-5.563741207122803
774,final,pp,-5.212928295135498
775,final,pp,-5.575165748596191
776,final,pp,-4.739208221435547
777,final,pp,-5.662631511688232
778,final,pp,-5.746906280517578
779,final,pp,-6.369907855987549
780,final,pp,-5.675212860107422
781,final,pp,-6.711712837219238
782,final,pp,-5.009402275085449
783,final,pp,-6.391678333282471
784,final,pp,-6.513742923736572
785,final,do,-5.83212947845459
786,final,do,-5.795694828033447
787,final,do,-6.036937713623047
788,final,do,-4.887589454650879
789,final,do,-5.109630584716797
790,final,do,-4.768792152404785
791,final,do,-5.989687919616699
792,final,do,-4.691102981567383
793,final,do,-6.156494140625
794,final,do,-5.739049434661865
795,final,do,-5.064769744873047
796,final,do,-4.239461898803711
797,final,do,-5.069080352783203
798,final,do,-5.909257411956787
799,final,do,-4.590252876281738
800,final,do,-4.655511856079102
801,final,do,-5.674726963043213
802,final,do,-5.438803672790527
803,final,do,-6.085745811462402
804,final,do,-6.504160404205322
805,final,do,-6.575780391693115
806,final,do,-5.393847942352295
807,final,do,-5.089841365814209
808,final,do,-6.221839904785156
809,final,do,-5.632377624511719
810,final,do,-5.413873195648193
811,final,do,-6.730642795562744
812,final,do,-5.40052604675293
813,final,do,-5.286027908325195
814,final,do,-5.54204797744751
815,final,do,-4.849697589874268
816,final,do,-5.2374725341796875
817,final,do,-5.4665303230285645
818,final,do,-4.693116664886475
819,final,do,-5.144626140594482
820,final,do,-4.655511856079102
821,final,do,-6.536612033843994
822,final,do,-5.165731430053711
823,final,do,-5.4041337966918945
824,final,do,-6.1289215087890625
825,final,do,-5.54270076751709
826,final,do,-5.142663478851318
827,final,do,-6.762022972106934
828,final,pp,-5.113247394561768
829,final,pp,-5.523366451263428
830,final,pp,-5.680227279663086
831,final,pp,-4.556676387786865
832,final,pp,-4.285856246948242
833,final,pp,-4.393373012542725
834,final,pp,-5.741476535797119
835,final,pp,-4.403862953186035
836,final,pp,-5.326721668243408
837,final,pp,-4.747063636779785
838,final,pp,-4.641579627990723
839,final,pp,-3.9600212574005127
840,final,pp,-4.790528774261475
841,final,pp,-4.659738540649414
842,final,pp,-3.977803945541382
843,final,pp,-4.472087383270264
844,final,pp,-4.656653881072998
845,final,pp,-5.141653060913086
846,final,pp,-5.163387298583984
847,final,pp,-5.262121677398682
848,final,do,-5.391605377197266
849,final,do,-4.791443824768066
850,final,do,-5.903730869293213
851,final,do,-5.938178062438965
852,final,do,-4.771655082702637
853,final,do,-5.373510837554932
854,final,do,-6.52492618560791
855,final,do,-5.625866889953613
856,final,do,-4.657645225524902
857,final,do,-5.5367655754089355
858,final,do,-5.45003604888916
859,final,do,-5.9430646896362305
860,final,do,-5.2876691818237305
861,final,do,-4.403721332550049
862,final,do,-5.821651458740234
863,final,do,-5.640017986297607
864,final,do,-5.438782691955566
865,final,do,-6.239853382110596
866,final,do,-5.1466827392578125
867,final,do,-4.741822242736816
868,final,do,-6.70082426071167
869,final,do,-4.16444206237793
870,final,do,-6.255902290344238
871,final,do,-4.891897201538086
872,final,do,-5.255083084106445
873,final,do,-5.122211933135986
874,final,do,-4.6576457023620605
875,final,do,-4.632735252380371
876,final,do,-5.100025653839111
877,final,do,-5.049986362457275
878,final,do,-4.811357021331787
879,final,do,-5.127702713012695
880,final,do,-6.146971702575684
881,final,do,-5.787487030029297
882,final,do,-5.15515661239624
883,final,do,-5.831575393676758
884,final,do,-5.391605377197266
885,final,do,-5.214742660522461
886,final,do,-4.73030948638916
887,final,do,-5.345274925231934
888,final,do,-6.265219211578369
889,final,do,-6.207149028778076
890,final,do,-4.901944637298584
891,final,pp,-5.190423965454102
892,final,pp,-4.823653221130371
893,final,pp,-5.376830101013184
894,final,pp,-5.511671543121338
895,final,pp,-4.870696544647217
896,final,pp,-5.152100563049316
897,final,pp,-6.066730499267578
898,final,pp,-5.536686420440674
899,final,pp,-4.578460693359375
900,final,pp,-5.182445049285889
901,final,pp,-4.983545303344727
902,final,pp,-5.998737812042236
903,final,pp,-5.040822982788086
904,final,pp,-4.26393985748291
905,final,pp,-5.675840854644775
906,final,pp,-5.6873674392700195
907,final,pp,-5.592918872833252
908,final,pp,-5.68973970413208
909,final,pp,-5.1055827140808105
910,final,pp,-4.889893531799316
911,final,do,-4.950186729431152
912,final,do,-6.146054744720459
913,final,do,-4.807826042175293
914,final,do,-5.205599308013916
915,final,do,-4.949828147888184
916,final,do,-5.693750381469727
917,final,do,-5.41879415512085
918,final,do,-5.46150016784668
919,final,do,-4.8880486488342285
920,final,do,-5.572298049926758
921,final,do,-5.131442546844482
922,final,do,-5.133214473724365
923,final,do,-5.33790397644043
924,final,do,-4.747649192810059
925,final,do,-5.412800312042236
926,final,do,-5.258993625640869
927,final,do,-5.26190185546875
928,final,do,-5.395228385925293
929,final,do,-5.8633832931518555
930,final,do,-4.859931945800781
931,final,do,-5.317404747009277
932,final,do,-4.755814552307129
933,final,do,-5.398411750793457
934,final,do,-5.031708717346191
935,final,do,-4.975510597229004
936,final,do,-5.268861770629883
937,final,do,-4.562666416168213
938,final,do,-5.195771217346191
939,final,do,-5.856545925140381
940,final,do,-4.727753162384033
941,final,do,-4.775506496429443
942,final,do,-5.377755641937256
943,final,do,-4.4757585525512695
944,final,do,-5.209954261779785
945,final,do,-4.54491662979126
946,final,do,-5.756188869476318
947,final,do,-5.135446071624756
948,final,do,-5.617968559265137
949,final,do,-5.572296142578125
950,final,do,-5.218999862670898
951,final,do,-5.756544589996338
952,final,do,-4.961154460906982
953,final,do,-5.620852470397949
954,final,pp,-4.817541599273682
955,final,pp,-5.273691654205322
956,final,pp,-4.625848293304443
957,final,pp,-4.860323429107666
958,final,pp,-4.9659810066223145
959,final,pp,-5.603516101837158
960,final,pp,-5.386325359344482
961,final,pp,-4.841660976409912
962,final,pp,-4.217221736907959
963,final,pp,-5.274689674377441
964,final,pp,-5.077518939971924
965,final,pp,-4.76768159866333
966,final,pp,-4.846600532531738
967,final,pp,-4.458045959472656
968,final,pp,-5.317698955535889
969,final,pp,-4.6848297119140625
970,final,pp,-4.61091947555542
971,final,pp,-5.454007625579834
972,final,pp,-5.654702663421631
973,final,pp,-4.803677558898926
974,final,do,-6.38234806060791
975,final,do,-6.172923564910889
976,final,do,-7.298019886016846
977,final,do,-6.224886894226074
978,final,do,-5.59797477722168
979,final,do,-5.910255432128906
980,final,do,-6.703952789306641
981,final,do,-6.211541175842285
982,final,do,-6.048028469085693
983,final,do,-6.340802192687988
984,final,do,-6.485005855560303
985,final,do,-6.050419807434082
986,final,do,-6.4150471687316895
987,final,do,-5.827678680419922
988,final,do,-7.51544713973999
989,final,do,-6.437512397766113
990,final,do,-7.595414638519287
991,final,do,-5.76400089263916
992,final,do,-6.121225357055664
993,final,do,-5.93248176574707
994,final,do,-5.2186150550842285
995,final,do,-6.326663494110107
996,final,do,-6.9814043045043945
997,final,do,-6.237147808074951
998,final,do,-6.19415283203125
999,final,do,-5.6569695472717285
1000,final,do,-6.300272464752197
1001,final,do,-5.788221836090088
1002,final,do,-6.401391983032227
1003,final,do,-5.93248176574707
1004,final,do,-5.890469551086426
1005,final,do,-5.561697483062744
1006,final,do,-7.066459655761719
1007,final,do,-6.439022541046143
1008,final,do,-5.986282825469971
1009,final,do,-5.423778057098389
1010,final,do,-6.161122798919678
1011,final,do,-6.78046178817749
1012,final,do,-6.328030586242676
1013,final,do,-6.819304466247559
1014,final,do,-6.328030586242676
1015,final,do,-6.840394020080566
1016,final,do,-5.628709316253662
1017,final,pp,-5.297580718994141
1018,final,pp,-5.23345422744751
1019,final,pp,-6.282136917114258
1020,final,pp,-5.213278293609619
1021,final,pp,-4.928513526916504
1022,final,pp,-4.931979179382324
1023,final,pp,-5.470839500427246
1024,final,pp,-5.501314163208008
1025,final,pp,-5.079339981079102
1026,final,pp,-5.642587661743164
1027,final,pp,-6.245148658752441
1028,final,pp,-5.337167263031006
1029,final,pp,-5.445152759552002
1030,final,pp,-5.0907511711120605
1031,final,pp,-6.2690534591674805
1032,final,pp,-5.358542442321777
1033,final,pp,-6.459445953369141
1034,final,pp,-5.441845417022705
1035,final,pp,-5.5194172859191895
1036,final,pp,-5.524256706237793
1037,final,pp,-5.544183254241943
1038,final,pp,-5.366673469543457
1039,final,pp,-6.101764678955078
1040,final,pp,-5.317416667938232
1041,final,pp,-4.841363906860352
1042,final,pp,-5.8172173500061035
1043,final,pp,-5.682198524475098
1044,final,pp,-4.5817742347717285
1045,final,pp,-6.289392471313477
1046,final,pp,-5.5911865234375
1047,final,pp,-6.048985958099365
1048,final,pp,-4.8013105392456055
1049,final,pp,-5.257606506347656
1050,final,pp,-5.154772758483887
1051,final,pp,-5.0237932205200195
1052,final,pp,-5.443244934082031
1053,final,pp,-5.940036296844482
1054,final,pp,-5.182981967926025
1055,final,pp,-4.864280700683594
1056,final,pp,-4.81002140045166
1057,final,pp,-5.362932205200195
1058,final,pp,-4.4340009689331055
1059,final,pp,-5.159117221832275
1060,final,pp,-5.276145935058594
1061,final,pp,-5.085962295532227
1062,final,pp,-4.01630973815918
1063,final,pp,-4.1033406257629395
1064,final,pp,-4.394238471984863
1065,final,pp,-5.805667400360107
1066,final,pp,-4.227716445922852
1067,final,pp,-4.89011287689209
1068,final,pp,-4.393690586090088
1069,final,pp,-4.787748336791992
1070,final,pp,-5.072380542755127
1071,final,pp,-4.917004585266113
1072,final,pp,-5.068312168121338
1073,final,pp,-4.386444091796875
1074,final,pp,-4.537298202514648
1075,final,pp,-4.546568393707275
1076,final,pp,-6.168996810913086
1077,final,do,-5.894137859344482
1078,final,do,-5.358919620513916
1079,final,do,-5.343541622161865
1080,final,do,-4.995054721832275
1081,final,do,-3.7347962856292725
1082,final,do,-4.722960948944092
1083,final,do,-4.351258754730225
1084,final,do,-4.838958263397217
1085,final,do,-4.916656017303467
1086,final,do,-4.956395149230957
1087,final,do,-4.820788860321045
1088,final,do,-5.052683353424072
1089,final,do,-5.3923726081848145
1090,final,do,-5.947793483734131
1091,final,do,-5.632852077484131
1092,final,do,-5.177632808685303
1093,final,do,-4.92892599105835
1094,final,do,-5.487907409667969
1095,final,do,-5.974108695983887
1096,final,do,-4.6078200340271
1097,final,do,-5.804117679595947
1098,final,do,-4.432447910308838
1099,final,do,-5.752904415130615
1100,final,do,-5.012829780578613
1101,final,do,-5.402163028717041
1102,final,do,-5.774486541748047
1103,final,do,-4.163286209106445
1104,final,do,-4.762809753417969
1105,final,do,-4.917904376983643
1106,final,do,-4.287576198577881
1107,final,do,-4.432447910308838
1108,final,do,-6.350034236907959
1109,final,do,-4.925924301147461
1110,final,do,-6.184608459472656
1111,final,do,-6.549370288848877
1112,final,do,-5.1646928787231445
1113,final,do,-4.964423656463623
1114,final,do,-4.2436747550964355
1115,final,do,-4.2612457275390625
1116,final,do,-4.60164213180542
1117,final,do,-5.9943366050720215
1118,final,do,-6.468808650970459
1119,final,do,-4.632283687591553
1120,final,pp,-5.060023784637451
1121,final,pp,-4.496462345123291
1122,final,pp,-4.63207483291626
1123,final,pp,-3.723234176635742
1124,final,pp,-2.98225998878479
1125,final,pp,-3.9545485973358154
1126,final,pp,-3.654799222946167
1127,final,pp,-3.9955508708953857
1128,final,pp,-3.89313006401062
1129,final,pp,-4.34812068939209
1130,final,pp,-3.9937093257904053
1131,final,pp,-3.85097336769104
1132,final,pp,-4.450007438659668
1133,final,pp,-4.688684940338135
1134,final,pp,-4.2290239334106445
1135,final,pp,-4.168614387512207
1136,final,pp,-4.214092254638672
1137,final,pp,-4.2804179191589355
1138,final,pp,-5.179009914398193
1139,final,pp,-3.6161422729492188
1140,final,do,-5.124197959899902
1141,final,do,-5.588459014892578
1142,final,do,-4.772634506225586
1143,final,do,-4.3401408195495605
1144,final,do,-6.052977085113525
1145,final,do,-4.364022731781006
1146,final,do,-5.124197959899902
1147,final,do,-5.9269938468933105
1148,final,do,-4.221218109130859
1149,final,do,-4.52869176864624
1150,final,do,-5.457364559173584
1151,final,do,-5.587892055511475
1152,final,do,-4.075973987579346
1153,final,do,-5.2616286277771
1154,final,do,-4.460988998413086
1155,final,do,-4.5500969886779785
1156,final,do,-5.148865699768066
1157,final,do,-5.710930824279785
1158,final,do,-5.527179718017578
1159,final,do,-4.406480312347412
1160,final,do,-4.840582847595215
1161,final,do,-4.167182445526123
1162,final,do,-6.852530002593994
1163,final,do,-6.01753044128418
1164,final,do,-5.588459014892578
1165,final,do,-5.571847438812256
1166,final,do,-5.399707317352295
1167,final,do,-4.740626811981201
1168,final,do,-4.266940116882324
1169,final,do,-5.623013973236084
1170,final,do,-4.938360691070557
1171,final,do,-4.79490852355957
1172,final,do,-5.148865699768066
1173,final,do,-4.571630477905273
1174,final,do,-4.4119415283203125
1175,final,do,-4.4119415283203125
1176,final,do,-5.0489420890808105
1177,final,do,-5.405237197875977
1178,final,do,-3.9207241535186768
1179,final,do,-4.5500969886779785
1180,final,do,-6.852530002593994
1181,final,do,-4.524972438812256
1182,final,do,-4.740626811981201
1183,final,pp,-5.0299763679504395
1184,final,pp,-5.333189964294434
1185,final,pp,-4.158486366271973
1186,final,pp,-4.105112075805664
1187,final,pp,-5.697246074676514
1188,final,pp,-4.234226226806641
1189,final,pp,-5.029975891113281
1190,final,pp,-5.552142143249512
1191,final,pp,-3.978848695755005
1192,final,pp,-4.135580062866211
1193,final,pp,-5.124066352844238
1194,final,pp,-5.142265796661377
1195,final,pp,-3.6120662689208984
1196,final,pp,-4.89141845703125
1197,final,pp,-4.484457969665527
1198,final,pp,-4.045383930206299
1199,final,pp,-5.046107292175293
1200,final,pp,-5.108264446258545
1201,final,pp,-5.151492118835449
1202,final,pp,-4.1256279945373535
1203,final,do,-5.701761245727539
1204,final,do,-4.35703182220459
1205,final,do,-5.263130187988281
1206,final,do,-5.185833930969238
1207,final,do,-5.737878799438477
1208,final,do,-6.13132381439209
1209,final,do,-5.386096477508545
1210,final,do,-5.559231281280518
1211,final,do,-5.194118022918701
1212,final,do,-6.629733085632324
1213,final,do,-5.28277063369751
1214,final,do,-5.707423686981201
1215,final,do,-5.303201675415039
1216,final,do,-4.802206993103027
1217,final,do,-4.96176290512085
1218,final,do,-4.899925231933594
1219,final,do,-4.833866119384766
1220,final,do,-5.325807094573975
1221,final,do,-5.390139579772949
1222,final,do,-4.91689920425415
1223,final,do,-6.242463111877441
1224,final,do,-5.396767616271973
1225,final,do,-6.002945899963379
1226,final,do,-4.625822067260742
1227,final,do,-5.681866645812988
1228,final,do,-5.4618072509765625
1229,final,do,-4.800251007080078
1230,final,do,-4.870165824890137
1231,final,do,-4.821669578552246
1232,final,do,-4.772495269775391
1233,final,do,-4.519369125366211
1234,final,do,-4.7217302322387695
1235,final,do,-6.324399948120117
1236,final,do,-5.72343635559082
1237,final,do,-4.63707160949707
1238,final,do,-5.704442024230957
1239,final,do,-4.81418514251709
1240,final,do,-5.588084697723389
1241,final,do,-5.891726016998291
1242,final,do,-4.666041374206543
1243,final,do,-5.271512031555176
1244,final,do,-5.808381080627441
1245,final,do,-5.646801948547363
1246,final,pp,-4.9173126220703125
1247,final,pp,-3.754150390625
1248,final,pp,-4.651617050170898
1249,final,pp,-4.419857978820801
1250,final,pp,-4.7739577293396
1251,final,pp,-5.421901226043701
1252,final,pp,-4.856721878051758
1253,final,pp,-4.902660846710205
1254,final,pp,-4.370909214019775
1255,final,pp,-5.748668193817139
1256,final,pp,-4.310888767242432
1257,final,pp,-4.831763744354248
1258,final,pp,-4.531284332275391
1259,final,pp,-3.7822113037109375
1260,final,pp,-4.312540531158447
1261,final,pp,-4.1743388175964355
1262,final,pp,-4.055016040802002
1263,final,pp,-4.425380706787109
1264,final,pp,-4.692018032073975
1265,final,pp,-4.224676132202148
1266,final,do,-4.098678112030029
1267,final,do,-4.8713812828063965
1268,final,do,-5.979759216308594
1269,final,do,-6.269262790679932
1270,final,do,-5.758421897888184
1271,final,do,-5.693965911865234
1272,final,do,-6.797767639160156
1273,final,do,-6.538913726806641
1274,final,do,-5.756850242614746
1275,final,do,-6.962544918060303
1276,final,do,-6.572316646575928
1277,final,do,-5.121848106384277
1278,final,do,-6.90331506729126
1279,final,do,-5.8333916664123535
1280,final,do,-5.303192615509033
1281,final,do,-7.360279083251953
1282,final,do,-7.023401260375977
1283,final,do,-6.17727518081665
1284,final,do,-5.3611884117126465
1285,final,do,-5.657280445098877
1286,final,do,-5.563591957092285
1287,final,do,-6.395893096923828
1288,final,do,-6.404275417327881
1289,final,do,-6.30118989944458
1290,final,do,-7.679096221923828
1291,final,do,-5.638325214385986
1292,final,do,-6.362987518310547
1293,final,do,-6.322062969207764
1294,final,do,-6.064828395843506
1295,final,do,-5.822329998016357
1296,final,do,-6.1887359619140625
1297,final,do,-5.587253570556641
1298,final,do,-7.428483486175537
1299,final,do,-4.99578857421875
1300,final,do,-5.555086135864258
1301,final,do,-5.978370666503906
1302,final,do,-6.643850326538086
1303,final,do,-7.255846977233887
1304,final,do,-6.103156566619873
1305,final,do,-7.151480197906494
1306,final,do,-7.491818904876709
1307,final,do,-6.994610786437988
1308,final,do,-6.367390155792236
1309,final,pp,-3.5238752365112305
1310,final,pp,-3.8469791412353516
1311,final,pp,-4.888150215148926
1312,final,pp,-4.427432060241699
1313,final,pp,-4.759431838989258
1314,final,pp,-4.51552677154541
1315,final,pp,-5.710594177246094
1316,final,pp,-5.532888889312744
1317,final,pp,-4.917445182800293
1318,final,pp,-5.968616008758545
1319,final,pp,-5.246829509735107
1320,final,pp,-4.429909706115723
1321,final,pp,-5.632475852966309
1322,final,pp,-4.026063919067383
1323,final,pp,-4.323581218719482
1324,final,pp,-4.701219081878662
1325,final,pp,-4.773066520690918
1326,final,pp,-5.268814563751221
1327,final,pp,-4.5759806632995605
1328,final,pp,-4.4350786209106445
1329,final,pp,-4.5344743728637695
1330,final,pp,-4.218312740325928
1331,final,pp,-5.9500861167907715
1332,final,pp,-5.36508846282959
1333,final,pp,-5.760924339294434
1334,final,pp,-4.552799224853516
1335,final,pp,-4.878997325897217
1336,final,pp,-5.309957027435303
1337,final,pp,-4.584115028381348
1338,final,pp,-6.0013909339904785
1339,final,pp,-5.000610828399658
1340,final,pp,-4.865093231201172
1341,final,pp,-4.987674713134766
1342,final,pp,-5.594144821166992
1343,final,pp,-6.0140557289123535
1344,final,pp,-5.06218957901001
1345,final,pp,-5.91257905960083
1346,final,pp,-4.2432684898376465
1347,final,pp,-6.1694231033325195
1348,final,pp,-5.257967948913574
1349,final,pp,-3.4369521141052246
1350,final,pp,-4.194479465484619
1351,final,pp,-4.77937126159668
1352,final,pp,-3.6713151931762695
1353,final,pp,-4.332821846008301
1354,final,pp,-3.598820924758911
1355,final,pp,-4.107713222503662
1356,final,pp,-4.579724311828613
1357,final,pp,-4.962037563323975
1358,final,pp,-4.352294921875
1359,final,pp,-3.6405162811279297
1360,final,pp,-4.3161139488220215
1361,final,pp,-5.184319496154785
1362,final,pp,-5.565956115722656
1363,final,pp,-4.246251106262207
1364,final,pp,-3.8355889320373535
1365,final,pp,-5.073641300201416
1366,final,pp,-4.506522178649902
1367,final,pp,-4.828542232513428
1368,final,pp,-4.1634697914123535
1,best,pp,-4.059494495391846
2,best,pp,-5.012696743011475
3,best,pp,-4.5740532875061035
4,best,pp,-4.839698314666748
5,best,pp,-3.961742401123047
6,best,pp,-4.731997966766357
7,best,pp,-4.618922710418701
8,best,pp,-4.108913421630859
9,best,pp,-3.7594032287597656
10,best,pp,-3.9038009643554688
11,best,pp,-5.632208347320557
12,best,pp,-4.337380409240723
13,best,pp,-4.23069953918457
14,best,pp,-4.55765438079834
15,best,pp,-5.137105464935303
16,best,pp,-4.108913421630859
17,best,pp,-4.471353054046631
18,best,pp,-4.589253902435303
19,best,pp,-4.933332920074463
20,best,pp,-4.0077009201049805
21,best,pp,-4.296382427215576
22,best,pp,-6.089159965515137
23,best,pp,-4.347996234893799
24,best,pp,-4.731347560882568
25,best,pp,-5.35499906539917
26,best,pp,-5.846419811248779
27,best,pp,-5.0797810554504395
28,best,pp,-5.10400390625
29,best,pp,-4.978095531463623
30,best,pp,-4.867538928985596
31,best,pp,-4.9452385902404785
32,best,pp,-4.731347560882568
33,best,pp,-5.3197150230407715
34,best,pp,-5.160728931427002
35,best,pp,-4.849189758300781
36,best,pp,-4.9587202072143555
37,best,pp,-4.9780964851379395
38,best,pp,-3.7863242626190186
39,best,pp,-5.355183124542236
40,best,pp,-4.442707538604736
41,best,pp,-4.2842206954956055
42,best,pp,-4.5415825843811035
43,best,pp,-3.922410726547241
44,best,pp,-4.633790493011475
45,best,pp,-5.043755531311035
46,best,pp,-4.5327348709106445
47,best,pp,-5.736837387084961
48,best,pp,-4.3779401779174805
49,best,pp,-4.238991737365723
50,best,pp,-3.9068922996520996
51,best,pp,-4.471871376037598
52,best,pp,-4.875315189361572
53,best,pp,-4.218654632568359
54,best,pp,-4.160678863525391
55,best,pp,-4.582037448883057
56,best,pp,-4.242767810821533
57,best,pp,-4.439665794372559
58,best,pp,-4.640102386474609
59,best,pp,-4.791650295257568
60,best,pp,-4.6404948234558105
61,best,pp,-4.34895133972168
62,best,pp,-4.6726226806640625
63,best,pp,-5.293150424957275
64,best,pp,-5.239124774932861
65,best,pp,-6.852210998535156
66,best,pp,-5.2563323974609375
67,best,pp,-4.990796089172363
68,best,pp,-6.302034854888916
69,best,pp,-6.553656101226807
70,best,pp,-5.6562042236328125
71,best,pp,-4.199709892272949
72,best,pp,-5.3354620933532715
73,best,pp,-4.741998195648193
74,best,pp,-6.238107204437256
75,best,pp,-4.497523784637451
76,best,pp,-3.9240379333496094
77,best,pp,-5.766365051269531
78,best,pp,-4.532379150390625
79,best,pp,-3.8370344638824463
80,best,pp,-5.489652156829834
81,best,pp,-6.276412010192871
82,best,pp,-5.089966773986816
83,best,pp,-5.454492092132568
84,best,pp,-4.930489540100098
85,best,pp,-5.089966773986816
86,best,pp,-4.821634769439697
87,best,pp,-5.566943168640137
88,best,pp,-4.760767936706543
89,best,pp,-4.912607669830322
90,best,pp,-4.496310234069824
91,best,pp,-4.901849269866943
92,best,pp,-6.136685371398926
93,best,pp,-5.4497389793396
94,best,pp,-4.837627410888672
95,best,pp,-4.511279106140137
96,best,pp,-4.948889255523682
97,best,pp,-5.4678425788879395
98,best,pp,-5.923547267913818
99,best,pp,-5.541995525360107
100,best,pp,-5.341163635253906
101,best,pp,-5.485047340393066
102,best,pp,-4.431307792663574
103,best,pp,-4.485561847686768
104,best,pp,-4.299378871917725
105,best,pp,-4.623337745666504
106,best,pp,-4.70957612991333
107,best,pp,-3.9484753608703613
108,best,pp,-5.394887447357178
109,best,pp,-5.2735185623168945
110,best,pp,-5.044793128967285
111,best,pp,-4.3344645500183105
112,best,pp,-4.714806079864502
113,best,pp,-4.637462139129639
114,best,pp,-5.594451904296875
115,best,pp,-5.130214214324951
116,best,pp,-4.310497283935547
117,best,pp,-5.096518516540527
118,best,pp,-5.835441589355469
119,best,pp,-4.411032676696777
120,best,pp,-4.77242374420166
121,best,pp,-3.993208885192871
122,best,pp,-4.226165771484375
123,best,pp,-6.012673377990723
124,best,pp,-5.063830852508545
125,best,pp,-4.347841739654541
126,best,pp,-4.116857528686523
127,best,pp,-3.4823875427246094
128,best,pp,-4.491328716278076
129,best,pp,-3.5264313220977783
130,best,pp,-3.3531646728515625
131,best,pp,-3.5264313220977783
132,best,pp,-4.226165771484375
133,best,pp,-4.683975696563721
134,best,pp,-3.286799192428589
135,best,pp,-4.226165771484375
136,best,pp,-4.116857528686523
137,best,pp,-4.107737064361572
138,best,pp,-4.013078689575195
139,best,pp,-3.815068006515503
140,best,pp,-3.4520490169525146
141,best,pp,-4.384047508239746
142,best,pp,-4.129901885986328
143,best,pp,-3.8926806449890137
144,best,pp,-4.542680740356445
145,best,pp,-3.94435977935791
146,best,pp,-4.4022297859191895
147,best,pp,-3.681032657623291
148,best,pp,-3.998926877975464
149,best,pp,-4.143304347991943
150,best,pp,-4.283262729644775
151,best,pp,-5.078619003295898
152,best,pp,-4.008052349090576
153,best,pp,-3.8249664306640625
154,best,pp,-4.229343414306641
155,best,pp,-3.9115123748779297
156,best,pp,-5.580253601074219
157,best,pp,-4.411010265350342
158,best,pp,-4.609729766845703
159,best,pp,-4.214972972869873
160,best,pp,-3.9033164978027344
161,best,pp,-4.538401126861572
162,best,pp,-4.014012336730957
163,best,pp,-4.012248516082764
164,best,pp,-4.2868428230285645
165,best,pp,-3.570053815841675
166,best,pp,-3.6838974952697754
167,best,pp,-6.334495544433594
168,best,pp,-4.63499116897583
169,best,pp,-4.485511779785156
170,best,pp,-5.581118106842041
171,best,pp,-4.012248516082764
172,best,pp,-4.002199649810791
173,best,pp,-4.575209617614746
174,best,pp,-4.5477471351623535
175,best,pp,-4.414005279541016
176,best,pp,-3.570053815841675
177,best,pp,-4.67236328125
178,best,pp,-4.446657657623291
179,best,pp,-4.14075231552124
180,best,pp,-5.94180154800415
181,best,pp,-4.627640724182129
182,best,pp,-5.185124397277832
183,best,pp,-4.871741771697998
184,best,pp,-6.2433013916015625
185,best,pp,-4.742036819458008
186,best,pp,-5.145520210266113
187,best,pp,-5.047172546386719
188,best,pp,-4.152238845825195
189,best,pp,-4.630117893218994
190,best,pp,-5.036284446716309
191,best,pp,-5.135833740234375
192,best,pp,-5.130125999450684
193,best,pp,-5.0504255294799805
194,best,pp,-4.655031681060791
195,best,pp,-4.751429557800293
196,best,pp,-4.51535177230835
197,best,pp,-4.690903663635254
198,best,pp,-5.034088134765625
199,best,pp,-5.931155681610107
200,best,pp,-5.0832295417785645
201,best,pp,-4.0286335945129395
202,best,pp,-3.5717806816101074
203,best,pp,-5.03533411026001
204,best,pp,-3.567922353744507
205,best,pp,-4.577590465545654
206,best,pp,-3.6152546405792236
207,best,pp,-4.674920082092285
208,best,pp,-4.776155948638916
209,best,pp,-3.7803285121917725
210,best,pp,-3.5121638774871826
211,best,pp,-3.454014301300049
212,best,pp,-5.578433036804199
213,best,pp,-4.4875288009643555
214,best,pp,-5.236637592315674
215,best,pp,-4.576973915100098
216,best,pp,-4.200809955596924
217,best,pp,-3.895191192626953
218,best,pp,-4.08858585357666
219,best,pp,-3.735424518585205
220,best,pp,-4.531445503234863
221,best,do,-5.117129802703857
222,best,do,-4.776512622833252
223,best,do,-4.774037837982178
224,best,do,-5.024482250213623
225,best,do,-4.894623756408691
226,best,do,-4.597447395324707
227,best,do,-4.864701271057129
228,best,do,-5.962165355682373
229,best,do,-5.192837238311768
230,best,do,-4.82089900970459
231,best,do,-5.302090167999268
232,best,do,-5.79771089553833
233,best,do,-5.3980841636657715
234,best,do,-5.962165355682373
235,best,do,-4.78683614730835
236,best,do,-4.387524604797363
237,best,do,-4.741615295410156
238,best,do,-4.631750583648682
239,best,do,-5.306432247161865
240,best,do,-4.884241104125977
241,best,do,-5.3980841636657715
242,best,do,-4.6562042236328125
243,best,do,-5.461020469665527
244,best,do,-4.631750583648682
245,best,do,-5.173404216766357
246,best,do,-5.35810661315918
247,best,do,-4.786612510681152
248,best,do,-5.057316303253174
249,best,do,-4.370039463043213
250,best,do,-5.267783164978027
251,best,do,-4.803314685821533
252,best,do,-6.531393051147461
253,best,do,-6.056667804718018
254,best,do,-4.975124359130859
255,best,do,-4.951243877410889
256,best,do,-4.856459617614746
257,best,do,-6.413458824157715
258,best,do,-4.975124359130859
259,best,do,-5.218678951263428
260,best,do,-4.803314685821533
261,best,do,-5.267783164978027
262,best,do,-5.162931442260742
263,best,do,-4.598546504974365
264,best,pp,-5.192871570587158
265,best,pp,-4.667061805725098
266,best,pp,-4.7441792488098145
267,best,pp,-4.910466194152832
268,best,pp,-4.602147102355957
269,best,pp,-4.326333045959473
270,best,pp,-4.375216484069824
271,best,pp,-5.844860553741455
272,best,pp,-4.861515045166016
273,best,pp,-4.696954250335693
274,best,pp,-5.14133882522583
275,best,pp,-5.236950397491455
276,best,pp,-5.171073913574219
277,best,pp,-5.844860553741455
278,best,pp,-4.487802982330322
279,best,pp,-4.335796356201172
280,best,pp,-4.694343566894531
281,best,pp,-4.406126499176025
282,best,pp,-5.30371618270874
283,best,pp,-4.719310283660889
284,best,do,-4.2229695320129395
285,best,do,-4.569598197937012
286,best,do,-4.870390892028809
287,best,do,-4.532595157623291
288,best,do,-4.2108564376831055
289,best,do,-4.9118781089782715
290,best,do,-4.964972496032715
291,best,do,-4.955463886260986
292,best,do,-4.2108564376831055
293,best,do,-4.712793827056885
294,best,do,-4.730297565460205
295,best,do,-4.1154584884643555
296,best,do,-4.803111553192139
297,best,do,-4.591119289398193
298,best,do,-4.3839287757873535
299,best,do,-4.334120273590088
300,best,do,-4.666868686676025
301,best,do,-4.939584732055664
302,best,do,-4.401576519012451
303,best,do,-4.907911777496338
304,best,do,-4.928333282470703
305,best,do,-4.964972496032715
306,best,do,-4.695508003234863
307,best,do,-4.915606498718262
308,best,do,-4.532595157623291
309,best,do,-5.305408000946045
310,best,do,-4.962550640106201
311,best,do,-4.5419769287109375
312,best,do,-4.532595157623291
313,best,do,-5.0889811515808105
314,best,do,-5.039500713348389
315,best,do,-4.646778583526611
316,best,do,-4.596419334411621
317,best,do,-5.85194730758667
318,best,do,-4.962550640106201
319,best,do,-4.939584732055664
320,best,do,-4.484055995941162
321,best,do,-4.970721244812012
322,best,do,-4.870391845703125
323,best,do,-4.7180023193359375
324,best,do,-5.135509967803955
325,best,do,-5.440680503845215
326,best,do,-6.3231329917907715
327,best,pp,-4.6053080558776855
328,best,pp,-4.908286094665527
329,best,pp,-5.150815486907959
330,best,pp,-4.776858329772949
331,best,pp,-4.27606725692749
332,best,pp,-5.176111698150635
333,best,pp,-5.176692008972168
334,best,pp,-5.339200019836426
335,best,pp,-4.27606725692749
336,best,pp,-5.171955108642578
337,best,pp,-4.75665283203125
338,best,pp,-4.423962116241455
339,best,pp,-4.8894805908203125
340,best,pp,-4.592822074890137
341,best,pp,-4.558676242828369
342,best,pp,-4.443446159362793
343,best,pp,-4.751323223114014
344,best,pp,-5.20420503616333
345,best,pp,-4.554220199584961
346,best,pp,-5.149938583374023
347,best,do,-4.646500587463379
348,best,do,-4.864828586578369
349,best,do,-4.812100410461426
350,best,do,-4.870068073272705
351,best,do,-5.154509544372559
352,best,do,-4.413238525390625
353,best,do,-4.982783317565918
354,best,do,-4.563851833343506
355,best,do,-5.136991024017334
356,best,do,-5.135822772979736
357,best,do,-5.126740455627441
358,best,do,-5.214128017425537
359,best,do,-5.906506538391113
360,best,do,-5.295079231262207
361,best,do,-4.627465724945068
362,best,do,-5.6265435218811035
363,best,do,-5.1310648918151855
364,best,do,-5.226941108703613
365,best,do,-4.793076992034912
366,best,do,-4.9588212966918945
367,best,do,-4.707900047302246
368,best,do,-4.7421183586120605
369,best,do,-5.171982288360596
370,best,do,-4.475367546081543
371,best,do,-4.461065769195557
372,best,do,-5.787319660186768
373,best,do,-4.8096923828125
374,best,do,-5.01807975769043
375,best,do,-4.676393508911133
376,best,do,-4.8045148849487305
377,best,do,-4.612088680267334
378,best,do,-4.6113080978393555
379,best,do,-4.481449604034424
380,best,do,-4.71388053894043
381,best,do,-6.600968837738037
382,best,do,-4.844103813171387
383,best,do,-4.569240570068359
384,best,do,-4.461065769195557
385,best,do,-4.764510631561279
386,best,do,-4.8096923828125
387,best,do,-4.697085857391357
388,best,do,-5.0563859939575195
389,best,do,-6.3138837814331055
390,best,pp,-4.544458866119385
391,best,pp,-4.661743640899658
392,best,pp,-4.7292680740356445
393,best,pp,-4.682697772979736
394,best,pp,-4.745459079742432
395,best,pp,-4.358702182769775
396,best,pp,-4.783430576324463
397,best,pp,-4.61809778213501
398,best,pp,-4.994871616363525
399,best,pp,-4.879421234130859
400,best,pp,-4.925785064697266
401,best,pp,-5.084892272949219
402,best,pp,-5.656214237213135
403,best,pp,-4.92427921295166
404,best,pp,-4.733222007751465
405,best,pp,-5.215277671813965
406,best,pp,-5.059390068054199
407,best,pp,-5.159873008728027
408,best,pp,-4.568133354187012
409,best,pp,-4.846277713775635
410,best,do,-5.496159553527832
411,best,do,-5.445002555847168
412,best,do,-5.699227333068848
413,best,do,-6.9833245277404785
414,best,do,-6.677238464355469
415,best,do,-6.277546405792236
416,best,do,-5.848023891448975
417,best,do,-6.878508567810059
418,best,do,-5.455901145935059
419,best,do,-5.624209880828857
420,best,do,-7.244944095611572
421,best,do,-6.504166603088379
422,best,do,-6.945209980010986
423,best,do,-5.909554958343506
424,best,do,-4.935309410095215
425,best,do,-6.652861595153809
426,best,do,-5.348952293395996
427,best,do,-5.524136543273926
428,best,do,-6.166450500488281
429,best,do,-6.147186756134033
430,best,do,-6.703434467315674
431,best,do,-6.776340961456299
432,best,do,-5.524136543273926
433,best,do,-5.587926387786865
434,best,do,-5.927204608917236
435,best,do,-5.842080593109131
436,best,do,-5.915577411651611
437,best,do,-6.64982271194458
438,best,do,-6.366992473602295
439,best,do,-6.027252197265625
440,best,do,-6.038895606994629
441,best,do,-5.56611967086792
442,best,do,-6.663712501525879
443,best,do,-6.383397579193115
444,best,do,-6.126780033111572
445,best,do,-5.509093284606934
446,best,do,-6.652861595153809
447,best,do,-5.889297008514404
448,best,do,-6.007881164550781
449,best,do,-5.424046993255615
450,best,do,-5.805981159210205
451,best,do,-5.8910346031188965
452,best,do,-5.405886650085449
453,best,pp,-4.889842510223389
454,best,pp,-4.7353291511535645
455,best,pp,-4.579293727874756
456,best,pp,-6.4055304527282715
457,best,pp,-6.0458245277404785
458,best,pp,-6.1029534339904785
459,best,pp,-5.2657694816589355
460,best,pp,-5.361310958862305
461,best,pp,-4.9168291091918945
462,best,pp,-5.158158302307129
463,best,pp,-7.28048038482666
464,best,pp,-6.414770603179932
465,best,pp,-5.687612056732178
466,best,pp,-5.451979160308838
467,best,pp,-4.647790431976318
468,best,pp,-6.055771827697754
469,best,pp,-5.238708019256592
470,best,pp,-5.3802571296691895
471,best,pp,-6.134026527404785
472,best,pp,-5.390287399291992
473,best,pp,-4.812841415405273
474,best,pp,-5.632462024688721
475,best,pp,-4.955475807189941
476,best,pp,-5.129938125610352
477,best,pp,-4.768636226654053
478,best,pp,-4.8242340087890625
479,best,pp,-4.920668601989746
480,best,pp,-5.946215629577637
481,best,pp,-5.619867324829102
482,best,pp,-4.96917200088501
483,best,pp,-4.674620628356934
484,best,pp,-5.6748270988464355
485,best,pp,-5.589494705200195
486,best,pp,-5.196778297424316
487,best,pp,-5.03778076171875
488,best,pp,-5.026273727416992
489,best,pp,-4.43733024597168
490,best,pp,-4.9058756828308105
491,best,pp,-5.295567512512207
492,best,pp,-4.738850116729736
493,best,do,-7.546133995056152
494,best,do,-7.300332069396973
495,best,do,-6.5569329261779785
496,best,do,-5.090882301330566
497,best,do,-6.413878440856934
498,best,do,-4.873046875
499,best,do,-5.982044219970703
500,best,do,-5.70827579498291
501,best,do,-5.636760711669922
502,best,do,-5.555813312530518
503,best,do,-6.232989311218262
504,best,do,-5.401075839996338
505,best,do,-5.650835990905762
506,best,do,-6.189371585845947
507,best,do,-7.257372856140137
508,best,do,-7.0851945877075195
509,best,do,-6.5406599044799805
510,best,do,-7.6073150634765625
511,best,do,-4.994479656219482
512,best,do,-6.709672451019287
513,best,do,-7.082653522491455
514,best,do,-6.2372541427612305
515,best,do,-5.840249061584473
516,best,do,-6.374828338623047
517,best,do,-6.227430820465088
518,best,do,-8.41956901550293
519,best,do,-7.549673557281494
520,best,do,-5.644280433654785
521,best,do,-6.33957052230835
522,best,do,-4.850718021392822
523,best,do,-6.452537536621094
524,best,do,-4.663731098175049
525,best,do,-7.306737422943115
526,best,do,-6.666473388671875
527,best,do,-5.6094279289245605
528,best,do,-6.395073890686035
529,best,do,-6.395073890686035
530,best,do,-6.049616813659668
531,best,do,-6.754843235015869
532,best,do,-6.834737300872803
533,best,do,-6.923771858215332
534,best,do,-6.05319356918335
535,best,do,-4.942136764526367
536,best,pp,-7.367800235748291
537,best,pp,-7.199891090393066
538,best,pp,-5.5241546630859375
539,best,pp,-5.271478652954102
540,best,pp,-6.308812618255615
541,best,pp,-4.5057525634765625
542,best,pp,-5.121516704559326
543,best,pp,-5.709575176239014
544,best,pp,-5.826046943664551
545,best,pp,-5.220643997192383
546,best,pp,-5.9845709800720215
547,best,pp,-5.814514636993408
548,best,pp,-5.440114974975586
549,best,pp,-6.389122009277344
550,best,pp,-6.40179967880249
551,best,pp,-6.291509628295898
552,best,pp,-5.854913711547852
553,best,pp,-6.582962989807129
554,best,pp,-4.917025089263916
555,best,pp,-6.337854862213135
556,best,do,-5.097596645355225
557,best,do,-5.22052001953125
558,best,do,-7.508917331695557
559,best,do,-5.300180912017822
560,best,do,-5.6171698570251465
561,best,do,-5.96075963973999
562,best,do,-6.693334102630615
563,best,do,-5.528602600097656
564,best,do,-5.22052001953125
565,best,do,-5.922623634338379
566,best,do,-4.9676642417907715
567,best,do,-5.133512020111084
568,best,do,-6.868527889251709
569,best,do,-7.254898548126221
570,best,do,-5.490089416503906
571,best,do,-5.305594444274902
572,best,do,-5.852463245391846
573,best,do,-5.880545139312744
574,best,do,-5.880545139312744
575,best,do,-5.484914302825928
576,best,do,-5.583187580108643
577,best,do,-6.596775054931641
578,best,do,-5.852463245391846
579,best,do,-5.185306549072266
580,best,do,-4.508750915527344
581,best,do,-6.868527889251709
582,best,do,-5.770021915435791
583,best,do,-5.680760860443115
584,best,do,-4.974917411804199
585,best,do,-5.438612937927246
586,best,do,-4.48681640625
587,best,do,-4.450976371765137
588,best,do,-5.680760860443115
589,best,do,-3.931170701980591
590,best,do,-6.206326484680176
591,best,do,-6.669234275817871
592,best,do,-5.567822456359863
593,best,do,-6.669234275817871
594,best,do,-5.946047306060791
595,best,do,-7.508917331695557
596,best,do,-6.159494876861572
597,best,do,-6.868527889251709
598,best,do,-5.922623634338379
599,best,pp,-5.649231433868408
600,best,pp,-6.154230117797852
601,best,pp,-7.255206108093262
602,best,pp,-5.873885631561279
603,best,pp,-6.263464450836182
604,best,pp,-6.3773932456970215
605,best,pp,-6.813241004943848
606,best,pp,-5.728038787841797
607,best,pp,-6.154230117797852
608,best,pp,-6.3782806396484375
609,best,pp,-5.3267998695373535
610,best,pp,-5.183734893798828
611,best,pp,-6.602491855621338
612,best,pp,-7.044302940368652
613,best,pp,-5.77900505065918
614,best,pp,-5.4120192527771
615,best,pp,-6.364306926727295
616,best,pp,-5.750034332275391
617,best,pp,-5.750034332275391
618,best,pp,-5.91562032699585
619,best,do,-5.9597039222717285
620,best,do,-4.713986396789551
621,best,do,-6.948180198669434
622,best,do,-5.832505702972412
623,best,do,-6.357455730438232
624,best,do,-5.730136871337891
625,best,do,-5.562738418579102
626,best,do,-5.935575008392334
627,best,do,-6.041835784912109
628,best,do,-6.170071601867676
629,best,do,-4.927613258361816
630,best,do,-4.8888139724731445
631,best,do,-5.687236309051514
632,best,do,-5.110982418060303
633,best,do,-5.343177795410156
634,best,do,-6.724402904510498
635,best,do,-4.638131141662598
636,best,do,-6.9994635581970215
637,best,do,-5.687236309051514
638,best,do,-5.87640380859375
639,best,do,-5.440831184387207
640,best,do,-6.261491298675537
641,best,do,-5.101912498474121
642,best,do,-6.062514781951904
643,best,do,-6.155284404754639
644,best,do,-4.800331115722656
645,best,do,-6.386671543121338
646,best,do,-5.623121738433838
647,best,do,-6.114186763763428
648,best,do,-6.005950927734375
649,best,do,-6.347319602966309
650,best,do,-6.61295747756958
651,best,do,-7.176193714141846
652,best,do,-6.1319499015808105
653,best,do,-6.400790214538574
654,best,do,-5.655219554901123
655,best,do,-7.225748538970947
656,best,do,-5.488513946533203
657,best,do,-7.784482479095459
658,best,do,-5.6872358322143555
659,best,do,-6.870487689971924
660,best,do,-6.650116920471191
661,best,do,-5.065461158752441
662,best,pp,-5.706008434295654
663,best,pp,-4.487020969390869
664,best,pp,-5.543037414550781
665,best,pp,-5.385087966918945
666,best,pp,-5.7184906005859375
667,best,pp,-5.461993217468262
668,best,pp,-5.295146942138672
669,best,pp,-5.457754135131836
670,best,pp,-5.650636672973633
671,best,pp,-5.435734748840332
672,best,pp,-4.636691093444824
673,best,pp,-4.432918071746826
674,best,pp,-5.321763038635254
675,best,pp,-4.641225337982178
676,best,pp,-4.786251544952393
677,best,pp,-5.9894890785217285
678,best,pp,-4.254964828491211
679,best,pp,-5.989300727844238
680,best,pp,-5.321763038635254
681,best,pp,-5.515799522399902
682,best,do,-6.739840507507324
683,best,do,-9.50605583190918
684,best,do,-6.17815637588501
685,best,do,-6.441465854644775
686,best,do,-5.698795795440674
687,best,do,-6.589849948883057
688,best,do,-8.006691932678223
689,best,do,-8.657746315002441
690,best,do,-7.189229488372803
691,best,do,-7.1384453773498535
692,best,do,-6.665694236755371
693,best,do,-8.199808120727539
694,best,do,-7.684537887573242
695,best,do,-6.548572540283203
696,best,do,-7.291357517242432
697,best,do,-5.889363765716553
698,best,do,-5.934780597686768
699,best,do,-6.5000786781311035
700,best,do,-8.183862686157227
701,best,do,-6.343332767486572
702,best,do,-6.857980251312256
703,best,do,-8.109606742858887
704,best,do,-8.773824691772461
705,best,do,-6.26760196685791
706,best,do,-7.63900899887085
707,best,do,-7.546179294586182
708,best,do,-7.031614780426025
709,best,do,-6.852255344390869
710,best,do,-7.308228969573975
711,best,do,-6.243301868438721
712,best,do,-8.673043251037598
713,best,do,-7.975147247314453
714,best,do,-7.741250038146973
715,best,do,-8.448883056640625
716,best,do,-9.139872550964355
717,best,do,-7.717813014984131
718,best,do,-7.546387672424316
719,best,do,-8.357410430908203
720,best,do,-5.403278827667236
721,best,do,-5.996757984161377
722,best,do,-6.9804534912109375
723,best,do,-6.351005554199219
724,best,do,-6.019462585449219
725,best,pp,-5.53049898147583
726,best,pp,-7.624899387359619
727,best,pp,-4.8733673095703125
728,best,pp,-5.844858169555664
729,best,pp,-5.213804721832275
730,best,pp,-5.747532367706299
731,best,pp,-7.270143032073975
732,best,pp,-6.541263580322266
733,best,pp,-7.324877738952637
734,best,pp,-6.612700939178467
735,best,pp,-6.525421142578125
736,best,pp,-7.006678104400635
737,best,pp,-6.479611873626709
738,best,pp,-5.969548225402832
739,best,pp,-6.293171405792236
740,best,pp,-5.359686851501465
741,best,pp,-5.109745502471924
742,best,pp,-5.57706356048584
743,best,pp,-6.375579833984375
744,best,pp,-5.4167327880859375
745,best,pp,-6.2476654052734375
746,best,pp,-5.241979122161865
747,best,pp,-6.930569171905518
748,best,pp,-6.120291233062744
749,best,pp,-6.352180480957031
750,best,pp,-6.81956672668457
751,best,pp,-6.183236122131348
752,best,pp,-6.5544843673706055
753,best,pp,-6.471124649047852
754,best,pp,-6.526734352111816
755,best,pp,-5.656732082366943
756,best,pp,-5.058224678039551
757,best,pp,-5.704412460327148
758,best,pp,-5.236050128936768
759,best,pp,-5.362645149230957
760,best,pp,-6.474226474761963
761,best,pp,-7.724386692047119
762,best,pp,-6.6482954025268555
763,best,pp,-6.819787502288818
764,best,pp,-5.936842918395996
765,best,pp,-5.294120788574219
766,best,pp,-5.687127113342285
767,best,pp,-5.9052414894104
768,best,pp,-4.461609363555908
769,best,pp,-6.527697563171387
770,best,pp,-5.735711097717285
771,best,pp,-5.289165019989014
772,best,pp,-6.004740238189697
773,best,pp,-5.4270853996276855
774,best,pp,-5.011476039886475
775,best,pp,-5.220276832580566
776,best,pp,-4.793949604034424
777,best,pp,-5.146122455596924
778,best,pp,-5.937274932861328
779,best,pp,-6.22756814956665
780,best,pp,-5.6401143074035645
781,best,pp,-6.343235492706299
782,best,pp,-4.958321571350098
783,best,pp,-6.453334331512451
784,best,pp,-6.6903791427612305
785,best,do,-5.717754364013672
786,best,do,-5.486207962036133
787,best,do,-6.086948394775391
788,best,do,-4.759156703948975
789,best,do,-5.0349860191345215
790,best,do,-4.593640327453613
791,best,do,-6.177179336547852
792,best,do,-4.577268123626709
793,best,do,-6.129068851470947
794,best,do,-5.428367614746094
795,best,do,-4.912309646606445
796,best,do,-4.190103530883789
797,best,do,-4.905871391296387
798,best,do,-5.469750881195068
799,best,do,-4.163736820220947
800,best,do,-4.747883319854736
801,best,do,-5.6527252197265625
802,best,do,-5.354654312133789
803,best,do,-5.929792881011963
804,best,do,-6.4036865234375
805,best,do,-6.642037391662598
806,best,do,-5.0366387367248535
807,best,do,-4.926287651062012
808,best,do,-6.241843223571777
809,best,do,-5.515467166900635
810,best,do,-5.485077381134033
811,best,do,-6.791871070861816
812,best,do,-5.091125011444092
813,best,do,-5.060729026794434
814,best,do,-5.567958354949951
815,best,do,-4.320124626159668
816,best,do,-5.10155725479126
817,best,do,-5.309032917022705
818,best,do,-4.69901180267334
819,best,do,-5.159592151641846
820,best,do,-4.747883319854736
821,best,do,-6.08801794052124
822,best,do,-5.041678428649902
823,best,do,-5.184999942779541
824,best,do,-5.848290920257568
825,best,do,-5.319479942321777
826,best,do,-4.767777442932129
827,best,do,-6.443925380706787
828,best,pp,-4.961663246154785
829,best,pp,-5.317562580108643
830,best,pp,-5.743926048278809
831,best,pp,-4.4382171630859375
832,best,pp,-4.299051761627197
833,best,pp,-4.231863021850586
834,best,pp,-5.961484432220459
835,best,pp,-4.272150039672852
836,best,pp,-5.394386291503906
837,best,pp,-4.571089267730713
838,best,pp,-4.554759979248047
839,best,pp,-3.8650214672088623
840,best,pp,-4.713994026184082
841,best,pp,-4.668869495391846
842,best,pp,-3.767019510269165
843,best,pp,-4.529550552368164
844,best,pp,-4.776974678039551
845,best,pp,-5.109073638916016
846,best,pp,-5.3015570640563965
847,best,pp,-5.4516706466674805
848,best,do,-5.3386993408203125
849,best,do,-4.792076110839844
850,best,do,-5.816466808319092
851,best,do,-6.05545711517334
852,best,do,-4.801079273223877
853,best,do,-5.434317111968994
854,best,do,-6.6437506675720215
855,best,do,-5.81373929977417
856,best,do,-4.47726583480835
857,best,do,-5.38175630569458
858,best,do,-5.536641597747803
859,best,do,-6.089621067047119
860,best,do,-5.2636494636535645
861,best,do,-4.513216972351074
862,best,do,-5.844374656677246
863,best,do,-5.557555198669434
864,best,do,-5.369954586029053
865,best,do,-6.4486870765686035
866,best,do,-5.041504859924316
867,best,do,-4.772821426391602
868,best,do,-6.637970924377441
869,best,do,-4.059730052947998
870,best,do,-6.203871726989746
871,best,do,-4.972586154937744
872,best,do,-5.325681686401367
873,best,do,-5.146092891693115
874,best,do,-4.47726583480835
875,best,do,-4.494056701660156
876,best,do,-5.165005207061768
877,best,do,-4.987864017486572
878,best,do,-4.890372276306152
879,best,do,-4.87208366394043
880,best,do,-6.195510387420654
881,best,do,-5.903053283691406
882,best,do,-5.217197418212891
883,best,do,-5.802024841308594
884,best,do,-5.3386993408203125
885,best,do,-5.127992630004883
886,best,do,-4.7779974937438965
887,best,do,-5.348823070526123
888,best,do,-6.256422996520996
889,best,do,-6.263132572174072
890,best,do,-5.027787208557129
891,best,pp,-5.0714263916015625
892,best,pp,-4.697381019592285
893,best,pp,-5.214282035827637
894,best,pp,-5.615789413452148
895,best,pp,-4.732675552368164
896,best,pp,-5.248134136199951
897,best,pp,-6.238479137420654
898,best,pp,-5.748352527618408
899,best,pp,-4.337862491607666
900,best,pp,-5.038793563842773
901,best,pp,-5.050463676452637
902,best,pp,-6.186161041259766
903,best,pp,-4.8977251052856445
904,best,pp,-4.296060562133789
905,best,pp,-5.539730548858643
906,best,pp,-5.399278163909912
907,best,pp,-5.414341926574707
908,best,pp,-5.912750244140625
909,best,pp,-4.808449745178223
910,best,pp,-4.839595794677734
911,best,do,-5.084677696228027
912,best,do,-6.174415111541748
913,best,do,-4.783801078796387
914,best,do,-5.238193035125732
915,best,do,-5.122271537780762
916,best,do,-5.683480739593506
917,best,do,-5.6329026222229
918,best,do,-5.354437828063965
919,best,do,-4.82075309753418
920,best,do,-5.7906718254089355
921,best,do,-5.274080276489258
922,best,do,-5.33297872543335
923,best,do,-5.369500160217285
924,best,do,-4.717430114746094
925,best,do,-5.495512962341309
926,best,do,-5.306363582611084
927,best,do,-5.24041223526001
928,best,do,-5.529333591461182
929,best,do,-6.149455547332764
930,best,do,-5.029628276824951
931,best,do,-5.385453701019287
932,best,do,-4.958225250244141
933,best,do,-5.323875904083252
934,best,do,-4.902103900909424
935,best,do,-5.126364231109619
936,best,do,-5.28582239151001
937,best,do,-4.403836250305176
938,best,do,-5.2993645668029785
939,best,do,-5.7170305252075195
940,best,do,-4.816677570343018
941,best,do,-4.904574871063232
942,best,do,-5.437645435333252
943,best,do,-4.6263298988342285
944,best,do,-5.323156356811523
945,best,do,-4.653816223144531
946,best,do,-5.772821426391602
947,best,do,-5.096445083618164
948,best,do,-5.538634300231934
949,best,do,-5.790672302246094
950,best,do,-5.4084672927856445
951,best,do,-5.572238922119141
952,best,do,-5.052273273468018
953,best,do,-5.630328178405762
954,best,pp,-4.723273754119873
955,best,pp,-5.225134372711182
956,best,pp,-4.541572570800781
957,best,pp,-4.804059028625488
958,best,pp,-4.957002639770508
959,best,pp,-5.41778039932251
960,best,pp,-5.476202487945557
961,best,pp,-4.942214488983154
962,best,pp,-4.203551292419434
963,best,pp,-5.3309221267700195
964,best,pp,-5.078800678253174
965,best,pp,-4.978443622589111
966,best,pp,-4.929638385772705
967,best,pp,-4.316638469696045
968,best,pp,-5.427152633666992
969,best,pp,-4.861330509185791
970,best,pp,-4.7489728927612305
971,best,pp,-5.51154899597168
972,best,pp,-5.8755269050598145
973,best,pp,-4.877979755401611
974,best,do,-6.18673849105835
975,best,do,-6.06049108505249
976,best,do,-7.28568696975708
977,best,do,-5.982818126678467
978,best,do,-5.3834710121154785
979,best,do,-5.702731609344482
980,best,do,-6.735058784484863
981,best,do,-5.888134002685547
982,best,do,-5.961112976074219
983,best,do,-6.285867691040039
984,best,do,-6.70234489440918
985,best,do,-5.968778133392334
986,best,do,-6.168947696685791
987,best,do,-5.571671962738037
988,best,do,-7.525752544403076
989,best,do,-6.5333991050720215
990,best,do,-7.71986722946167
991,best,do,-5.719446182250977
992,best,do,-6.144576549530029
993,best,do,-5.942172050476074
994,best,do,-5.246026992797852
995,best,do,-6.156416416168213
996,best,do,-6.756106376647949
997,best,do,-6.340813636779785
998,best,do,-6.382809162139893
999,best,do,-5.7625861167907715
1000,best,do,-6.215578079223633
1001,best,do,-5.860062122344971
1002,best,do,-6.000551223754883
1003,best,do,-5.942172050476074
1004,best,do,-5.875495910644531
1005,best,do,-5.682047367095947
1006,best,do,-6.642627716064453
1007,best,do,-6.230337142944336
1008,best,do,-5.677554130554199
1009,best,do,-5.085102081298828
1010,best,do,-6.220089435577393
1011,best,do,-6.7172112464904785
1012,best,do,-6.385483741760254
1013,best,do,-6.934047698974609
1014,best,do,-6.385483741760254
1015,best,do,-6.415294170379639
1016,best,do,-5.384098052978516
1017,best,pp,-5.056621551513672
1018,best,pp,-5.012445449829102
1019,best,pp,-6.2559919357299805
1020,best,pp,-4.988266468048096
1021,best,pp,-4.761457920074463
1022,best,pp,-4.882859230041504
1023,best,pp,-5.471486568450928
1024,best,pp,-5.048959255218506
1025,best,pp,-5.114477157592773
1026,best,pp,-5.523013591766357
1027,best,pp,-6.324827671051025
1028,best,pp,-5.220299243927002
1029,best,pp,-5.317403793334961
1030,best,pp,-4.8565192222595215
1031,best,pp,-6.272803783416748
1032,best,pp,-5.460482597351074
1033,best,pp,-6.547257900238037
1034,best,pp,-5.3837080001831055
1035,best,pp,-5.502208709716797
1036,best,pp,-5.52498722076416
1037,best,pp,-5.60744047164917
1038,best,pp,-5.136148929595947
1039,best,pp,-6.120523452758789
1040,best,pp,-5.313852310180664
1041,best,pp,-4.855523109436035
1042,best,pp,-5.820398330688477
1043,best,pp,-5.770561218261719
1044,best,pp,-4.429786205291748
1045,best,pp,-6.436771869659424
1046,best,pp,-5.559678554534912
1047,best,pp,-6.16512393951416
1048,best,pp,-4.890963554382324
1049,best,pp,-5.3455119132995605
1050,best,pp,-5.247481822967529
1051,best,pp,-4.786723613739014
1052,best,pp,-5.5509209632873535
1053,best,pp,-6.002998352050781
1054,best,pp,-5.110468864440918
1055,best,pp,-5.048507213592529
1056,best,pp,-4.713587284088135
1057,best,pp,-5.172291278839111
1058,best,pp,-4.215023040771484
1059,best,pp,-4.968930721282959
1060,best,pp,-5.160264492034912
1061,best,pp,-4.96761417388916
1062,best,pp,-3.8903231620788574
1063,best,pp,-4.031942367553711
1064,best,pp,-4.277705669403076
1065,best,pp,-5.985538005828857
1066,best,pp,-4.154598712921143
1067,best,pp,-4.992683410644531
1068,best,pp,-4.255509376525879
1069,best,pp,-4.783175468444824
1070,best,pp,-5.011590480804443
1071,best,pp,-4.977970123291016
1072,best,pp,-5.009111404418945
1073,best,pp,-4.087564468383789
1074,best,pp,-4.490435600280762
1075,best,pp,-4.306867599487305
1076,best,pp,-6.184597969055176
1077,best,do,-6.050878047943115
1078,best,do,-5.204751491546631
1079,best,do,-5.275409698486328
1080,best,do,-4.637148380279541
1081,best,do,-3.6460068225860596
1082,best,do,-4.634683609008789
1083,best,do,-4.306371212005615
1084,best,do,-4.789583683013916
1085,best,do,-4.430477142333984
1086,best,do,-4.753701210021973
1087,best,do,-4.637614727020264
1088,best,do,-4.602919101715088
1089,best,do,-5.3157429695129395
1090,best,do,-5.537193775177002
1091,best,do,-5.0390305519104
1092,best,do,-4.993038654327393
1093,best,do,-4.645244121551514
1094,best,do,-5.028816223144531
1095,best,do,-5.9441022872924805
1096,best,do,-4.479470252990723
1097,best,do,-5.443817615509033
1098,best,do,-4.38799524307251
1099,best,do,-5.493067264556885
1100,best,do,-4.997230052947998
1101,best,do,-5.266479969024658
1102,best,do,-5.628100872039795
1103,best,do,-3.959988832473755
1104,best,do,-4.358427047729492
1105,best,do,-4.349390029907227
1106,best,do,-4.203558444976807
1107,best,do,-4.38799524307251
1108,best,do,-6.273787021636963
1109,best,do,-4.733091831207275
1110,best,do,-6.225382328033447
1111,best,do,-6.626220703125
1112,best,do,-4.77756929397583
1113,best,do,-4.715733051300049
1114,best,do,-4.182137966156006
1115,best,do,-4.1244683265686035
1116,best,do,-4.534835338592529
1117,best,do,-5.328776836395264
1118,best,do,-6.3296074867248535
1119,best,do,-4.382248401641846
1120,best,pp,-5.153503894805908
1121,best,pp,-4.596957683563232
1122,best,pp,-4.5578813552856445
1123,best,pp,-3.5725789070129395
1124,best,pp,-3.0320537090301514
1125,best,pp,-4.077403545379639
1126,best,pp,-3.619640827178955
1127,best,pp,-4.039851188659668
1128,best,pp,-3.807037353515625
1129,best,pp,-4.247064590454102
1130,best,pp,-3.874324321746826
1131,best,pp,-3.8418266773223877
1132,best,pp,-4.5256571769714355
1133,best,pp,-4.715043544769287
1134,best,pp,-4.09950590133667
1135,best,pp,-4.168853282928467
1136,best,pp,-4.164407253265381
1137,best,pp,-4.152379035949707
1138,best,pp,-5.21974515914917
1139,best,pp,-3.5285301208496094
1140,best,do,-5.182056903839111
1141,best,do,-5.5342020988464355
1142,best,do,-4.927731513977051
1143,best,do,-4.158628940582275
1144,best,do,-5.848763942718506
1145,best,do,-4.343796253204346
1146,best,do,-5.182056903839111
1147,best,do,-6.12716817855835
1148,best,do,-4.060027599334717
1149,best,do,-4.441773414611816
1150,best,do,-5.420403957366943
1151,best,do,-5.66666841506958
1152,best,do,-4.046081066131592
1153,best,do,-5.203838348388672
1154,best,do,-4.459508419036865
1155,best,do,-4.43898344039917
1156,best,do,-5.1011834144592285
1157,best,do,-5.852700710296631
1158,best,do,-5.51964807510376
1159,best,do,-4.333740711212158
1160,best,do,-5.009960174560547
1161,best,do,-3.979241132736206
1162,best,do,-6.961935997009277
1163,best,do,-6.195920467376709
1164,best,do,-5.5342020988464355
1165,best,do,-5.480949401855469
1166,best,do,-5.334043979644775
1167,best,do,-4.6219305992126465
1168,best,do,-4.28004264831543
1169,best,do,-5.469717979431152
1170,best,do,-4.7673563957214355
1171,best,do,-4.748594760894775
1172,best,do,-5.1011834144592285
1173,best,do,-4.499000072479248
1174,best,do,-4.415028095245361
1175,best,do,-4.415028095245361
1176,best,do,-5.070547103881836
1177,best,do,-5.350366115570068
1178,best,do,-3.9279372692108154
1179,best,do,-4.43898344039917
1180,best,do,-6.961935997009277
1181,best,do,-4.563122272491455
1182,best,do,-4.6219305992126465
1183,best,pp,-5.096236705780029
1184,best,pp,-5.280650615692139
1185,best,pp,-4.223217964172363
1186,best,pp,-4.016503810882568
1187,best,pp,-5.453211307525635
1188,best,pp,-4.268109321594238
1189,best,pp,-5.096236228942871
1190,best,pp,-5.7744293212890625
1191,best,pp,-3.9248390197753906
1192,best,pp,-4.040647506713867
1193,best,pp,-5.032512187957764
1194,best,pp,-5.213260173797607
1195,best,pp,-3.588794708251953
1196,best,pp,-4.821680545806885
1197,best,pp,-4.49900484085083
1198,best,pp,-3.8694751262664795
1199,best,pp,-5.027709007263184
1200,best,pp,-5.157464981079102
1201,best,pp,-5.150242805480957
1202,best,pp,-4.161370754241943
1203,best,do,-5.563658237457275
1204,best,do,-4.299895763397217
1205,best,do,-5.435864448547363
1206,best,do,-5.063331127166748
1207,best,do,-6.034285068511963
1208,best,do,-6.368783950805664
1209,best,do,-5.370797157287598
1210,best,do,-5.545905590057373
1211,best,do,-5.083493709564209
1212,best,do,-6.804106712341309
1213,best,do,-5.164951801300049
1214,best,do,-5.405269622802734
1215,best,do,-5.1195068359375
1216,best,do,-4.757699966430664
1217,best,do,-4.88759183883667
1218,best,do,-4.980656623840332
1219,best,do,-4.806149005889893
1220,best,do,-5.352069854736328
1221,best,do,-5.4820451736450195
1222,best,do,-5.059201717376709
1223,best,do,-6.528245449066162
1224,best,do,-5.439407825469971
1225,best,do,-5.81168270111084
1226,best,do,-4.752690315246582
1227,best,do,-5.778402805328369
1228,best,do,-5.616302967071533
1229,best,do,-4.709094524383545
1230,best,do,-4.891258239746094
1231,best,do,-4.806041240692139
1232,best,do,-4.9762773513793945
1233,best,do,-4.6090216636657715
1234,best,do,-4.859800815582275
1235,best,do,-6.469161033630371
1236,best,do,-5.784748554229736
1237,best,do,-4.695650577545166
1238,best,do,-5.672420501708984
1239,best,do,-4.58282470703125
1240,best,do,-5.340567111968994
1241,best,do,-5.944749355316162
1242,best,do,-4.867958068847656
1243,best,do,-5.224181175231934
1244,best,do,-5.876638412475586
1245,best,do,-5.492244720458984
1246,best,pp,-4.912764549255371
1247,best,pp,-3.8230111598968506
1248,best,pp,-4.788227558135986
1249,best,pp,-4.468151569366455
1250,best,pp,-4.911073684692383
1251,best,pp,-5.622333526611328
1252,best,pp,-4.768625736236572
1253,best,pp,-4.899228572845459
1254,best,pp,-4.40178108215332
1255,best,pp,-5.899885654449463
1256,best,pp,-4.328837871551514
1257,best,pp,-4.715660095214844
1258,best,pp,-4.446950912475586
1259,best,pp,-3.83211350440979
1260,best,pp,-4.339038848876953
1261,best,pp,-4.249967098236084
1262,best,pp,-4.070147514343262
1263,best,pp,-4.435009479522705
1264,best,pp,-4.775106906890869
1265,best,pp,-4.339985370635986
1266,best,do,-4.0115180015563965
1267,best,do,-4.752590656280518
1268,best,do,-5.726245403289795
1269,best,do,-5.737863063812256
1270,best,do,-5.555309772491455
1271,best,do,-5.716733932495117
1272,best,do,-6.841583251953125
1273,best,do,-6.621731281280518
1274,best,do,-5.595564842224121
1275,best,do,-6.979269504547119
1276,best,do,-6.498479843139648
1277,best,do,-4.970780849456787
1278,best,do,-6.718816757202148
1279,best,do,-5.637991428375244
1280,best,do,-5.230390548706055
1281,best,do,-6.83587121963501
1282,best,do,-6.464046001434326
1283,best,do,-5.984755992889404
1284,best,do,-5.24010705947876
1285,best,do,-5.739101886749268
1286,best,do,-5.652534484863281
1287,best,do,-6.388408184051514
1288,best,do,-6.244334697723389
1289,best,do,-6.507253170013428
1290,best,do,-7.172616481781006
1291,best,do,-5.456736087799072
1292,best,do,-6.240628719329834
1293,best,do,-6.595958709716797
1294,best,do,-5.83503532409668
1295,best,do,-5.286929130554199
1296,best,do,-6.260716915130615
1297,best,do,-5.692692279815674
1298,best,do,-7.144165515899658
1299,best,do,-5.043154239654541
1300,best,do,-5.548666477203369
1301,best,do,-5.9254913330078125
1302,best,do,-6.423587799072266
1303,best,do,-7.310269832611084
1304,best,do,-5.9411139488220215
1305,best,do,-6.865011215209961
1306,best,do,-6.927591800689697
1307,best,do,-7.147711277008057
1308,best,do,-6.46696138381958
1309,best,pp,-3.4729819297790527
1310,best,pp,-3.7074875831604004
1311,best,pp,-4.736627101898193
1312,best,pp,-4.138094425201416
1313,best,pp,-4.419628143310547
1314,best,pp,-4.516791820526123
1315,best,pp,-5.622286796569824
1316,best,pp,-5.627076148986816
1317,best,pp,-4.659577369689941
1318,best,pp,-5.962861061096191
1319,best,pp,-5.210198879241943
1320,best,pp,-4.270901679992676
1321,best,pp,-5.553964138031006
1322,best,pp,-3.9767184257507324
1323,best,pp,-4.355404853820801
1324,best,pp,-4.529095649719238
1325,best,pp,-4.467238426208496
1326,best,pp,-5.158397197723389
1327,best,pp,-4.496057033538818
1328,best,pp,-4.511131763458252
1329,best,pp,-4.56471061706543
1330,best,pp,-4.24244499206543
1331,best,pp,-5.855652809143066
1332,best,pp,-5.508617877960205
1333,best,pp,-5.64954948425293
1334,best,pp,-4.5326104164123535
1335,best,pp,-4.658293724060059
1336,best,pp,-5.4241414070129395
1337,best,pp,-4.571542739868164
1338,best,pp,-5.911097049713135
1339,best,pp,-5.029919624328613
1340,best,pp,-4.860655307769775
1341,best,pp,-4.974126815795898
1342,best,pp,-5.480441570281982
1343,best,pp,-5.976885795593262
1344,best,pp,-5.123447418212891
1345,best,pp,-5.822316646575928
1346,best,pp,-4.089397430419922
1347,best,pp,-6.207629680633545
1348,best,pp,-5.301520824432373
1349,best,pp,-3.2926619052886963
1350,best,pp,-4.071971893310547
1351,best,pp,-4.838112831115723
1352,best,pp,-3.593165874481201
1353,best,pp,-4.267560005187988
1354,best,pp,-3.4354076385498047
1355,best,pp,-3.953782081604004
1356,best,pp,-4.640084743499756
1357,best,pp,-4.9261322021484375
1358,best,pp,-4.21690559387207
1359,best,pp,-3.542924165725708
1360,best,pp,-4.361105918884277
1361,best,pp,-5.284327983856201
1362,best,pp,-5.330506801605225
1363,best,pp,-4.102749824523926
1364,best,pp,-3.7168827056884766
1365,best,pp,-5.1341938972473145
1366,best,pp,-4.428504943847656
1367,best,pp,-4.517574787139893
1368,best,pp,-4.066555023193359
