item_id,model_state,score
0,initial,-6.6491312980651855
1,initial,-8.076272010803223
2,initial,-7.16907262802124
3,initial,-6.972166538238525
4,initial,-6.317441463470459
5,initial,-7.995014190673828
6,initial,-6.79158353805542
7,initial,-7.356864929199219
8,initial,-6.160033702850342
9,initial,-6.55771017074585
10,initial,-7.701029300689697
11,initial,-6.076127052307129
12,initial,-6.346015930175781
13,initial,-6.622331619262695
14,initial,-6.956478118896484
15,initial,-6.077911376953125
16,initial,-7.768773555755615
17,initial,-6.076127052307129
18,initial,-7.854736328125
19,initial,-7.16907262802124
20,initial,-7.711009979248047
21,initial,-7.5743327140808105
22,initial,-7.891836166381836
23,initial,-6.603621959686279
24,initial,-6.6379547119140625
25,initial,-7.5743327140808105
26,initial,-7.847962856292725
27,initial,-6.8307271003723145
28,initial,-6.64779806137085
29,initial,-7.847962856292725
30,initial,-6.565427780151367
31,initial,-8.160050392150879
32,initial,-6.198147773742676
33,initial,-8.185515403747559
34,initial,-7.799851894378662
35,initial,-6.77940034866333
36,initial,-6.566771984100342
37,initial,-7.829936981201172
38,initial,-6.548648834228516
39,initial,-7.6988091468811035
40,initial,-7.3788042068481445
41,initial,-6.070496082305908
42,initial,-7.611198425292969
43,initial,-6.6102728843688965
44,initial,-6.64679479598999
45,initial,-7.4596476554870605
46,initial,-6.426173686981201
47,initial,-7.37006139755249
48,initial,-7.718052387237549
49,initial,-7.8883514404296875
50,initial,-7.4121270179748535
51,initial,-7.429020881652832
52,initial,-6.682436466217041
53,initial,-7.441366195678711
54,initial,-7.286536693572998
55,initial,-6.611158847808838
56,initial,-7.510556221008301
57,initial,-6.733644008636475
58,initial,-7.244720458984375
59,initial,-7.0153489112854
60,initial,-6.906476974487305
61,initial,-8.302006721496582
62,initial,-9.050827980041504
63,initial,-8.488154411315918
64,initial,-8.460025787353516
65,initial,-7.144877910614014
66,initial,-7.691905975341797
67,initial,-6.972492694854736
68,initial,-7.40423583984375
69,initial,-6.925472736358643
70,initial,-7.5295233726501465
71,initial,-6.626791954040527
72,initial,-7.575533390045166
73,initial,-7.92898416519165
74,initial,-7.7100677490234375
75,initial,-8.809164047241211
76,initial,-8.716010093688965
77,initial,-7.045143127441406
78,initial,-7.83552885055542
79,initial,-7.282289028167725
80,initial,-6.38997220993042
81,initial,-7.59144401550293
82,initial,-7.088810920715332
83,initial,-6.9499664306640625
84,initial,-6.766977310180664
85,initial,-6.521235466003418
86,initial,-6.448904991149902
87,initial,-7.380850791931152
88,initial,-8.339325904846191
89,initial,-6.39548397064209
90,initial,-6.652042865753174
91,initial,-6.754925727844238
92,initial,-6.587588787078857
93,initial,-5.474714279174805
94,initial,-6.864250183105469
95,initial,-6.7900495529174805
96,initial,-7.551771640777588
97,initial,-5.580041408538818
98,initial,-6.9507904052734375
99,initial,-5.682616233825684
100,initial,-8.034540176391602
101,initial,-6.596157073974609
102,initial,-6.594029903411865
103,initial,-7.539528846740723
104,initial,-7.495818138122559
105,initial,-7.530523777008057
106,initial,-5.989878177642822
107,initial,-7.355010986328125
108,initial,-7.495818138122559
109,initial,-6.258069038391113
110,initial,-8.218218803405762
111,initial,-7.614624977111816
112,initial,-6.600992202758789
113,initial,-7.378041744232178
114,initial,-7.613893985748291
115,initial,-6.121240615844727
116,initial,-7.003721237182617
117,initial,-8.15827465057373
118,initial,-7.257374286651611
119,initial,-7.494163990020752
120,initial,-7.246572017669678
121,initial,-6.829443454742432
122,initial,-5.437536716461182
123,initial,-5.6340012550354
124,initial,-6.27216100692749
125,initial,-5.437536716461182
126,initial,-7.432118892669678
127,initial,-5.893240451812744
128,initial,-6.909804821014404
129,initial,-6.024381160736084
130,initial,-5.844448089599609
131,initial,-5.582557678222656
132,initial,-6.939208507537842
133,initial,-6.558659076690674
134,initial,-5.463977813720703
135,initial,-7.555263519287109
136,initial,-6.3761372566223145
137,initial,-7.854981899261475
138,initial,-6.299527645111084
139,initial,-7.442318439483643
140,initial,-6.0785627365112305
141,initial,-6.089457988739014
142,initial,-7.491996765136719
143,initial,-5.881998062133789
144,initial,-7.09942626953125
145,initial,-7.3144636154174805
146,initial,-6.428364276885986
147,initial,-6.811844825744629
148,initial,-7.262014865875244
149,initial,-7.037858009338379
150,initial,-7.548557281494141
151,initial,-6.854196548461914
152,initial,-6.032461166381836
153,initial,-6.064051628112793
154,initial,-6.432591438293457
155,initial,-6.387673377990723
156,initial,-6.432591438293457
157,initial,-6.9975175857543945
158,initial,-6.977474212646484
159,initial,-6.166292667388916
160,initial,-6.438692569732666
161,initial,-7.366934776306152
162,initial,-7.436204433441162
163,initial,-7.7582550048828125
164,initial,-7.052526950836182
165,initial,-7.228786945343018
166,initial,-6.293721675872803
167,initial,-6.753330230712891
168,initial,-7.967733860015869
169,initial,-6.854814052581787
170,initial,-8.035313606262207
171,initial,-7.173882007598877
172,initial,-7.800814151763916
173,initial,-7.336141586303711
174,initial,-7.231966018676758
175,initial,-7.024821758270264
176,initial,-7.134979248046875
177,initial,-7.663040637969971
178,initial,-6.2360968589782715
179,initial,-7.502207279205322
180,initial,-5.027050495147705
181,initial,-5.860299587249756
182,initial,-6.287813186645508
183,initial,-5.546597480773926
184,initial,-6.5109710693359375
185,initial,-6.573346138000488
186,initial,-6.058052062988281
187,initial,-6.950889587402344
188,initial,-6.425051212310791
189,initial,-6.969854354858398
190,initial,-7.809884071350098
191,initial,-6.966760635375977
192,initial,-6.464419364929199
193,initial,-7.244265079498291
194,initial,-6.644161224365234
195,initial,-5.389054775238037
196,initial,-7.103753089904785
197,initial,-6.083105564117432
198,initial,-6.532795429229736
199,initial,-5.416112422943115
200,initial,-4.980619430541992
201,initial,-7.0030717849731445
202,initial,-5.995099067687988
203,initial,-5.022665023803711
204,initial,-5.2911834716796875
205,initial,-5.2911834716796875
206,initial,-5.77933406829834
207,initial,-6.182956218719482
208,initial,-7.707406044006348
209,initial,-7.39413595199585
210,initial,-7.2843499183654785
211,initial,-7.149861812591553
212,initial,-7.365474224090576
213,initial,-6.346574783325195
214,initial,-5.874143123626709
215,initial,-6.410040855407715
216,initial,-6.072263717651367
217,initial,-6.432820796966553
218,initial,-7.250468730926514
219,initial,-7.45154333114624
220,initial,-6.46244478225708
221,initial,-7.529971599578857
222,initial,-7.558720111846924
223,initial,-8.691779136657715
224,initial,-7.169980049133301
225,initial,-8.45078182220459
226,initial,-8.064873695373535
227,initial,-7.901169776916504
228,initial,-7.11027717590332
229,initial,-8.150598526000977
230,initial,-7.832417011260986
231,initial,-6.6420745849609375
232,initial,-7.236913681030273
233,initial,-8.00107479095459
234,initial,-6.641221046447754
235,initial,-7.841951847076416
236,initial,-8.77658748626709
237,initial,-8.681371688842773
238,initial,-6.821686744689941
239,initial,-6.968701362609863
240,initial,-6.76297664642334
241,initial,-8.432619094848633
242,initial,-8.05324935913086
243,initial,-7.015472412109375
244,initial,-7.638845920562744
245,initial,-8.056854248046875
246,initial,-8.04147720336914
247,initial,-7.622818470001221
248,initial,-7.184828758239746
249,initial,-7.870185375213623
250,initial,-8.143481254577637
251,initial,-7.296401023864746
252,initial,-6.641221046447754
253,initial,-7.529972076416016
254,initial,-7.529972076416016
255,initial,-8.150598526000977
256,initial,-7.862406253814697
257,initial,-6.771736145019531
258,initial,-8.399689674377441
259,initial,-7.540491104125977
260,initial,-8.209814071655273
261,initial,-7.786215305328369
262,initial,-7.467037677764893
263,initial,-6.529674530029297
264,initial,-6.966447353363037
265,initial,-7.003689765930176
266,initial,-8.206729888916016
267,initial,-6.510169982910156
268,initial,-7.890462875366211
269,initial,-7.660268783569336
270,initial,-7.407412052154541
271,initial,-6.696473598480225
272,initial,-7.983284950256348
273,initial,-7.468084335327148
274,initial,-6.311859607696533
275,initial,-7.071897506713867
276,initial,-7.150137901306152
277,initial,-6.07820463180542
278,initial,-7.086056709289551
279,initial,-8.018641471862793
280,initial,-8.077675819396973
281,initial,-6.413747787475586
282,initial,-6.2902727127075195
283,initial,-6.54279899597168
284,initial,-7.958255767822266
285,initial,-7.310516834259033
286,initial,-6.57843017578125
287,initial,-6.80092716217041
288,initial,-7.799278259277344
289,initial,-7.609292507171631
290,initial,-8.107619285583496
291,initial,-8.291604042053223
292,initial,-7.9337897300720215
293,initial,-6.7715277671813965
294,initial,-8.30945110321045
295,initial,-8.077719688415527
296,initial,-8.028895378112793
297,initial,-7.0510454177856445
298,initial,-7.105154991149902
299,initial,-7.008813381195068
300,initial,-7.105154991149902
301,initial,-7.610957622528076
302,initial,-7.557544708251953
303,initial,-7.032932281494141
304,initial,-6.706939220428467
305,initial,-7.167900562286377
306,initial,-7.334408283233643
307,initial,-6.9713215827941895
308,initial,-7.684321403503418
309,initial,-7.64980411529541
310,initial,-8.077719688415527
311,initial,-7.592087745666504
312,initial,-7.8679327964782715
313,initial,-7.799278259277344
314,initial,-7.683009624481201
315,initial,-6.9713215827941895
316,initial,-7.174522876739502
317,initial,-7.762473106384277
318,initial,-6.748661994934082
319,initial,-8.147737503051758
320,initial,-6.893927574157715
321,initial,-7.79927921295166
322,initial,-6.740556240081787
323,initial,-7.5085906982421875
324,initial,-6.966915607452393
325,initial,-8.471240043640137
326,initial,-6.563839912414551
327,initial,-7.333035945892334
328,initial,-7.0550689697265625
329,initial,-6.367832183837891
330,initial,-6.54233980178833
331,initial,-7.381999969482422
332,initial,-7.277947902679443
333,initial,-8.085062980651855
334,initial,-8.05064868927002
335,initial,-7.821264743804932
336,initial,-6.476800441741943
337,initial,-8.17260456085205
338,initial,-7.4728007316589355
339,initial,-7.936728477478027
340,initial,-7.038755416870117
341,initial,-6.98000431060791
342,initial,-6.858365058898926
343,initial,-6.98000431060791
344,initial,-7.242181777954102
345,initial,-7.588320255279541
346,initial,-6.800531387329102
347,initial,-7.537384986877441
348,initial,-7.131104469299316
349,initial,-6.939838886260986
350,initial,-6.43364953994751
351,initial,-7.52195930480957
352,initial,-6.459361553192139
353,initial,-7.318146705627441
354,initial,-6.725469589233398
355,initial,-6.875114917755127
356,initial,-6.725419998168945
357,initial,-7.621210098266602
358,initial,-7.158091068267822
359,initial,-7.088004112243652
360,initial,-6.991238117218018
361,initial,-6.386780738830566
362,initial,-7.037740707397461
363,initial,-7.102485656738281
364,initial,-7.5429229736328125
365,initial,-6.758541107177734
366,initial,-7.327308654785156
367,initial,-7.032371520996094
368,initial,-7.530609130859375
369,initial,-7.102362632751465
370,initial,-6.44733190536499
371,initial,-7.0893073081970215
372,initial,-6.032718181610107
373,initial,-7.0204925537109375
374,initial,-7.289396286010742
375,initial,-6.490259170532227
376,initial,-7.347481727600098
377,initial,-6.458119869232178
378,initial,-6.710788726806641
379,initial,-5.928612232208252
380,initial,-6.421064376831055
381,initial,-7.3249993324279785
382,initial,-6.52769660949707
383,initial,-6.032742023468018
384,initial,-6.271716117858887
385,initial,-6.867612361907959
386,initial,-7.032371520996094
387,initial,-6.86489200592041
388,initial,-7.074248313903809
389,initial,-6.763079643249512
390,initial,-7.3198394775390625
391,initial,-6.6824846267700195
392,initial,-6.639843940734863
393,initial,-6.5236124992370605
394,initial,-7.190410614013672
395,initial,-6.834070682525635
396,initial,-7.197633266448975
397,initial,-7.066017150878906
398,initial,-6.948349952697754
399,initial,-6.696844577789307
400,initial,-7.460885524749756
401,initial,-7.049717903137207
402,initial,-7.1728057861328125
403,initial,-6.871177673339844
404,initial,-6.28739070892334
405,initial,-6.947939872741699
406,initial,-7.2032012939453125
407,initial,-7.500582218170166
408,initial,-6.793201923370361
409,initial,-7.446667671203613
410,initial,-7.216912269592285
411,initial,-8.69263744354248
412,initial,-9.019257545471191
413,initial,-7.719536304473877
414,initial,-8.130910873413086
415,initial,-7.454830169677734
416,initial,-7.7743635177612305
417,initial,-8.4566011428833
418,initial,-7.482653617858887
419,initial,-6.0262627601623535
420,initial,-7.322765827178955
421,initial,-8.470728874206543
422,initial,-8.617088317871094
423,initial,-7.319814682006836
424,initial,-8.367191314697266
425,initial,-8.369424819946289
426,initial,-8.031908988952637
427,initial,-7.189028263092041
428,initial,-8.537760734558105
429,initial,-7.191065311431885
430,initial,-8.468503952026367
431,initial,-8.463862419128418
432,initial,-8.53201675415039
433,initial,-8.757746696472168
434,initial,-8.172201156616211
435,initial,-7.4320878982543945
436,initial,-6.76400899887085
437,initial,-7.40040397644043
438,initial,-7.326919078826904
439,initial,-8.323019027709961
440,initial,-7.610590934753418
441,initial,-7.90409517288208
442,initial,-6.707963943481445
443,initial,-7.75545597076416
444,initial,-8.544116020202637
445,initial,-7.84166955947876
446,initial,-8.270634651184082
447,initial,-8.644102096557617
448,initial,-8.875713348388672
449,initial,-8.006525039672852
450,initial,-7.709099769592285
451,initial,-6.791304588317871
452,initial,-7.539204120635986
453,initial,-6.809103965759277
454,initial,-7.869593143463135
455,initial,-8.783198356628418
456,initial,-7.826694488525391
457,initial,-7.508750915527344
458,initial,-7.2638421058654785
459,initial,-7.268249988555908
460,initial,-8.141523361206055
461,initial,-7.654051780700684
462,initial,-6.180541038513184
463,initial,-6.748560428619385
464,initial,-8.24720287322998
465,initial,-8.231000900268555
466,initial,-6.8173699378967285
467,initial,-8.1223726272583
468,initial,-7.585799694061279
469,initial,-8.039749145507812
470,initial,-7.176769733428955
471,initial,-8.019696235656738
472,initial,-6.140965461730957
473,initial,-8.165844917297363
474,initial,-6.971132755279541
475,initial,-7.553750038146973
476,initial,-7.318912982940674
477,initial,-6.590704917907715
478,initial,-6.871793746948242
479,initial,-7.218479633331299
480,initial,-7.273322105407715
481,initial,-7.3368682861328125
482,initial,-6.360384464263916
483,initial,-6.721994400024414
484,initial,-6.777528762817383
485,initial,-5.7325520515441895
486,initial,-7.017450332641602
487,initial,-7.383149147033691
488,initial,-6.775594711303711
489,initial,-6.263992786407471
490,initial,-6.8583984375
491,initial,-6.86684513092041
492,initial,-9.50291919708252
493,initial,-9.557005882263184
494,initial,-8.711316108703613
495,initial,-7.654165267944336
496,initial,-8.81899356842041
497,initial,-8.417430877685547
498,initial,-7.361956596374512
499,initial,-8.338789939880371
500,initial,-8.167433738708496
501,initial,-7.616546630859375
502,initial,-9.277263641357422
503,initial,-7.94905424118042
504,initial,-7.82488489151001
505,initial,-8.507223129272461
506,initial,-9.538385391235352
507,initial,-8.713529586791992
508,initial,-7.6230854988098145
509,initial,-7.970035076141357
510,initial,-8.41402816772461
511,initial,-9.529373168945312
512,initial,-8.66372299194336
513,initial,-8.730388641357422
514,initial,-10.389378547668457
515,initial,-8.967928886413574
516,initial,-8.42471981048584
517,initial,-8.021696090698242
518,initial,-8.64365291595459
519,initial,-7.704776287078857
520,initial,-7.686212062835693
521,initial,-7.766490459442139
522,initial,-6.801850318908691
523,initial,-9.694555282592773
524,initial,-8.881250381469727
525,initial,-7.5273942947387695
526,initial,-7.083721160888672
527,initial,-8.313907623291016
528,initial,-9.478785514831543
529,initial,-8.090014457702637
530,initial,-9.3690767288208
531,initial,-7.883386135101318
532,initial,-8.491647720336914
533,initial,-10.482213973999023
534,initial,-9.03883171081543
535,initial,-8.036910057067871
536,initial,-8.273136138916016
537,initial,-7.534437656402588
538,initial,-6.825936794281006
539,initial,-7.987222671508789
540,initial,-7.7209343910217285
541,initial,-7.087106227874756
542,initial,-8.427648544311523
543,initial,-7.25659704208374
544,initial,-7.295943737030029
545,initial,-8.9295015335083
546,initial,-7.5126190185546875
547,initial,-6.860448360443115
548,initial,-7.783600330352783
549,initial,-8.668791770935059
550,initial,-7.848384857177734
551,initial,-6.631228446960449
552,initial,-7.42222261428833
553,initial,-7.7038702964782715
554,initial,-8.33767032623291
555,initial,-7.8304595947265625
556,initial,-5.986619472503662
557,initial,-7.684734344482422
558,initial,-7.13710355758667
559,initial,-8.02666187286377
560,initial,-9.414825439453125
561,initial,-8.180597305297852
562,initial,-7.281032562255859
563,initial,-7.125853061676025
564,initial,-7.350433349609375
565,initial,-7.893207550048828
566,initial,-8.210929870605469
567,initial,-8.316967010498047
568,initial,-7.171197891235352
569,initial,-7.154974460601807
570,initial,-7.4176177978515625
571,initial,-7.603584289550781
572,initial,-7.4609856605529785
573,initial,-7.960258960723877
574,initial,-9.170065879821777
575,initial,-7.688720703125
576,initial,-9.255404472351074
577,initial,-8.215526580810547
578,initial,-8.215526580810547
579,initial,-6.277203559875488
580,initial,-8.02666187286377
581,initial,-9.592782974243164
582,initial,-7.639930725097656
583,initial,-9.229016304016113
584,initial,-8.401324272155762
585,initial,-8.03341293334961
586,initial,-8.813699722290039
587,initial,-7.413917064666748
588,initial,-9.449775695800781
589,initial,-7.603209018707275
590,initial,-9.232275009155273
591,initial,-8.309037208557129
592,initial,-7.588981628417969
593,initial,-7.688720703125
594,initial,-7.507838249206543
595,initial,-8.418924331665039
596,initial,-9.409151077270508
597,initial,-6.979738712310791
598,initial,-7.568004608154297
599,initial,-5.981720447540283
600,initial,-7.520660400390625
601,initial,-7.238653659820557
602,initial,-8.005189895629883
603,initial,-8.975377082824707
604,initial,-8.292609214782715
605,initial,-7.46809720993042
606,initial,-7.021703243255615
607,initial,-7.6564459800720215
608,initial,-7.51592493057251
609,initial,-8.033807754516602
610,initial,-7.460001468658447
611,initial,-7.500926971435547
612,initial,-7.132910251617432
613,initial,-6.96061372756958
614,initial,-7.601170063018799
615,initial,-7.930634498596191
616,initial,-7.903886318206787
617,initial,-9.104910850524902
618,initial,-7.855621337890625
619,initial,-8.568623542785645
620,initial,-6.86079216003418
621,initial,-7.110308647155762
622,initial,-8.048012733459473
623,initial,-8.970877647399902
624,initial,-8.188823699951172
625,initial,-8.015345573425293
626,initial,-7.234427452087402
627,initial,-7.813112735748291
628,initial,-8.486063957214355
629,initial,-7.785154819488525
630,initial,-7.5161943435668945
631,initial,-7.077523231506348
632,initial,-6.852715015411377
633,initial,-7.760130882263184
634,initial,-8.325983047485352
635,initial,-7.7342915534973145
636,initial,-8.516221046447754
637,initial,-7.613855838775635
638,initial,-7.783536911010742
639,initial,-8.914664268493652
640,initial,-7.209476470947266
641,initial,-8.24441909790039
642,initial,-7.321680545806885
643,initial,-7.987117767333984
644,initial,-7.749474048614502
645,initial,-6.758139610290527
646,initial,-8.395890235900879
647,initial,-7.110736846923828
648,initial,-6.628269672393799
649,initial,-8.439127922058105
650,initial,-8.138941764831543
651,initial,-6.741455078125
652,initial,-8.718270301818848
653,initial,-7.950763702392578
654,initial,-7.793341636657715
655,initial,-8.455599784851074
656,initial,-6.916024684906006
657,initial,-6.7820892333984375
658,initial,-8.960226058959961
659,initial,-8.114253044128418
660,initial,-7.293124675750732
661,initial,-7.5556488037109375
662,initial,-8.624296188354492
663,initial,-6.690663814544678
664,initial,-7.178460121154785
665,initial,-7.917913913726807
666,initial,-8.778278350830078
667,initial,-8.398545265197754
668,initial,-7.702709674835205
669,initial,-7.474741458892822
670,initial,-7.599033832550049
671,initial,-8.426643371582031
672,initial,-7.854030609130859
673,initial,-7.270243167877197
674,initial,-6.76821231842041
675,initial,-6.955055236816406
676,initial,-7.551126956939697
677,initial,-8.29670238494873
678,initial,-7.824912071228027
679,initial,-8.632648468017578
680,initial,-7.0420823097229
681,initial,-8.97974681854248
682,initial,-9.182046890258789
683,initial,-7.5204925537109375
684,initial,-7.805759429931641
685,initial,-8.642682075500488
686,initial,-8.806052207946777
687,initial,-6.806731224060059
688,initial,-7.992190837860107
689,initial,-9.627202987670898
690,initial,-9.97805404663086
691,initial,-8.464922904968262
692,initial,-9.821147918701172
693,initial,-7.442514896392822
694,initial,-8.394230842590332
695,initial,-9.770232200622559
696,initial,-7.395462512969971
697,initial,-10.700583457946777
698,initial,-9.879681587219238
699,initial,-10.339408874511719
700,initial,-8.072710990905762
701,initial,-8.729578971862793
702,initial,-9.573677062988281
703,initial,-10.733633041381836
704,initial,-6.833673477172852
705,initial,-8.44609546661377
706,initial,-9.221076965332031
707,initial,-10.164100646972656
708,initial,-7.616318702697754
709,initial,-9.565335273742676
710,initial,-7.884073734283447
711,initial,-8.879019737243652
712,initial,-8.195171356201172
713,initial,-9.689208984375
714,initial,-8.019904136657715
715,initial,-9.157444953918457
716,initial,-8.823838233947754
717,initial,-8.222845077514648
718,initial,-8.682746887207031
719,initial,-7.867616176605225
720,initial,-8.159782409667969
721,initial,-9.864572525024414
722,initial,-8.49639892578125
723,initial,-8.071637153625488
724,initial,-9.028090476989746
725,initial,-8.873790740966797
726,initial,-7.323061466217041
727,initial,-7.998550891876221
728,initial,-8.085945129394531
729,initial,-8.787714958190918
730,initial,-6.18899393081665
731,initial,-7.382805824279785
732,initial,-8.635011672973633
733,initial,-9.600655555725098
734,initial,-7.981196880340576
735,initial,-9.567961692810059
736,initial,-7.281713008880615
737,initial,-9.021834373474121
738,initial,-9.744129180908203
739,initial,-8.155143737792969
740,initial,-10.214698791503906
741,initial,-9.170159339904785
742,initial,-9.688603401184082
743,initial,-7.461630344390869
744,initial,-8.69361686706543
745,initial,-6.665493965148926
746,initial,-7.520915508270264
747,initial,-6.7269511222839355
748,initial,-6.745520114898682
749,initial,-7.467673301696777
750,initial,-7.143435478210449
751,initial,-5.970188617706299
752,initial,-7.22873592376709
753,initial,-6.721787929534912
754,initial,-9.101261138916016
755,initial,-5.872384548187256
756,initial,-6.680132865905762
757,initial,-8.671852111816406
758,initial,-8.156493186950684
759,initial,-7.677308559417725
760,initial,-7.609185218811035
761,initial,-8.576495170593262
762,initial,-8.453993797302246
763,initial,-6.717916965484619
764,initial,-7.167606353759766
765,initial,-7.463618278503418
766,initial,-6.971208095550537
767,initial,-7.587873935699463
768,initial,-7.383810043334961
769,initial,-7.465943813323975
770,initial,-7.614734649658203
771,initial,-6.821316719055176
772,initial,-7.720348834991455
773,initial,-6.950536251068115
774,initial,-7.827902317047119
775,initial,-9.04910945892334
776,initial,-7.5235371589660645
777,initial,-7.248515605926514
778,initial,-6.686461448669434
779,initial,-9.873717308044434
780,initial,-7.304206848144531
781,initial,-8.729325294494629
782,initial,-7.20760440826416
783,initial,-7.8921217918396
784,initial,-5.879420757293701
785,initial,-6.968376636505127
786,initial,-6.476827621459961
787,initial,-7.697047710418701
788,initial,-6.023926734924316
789,initial,-6.730218887329102
790,initial,-6.509284496307373
791,initial,-6.168517589569092
792,initial,-7.656060218811035
793,initial,-7.142345428466797
794,initial,-5.644082546234131
795,initial,-6.02694034576416
796,initial,-6.349531173706055
797,initial,-6.079989433288574
798,initial,-8.112229347229004
799,initial,-6.997160911560059
800,initial,-7.090753555297852
801,initial,-6.63370943069458
802,initial,-5.689124584197998
803,initial,-8.53974437713623
804,initial,-7.169083595275879
805,initial,-7.871070861816406
806,initial,-6.891673564910889
807,initial,-5.913559913635254
808,initial,-5.931868076324463
809,initial,-6.762344837188721
810,initial,-6.545914649963379
811,initial,-8.480663299560547
812,initial,-6.781632900238037
813,initial,-7.342242240905762
814,initial,-7.879510402679443
815,initial,-8.194406509399414
816,initial,-7.207050323486328
817,initial,-5.711857318878174
818,initial,-6.610872745513916
819,initial,-6.857930660247803
820,initial,-5.817286968231201
821,initial,-6.816248893737793
822,initial,-7.223072528839111
823,initial,-7.485172271728516
824,initial,-7.5368170738220215
825,initial,-5.728283882141113
826,initial,-6.1789655685424805
827,initial,-6.112738132476807
828,initial,-6.807704925537109
829,initial,-6.584228992462158
830,initial,-7.364916801452637
831,initial,-5.816854953765869
832,initial,-6.779828071594238
833,initial,-6.30816650390625
834,initial,-6.360408782958984
835,initial,-7.139419078826904
836,initial,-6.848112106323242
837,initial,-5.9125285148620605
838,initial,-5.953909397125244
839,initial,-6.210909843444824
840,initial,-6.0564961433410645
841,initial,-7.297933101654053
842,initial,-7.0775346755981445
843,initial,-6.979998588562012
844,initial,-6.588662147521973
845,initial,-5.440375328063965
846,initial,-7.803800582885742
847,initial,-6.960698127746582
848,initial,-5.46500301361084
849,initial,-8.27202033996582
850,initial,-7.930397033691406
851,initial,-6.178725242614746
852,initial,-7.320139408111572
853,initial,-6.474326133728027
854,initial,-7.61121129989624
855,initial,-6.577538967132568
856,initial,-7.66215181350708
857,initial,-5.625726699829102
858,initial,-8.430334091186523
859,initial,-5.625726699829102
860,initial,-5.613966464996338
861,initial,-6.266960144042969
862,initial,-6.42860221862793
863,initial,-6.733724594116211
864,initial,-6.589109420776367
865,initial,-6.506606578826904
866,initial,-8.476845741271973
867,initial,-5.1283345222473145
868,initial,-6.325033664703369
869,initial,-6.342128753662109
870,initial,-6.708988666534424
871,initial,-7.356021881103516
872,initial,-5.81208610534668
873,initial,-8.39108943939209
874,initial,-6.373816967010498
875,initial,-6.506606578826904
876,initial,-6.323437690734863
877,initial,-6.318395614624023
878,initial,-6.372522830963135
879,initial,-6.877338886260986
880,initial,-6.813218116760254
881,initial,-8.133635520935059
882,initial,-8.255119323730469
883,initial,-5.381034851074219
884,initial,-5.740895748138428
885,initial,-6.342128753662109
886,initial,-7.130782604217529
887,initial,-6.307504653930664
888,initial,-8.272021293640137
889,initial,-7.123978137969971
890,initial,-6.770120143890381
891,initial,-5.425591468811035
892,initial,-7.568027973175049
893,initial,-7.641932487487793
894,initial,-6.173452377319336
895,initial,-6.884804725646973
896,initial,-6.7295708656311035
897,initial,-7.244117259979248
898,initial,-6.615794658660889
899,initial,-7.235983371734619
900,initial,-5.995480060577393
901,initial,-7.8995561599731445
902,initial,-5.995480060577393
903,initial,-5.8166608810424805
904,initial,-6.4957756996154785
905,initial,-6.358119964599609
906,initial,-6.973409175872803
907,initial,-6.8257575035095215
908,initial,-6.681485652923584
909,initial,-7.989911079406738
910,initial,-6.8294806480407715
911,initial,-5.980912685394287
912,initial,-6.161875247955322
913,initial,-6.683184623718262
914,initial,-7.268678665161133
915,initial,-6.161875247955322
916,initial,-7.442295551300049
917,initial,-6.398197650909424
918,initial,-6.281826972961426
919,initial,-6.43649959564209
920,initial,-6.831919193267822
921,initial,-7.040926456451416
922,initial,-5.926763534545898
923,initial,-6.057123184204102
924,initial,-6.660548686981201
925,initial,-6.653841972351074
926,initial,-6.688797950744629
927,initial,-6.782847881317139
928,initial,-6.489019870758057
929,initial,-5.96095609664917
930,initial,-6.479974269866943
931,initial,-6.71052885055542
932,initial,-6.0469865798950195
933,initial,-6.249293327331543
934,initial,-6.8343048095703125
935,initial,-8.1974515914917
936,initial,-6.442022323608398
937,initial,-6.108673095703125
938,initial,-6.915210247039795
939,initial,-7.181705951690674
940,initial,-6.711216926574707
941,initial,-6.7207932472229
942,initial,-8.20138168334961
943,initial,-6.233731269836426
944,initial,-6.992720603942871
945,initial,-5.778217315673828
946,initial,-6.566964149475098
947,initial,-6.194357395172119
948,initial,-6.001879692077637
949,initial,-6.6750407218933105
950,initial,-7.591184616088867
951,initial,-6.514266490936279
952,initial,-6.266486167907715
953,initial,-6.802894592285156
954,initial,-5.985305309295654
955,initial,-6.1492486000061035
956,initial,-6.512422561645508
957,initial,-7.15909481048584
958,initial,-6.1492486000061035
959,initial,-7.090456485748291
960,initial,-6.459428310394287
961,initial,-6.114470958709717
962,initial,-6.363831043243408
963,initial,-6.429265022277832
964,initial,-6.743533134460449
965,initial,-5.738470554351807
966,initial,-6.048885822296143
967,initial,-6.699137210845947
968,initial,-6.297345161437988
969,initial,-6.426771640777588
970,initial,-6.842426300048828
971,initial,-6.2999420166015625
972,initial,-5.988279819488525
973,initial,-6.266258716583252
974,initial,-8.946617126464844
975,initial,-7.752236366271973
976,initial,-7.369562149047852
977,initial,-6.882591247558594
978,initial,-8.478171348571777
979,initial,-7.661103248596191
980,initial,-6.7464094161987305
981,initial,-8.86915397644043
982,initial,-5.640954971313477
983,initial,-6.325094223022461
984,initial,-6.86319637298584
985,initial,-6.577383995056152
986,initial,-6.982180595397949
987,initial,-8.594676971435547
988,initial,-6.597354888916016
989,initial,-6.9559502601623535
990,initial,-7.737120628356934
991,initial,-6.245530128479004
992,initial,-7.25071907043457
993,initial,-7.546083450317383
994,initial,-7.152262210845947
995,initial,-7.181284427642822
996,initial,-8.680985450744629
997,initial,-7.542110919952393
998,initial,-7.75092887878418
999,initial,-7.333949565887451
1000,initial,-6.699564456939697
1001,initial,-9.24440860748291
1002,initial,-6.8155717849731445
1003,initial,-6.7809367179870605
1004,initial,-9.0784330368042
1005,initial,-7.431110858917236
1006,initial,-6.359250545501709
1007,initial,-8.695713996887207
1008,initial,-7.465463638305664
1009,initial,-7.782883167266846
1010,initial,-6.221676826477051
1011,initial,-6.729794025421143
1012,initial,-6.7409772872924805
1013,initial,-7.164546489715576
1014,initial,-7.699245929718018
1015,initial,-8.955548286437988
1016,initial,-6.2010817527771
1017,initial,-8.805424690246582
1018,initial,-7.486350059509277
1019,initial,-6.735226154327393
1020,initial,-7.019867420196533
1021,initial,-7.782358169555664
1022,initial,-7.236752510070801
1023,initial,-6.33004903793335
1024,initial,-8.072501182556152
1025,initial,-5.57667875289917
1026,initial,-6.121209144592285
1027,initial,-6.802734375
1028,initial,-6.199026107788086
1029,initial,-6.798394203186035
1030,initial,-7.356379508972168
1031,initial,-6.689840793609619
1032,initial,-6.555460453033447
1033,initial,-7.224713325500488
1034,initial,-6.410831928253174
1035,initial,-6.755446434020996
1036,initial,-7.339204788208008
1037,initial,-6.823432922363281
1038,initial,-5.289010524749756
1039,initial,-5.567189693450928
1040,initial,-7.402188301086426
1041,initial,-6.514907360076904
1042,initial,-5.579423427581787
1043,initial,-6.81732177734375
1044,initial,-5.989364147186279
1045,initial,-5.820058822631836
1046,initial,-7.0850090980529785
1047,initial,-6.312982082366943
1048,initial,-5.736353874206543
1049,initial,-6.991167068481445
1050,initial,-5.643902778625488
1051,initial,-6.1475114822387695
1052,initial,-7.607151031494141
1053,initial,-6.519062519073486
1054,initial,-6.309031963348389
1055,initial,-6.361093997955322
1056,initial,-5.70274543762207
1057,initial,-7.589681625366211
1058,initial,-7.119704246520996
1059,initial,-6.788029670715332
1060,initial,-6.928996562957764
1061,initial,-6.171808242797852
1062,initial,-6.349116325378418
1063,initial,-7.264551162719727
1064,initial,-7.2344536781311035
1065,initial,-7.499301433563232
1066,initial,-6.30837869644165
1067,initial,-6.041252613067627
1068,initial,-5.739192485809326
1069,initial,-5.299727439880371
1070,initial,-5.882779598236084
1071,initial,-6.765191078186035
1072,initial,-5.79267692565918
1073,initial,-7.150571823120117
1074,initial,-6.6981377601623535
1075,initial,-5.470470428466797
1076,initial,-7.230180740356445
1077,initial,-6.357911109924316
1078,initial,-7.1747002601623535
1079,initial,-8.198385238647461
1080,initial,-8.408642768859863
1081,initial,-8.188983917236328
1082,initial,-7.529751300811768
1083,initial,-7.156642913818359
1084,initial,-7.156642913818359
1085,initial,-8.061939239501953
1086,initial,-6.873496055603027
1087,initial,-8.103312492370605
1088,initial,-8.117144584655762
1089,initial,-7.363081455230713
1090,initial,-8.043094635009766
1091,initial,-8.796486854553223
1092,initial,-7.047660827636719
1093,initial,-7.9039835929870605
1094,initial,-8.088388442993164
1095,initial,-6.998604774475098
1096,initial,-5.988453388214111
1097,initial,-8.954886436462402
1098,initial,-6.714621543884277
1099,initial,-7.657625675201416
1100,initial,-7.581182956695557
1101,initial,-6.971921443939209
1102,initial,-8.897567749023438
1103,initial,-7.79203987121582
1104,initial,-8.589312553405762
1105,initial,-6.898176193237305
1106,initial,-7.637463092803955
1107,initial,-8.151918411254883
1108,initial,-7.408418655395508
1109,initial,-8.586997032165527
1110,initial,-8.71999740600586
1111,initial,-6.667724609375
1112,initial,-8.557147026062012
1113,initial,-8.274781227111816
1114,initial,-7.406604290008545
1115,initial,-6.928704261779785
1116,initial,-8.151918411254883
1117,initial,-6.875504970550537
1118,initial,-6.647753715515137
1119,initial,-6.216155052185059
1120,initial,-5.281852722167969
1121,initial,-6.3806352615356445
1122,initial,-7.155399799346924
1123,initial,-7.099264621734619
1124,initial,-6.9774250984191895
1125,initial,-6.882934093475342
1126,initial,-6.497864723205566
1127,initial,-6.497864723205566
1128,initial,-6.772965908050537
1129,initial,-6.1132636070251465
1130,initial,-6.885939121246338
1131,initial,-6.8312764167785645
1132,initial,-6.463905334472656
1133,initial,-6.876965522766113
1134,initial,-7.446069240570068
1135,initial,-6.128694534301758
1136,initial,-6.885530948638916
1137,initial,-7.2778730392456055
1138,initial,-6.053060531616211
1139,initial,-8.063458442687988
1140,initial,-7.913293838500977
1141,initial,-6.5582098960876465
1142,initial,-5.785175323486328
1143,initial,-7.220459938049316
1144,initial,-8.050235748291016
1145,initial,-7.158083438873291
1146,initial,-6.503932952880859
1147,initial,-7.380814075469971
1148,initial,-7.178856372833252
1149,initial,-7.5648064613342285
1150,initial,-7.856897830963135
1151,initial,-8.39525032043457
1152,initial,-7.627376079559326
1153,initial,-7.7895989418029785
1154,initial,-6.582263946533203
1155,initial,-8.395249366760254
1156,initial,-8.350151062011719
1157,initial,-8.51677417755127
1158,initial,-7.162600040435791
1159,initial,-6.78043794631958
1160,initial,-7.92805814743042
1161,initial,-8.113173484802246
1162,initial,-6.778045177459717
1163,initial,-6.460382461547852
1164,initial,-7.561248779296875
1165,initial,-9.097020149230957
1166,initial,-8.113173484802246
1167,initial,-6.301845073699951
1168,initial,-7.692028045654297
1169,initial,-8.685669898986816
1170,initial,-7.431328296661377
1171,initial,-7.0134477615356445
1172,initial,-8.197295188903809
1173,initial,-8.197295188903809
1174,initial,-7.956971645355225
1175,initial,-6.285139560699463
1176,initial,-5.839110851287842
1177,initial,-6.884119510650635
1178,initial,-6.795726299285889
1179,initial,-6.932090759277344
1180,initial,-7.6550612449646
1181,initial,-7.561248779296875
1182,initial,-7.298748970031738
1183,initial,-7.145936012268066
1184,initial,-6.085437297821045
1185,initial,-5.450018882751465
1186,initial,-6.34281063079834
1187,initial,-7.257656574249268
1188,initial,-6.518999099731445
1189,initial,-5.971948146820068
1190,initial,-6.837840557098389
1191,initial,-6.840294361114502
1192,initial,-6.884273052215576
1193,initial,-7.158473968505859
1194,initial,-7.460597515106201
1195,initial,-7.054068565368652
1196,initial,-7.155269145965576
1197,initial,-5.940199851989746
1198,initial,-7.460597515106201
1199,initial,-7.753795146942139
1200,initial,-7.646404266357422
1201,initial,-6.727176189422607
1202,initial,-7.346466541290283
1203,initial,-7.344691753387451
1204,initial,-7.309947490692139
1205,initial,-6.952873706817627
1206,initial,-7.205104351043701
1207,initial,-5.9412841796875
1208,initial,-6.949530124664307
1209,initial,-7.977593421936035
1210,initial,-6.875675678253174
1211,initial,-6.372527122497559
1212,initial,-8.211347579956055
1213,initial,-7.10137414932251
1214,initial,-7.024660110473633
1215,initial,-5.955944538116455
1216,initial,-7.4468889236450195
1217,initial,-6.614725112915039
1218,initial,-7.151395797729492
1219,initial,-7.893113613128662
1220,initial,-6.4963788986206055
1221,initial,-7.52927827835083
1222,initial,-7.237772464752197
1223,initial,-6.431819915771484
1224,initial,-6.92000675201416
1225,initial,-7.495126724243164
1226,initial,-7.129518032073975
1227,initial,-6.878489971160889
1228,initial,-6.254693031311035
1229,initial,-6.2929205894470215
1230,initial,-6.978148460388184
1231,initial,-7.4473137855529785
1232,initial,-7.303664684295654
1233,initial,-6.590968608856201
1234,initial,-6.529736042022705
1235,initial,-8.384222984313965
1236,initial,-6.596939563751221
1237,initial,-8.066147804260254
1238,initial,-7.305299282073975
1239,initial,-7.131493091583252
1240,initial,-6.383234024047852
1241,initial,-7.638522148132324
1242,initial,-6.856330871582031
1243,initial,-6.735496997833252
1244,initial,-6.712960243225098
1245,initial,-6.33051872253418
1246,initial,-7.012567520141602
1247,initial,-6.491097927093506
1248,initial,-6.406813621520996
1249,initial,-6.763713836669922
1250,initial,-5.548004150390625
1251,initial,-6.680345058441162
1252,initial,-7.123780250549316
1253,initial,-6.534261703491211
1254,initial,-6.393502235412598
1255,initial,-7.722585678100586
1256,initial,-6.6431145668029785
1257,initial,-6.615437030792236
1258,initial,-5.744604587554932
1259,initial,-7.281594276428223
1260,initial,-6.076465606689453
1261,initial,-6.770134925842285
1262,initial,-7.49865198135376
1263,initial,-6.182093143463135
1264,initial,-6.975574016571045
1265,initial,-8.329371452331543
1266,initial,-7.863628387451172
1267,initial,-8.081212997436523
1268,initial,-8.118486404418945
1269,initial,-8.056098937988281
1270,initial,-7.663638114929199
1271,initial,-9.422965049743652
1272,initial,-8.045990943908691
1273,initial,-8.00255298614502
1274,initial,-7.940369606018066
1275,initial,-7.757138729095459
1276,initial,-8.32544231414795
1277,initial,-6.765869140625
1278,initial,-6.888552665710449
1279,initial,-8.8389253616333
1280,initial,-7.269984722137451
1281,initial,-9.074541091918945
1282,initial,-9.14949893951416
1283,initial,-7.249727725982666
1284,initial,-7.389954566955566
1285,initial,-9.262171745300293
1286,initial,-7.514748573303223
1287,initial,-9.195894241333008
1288,initial,-7.977586269378662
1289,initial,-9.38949966430664
1290,initial,-8.700068473815918
1291,initial,-8.770222663879395
1292,initial,-7.957201957702637
1293,initial,-9.221663475036621
1294,initial,-9.036911964416504
1295,initial,-8.081212997436523
1296,initial,-8.958878517150879
1297,initial,-9.416007995605469
1298,initial,-7.592173099517822
1299,initial,-7.218074798583984
1300,initial,-7.269984722137451
1301,initial,-6.906899929046631
1302,initial,-9.105244636535645
1303,initial,-8.411235809326172
1304,initial,-8.333614349365234
1305,initial,-8.968689918518066
1306,initial,-8.201323509216309
1307,initial,-7.5526814460754395
1308,initial,-7.660603046417236
1309,initial,-6.509226322174072
1310,initial,-7.123241424560547
1311,initial,-6.937790870666504
1312,initial,-7.6579461097717285
1313,initial,-7.26609468460083
1314,initial,-8.824509620666504
1315,initial,-7.030487537384033
1316,initial,-7.426184177398682
1317,initial,-6.941766738891602
1318,initial,-6.273531913757324
1319,initial,-7.825119495391846
1320,initial,-6.393675804138184
1321,initial,-6.011721611022949
1322,initial,-7.483386516571045
1323,initial,-6.3808817863464355
1324,initial,-8.213817596435547
1325,initial,-7.9366455078125
1326,initial,-6.757336616516113
1327,initial,-6.162889003753662
1328,initial,-6.238184452056885
1329,initial,-6.347324848175049
1330,initial,-6.347324848175049
1331,initial,-7.686906814575195
1332,initial,-7.700741291046143
1333,initial,-6.112833023071289
1334,initial,-7.100812911987305
1335,initial,-6.38156270980835
1336,initial,-6.910660743713379
1337,initial,-6.637396812438965
1338,initial,-5.624183654785156
1339,initial,-6.603658676147461
1340,initial,-6.381965637207031
1341,initial,-7.759461402893066
1342,initial,-7.312105178833008
1343,initial,-6.496573448181152
1344,initial,-6.639373779296875
1345,initial,-5.576042175292969
1346,initial,-5.49858283996582
1347,initial,-5.502192974090576
1348,initial,-7.100208759307861
1349,initial,-7.365203857421875
1350,initial,-6.354093551635742
1351,initial,-5.881545543670654
1352,initial,-7.123654365539551
1353,initial,-5.75907564163208
1354,initial,-6.422227382659912
1355,initial,-5.981688022613525
1356,initial,-7.016867160797119
1357,initial,-6.377991199493408
1358,initial,-6.188812732696533
1359,initial,-6.329046726226807
1360,initial,-6.9481000900268555
1361,initial,-5.831128120422363
1362,initial,-6.026428699493408
1363,initial,-7.3088579177856445
1364,initial,-6.916321754455566
1365,initial,-7.565326690673828
1366,initial,-5.916411399841309
1367,initial,-6.604811191558838
0,final,-3.5750465393066406
1,final,-5.541627883911133
2,final,-3.8765029907226562
3,final,-5.007933616638184
4,final,-2.7086589336395264
5,final,-5.235628604888916
6,final,-2.7936017513275146
7,final,-4.772415637969971
8,final,-2.896796464920044
9,final,-4.264444828033447
10,final,-4.1294026374816895
11,final,-4.109118938446045
12,final,-3.6337263584136963
13,final,-2.9395978450775146
14,final,-2.9802534580230713
15,final,-4.440386772155762
16,final,-5.595738887786865
17,final,-4.109118938446045
18,final,-5.4006028175354
19,final,-3.8765029907226562
20,final,-5.0962958335876465
21,final,-5.328498363494873
22,final,-4.9340996742248535
23,final,-5.248473644256592
24,final,-3.1608362197875977
25,final,-5.328498363494873
26,final,-5.239440441131592
27,final,-5.102721214294434
28,final,-3.652254104614258
29,final,-5.239440441131592
30,final,-4.8458452224731445
31,final,-5.2783942222595215
32,final,-5.177041053771973
33,final,-6.098430156707764
34,final,-5.1594319343566895
35,final,-5.244294166564941
36,final,-4.4029035568237305
37,final,-5.32200813293457
38,final,-3.671320676803589
39,final,-5.075319290161133
40,final,-5.855123519897461
41,final,-5.02427864074707
42,final,-5.760687828063965
43,final,-3.9281792640686035
44,final,-5.396386623382568
45,final,-5.589191436767578
46,final,-5.251746654510498
47,final,-5.162129878997803
48,final,-5.129584789276123
49,final,-5.509546279907227
50,final,-5.570859909057617
51,final,-5.737287998199463
52,final,-4.499927043914795
53,final,-5.297352313995361
54,final,-5.589494228363037
55,final,-4.979710102081299
56,final,-4.947627067565918
57,final,-4.919147968292236
58,final,-4.803922176361084
59,final,-4.521737098693848
60,final,-2.6897590160369873
61,final,-5.358987331390381
62,final,-5.4012451171875
63,final,-5.966429233551025
64,final,-5.14988374710083
65,final,-5.356884956359863
66,final,-3.4868881702423096
67,final,-5.131990432739258
68,final,-5.154399394989014
69,final,-3.9941112995147705
70,final,-5.443995952606201
71,final,-4.681124687194824
72,final,-4.611174583435059
73,final,-4.643979549407959
74,final,-5.8349151611328125
75,final,-5.22476053237915
76,final,-4.82525110244751
77,final,-4.836417198181152
78,final,-5.138473987579346
79,final,-4.518160343170166
80,final,-5.191505432128906
81,final,-5.097171306610107
82,final,-5.404854774475098
83,final,-5.082216262817383
84,final,-4.779684066772461
85,final,-4.892553806304932
86,final,-5.109302043914795
87,final,-5.122464656829834
88,final,-5.9058380126953125
89,final,-5.095449924468994
90,final,-4.344950199127197
91,final,-4.384514808654785
92,final,-5.161555290222168
93,final,-4.483119487762451
94,final,-5.174967288970947
95,final,-5.183602333068848
96,final,-5.259001731872559
97,final,-3.5150444507598877
98,final,-4.586320877075195
99,final,-4.192437648773193
100,final,-5.52510929107666
101,final,-4.383522987365723
102,final,-4.242852210998535
103,final,-4.813652038574219
104,final,-4.274269104003906
105,final,-4.7222371101379395
106,final,-2.581390857696533
107,final,-5.473545074462891
108,final,-4.274269104003906
109,final,-2.613023042678833
110,final,-6.094513893127441
111,final,-5.319255352020264
112,final,-4.8369011878967285
113,final,-5.0528106689453125
114,final,-4.975159645080566
115,final,-4.397294998168945
116,final,-5.591257095336914
117,final,-5.330338001251221
118,final,-4.88238525390625
119,final,-4.59000825881958
120,final,-4.781212329864502
121,final,-5.182584285736084
122,final,-2.5600228309631348
123,final,-3.2922184467315674
124,final,-3.8591129779815674
125,final,-2.5600228309631348
126,final,-5.49156379699707
127,final,-4.1724371910095215
128,final,-4.651875972747803
129,final,-3.5749733448028564
130,final,-4.4102678298950195
131,final,-2.9176223278045654
132,final,-4.537232875823975
133,final,-4.436516284942627
134,final,-3.153768539428711
135,final,-5.024421215057373
136,final,-4.523518085479736
137,final,-5.318398952484131
138,final,-4.248074054718018
139,final,-4.754919528961182
140,final,-5.131016254425049
141,final,-4.989786624908447
142,final,-5.241636753082275
143,final,-4.1281046867370605
144,final,-5.822102069854736
145,final,-5.635815143585205
146,final,-5.114100456237793
147,final,-4.86221981048584
148,final,-5.142008304595947
149,final,-5.113026142120361
150,final,-5.0777459144592285
151,final,-5.175567626953125
152,final,-4.632349491119385
153,final,-3.967503547668457
154,final,-5.107374668121338
155,final,-4.758617401123047
156,final,-5.107374668121338
157,final,-5.633100986480713
158,final,-5.251593589782715
159,final,-4.856396675109863
160,final,-4.166652202606201
161,final,-5.253533363342285
162,final,-5.427419185638428
163,final,-5.510462284088135
164,final,-5.149287700653076
165,final,-4.699624061584473
166,final,-3.3929240703582764
167,final,-4.622915744781494
168,final,-5.810970306396484
169,final,-3.0254428386688232
170,final,-6.199812412261963
171,final,-4.778687953948975
172,final,-5.154449462890625
173,final,-4.352726459503174
174,final,-4.11965799331665
175,final,-5.0037994384765625
176,final,-4.927855968475342
177,final,-4.544267654418945
178,final,-4.133706092834473
179,final,-5.198348045349121
180,final,-4.480587959289551
181,final,-4.367432117462158
182,final,-4.974862098693848
183,final,-3.985499620437622
184,final,-5.403390884399414
185,final,-4.727206230163574
186,final,-4.848092079162598
187,final,-5.533679962158203
188,final,-5.065826892852783
189,final,-5.810616493225098
190,final,-6.008541107177734
191,final,-5.124611854553223
192,final,-5.09528112411499
193,final,-5.551882266998291
194,final,-5.034473419189453
195,final,-3.812800884246826
196,final,-5.323590278625488
197,final,-4.944706916809082
198,final,-4.487755298614502
199,final,-4.142908096313477
200,final,-4.126311302185059
201,final,-5.311964988708496
202,final,-3.691211700439453
203,final,-4.138134479522705
204,final,-2.727128267288208
205,final,-2.727128267288208
206,final,-3.3494436740875244
207,final,-4.98261022567749
208,final,-5.535111427307129
209,final,-4.829598426818848
210,final,-4.985079765319824
211,final,-5.198810577392578
212,final,-5.025398254394531
213,final,-4.93528413772583
214,final,-2.9284074306488037
215,final,-4.978997230529785
216,final,-5.207940101623535
217,final,-4.625545978546143
218,final,-5.504679203033447
219,final,-5.984394550323486
220,final,-5.943558692932129
221,final,-5.920474529266357
222,final,-4.327714443206787
223,final,-6.422054767608643
224,final,-4.97165584564209
225,final,-6.127078056335449
226,final,-5.571206569671631
227,final,-5.522517681121826
228,final,-5.779376029968262
229,final,-6.10089111328125
230,final,-6.5941481590271
231,final,-5.635073661804199
232,final,-5.920427322387695
233,final,-6.552063941955566
234,final,-4.942577838897705
235,final,-6.059244632720947
236,final,-6.238974571228027
237,final,-6.719789981842041
238,final,-5.947131156921387
239,final,-5.585949897766113
240,final,-5.677557945251465
241,final,-6.551100730895996
242,final,-5.994167327880859
243,final,-5.41965389251709
244,final,-5.829720497131348
245,final,-6.256540775299072
246,final,-6.700026512145996
247,final,-6.231295108795166
248,final,-5.781291961669922
249,final,-6.3064141273498535
250,final,-6.3567986488342285
251,final,-5.571536540985107
252,final,-4.942577838897705
253,final,-5.920474529266357
254,final,-5.920474529266357
255,final,-6.10089111328125
256,final,-6.63613224029541
257,final,-4.6838202476501465
258,final,-5.999552249908447
259,final,-5.923044204711914
260,final,-6.19019079208374
261,final,-5.988674163818359
262,final,-5.0444536209106445
263,final,-5.640069961547852
264,final,-5.0198259353637695
265,final,-4.27529239654541
266,final,-5.905272960662842
267,final,-4.738536834716797
268,final,-5.4433465003967285
269,final,-4.948473930358887
270,final,-5.022891521453857
271,final,-5.216147422790527
272,final,-5.971671104431152
273,final,-5.692863464355469
274,final,-5.246521949768066
275,final,-5.773306846618652
276,final,-5.36653470993042
277,final,-4.8083343505859375
278,final,-5.100581645965576
279,final,-5.607545852661133
280,final,-5.8303399085998535
281,final,-5.54302978515625
282,final,-4.825256824493408
283,final,-6.084105491638184
284,final,-6.983005523681641
285,final,-6.2730560302734375
286,final,-6.102907657623291
287,final,-6.117380619049072
288,final,-6.8629231452941895
289,final,-6.584880352020264
290,final,-6.8856940269470215
291,final,-6.446403503417969
292,final,-6.379734516143799
293,final,-6.354207992553711
294,final,-6.478339672088623
295,final,-7.094854831695557
296,final,-6.66156005859375
297,final,-4.703423500061035
298,final,-6.320066928863525
299,final,-5.843283176422119
300,final,-6.320066928863525
301,final,-6.698154926300049
302,final,-6.20831823348999
303,final,-6.070742607116699
304,final,-5.693243026733398
305,final,-6.047264575958252
306,final,-4.968368053436279
307,final,-4.601145267486572
308,final,-6.412624359130859
309,final,-6.562465667724609
310,final,-7.094854831695557
311,final,-6.872297763824463
312,final,-6.7218475341796875
313,final,-6.8629231452941895
314,final,-6.9195427894592285
315,final,-4.601145267486572
316,final,-5.130705833435059
317,final,-6.76610803604126
318,final,-5.425583839416504
319,final,-6.724963188171387
320,final,-5.431719779968262
321,final,-6.862923622131348
322,final,-6.436795711517334
323,final,-5.837806701660156
324,final,-5.309128284454346
325,final,-7.032451152801514
326,final,-5.468270301818848
327,final,-6.009664058685303
328,final,-5.680941581726074
329,final,-5.6757283210754395
330,final,-5.650583267211914
331,final,-6.147632122039795
332,final,-5.617027759552002
333,final,-6.10498046875
334,final,-5.778640270233154
335,final,-5.914052486419678
336,final,-5.807462692260742
337,final,-6.082457542419434
338,final,-5.827406883239746
339,final,-5.999567031860352
340,final,-4.3278961181640625
341,final,-5.443811416625977
342,final,-5.359796047210693
343,final,-5.443811416625977
344,final,-5.863326072692871
345,final,-5.644043445587158
346,final,-5.7205939292907715
347,final,-6.5872392654418945
348,final,-5.990659236907959
349,final,-5.99919319152832
350,final,-5.65505838394165
351,final,-6.411443710327148
352,final,-4.825895309448242
353,final,-5.921118259429932
354,final,-5.428030014038086
355,final,-6.119768142700195
356,final,-5.763697624206543
357,final,-6.61600399017334
358,final,-6.3393683433532715
359,final,-5.71476936340332
360,final,-6.295701503753662
361,final,-5.2083420753479
362,final,-5.602997303009033
363,final,-6.21903133392334
364,final,-6.386812686920166
365,final,-6.410793304443359
366,final,-6.006042957305908
367,final,-6.3479132652282715
368,final,-6.11929988861084
369,final,-6.2276129722595215
370,final,-5.515610694885254
371,final,-5.53477144241333
372,final,-4.195878982543945
373,final,-5.750332355499268
374,final,-5.773229122161865
375,final,-5.583595275878906
376,final,-6.227245807647705
377,final,-6.094788551330566
378,final,-6.139917373657227
379,final,-5.572735786437988
380,final,-4.738508224487305
381,final,-6.69239616394043
382,final,-4.967525005340576
383,final,-5.517645359039307
384,final,-6.101642608642578
385,final,-6.300952911376953
386,final,-6.3479132652282715
387,final,-5.973556041717529
388,final,-6.184728145599365
389,final,-5.271658420562744
390,final,-5.850100517272949
391,final,-5.645533561706543
392,final,-5.501744747161865
393,final,-5.291351795196533
394,final,-6.039820671081543
395,final,-4.56873083114624
396,final,-5.700936317443848
397,final,-4.877462387084961
398,final,-5.598711967468262
399,final,-5.334072113037109
400,final,-5.907315731048584
401,final,-5.752839088439941
402,final,-5.285572052001953
403,final,-5.485787868499756
404,final,-4.383419036865234
405,final,-5.109572410583496
406,final,-5.696047782897949
407,final,-5.748964309692383
408,final,-5.757694721221924
409,final,-6.644902229309082
410,final,-5.890468120574951
411,final,-6.9613213539123535
412,final,-7.197187900543213
413,final,-5.869132995605469
414,final,-6.565508842468262
415,final,-5.98292350769043
416,final,-5.608687400817871
417,final,-7.2324323654174805
418,final,-5.31890869140625
419,final,-5.273621082305908
420,final,-4.218448162078857
421,final,-6.538445472717285
422,final,-7.025352954864502
423,final,-6.407416343688965
424,final,-6.713886737823486
425,final,-5.264133453369141
426,final,-5.898344993591309
427,final,-6.439140319824219
428,final,-7.244298458099365
429,final,-6.08040714263916
430,final,-6.819247722625732
431,final,-6.564570903778076
432,final,-6.2120256423950195
433,final,-7.319443702697754
434,final,-7.00317907333374
435,final,-6.421064853668213
436,final,-5.583512306213379
437,final,-5.630851745605469
438,final,-6.272709846496582
439,final,-7.144188404083252
440,final,-6.274161338806152
441,final,-6.34759521484375
442,final,-5.974273681640625
443,final,-5.4352946281433105
444,final,-7.103104114532471
445,final,-6.700761795043945
446,final,-6.6606316566467285
447,final,-6.927974224090576
448,final,-7.167788982391357
449,final,-5.983786106109619
450,final,-6.796029567718506
451,final,-5.926489353179932
452,final,-5.9823384284973145
453,final,-5.524834632873535
454,final,-5.836368560791016
455,final,-6.214389801025391
456,final,-5.2341389656066895
457,final,-5.337757587432861
458,final,-5.307389259338379
459,final,-4.970617294311523
460,final,-6.38352108001709
461,final,-4.943179130554199
462,final,-4.473057746887207
463,final,-3.8696939945220947
464,final,-5.8289265632629395
465,final,-6.439311504364014
466,final,-5.9821906089782715
467,final,-5.7606329917907715
468,final,-5.2165374755859375
469,final,-5.21415376663208
470,final,-5.243397235870361
471,final,-5.929432392120361
472,final,-4.903735160827637
473,final,-6.099196910858154
474,final,-4.80163049697876
475,final,-5.588737487792969
476,final,-5.503973960876465
477,final,-4.555416584014893
478,final,-5.235895156860352
479,final,-5.438847541809082
480,final,-4.619841575622559
481,final,-5.38577127456665
482,final,-5.215914726257324
483,final,-5.064619541168213
484,final,-5.173444747924805
485,final,-4.998578071594238
486,final,-5.105992317199707
487,final,-5.504867076873779
488,final,-4.963372707366943
489,final,-4.964717388153076
490,final,-5.519042015075684
491,final,-4.5995965003967285
492,final,-6.912489414215088
493,final,-5.806567192077637
494,final,-6.489889144897461
495,final,-6.577106952667236
496,final,-5.430757522583008
497,final,-6.023247241973877
498,final,-5.6614990234375
499,final,-6.795678615570068
500,final,-6.648642063140869
501,final,-6.183833599090576
502,final,-6.833409309387207
503,final,-6.040872097015381
504,final,-5.670655727386475
505,final,-6.6802215576171875
506,final,-6.890214443206787
507,final,-6.5457048416137695
508,final,-5.718733787536621
509,final,-5.949263095855713
510,final,-3.9577839374542236
511,final,-6.530076026916504
512,final,-5.434481620788574
513,final,-6.951117038726807
514,final,-8.215911865234375
515,final,-5.902073860168457
516,final,-6.260308742523193
517,final,-5.893250942230225
518,final,-6.515223026275635
519,final,-6.071450710296631
520,final,-4.74868631362915
521,final,-5.725114345550537
522,final,-5.504814624786377
523,final,-6.905167579650879
524,final,-6.67554235458374
525,final,-5.166955947875977
526,final,-6.021746635437012
527,final,-6.422712802886963
528,final,-7.197003364562988
529,final,-6.31926155090332
530,final,-6.58822774887085
531,final,-6.46519136428833
532,final,-6.443333148956299
533,final,-7.240843296051025
534,final,-7.23745584487915
535,final,-5.406793594360352
536,final,-4.768846035003662
537,final,-5.632269382476807
538,final,-5.2535600662231445
539,final,-4.160118579864502
540,final,-5.702876567840576
541,final,-5.147590637207031
542,final,-6.60355281829834
543,final,-5.483071804046631
544,final,-5.09666109085083
545,final,-5.618643283843994
546,final,-5.183437824249268
547,final,-5.1943583488464355
548,final,-5.895930767059326
549,final,-5.343291759490967
550,final,-4.629206657409668
551,final,-5.001406669616699
552,final,-4.987833023071289
553,final,-2.769695997238159
554,final,-4.916468143463135
555,final,-6.641441345214844
556,final,-5.439189910888672
557,final,-6.8870978355407715
558,final,-6.436694622039795
559,final,-6.467687129974365
560,final,-7.457479953765869
561,final,-6.367365837097168
562,final,-5.303656578063965
563,final,-6.606962203979492
564,final,-4.531182765960693
565,final,-5.954348087310791
566,final,-7.041640758514404
567,final,-7.1090474128723145
568,final,-6.944765567779541
569,final,-5.601385593414307
570,final,-6.662930965423584
571,final,-6.525022983551025
572,final,-7.10350227355957
573,final,-6.759256362915039
574,final,-8.448390007019043
575,final,-6.959800720214844
576,final,-7.684735298156738
577,final,-5.9362664222717285
578,final,-5.9362664222717285
579,final,-5.1903862953186035
580,final,-6.467687129974365
581,final,-8.199118614196777
582,final,-5.508689880371094
583,final,-8.096085548400879
584,final,-6.82769250869751
585,final,-6.465353488922119
586,final,-7.277200222015381
587,final,-5.86920690536499
588,final,-7.55352783203125
589,final,-5.783743858337402
590,final,-7.5450439453125
591,final,-6.507715702056885
592,final,-6.410894870758057
593,final,-6.959800720214844
594,final,-6.472090721130371
595,final,-5.99383020401001
596,final,-7.1279616355896
597,final,-4.897709846496582
598,final,-6.021778106689453
599,final,-4.944524765014648
600,final,-5.7284440994262695
601,final,-5.9042181968688965
602,final,-5.8752570152282715
603,final,-6.437832355499268
604,final,-5.793320178985596
605,final,-3.8363687992095947
606,final,-5.318290710449219
607,final,-4.0029072761535645
608,final,-5.113410949707031
609,final,-6.469123363494873
610,final,-6.080990791320801
611,final,-5.9402174949646
612,final,-4.691164493560791
613,final,-5.720245838165283
614,final,-6.139660358428955
615,final,-6.338139057159424
616,final,-5.86320161819458
617,final,-7.160919189453125
618,final,-6.128708839416504
619,final,-6.707237720489502
620,final,-5.899409770965576
621,final,-5.868012428283691
622,final,-5.572396278381348
623,final,-6.930692195892334
624,final,-7.100944995880127
625,final,-7.00132417678833
626,final,-6.657468795776367
627,final,-5.469994068145752
628,final,-6.646567344665527
629,final,-5.356654644012451
630,final,-6.058041095733643
631,final,-6.172438144683838
632,final,-6.112307071685791
633,final,-6.71325159072876
634,final,-6.5666890144348145
635,final,-6.337001800537109
636,final,-7.34004545211792
637,final,-6.271745204925537
638,final,-6.439783573150635
639,final,-7.271213531494141
640,final,-5.28657865524292
641,final,-6.522244453430176
642,final,-6.257922172546387
643,final,-5.866328716278076
644,final,-6.387551784515381
645,final,-5.698105812072754
646,final,-6.321422576904297
647,final,-5.732147216796875
648,final,-5.431392669677734
649,final,-7.56279993057251
650,final,-6.610991477966309
651,final,-5.0183491706848145
652,final,-7.163353443145752
653,final,-7.235382556915283
654,final,-6.261719703674316
655,final,-7.021491050720215
656,final,-5.985240936279297
657,final,-6.552581787109375
658,final,-7.393375873565674
659,final,-6.900848388671875
660,final,-5.543936729431152
661,final,-5.42352819442749
662,final,-6.367164611816406
663,final,-5.141870021820068
664,final,-5.515778541564941
665,final,-5.433719635009766
666,final,-6.402538299560547
667,final,-6.68342399597168
668,final,-6.032861232757568
669,final,-5.351630687713623
670,final,-5.052165985107422
671,final,-6.472442150115967
672,final,-4.703680515289307
673,final,-4.586073398590088
674,final,-5.4942626953125
675,final,-5.758785247802734
676,final,-5.498993873596191
677,final,-5.71835994720459
678,final,-5.48284912109375
679,final,-6.618427276611328
680,final,-5.588793754577637
681,final,-6.958772659301758
682,final,-7.733722686767578
683,final,-6.155828475952148
684,final,-7.354437351226807
685,final,-5.455693244934082
686,final,-7.607816696166992
687,final,-5.676823616027832
688,final,-5.216723918914795
689,final,-6.9528608322143555
690,final,-6.669777870178223
691,final,-6.9291839599609375
692,final,-8.349443435668945
693,final,-6.594126224517822
694,final,-7.571788787841797
695,final,-7.7193708419799805
696,final,-5.609973430633545
697,final,-8.03575611114502
698,final,-7.894094944000244
699,final,-8.35765266418457
700,final,-6.13003396987915
701,final,-6.491073131561279
702,final,-6.1869215965271
703,final,-8.337865829467773
704,final,-5.656071662902832
705,final,-6.464849948883057
706,final,-6.217748165130615
707,final,-8.613914489746094
708,final,-6.2676568031311035
709,final,-8.386002540588379
710,final,-7.241183757781982
711,final,-6.69922399520874
712,final,-6.768484592437744
713,final,-7.791316032409668
714,final,-5.565197467803955
715,final,-7.778215408325195
716,final,-6.691812992095947
717,final,-6.724396228790283
718,final,-5.840257167816162
719,final,-6.67351770401001
720,final,-5.537678241729736
721,final,-7.715629577636719
722,final,-7.1392741203308105
723,final,-5.202693939208984
724,final,-6.078487396240234
725,final,-6.486575603485107
726,final,-4.6248087882995605
727,final,-5.969668865203857
728,final,-3.4417240619659424
729,final,-6.427963733673096
730,final,-5.037670135498047
731,final,-4.357717514038086
732,final,-5.785830020904541
733,final,-5.023250102996826
734,final,-6.010849475860596
735,final,-7.122201442718506
736,final,-5.289672374725342
737,final,-7.12048864364624
738,final,-7.049004077911377
739,final,-5.025017261505127
740,final,-6.6254353523254395
741,final,-6.278886318206787
742,final,-6.7050628662109375
743,final,-4.989658832550049
744,final,-6.311440944671631
745,final,-5.311610698699951
746,final,-5.315889358520508
747,final,-5.691441535949707
748,final,-5.348105430603027
749,final,-5.481597423553467
750,final,-4.936242580413818
751,final,-4.396087169647217
752,final,-5.164115905761719
753,final,-4.467742443084717
754,final,-6.8770928382873535
755,final,-4.60571813583374
756,final,-4.837655544281006
757,final,-5.924333095550537
758,final,-6.438047409057617
759,final,-4.381158828735352
760,final,-5.161901473999023
761,final,-6.540389060974121
762,final,-7.040216445922852
763,final,-4.512940406799316
764,final,-5.873926162719727
765,final,-5.785614490509033
766,final,-5.3124847412109375
767,final,-5.789340019226074
768,final,-4.987395763397217
769,final,-4.914641380310059
770,final,-5.351619720458984
771,final,-5.510540962219238
772,final,-5.440863609313965
773,final,-5.292223930358887
774,final,-5.120955467224121
775,final,-6.57501745223999
776,final,-5.197490692138672
777,final,-4.6231560707092285
778,final,-5.497072219848633
779,final,-7.528499126434326
780,final,-4.284763336181641
781,final,-6.199847221374512
782,final,-5.732814788818359
783,final,-6.466726303100586
784,final,-4.297375679016113
785,final,-5.4392619132995605
786,final,-5.461136817932129
787,final,-5.270663738250732
788,final,-4.350433826446533
789,final,-5.394906044006348
790,final,-5.203241348266602
791,final,-4.2599778175354
792,final,-5.4994330406188965
793,final,-5.6987786293029785
794,final,-3.730637788772583
795,final,-4.24878454208374
796,final,-4.940150260925293
797,final,-4.232365131378174
798,final,-5.513331413269043
799,final,-5.419015884399414
800,final,-5.122715473175049
801,final,-5.299605369567871
802,final,-4.629586696624756
803,final,-6.356845378875732
804,final,-6.179440021514893
805,final,-5.870511531829834
806,final,-4.9147796630859375
807,final,-4.018954753875732
808,final,-5.168713569641113
809,final,-5.291318416595459
810,final,-4.244007587432861
811,final,-6.262645244598389
812,final,-5.453896522521973
813,final,-5.155239582061768
814,final,-5.703804016113281
815,final,-6.330634117126465
816,final,-5.038646221160889
817,final,-3.622175931930542
818,final,-5.140661239624023
819,final,-4.286606788635254
820,final,-4.437053203582764
821,final,-5.166538715362549
822,final,-5.798346042633057
823,final,-5.222973346710205
824,final,-5.889955997467041
825,final,-4.898359775543213
826,final,-4.746573448181152
827,final,-4.755478382110596
828,final,-5.570845127105713
829,final,-5.611015796661377
830,final,-5.561281204223633
831,final,-4.7188568115234375
832,final,-5.527214050292969
833,final,-5.160499572753906
834,final,-4.68796443939209
835,final,-5.03356409072876
836,final,-5.80421257019043
837,final,-4.215043544769287
838,final,-4.259058475494385
839,final,-5.106052875518799
840,final,-4.794000148773193
841,final,-4.903258323669434
842,final,-5.672852516174316
843,final,-5.208004951477051
844,final,-5.3951263427734375
845,final,-4.856318950653076
846,final,-5.619561672210693
847,final,-5.272765636444092
848,final,-5.47670316696167
849,final,-6.588785648345947
850,final,-6.471268177032471
851,final,-5.12749719619751
852,final,-5.254448890686035
853,final,-5.755220413208008
854,final,-5.785139560699463
855,final,-5.466994762420654
856,final,-6.021979331970215
857,final,-3.8756494522094727
858,final,-6.917393207550049
859,final,-3.8756494522094727
860,final,-4.20686149597168
861,final,-5.555476188659668
862,final,-5.285740852355957
863,final,-5.40981912612915
864,final,-5.64453125
865,final,-5.501607894897461
866,final,-7.041869163513184
867,final,-4.649447441101074
868,final,-5.459118843078613
869,final,-5.511081218719482
870,final,-5.767220497131348
871,final,-6.266733646392822
872,final,-5.478034496307373
873,final,-6.867621421813965
874,final,-5.586743354797363
875,final,-5.501607894897461
876,final,-4.886171817779541
877,final,-5.37855863571167
878,final,-6.043572902679443
879,final,-5.144350528717041
880,final,-5.229209899902344
881,final,-6.816398620605469
882,final,-6.527773380279541
883,final,-4.277782917022705
884,final,-4.889596462249756
885,final,-5.511081218719482
886,final,-5.504990577697754
887,final,-5.248987674713135
888,final,-6.588784694671631
889,final,-6.320242404937744
890,final,-4.905304908752441
891,final,-5.36544132232666
892,final,-5.764739036560059
893,final,-6.015222549438477
894,final,-5.30733060836792
895,final,-4.821331024169922
896,final,-5.801121711730957
897,final,-5.110151767730713
898,final,-5.61967134475708
899,final,-5.422647953033447
900,final,-4.174330711364746
901,final,-6.18239164352417
902,final,-4.174330711364746
903,final,-4.477708339691162
904,final,-5.591034889221191
905,final,-5.221248626708984
906,final,-5.564420700073242
907,final,-5.834020137786865
908,final,-5.549967288970947
909,final,-6.61737060546875
910,final,-5.558234691619873
911,final,-4.846296310424805
912,final,-4.9195876121521
913,final,-5.528388500213623
914,final,-5.817573547363281
915,final,-4.9195876121521
916,final,-5.661894798278809
917,final,-5.442018985748291
918,final,-4.5890092849731445
919,final,-5.444150924682617
920,final,-5.786837577819824
921,final,-5.73809814453125
922,final,-4.9040727615356445
923,final,-5.206029415130615
924,final,-5.173618316650391
925,final,-5.676133632659912
926,final,-5.75457239151001
927,final,-5.613897323608398
928,final,-5.302160739898682
929,final,-3.9939382076263428
930,final,-5.3648762702941895
931,final,-4.632280349731445
932,final,-4.526028156280518
933,final,-4.826941967010498
934,final,-5.868048667907715
935,final,-7.002541542053223
936,final,-5.356673717498779
937,final,-4.8165507316589355
938,final,-4.803968906402588
939,final,-5.198666572570801
940,final,-5.472231388092041
941,final,-6.206391334533691
942,final,-6.844465255737305
943,final,-4.8741583824157715
944,final,-5.824187278747559
945,final,-5.174923419952393
946,final,-5.874901294708252
947,final,-5.405000686645508
948,final,-5.091209411621094
949,final,-5.0503363609313965
950,final,-6.133244037628174
951,final,-5.044567108154297
952,final,-4.759603023529053
953,final,-5.843844890594482
954,final,-5.099588394165039
955,final,-5.062098026275635
956,final,-5.423088550567627
957,final,-5.5598859786987305
958,final,-5.062098026275635
959,final,-5.6085028648376465
960,final,-5.426680088043213
961,final,-4.840584754943848
962,final,-5.629380226135254
963,final,-5.773033142089844
964,final,-5.324708461761475
965,final,-4.972745418548584
966,final,-5.27207088470459
967,final,-5.442410945892334
968,final,-5.689857006072998
969,final,-5.799805164337158
970,final,-5.539821624755859
971,final,-5.310302257537842
972,final,-4.390956878662109
973,final,-5.361230850219727
974,final,-7.251278877258301
975,final,-6.536056995391846
976,final,-5.566972255706787
977,final,-5.44489860534668
978,final,-6.366021156311035
979,final,-5.697873115539551
980,final,-5.227891445159912
981,final,-6.773726940155029
982,final,-4.5419392585754395
983,final,-6.116180896759033
984,final,-5.598923683166504
985,final,-5.118846416473389
986,final,-6.014671325683594
987,final,-6.226765155792236
988,final,-5.210137367248535
989,final,-5.386599540710449
990,final,-5.451684951782227
991,final,-4.853389739990234
992,final,-4.643746376037598
993,final,-5.861112594604492
994,final,-4.733479976654053
995,final,-4.842561721801758
996,final,-6.796385765075684
997,final,-5.590199947357178
998,final,-5.9034247398376465
999,final,-5.941695213317871
1000,final,-5.417483806610107
1001,final,-6.5246076583862305
1002,final,-5.6821370124816895
1003,final,-5.135195732116699
1004,final,-7.3027801513671875
1005,final,-5.174381732940674
1006,final,-3.902907371520996
1007,final,-6.671222686767578
1008,final,-5.792917251586914
1009,final,-5.933145523071289
1010,final,-5.020787715911865
1011,final,-4.614528179168701
1012,final,-5.8971686363220215
1013,final,-4.831020832061768
1014,final,-6.2266011238098145
1015,final,-5.797396659851074
1016,final,-5.040329933166504
1017,final,-6.263698101043701
1018,final,-6.397534370422363
1019,final,-5.214349269866943
1020,final,-5.4548869132995605
1021,final,-5.847715377807617
1022,final,-5.37451696395874
1023,final,-5.151208877563477
1024,final,-5.894931793212891
1025,final,-4.532536029815674
1026,final,-5.720703125
1027,final,-5.681970119476318
1028,final,-5.153042793273926
1029,final,-5.875755310058594
1030,final,-4.986608982086182
1031,final,-5.234594821929932
1032,final,-5.1998467445373535
1033,final,-5.288354873657227
1034,final,-4.83560848236084
1035,final,-4.8221282958984375
1036,final,-5.697237014770508
1037,final,-6.012714862823486
1038,final,-4.470790386199951
1039,final,-4.180947303771973
1040,final,-5.631852149963379
1041,final,-5.126559734344482
1042,final,-4.9879608154296875
1043,final,-5.62372350692749
1044,final,-4.901336193084717
1045,final,-5.2725090980529785
1046,final,-5.635996341705322
1047,final,-4.939785957336426
1048,final,-4.479466438293457
1049,final,-5.942402362823486
1050,final,-4.4801106452941895
1051,final,-5.12203311920166
1052,final,-5.643561363220215
1053,final,-5.338637828826904
1054,final,-4.7487406730651855
1055,final,-5.070133686065674
1056,final,-4.690279960632324
1057,final,-6.361874103546143
1058,final,-6.2240495681762695
1059,final,-5.156574726104736
1060,final,-4.734091758728027
1061,final,-4.631256580352783
1062,final,-4.64551305770874
1063,final,-5.813222885131836
1064,final,-5.259754657745361
1065,final,-5.701338768005371
1066,final,-5.492019176483154
1067,final,-4.9623942375183105
1068,final,-4.929790019989014
1069,final,-4.736263751983643
1070,final,-5.328499794006348
1071,final,-4.991647243499756
1072,final,-4.829306602478027
1073,final,-5.016209602355957
1074,final,-5.200012683868408
1075,final,-4.371620178222656
1076,final,-3.8285648822784424
1077,final,-4.833621025085449
1078,final,-4.877037525177002
1079,final,-5.264495849609375
1080,final,-5.915006160736084
1081,final,-4.907075881958008
1082,final,-6.014129638671875
1083,final,-5.206809997558594
1084,final,-5.206809997558594
1085,final,-5.7638068199157715
1086,final,-5.439640045166016
1087,final,-5.794124603271484
1088,final,-4.827341556549072
1089,final,-4.432017803192139
1090,final,-6.341281890869141
1091,final,-5.860336780548096
1092,final,-4.732064247131348
1093,final,-5.771564960479736
1094,final,-5.09481143951416
1095,final,-5.871157169342041
1096,final,-4.669191837310791
1097,final,-6.648687839508057
1098,final,-5.760669231414795
1099,final,-6.201687812805176
1100,final,-5.0832366943359375
1101,final,-4.848544597625732
1102,final,-5.9611496925354
1103,final,-4.990697383880615
1104,final,-6.6957173347473145
1105,final,-4.2433600425720215
1106,final,-5.8140869140625
1107,final,-6.27977991104126
1108,final,-5.436002254486084
1109,final,-5.609727382659912
1110,final,-6.197624683380127
1111,final,-3.5428006649017334
1112,final,-6.35181999206543
1113,final,-5.906505584716797
1114,final,-5.3715596199035645
1115,final,-4.577570915222168
1116,final,-6.27977991104126
1117,final,-5.387825012207031
1118,final,-5.240642070770264
1119,final,-3.231018543243408
1120,final,-3.983052968978882
1121,final,-4.8964433670043945
1122,final,-5.07192325592041
1123,final,-4.792110919952393
1124,final,-4.012698650360107
1125,final,-5.011002063751221
1126,final,-4.69675350189209
1127,final,-4.69675350189209
1128,final,-4.666019916534424
1129,final,-5.024083614349365
1130,final,-4.532433986663818
1131,final,-3.969658613204956
1132,final,-3.714761972427368
1133,final,-4.79137659072876
1134,final,-4.994808197021484
1135,final,-4.494369029998779
1136,final,-4.575441837310791
1137,final,-4.280035972595215
1138,final,-5.455997943878174
1139,final,-6.873620510101318
1140,final,-6.9453558921813965
1141,final,-6.15411901473999
1142,final,-5.32781457901001
1143,final,-6.214400291442871
1144,final,-6.771620273590088
1145,final,-6.702499866485596
1146,final,-4.8016839027404785
1147,final,-5.950657367706299
1148,final,-5.978759765625
1149,final,-5.718576431274414
1150,final,-6.8145318031311035
1151,final,-7.237219333648682
1152,final,-6.2544169425964355
1153,final,-6.373879909515381
1154,final,-5.786893367767334
1155,final,-7.237220287322998
1156,final,-6.460963726043701
1157,final,-6.876361846923828
1158,final,-6.344404697418213
1159,final,-6.107509136199951
1160,final,-6.884836196899414
1161,final,-7.2477498054504395
1162,final,-4.424147129058838
1163,final,-5.361597537994385
1164,final,-6.313766956329346
1165,final,-7.612022399902344
1166,final,-7.2477498054504395
1167,final,-4.670176029205322
1168,final,-6.560766220092773
1169,final,-7.397747039794922
1170,final,-6.676517963409424
1171,final,-6.140817165374756
1172,final,-7.3574137687683105
1173,final,-7.3574137687683105
1174,final,-6.775726318359375
1175,final,-5.058585166931152
1176,final,-5.626585483551025
1177,final,-5.258677005767822
1178,final,-4.910221099853516
1179,final,-6.120781421661377
1180,final,-6.334554672241211
1181,final,-6.313766956329346
1182,final,-6.183014869689941
1183,final,-5.4022088050842285
1184,final,-5.193357467651367
1185,final,-4.566266059875488
1186,final,-5.798981189727783
1187,final,-5.86539363861084
1188,final,-6.211427688598633
1189,final,-4.009278774261475
1190,final,-5.362728595733643
1191,final,-5.5289716720581055
1192,final,-5.2261834144592285
1193,final,-6.021701335906982
1194,final,-6.122505187988281
1195,final,-5.040099143981934
1196,final,-5.32709264755249
1197,final,-5.237756729125977
1198,final,-6.122505187988281
1199,final,-5.4663238525390625
1200,final,-5.6184282302856445
1201,final,-5.680212497711182
1202,final,-5.543018341064453
1203,final,-6.154814720153809
1204,final,-5.42148494720459
1205,final,-6.369850158691406
1206,final,-5.469555377960205
1207,final,-5.481910705566406
1208,final,-5.699660301208496
1209,final,-6.479625701904297
1210,final,-5.415825843811035
1211,final,-6.242117881774902
1212,final,-6.4205827713012695
1213,final,-5.843280792236328
1214,final,-5.7134294509887695
1215,final,-5.246913433074951
1216,final,-5.816756248474121
1217,final,-5.344311237335205
1218,final,-5.108401298522949
1219,final,-6.110752105712891
1220,final,-4.638174057006836
1221,final,-6.057202339172363
1222,final,-5.992410659790039
1223,final,-5.319378852844238
1224,final,-4.963565826416016
1225,final,-6.525205612182617
1226,final,-5.887012481689453
1227,final,-5.3441057205200195
1228,final,-5.912590980529785
1229,final,-5.931056499481201
1230,final,-5.23625373840332
1231,final,-5.156553268432617
1232,final,-6.108809471130371
1233,final,-6.16702938079834
1234,final,-5.567378044128418
1235,final,-7.061491966247559
1236,final,-5.453927993774414
1237,final,-6.590909004211426
1238,final,-6.1599202156066895
1239,final,-4.761492729187012
1240,final,-5.664344310760498
1241,final,-5.633228302001953
1242,final,-6.156485080718994
1243,final,-5.472811222076416
1244,final,-5.015316486358643
1245,final,-5.297637462615967
1246,final,-5.173054218292236
1247,final,-5.326442241668701
1248,final,-6.14998197555542
1249,final,-4.5061469078063965
1250,final,-4.718092918395996
1251,final,-5.502284049987793
1252,final,-6.434224605560303
1253,final,-5.28064489364624
1254,final,-6.003312587738037
1255,final,-6.25743293762207
1256,final,-5.491273880004883
1257,final,-4.896394729614258
1258,final,-4.616592884063721
1259,final,-5.641897201538086
1260,final,-4.33739709854126
1261,final,-4.43504524230957
1262,final,-5.791676044464111
1263,final,-4.111776351928711
1264,final,-5.231597423553467
1265,final,-6.462893962860107
1266,final,-4.223576545715332
1267,final,-6.600864887237549
1268,final,-6.133821964263916
1269,final,-6.235998153686523
1270,final,-6.157054901123047
1271,final,-6.892602443695068
1272,final,-5.082859992980957
1273,final,-7.083994388580322
1274,final,-6.293292999267578
1275,final,-3.9882872104644775
1276,final,-6.567037582397461
1277,final,-5.649281024932861
1278,final,-5.482901573181152
1279,final,-6.064114093780518
1280,final,-5.645267963409424
1281,final,-5.975796222686768
1282,final,-7.430805683135986
1283,final,-6.36078405380249
1284,final,-5.949681758880615
1285,final,-7.138743877410889
1286,final,-5.653674125671387
1287,final,-7.1885762214660645
1288,final,-5.913109302520752
1289,final,-7.193389892578125
1290,final,-6.411514759063721
1291,final,-6.987689971923828
1292,final,-6.42969274520874
1293,final,-7.526051044464111
1294,final,-6.991075038909912
1295,final,-6.600864887237549
1296,final,-7.557136058807373
1297,final,-6.362062454223633
1298,final,-5.741490364074707
1299,final,-4.306917190551758
1300,final,-5.645267963409424
1301,final,-4.65966272354126
1302,final,-6.826366424560547
1303,final,-4.942233085632324
1304,final,-6.830956935882568
1305,final,-7.049783706665039
1306,final,-6.858068943023682
1307,final,-5.1596879959106445
1308,final,-5.490947246551514
1309,final,-3.911640167236328
1310,final,-5.9251389503479
1311,final,-4.970890522003174
1312,final,-5.565831184387207
1313,final,-5.268698692321777
1314,final,-6.006565093994141
1315,final,-4.299663543701172
1316,final,-6.083195209503174
1317,final,-5.560764312744141
1318,final,-3.808349847793579
1319,final,-5.1669487953186035
1320,final,-4.546233654022217
1321,final,-4.818634986877441
1322,final,-4.97391414642334
1323,final,-4.779383659362793
1324,final,-4.525374889373779
1325,final,-6.2303466796875
1326,final,-6.023890972137451
1327,final,-4.831932067871094
1328,final,-5.166151523590088
1329,final,-5.495988845825195
1330,final,-5.495988845825195
1331,final,-5.907351970672607
1332,final,-5.57466983795166
1333,final,-4.856869220733643
1334,final,-5.514286994934082
1335,final,-4.533867359161377
1336,final,-4.723758697509766
1337,final,-5.750766277313232
1338,final,-4.037664890289307
1339,final,-4.969459056854248
1340,final,-5.202916145324707
1341,final,-6.310975074768066
1342,final,-6.072774410247803
1343,final,-4.9583659172058105
1344,final,-6.028871536254883
1345,final,-5.128130912780762
1346,final,-4.316035747528076
1347,final,-4.443264007568359
1348,final,-5.4040632247924805
1349,final,-5.420201778411865
1350,final,-5.4014058113098145
1351,final,-4.820130348205566
1352,final,-5.911322593688965
1353,final,-3.719290256500244
1354,final,-4.647915840148926
1355,final,-3.8172779083251953
1356,final,-5.17086935043335
1357,final,-4.894765853881836
1358,final,-5.374170780181885
1359,final,-4.8304033279418945
1360,final,-4.509891510009766
1361,final,-4.2728800773620605
1362,final,-3.703932762145996
1363,final,-5.543648719787598
1364,final,-4.587581634521484
1365,final,-5.427499771118164
1366,final,-4.532130241394043
1367,final,-5.42535400390625
0,best,-3.0314366817474365
1,best,-5.034871578216553
2,best,-3.522923231124878
3,best,-4.927802085876465
4,best,-2.38329815864563
5,best,-5.022745609283447
6,best,-2.802992105484009
7,best,-4.438474655151367
8,best,-2.36403489112854
9,best,-4.157602787017822
10,best,-4.033599376678467
11,best,-3.979081392288208
12,best,-3.7911601066589355
13,best,-2.8598549365997314
14,best,-2.861687660217285
15,best,-4.234715938568115
16,best,-5.040972709655762
17,best,-3.979081392288208
18,best,-5.052188396453857
19,best,-3.522923231124878
20,best,-4.799684047698975
21,best,-4.533557415008545
22,best,-4.629711151123047
23,best,-4.845275402069092
24,best,-2.9381179809570312
25,best,-4.533557415008545
26,best,-4.863004207611084
27,best,-4.706686496734619
28,best,-3.1347591876983643
29,best,-4.863004207611084
30,best,-4.738015174865723
31,best,-4.740622043609619
32,best,-4.605574131011963
33,best,-5.339488983154297
34,best,-4.776638031005859
35,best,-4.984932899475098
36,best,-4.324326038360596
37,best,-4.719730854034424
38,best,-3.130112409591675
39,best,-4.397325038909912
40,best,-5.50749397277832
41,best,-4.7111639976501465
42,best,-5.400002479553223
43,best,-3.683774948120117
44,best,-5.258455276489258
45,best,-5.102301120758057
46,best,-5.0267133712768555
47,best,-4.842000961303711
48,best,-5.020420551300049
49,best,-5.419538497924805
50,best,-5.340023040771484
51,best,-5.291590690612793
52,best,-4.80963134765625
53,best,-4.927004337310791
54,best,-5.231424331665039
55,best,-4.891177177429199
56,best,-4.671842575073242
57,best,-5.093871593475342
58,best,-4.824555397033691
59,best,-4.17232608795166
60,best,-2.709744691848755
61,best,-4.951181411743164
62,best,-5.2509002685546875
63,best,-5.411641597747803
64,best,-5.1785454750061035
65,best,-5.402220726013184
66,best,-3.472707509994507
67,best,-5.011362075805664
68,best,-4.92435884475708
69,best,-3.9239306449890137
70,best,-4.914218902587891
71,best,-4.471579074859619
72,best,-4.6877121925354
73,best,-4.387961387634277
74,best,-5.634390830993652
75,best,-5.175538539886475
76,best,-4.630764484405518
77,best,-4.729698181152344
78,best,-5.264066219329834
79,best,-3.9778802394866943
80,best,-4.641600131988525
81,best,-4.911716461181641
82,best,-5.409892559051514
83,best,-4.631247520446777
84,best,-4.439159870147705
85,best,-4.390751838684082
86,best,-4.837844371795654
87,best,-4.880497455596924
88,best,-5.950554847717285
89,best,-4.659604549407959
90,best,-4.538232803344727
91,best,-4.705786228179932
92,best,-4.784024715423584
93,best,-4.373732566833496
94,best,-4.868218421936035
95,best,-5.029418468475342
96,best,-5.2674713134765625
97,best,-3.3496651649475098
98,best,-4.133517265319824
99,best,-3.8428072929382324
100,best,-5.646604061126709
101,best,-4.11635160446167
102,best,-4.133997917175293
103,best,-4.583668231964111
104,best,-4.501838207244873
105,best,-4.399542808532715
106,best,-2.365259885787964
107,best,-5.5725836753845215
108,best,-4.501838207244873
109,best,-2.416090250015259
110,best,-5.983981132507324
111,best,-4.94691801071167
112,best,-5.06156063079834
113,best,-4.760294437408447
114,best,-4.6208977699279785
115,best,-4.303369522094727
116,best,-5.492962837219238
117,best,-5.225026607513428
118,best,-4.622644901275635
119,best,-4.417896270751953
120,best,-3.9757726192474365
121,best,-4.24039888381958
122,best,-1.8299661874771118
123,best,-2.6983463764190674
124,best,-3.3071682453155518
125,best,-1.8299661874771118
126,best,-4.746408939361572
127,best,-3.7490761280059814
128,best,-4.118527889251709
129,best,-2.8494951725006104
130,best,-3.877901315689087
131,best,-2.3434128761291504
132,best,-4.028911113739014
133,best,-3.8779144287109375
134,best,-2.2974159717559814
135,best,-4.374582290649414
136,best,-4.293853759765625
137,best,-4.664966106414795
138,best,-4.094813346862793
139,best,-4.562665939331055
140,best,-4.7619404792785645
141,best,-4.429779529571533
142,best,-4.991802215576172
143,best,-3.6678671836853027
144,best,-5.220195770263672
145,best,-5.299515247344971
146,best,-4.952523231506348
147,best,-4.689881324768066
148,best,-5.012906074523926
149,best,-4.739352226257324
150,best,-4.6602020263671875
151,best,-4.586323261260986
152,best,-4.235283851623535
153,best,-3.4786388874053955
154,best,-4.856395721435547
155,best,-4.728096961975098
156,best,-4.856395721435547
157,best,-4.865985870361328
158,best,-4.56583833694458
159,best,-4.631414890289307
160,best,-3.3610334396362305
161,best,-4.6298089027404785
162,best,-5.245467662811279
163,best,-4.8821539878845215
164,best,-4.31082010269165
165,best,-4.518551349639893
166,best,-2.7357499599456787
167,best,-4.180443286895752
168,best,-5.026229381561279
169,best,-2.879568338394165
170,best,-5.29168176651001
171,best,-4.693653106689453
172,best,-4.928135871887207
173,best,-3.692042350769043
174,best,-3.4770495891571045
175,best,-4.4878716468811035
176,best,-4.207806587219238
177,best,-4.138878345489502
178,best,-3.375568151473999
179,best,-4.744519233703613
180,best,-3.980740785598755
181,best,-4.394983291625977
182,best,-4.508914470672607
183,best,-3.5944576263427734
184,best,-5.247196674346924
185,best,-4.5642266273498535
186,best,-4.295563697814941
187,best,-5.421318054199219
188,best,-4.794071197509766
189,best,-5.537804126739502
190,best,-5.642731189727783
191,best,-4.847035884857178
192,best,-4.803610801696777
193,best,-5.447688102722168
194,best,-4.771579265594482
195,best,-3.1413352489471436
196,best,-4.874648094177246
197,best,-4.421293258666992
198,best,-4.170815944671631
199,best,-3.509610414505005
200,best,-3.711613655090332
201,best,-4.875912189483643
202,best,-3.0802619457244873
203,best,-3.717557191848755
204,best,-2.2352371215820312
205,best,-2.2352371215820312
206,best,-3.0793986320495605
207,best,-4.881295204162598
208,best,-5.21110200881958
209,best,-4.737767696380615
210,best,-4.770695209503174
211,best,-4.657147407531738
212,best,-4.4538469314575195
213,best,-4.747854232788086
214,best,-2.6556503772735596
215,best,-4.353614330291748
216,best,-4.748842716217041
217,best,-4.101502895355225
218,best,-5.026158809661865
219,best,-5.543600559234619
220,best,-5.278896331787109
221,best,-5.258006572723389
222,best,-4.00949239730835
223,best,-5.913597106933594
224,best,-4.276652812957764
225,best,-5.410406589508057
226,best,-4.762581825256348
227,best,-5.316715717315674
228,best,-5.595714092254639
229,best,-5.785817623138428
230,best,-5.6325297355651855
231,best,-5.0291643142700195
232,best,-5.619178771972656
233,best,-5.961594581604004
234,best,-4.506672382354736
235,best,-5.198922634124756
236,best,-5.4337239265441895
237,best,-6.096977710723877
238,best,-5.436126708984375
239,best,-4.9843268394470215
240,best,-5.068469047546387
241,best,-5.9095377922058105
242,best,-5.644856929779053
243,best,-5.222613334655762
244,best,-4.910152912139893
245,best,-5.619088172912598
246,best,-5.738646984100342
247,best,-5.571414947509766
248,best,-5.5094733238220215
249,best,-5.521711826324463
250,best,-5.933384895324707
251,best,-5.542788028717041
252,best,-4.506672382354736
253,best,-5.2580060958862305
254,best,-5.2580060958862305
255,best,-5.785817623138428
256,best,-5.67684268951416
257,best,-3.936692953109741
258,best,-5.1824493408203125
259,best,-5.594934463500977
260,best,-5.406362056732178
261,best,-5.39378023147583
262,best,-4.829817295074463
263,best,-5.436847686767578
264,best,-4.987332344055176
265,best,-4.042968273162842
266,best,-5.842213153839111
267,best,-4.200010299682617
268,best,-5.246837139129639
269,best,-4.802674293518066
270,best,-5.263850688934326
271,best,-5.228545188903809
272,best,-6.03865385055542
273,best,-5.41721248626709
274,best,-4.923120975494385
275,best,-5.649719715118408
276,best,-5.186619758605957
277,best,-4.853754043579102
278,best,-4.706061363220215
279,best,-5.568878173828125
280,best,-5.723569869995117
281,best,-5.220064163208008
282,best,-4.91930627822876
283,best,-5.6817450523376465
284,best,-6.355053424835205
285,best,-5.63665771484375
286,best,-5.408677101135254
287,best,-5.43360710144043
288,best,-6.06274938583374
289,best,-5.936346530914307
290,best,-6.320365905761719
291,best,-5.782497882843018
292,best,-5.900001525878906
293,best,-5.7841291427612305
294,best,-6.137191295623779
295,best,-6.408091068267822
296,best,-6.064276695251465
297,best,-4.416641712188721
298,best,-5.582818031311035
299,best,-5.644080638885498
300,best,-5.582818031311035
301,best,-5.7984747886657715
302,best,-5.8047661781311035
303,best,-5.9636149406433105
304,best,-5.491474628448486
305,best,-5.227376461029053
306,best,-4.476864337921143
307,best,-4.231573581695557
308,best,-5.675311088562012
309,best,-5.9886393547058105
310,best,-6.408091068267822
311,best,-5.877482891082764
312,best,-5.6346049308776855
313,best,-6.06274938583374
314,best,-5.906385898590088
315,best,-4.231573581695557
316,best,-4.7477006912231445
317,best,-5.952739715576172
318,best,-4.6295270919799805
319,best,-6.381396293640137
320,best,-4.498044490814209
321,best,-6.062748908996582
322,best,-5.701406955718994
323,best,-5.259932994842529
324,best,-4.5236101150512695
325,best,-6.56701135635376
326,best,-5.390031337738037
327,best,-5.630759239196777
328,best,-5.330414772033691
329,best,-5.33256721496582
330,best,-5.369151592254639
331,best,-5.901533126831055
332,best,-5.238414287567139
333,best,-5.967285633087158
334,best,-5.407068252563477
335,best,-5.904369354248047
336,best,-5.37985372543335
337,best,-5.980058670043945
338,best,-5.388948917388916
339,best,-5.86530876159668
340,best,-4.134019374847412
341,best,-5.065032958984375
342,best,-5.27852725982666
343,best,-5.065032958984375
344,best,-5.44078254699707
345,best,-5.503377914428711
346,best,-5.053943157196045
347,best,-6.14196252822876
348,best,-5.452722072601318
349,best,-5.587279796600342
350,best,-5.41201639175415
351,best,-5.737374305725098
352,best,-4.156630039215088
353,best,-5.455196857452393
354,best,-4.6403069496154785
355,best,-5.532792091369629
356,best,-5.1714653968811035
357,best,-6.160220623016357
358,best,-5.771112442016602
359,best,-5.203906059265137
360,best,-5.598306655883789
361,best,-4.490365982055664
362,best,-4.907448768615723
363,best,-5.506120681762695
364,best,-5.8841423988342285
365,best,-5.949708461761475
366,best,-5.556105136871338
367,best,-5.725300312042236
368,best,-5.813092231750488
369,best,-5.7298970222473145
370,best,-4.854793548583984
371,best,-5.139908790588379
372,best,-3.6476643085479736
373,best,-5.247055530548096
374,best,-5.384045124053955
375,best,-5.083780288696289
376,best,-5.554938316345215
377,best,-5.710755825042725
378,best,-5.192002296447754
379,best,-5.146810531616211
380,best,-4.219668865203857
381,best,-5.984270095825195
382,best,-4.3146162033081055
383,best,-5.049443244934082
384,best,-5.511812210083008
385,best,-5.624298095703125
386,best,-5.725300312042236
387,best,-5.217741966247559
388,best,-5.498497486114502
389,best,-4.91278600692749
390,best,-5.6486029624938965
391,best,-5.123758792877197
392,best,-5.08822774887085
393,best,-5.148642063140869
394,best,-5.437089920043945
395,best,-4.242961406707764
396,best,-5.365904808044434
397,best,-4.58256196975708
398,best,-5.161047458648682
399,best,-5.064494609832764
400,best,-5.740845680236816
401,best,-5.362573146820068
402,best,-4.990208148956299
403,best,-5.121002674102783
404,best,-4.01904296875
405,best,-4.66046142578125
406,best,-5.300295829772949
407,best,-5.501082897186279
408,best,-5.634068489074707
409,best,-6.349388599395752
410,best,-5.818541526794434
411,best,-6.4199066162109375
412,best,-6.637702941894531
413,best,-5.536182880401611
414,best,-5.852050304412842
415,best,-5.61123514175415
416,best,-5.179985046386719
417,best,-6.895648002624512
418,best,-4.777606964111328
419,best,-4.899234294891357
420,best,-4.226004123687744
421,best,-5.875611305236816
422,best,-6.351929664611816
423,best,-6.081398963928223
424,best,-6.110220909118652
425,best,-5.194555759429932
426,best,-5.624447345733643
427,best,-5.950633525848389
428,best,-6.552265167236328
429,best,-5.981857776641846
430,best,-6.087795734405518
431,best,-5.997564792633057
432,best,-5.596444129943848
433,best,-6.571470737457275
434,best,-6.599140167236328
435,best,-6.033839225769043
436,best,-4.863886833190918
437,best,-5.599396705627441
438,best,-6.067225456237793
439,best,-6.756871223449707
440,best,-5.609891414642334
441,best,-5.783475399017334
442,best,-5.807753562927246
443,best,-4.98738956451416
444,best,-6.875170707702637
445,best,-6.443101406097412
446,best,-6.5843353271484375
447,best,-6.331310272216797
448,best,-6.3190083503723145
449,best,-5.682679653167725
450,best,-6.507798194885254
451,best,-5.911634922027588
452,best,-5.866147518157959
453,best,-5.787870407104492
454,best,-5.633464813232422
455,best,-6.137935638427734
456,best,-5.348443031311035
457,best,-5.1472063064575195
458,best,-5.139843940734863
459,best,-4.6046295166015625
460,best,-6.125793933868408
461,best,-4.791589736938477
462,best,-4.577883243560791
463,best,-3.922199249267578
464,best,-5.760392189025879
465,best,-6.056053638458252
466,best,-5.72480583190918
467,best,-5.842879295349121
468,best,-4.925716400146484
469,best,-5.099686145782471
470,best,-5.443331718444824
471,best,-5.748920440673828
472,best,-4.634786128997803
473,best,-5.981701374053955
474,best,-4.660318374633789
475,best,-5.537618160247803
476,best,-5.297903060913086
477,best,-4.161173343658447
478,best,-4.927305221557617
479,best,-5.0696611404418945
480,best,-4.361756324768066
481,best,-5.0666890144348145
482,best,-5.09121036529541
483,best,-4.635892391204834
484,best,-4.916419506072998
485,best,-4.707333087921143
486,best,-4.763289451599121
487,best,-5.166563510894775
488,best,-4.500272274017334
489,best,-4.855672836303711
490,best,-5.408745288848877
491,best,-4.247359752655029
492,best,-6.266596794128418
493,best,-5.330348014831543
494,best,-6.1302618980407715
495,best,-6.019877910614014
496,best,-4.480059623718262
497,best,-6.050899982452393
498,best,-5.5834808349609375
499,best,-6.343879699707031
500,best,-6.052534580230713
501,best,-6.177971363067627
502,best,-6.481855869293213
503,best,-5.517602443695068
504,best,-5.387373447418213
505,best,-6.252452850341797
506,best,-6.462336540222168
507,best,-5.579625606536865
508,best,-5.387537479400635
509,best,-5.7446112632751465
510,best,-3.4722371101379395
511,best,-5.603006839752197
512,best,-4.695812225341797
513,best,-6.239346981048584
514,best,-7.352210998535156
515,best,-5.024800777435303
516,best,-6.195098876953125
517,best,-5.346127986907959
518,best,-6.167335510253906
519,best,-5.641116619110107
520,best,-4.732659816741943
521,best,-5.7009806632995605
522,best,-5.004846096038818
523,best,-6.145310401916504
524,best,-5.870597839355469
525,best,-4.455227375030518
526,best,-5.42268705368042
527,best,-6.093442440032959
528,best,-6.584040641784668
529,best,-5.8054118156433105
530,best,-5.682106971740723
531,best,-6.2779059410095215
532,best,-5.824417591094971
533,best,-6.508055210113525
534,best,-6.221741676330566
535,best,-5.218074321746826
536,best,-4.322324275970459
537,best,-5.492798805236816
538,best,-4.847451210021973
539,best,-3.5768802165985107
540,best,-5.55570125579834
541,best,-5.152070045471191
542,best,-6.2629852294921875
543,best,-5.119085788726807
544,best,-5.462897300720215
545,best,-5.1198954582214355
546,best,-4.722271919250488
547,best,-4.968306541442871
548,best,-5.561947822570801
549,best,-4.965396881103516
550,best,-4.530319690704346
551,best,-4.971734046936035
552,best,-5.044646263122559
553,best,-2.6500322818756104
554,best,-4.624742031097412
555,best,-6.230978012084961
556,best,-4.942277431488037
557,best,-6.259094715118408
558,best,-6.025169372558594
559,best,-6.0785136222839355
560,best,-6.849633693695068
561,best,-5.877789497375488
562,best,-4.392895698547363
563,best,-5.918216228485107
564,best,-4.004886627197266
565,best,-5.270559310913086
566,best,-6.579584121704102
567,best,-6.305587291717529
568,best,-6.387231349945068
569,best,-4.878164768218994
570,best,-6.113958835601807
571,best,-6.047590255737305
572,best,-6.555761337280273
573,best,-5.9905781745910645
574,best,-7.472550392150879
575,best,-6.505491256713867
576,best,-6.804697513580322
577,best,-5.1391096115112305
578,best,-5.1391096115112305
579,best,-4.894480228424072
580,best,-6.0785136222839355
581,best,-7.350041389465332
582,best,-4.729006290435791
583,best,-7.090249061584473
584,best,-6.286718368530273
585,best,-5.943548202514648
586,best,-6.558897972106934
587,best,-5.64031457901001
588,best,-6.900413513183594
589,best,-4.811982154846191
590,best,-6.444777011871338
591,best,-6.088115215301514
592,best,-5.58833646774292
593,best,-6.505491256713867
594,best,-5.721388816833496
595,best,-5.4225664138793945
596,best,-6.491270542144775
597,best,-4.246622085571289
598,best,-5.333298683166504
599,best,-4.493570804595947
600,best,-5.396351337432861
601,best,-5.305503845214844
602,best,-5.524223804473877
603,best,-6.144828796386719
604,best,-5.284888744354248
605,best,-3.5452239513397217
606,best,-4.940230846405029
607,best,-3.6581013202667236
608,best,-4.680910587310791
609,best,-6.10543966293335
610,best,-5.667757511138916
611,best,-5.770636558532715
612,best,-4.192629814147949
613,best,-5.084277629852295
614,best,-5.553768634796143
615,best,-6.320160865783691
616,best,-5.36907958984375
617,best,-6.703233242034912
618,best,-5.529407978057861
619,best,-6.625786781311035
620,best,-5.649768352508545
621,best,-5.8973236083984375
622,best,-5.6254072189331055
623,best,-6.822530269622803
624,best,-6.6626763343811035
625,best,-6.910423278808594
626,best,-6.497896671295166
627,best,-5.078549861907959
628,best,-6.277863502502441
629,best,-4.905757904052734
630,best,-5.666558742523193
631,best,-5.685908794403076
632,best,-5.686396598815918
633,best,-6.191405773162842
634,best,-6.272098541259766
635,best,-5.469276428222656
636,best,-6.833547115325928
637,best,-6.174825668334961
638,best,-6.430566787719727
639,best,-7.04773473739624
640,best,-4.667876243591309
641,best,-6.415104389190674
642,best,-5.47445821762085
643,best,-5.3298468589782715
644,best,-6.250699520111084
645,best,-5.785006999969482
646,best,-5.729275226593018
647,best,-5.650294303894043
648,best,-4.873110771179199
649,best,-6.933804035186768
650,best,-6.38080358505249
651,best,-4.802346229553223
652,best,-6.8377604484558105
653,best,-6.630523681640625
654,best,-6.227846145629883
655,best,-6.646022796630859
656,best,-5.616293907165527
657,best,-6.1252570152282715
658,best,-6.976955413818359
659,best,-6.637359619140625
660,best,-5.25708532333374
661,best,-5.123716354370117
662,best,-6.301970958709717
663,best,-5.153024196624756
664,best,-5.351608753204346
665,best,-5.318559169769287
666,best,-6.247832298278809
667,best,-6.264407634735107
668,best,-5.837596416473389
669,best,-5.562837600708008
670,best,-4.6303181648254395
671,best,-5.952116012573242
672,best,-4.118615627288818
673,best,-4.577096939086914
674,best,-4.93334436416626
675,best,-5.35305118560791
676,best,-5.322554111480713
677,best,-5.738407135009766
678,best,-5.218846321105957
679,best,-6.348020553588867
680,best,-5.4478631019592285
681,best,-6.934158802032471
682,best,-7.588899612426758
683,best,-5.62730598449707
684,best,-6.836051940917969
685,best,-5.13362979888916
686,best,-7.216603755950928
687,best,-5.251339912414551
688,best,-4.975423812866211
689,best,-6.5638532638549805
690,best,-6.404594421386719
691,best,-6.455347061157227
692,best,-7.2618207931518555
693,best,-6.216891288757324
694,best,-6.9705023765563965
695,best,-6.6317596435546875
696,best,-5.00322151184082
697,best,-7.413247108459473
698,best,-7.767117500305176
699,best,-7.706779479980469
700,best,-5.674318313598633
701,best,-6.447094440460205
702,best,-5.863378524780273
703,best,-7.759438991546631
704,best,-5.442096710205078
705,best,-5.887312412261963
706,best,-5.8590569496154785
707,best,-8.300677299499512
708,best,-5.862903118133545
709,best,-7.69503116607666
710,best,-6.865806579589844
711,best,-6.282419681549072
712,best,-6.099757671356201
713,best,-7.535574436187744
714,best,-5.550132751464844
715,best,-7.406679630279541
716,best,-6.47533655166626
717,best,-6.480554103851318
718,best,-5.573009014129639
719,best,-6.023428440093994
720,best,-5.61120080947876
721,best,-6.990285396575928
722,best,-6.639065265655518
723,best,-4.917669773101807
724,best,-6.182408809661865
725,best,-6.448193550109863
726,best,-4.749064922332764
727,best,-6.274444103240967
728,best,-3.4932594299316406
729,best,-6.138454914093018
730,best,-4.736508369445801
731,best,-4.088130474090576
732,best,-5.108806610107422
733,best,-4.933614253997803
734,best,-5.474122524261475
735,best,-6.698760986328125
736,best,-5.18813943862915
737,best,-7.07918643951416
738,best,-6.471786975860596
739,best,-5.046233654022217
740,best,-6.373344421386719
741,best,-6.128671169281006
742,best,-5.876031398773193
743,best,-4.8792524337768555
744,best,-6.316708564758301
745,best,-5.1659088134765625
746,best,-4.977880477905273
747,best,-5.600517272949219
748,best,-5.375184059143066
749,best,-5.3640289306640625
750,best,-4.816095352172852
751,best,-4.1454901695251465
752,best,-5.159479141235352
753,best,-4.28096866607666
754,best,-6.95738410949707
755,best,-4.836498737335205
756,best,-4.551896572113037
757,best,-5.801069736480713
758,best,-6.164642810821533
759,best,-4.380025863647461
760,best,-5.017876148223877
761,best,-6.204558372497559
762,best,-6.94476842880249
763,best,-4.320429801940918
764,best,-5.689226150512695
765,best,-5.4370598793029785
766,best,-4.8062520027160645
767,best,-5.5686187744140625
768,best,-4.824895858764648
769,best,-4.812437534332275
770,best,-5.316487789154053
771,best,-5.122326374053955
772,best,-5.421816825866699
773,best,-5.383755683898926
774,best,-5.10595703125
775,best,-6.409435272216797
776,best,-4.870891094207764
777,best,-4.387465000152588
778,best,-5.0833330154418945
779,best,-7.381157875061035
780,best,-3.9865074157714844
781,best,-6.08988618850708
782,best,-5.772568702697754
783,best,-6.321977615356445
784,best,-3.9875564575195312
785,best,-5.461807727813721
786,best,-4.504108428955078
787,best,-5.136568546295166
788,best,-4.350296974182129
789,best,-4.901700496673584
790,best,-5.222684860229492
791,best,-3.936007261276245
792,best,-5.243710041046143
793,best,-5.325284957885742
794,best,-3.5119853019714355
795,best,-3.80668306350708
796,best,-4.809836387634277
797,best,-4.323192119598389
798,best,-5.273972034454346
799,best,-5.174957275390625
800,best,-4.8018951416015625
801,best,-4.907352447509766
802,best,-3.9847946166992188
803,best,-6.144064426422119
804,best,-5.787123680114746
805,best,-5.325684547424316
806,best,-4.501755237579346
807,best,-4.032879829406738
808,best,-4.479608535766602
809,best,-4.904322624206543
810,best,-4.3271002769470215
811,best,-5.833766937255859
812,best,-5.241724491119385
813,best,-4.915306091308594
814,best,-5.102837085723877
815,best,-6.062191963195801
816,best,-4.507882118225098
817,best,-3.5238986015319824
818,best,-4.715149879455566
819,best,-3.9494731426239014
820,best,-4.342391490936279
821,best,-4.957417964935303
822,best,-5.652835845947266
823,best,-4.847250938415527
824,best,-5.277804374694824
825,best,-4.611214637756348
826,best,-4.52538537979126
827,best,-4.417797565460205
828,best,-5.688762187957764
829,best,-4.871755123138428
830,best,-5.425784587860107
831,best,-4.853986740112305
832,best,-5.385344505310059
833,best,-5.231714248657227
834,best,-4.326051235198975
835,best,-5.195138931274414
836,best,-5.6679887771606445
837,best,-3.9649009704589844
838,best,-4.205142498016357
839,best,-5.090032577514648
840,best,-4.742729187011719
841,best,-4.750523090362549
842,best,-5.679464817047119
843,best,-5.248569488525391
844,best,-5.227694988250732
845,best,-4.3592095375061035
846,best,-5.524535655975342
847,best,-4.747066974639893
848,best,-4.746289253234863
849,best,-6.350955486297607
850,best,-5.9910054206848145
851,best,-4.929440975189209
852,best,-4.541465759277344
853,best,-5.36629056930542
854,best,-5.163361549377441
855,best,-5.448620319366455
856,best,-5.571523189544678
857,best,-3.5926764011383057
858,best,-6.226110935211182
859,best,-3.5926764011383057
860,best,-3.7979533672332764
861,best,-5.099320888519287
862,best,-5.08405876159668
863,best,-5.228461742401123
864,best,-5.265705108642578
865,best,-5.163713455200195
866,best,-6.765353679656982
867,best,-3.536458969116211
868,best,-5.159972190856934
869,best,-4.45965576171875
870,best,-5.484114170074463
871,best,-5.998885154724121
872,best,-4.684018611907959
873,best,-6.305192470550537
874,best,-5.266144275665283
875,best,-5.163713455200195
876,best,-4.212250709533691
877,best,-5.276684284210205
878,best,-4.871926307678223
879,best,-4.677689075469971
880,best,-4.786445617675781
881,best,-6.508200645446777
882,best,-6.175868034362793
883,best,-3.946364164352417
884,best,-4.553008556365967
885,best,-4.45965576171875
886,best,-4.693299293518066
887,best,-4.967728137969971
888,best,-6.350955486297607
889,best,-5.940714359283447
890,best,-4.682607173919678
891,best,-4.613770484924316
892,best,-5.449577331542969
893,best,-5.754647731781006
894,best,-5.163196086883545
895,best,-4.261280536651611
896,best,-5.515143394470215
897,best,-4.680546283721924
898,best,-5.637370586395264
899,best,-5.033532619476318
900,best,-3.8843255043029785
901,best,-5.735312461853027
902,best,-3.8843255043029785
903,best,-4.0266499519348145
904,best,-5.299497127532959
905,best,-5.210666179656982
906,best,-5.568618297576904
907,best,-5.520801067352295
908,best,-5.346104621887207
909,best,-6.426129341125488
910,best,-5.032544136047363
911,best,-4.939404487609863
912,best,-5.182507038116455
913,best,-5.423360824584961
914,best,-5.374556541442871
915,best,-5.182507038116455
916,best,-5.222658634185791
917,best,-5.421994209289551
918,best,-4.752796173095703
919,best,-4.842080116271973
920,best,-5.610414981842041
921,best,-5.560690402984619
922,best,-4.092996597290039
923,best,-5.145805358886719
924,best,-5.163073539733887
925,best,-5.428235054016113
926,best,-5.505579471588135
927,best,-5.557600498199463
928,best,-5.284592151641846
929,best,-3.96309757232666
930,best,-5.376814842224121
931,best,-4.1850457191467285
932,best,-4.433687210083008
933,best,-4.923465251922607
934,best,-5.301679611206055
935,best,-6.635363578796387
936,best,-5.305729866027832
937,best,-4.642092227935791
938,best,-4.433897972106934
939,best,-4.811322212219238
940,best,-5.4095234870910645
941,best,-5.9560546875
942,best,-6.483376502990723
943,best,-4.966022491455078
944,best,-5.773526668548584
945,best,-5.092929363250732
946,best,-5.219010353088379
947,best,-5.053426742553711
948,best,-4.2530364990234375
949,best,-5.2254109382629395
950,best,-5.98724889755249
951,best,-5.115045547485352
952,best,-4.153201103210449
953,best,-5.540380001068115
954,best,-4.997049331665039
955,best,-5.3234028816223145
956,best,-5.125489711761475
957,best,-5.315189838409424
958,best,-5.3234028816223145
959,best,-5.162599086761475
960,best,-5.448319911956787
961,best,-4.854306697845459
962,best,-5.033044815063477
963,best,-5.325055122375488
964,best,-5.218263626098633
965,best,-4.146461009979248
966,best,-5.195930480957031
967,best,-5.368257999420166
968,best,-5.2586750984191895
969,best,-5.3590192794799805
970,best,-5.401607513427734
971,best,-5.31769323348999
972,best,-4.057767391204834
973,best,-4.542330741882324
974,best,-7.1020941734313965
975,best,-6.512542724609375
976,best,-4.786694526672363
977,best,-5.311827182769775
978,best,-6.2619524002075195
979,best,-5.491433143615723
980,best,-5.313746452331543
981,best,-6.651193141937256
982,best,-4.488250255584717
983,best,-5.2980523109436035
984,best,-5.362135887145996
985,best,-5.059262752532959
986,best,-5.300309181213379
987,best,-5.628758430480957
988,best,-5.0357890129089355
989,best,-5.332676887512207
990,best,-5.277782440185547
991,best,-4.4308600425720215
992,best,-4.4810566902160645
993,best,-5.794001579284668
994,best,-4.868574142456055
995,best,-4.740723609924316
996,best,-6.806740760803223
997,best,-5.816597938537598
998,best,-5.665176868438721
999,best,-5.883484840393066
1000,best,-5.074861526489258
1001,best,-5.9646711349487305
1002,best,-5.383784294128418
1003,best,-4.385066986083984
1004,best,-7.358968257904053
1005,best,-5.056488513946533
1006,best,-4.007298469543457
1007,best,-6.110598564147949
1008,best,-5.8836236000061035
1009,best,-5.8951616287231445
1010,best,-4.830374717712402
1011,best,-4.638566017150879
1012,best,-5.8740692138671875
1013,best,-4.821834564208984
1014,best,-6.17836856842041
1015,best,-5.283253192901611
1016,best,-4.597933292388916
1017,best,-6.081265449523926
1018,best,-6.405749320983887
1019,best,-4.618993282318115
1020,best,-5.46790885925293
1021,best,-5.691356658935547
1022,best,-5.458090782165527
1023,best,-5.327176570892334
1024,best,-5.6776628494262695
1025,best,-4.490264415740967
1026,best,-5.130415916442871
1027,best,-5.449192523956299
1028,best,-5.04863977432251
1029,best,-5.199159622192383
1030,best,-4.758108615875244
1031,best,-5.198772430419922
1032,best,-5.188589096069336
1033,best,-5.158685684204102
1034,best,-4.617038726806641
1035,best,-4.478066444396973
1036,best,-5.885442733764648
1037,best,-5.78157377243042
1038,best,-4.542694091796875
1039,best,-4.14557409286499
1040,best,-5.695247173309326
1041,best,-5.241452217102051
1042,best,-4.670216083526611
1043,best,-5.617034912109375
1044,best,-4.791259288787842
1045,best,-5.0735368728637695
1046,best,-5.5640387535095215
1047,best,-5.044966220855713
1048,best,-4.32826566696167
1049,best,-5.655714511871338
1050,best,-4.442929744720459
1051,best,-5.037377834320068
1052,best,-5.471170902252197
1053,best,-5.48179817199707
1054,best,-4.440357685089111
1055,best,-5.1109771728515625
1056,best,-4.200347900390625
1057,best,-6.110384941101074
1058,best,-5.880120277404785
1059,best,-4.79899263381958
1060,best,-4.765450477600098
1061,best,-4.313821792602539
1062,best,-4.070582866668701
1063,best,-5.8323283195495605
1064,best,-5.419801712036133
1065,best,-5.602928161621094
1066,best,-5.4431562423706055
1067,best,-4.700176239013672
1068,best,-4.898991107940674
1069,best,-4.566399097442627
1070,best,-5.1218366622924805
1071,best,-5.362725734710693
1072,best,-4.0252299308776855
1073,best,-4.812096118927002
1074,best,-4.9012017250061035
1075,best,-3.7661261558532715
1076,best,-3.4304115772247314
1077,best,-4.253196716308594
1078,best,-4.513561725616455
1079,best,-5.112552165985107
1080,best,-5.635133743286133
1081,best,-4.361825466156006
1082,best,-4.846580982208252
1083,best,-5.0076904296875
1084,best,-5.0076904296875
1085,best,-4.782230854034424
1086,best,-4.823329925537109
1087,best,-5.022049427032471
1088,best,-4.022488117218018
1089,best,-3.7582085132598877
1090,best,-5.706094741821289
1091,best,-5.080140590667725
1092,best,-4.4782395362854
1093,best,-5.191068649291992
1094,best,-4.404798984527588
1095,best,-5.3873724937438965
1096,best,-3.8729240894317627
1097,best,-6.255037307739258
1098,best,-5.249630451202393
1099,best,-5.704845428466797
1100,best,-4.141464710235596
1101,best,-3.848470449447632
1102,best,-5.53514289855957
1103,best,-4.381473064422607
1104,best,-5.846709728240967
1105,best,-3.5765247344970703
1106,best,-5.620385646820068
1107,best,-5.273970127105713
1108,best,-4.629743576049805
1109,best,-4.717159748077393
1110,best,-5.843301773071289
1111,best,-2.932947874069214
1112,best,-5.615156173706055
1113,best,-5.072947025299072
1114,best,-5.007991313934326
1115,best,-4.328226566314697
1116,best,-5.273970127105713
1117,best,-5.052480220794678
1118,best,-4.971370220184326
1119,best,-2.953688383102417
1120,best,-3.8381755352020264
1121,best,-4.682576656341553
1122,best,-4.982552528381348
1123,best,-4.420170307159424
1124,best,-3.680687427520752
1125,best,-4.344245433807373
1126,best,-4.73178768157959
1127,best,-4.73178768157959
1128,best,-4.244211196899414
1129,best,-4.655236721038818
1130,best,-4.261126518249512
1131,best,-3.592315673828125
1132,best,-3.257495641708374
1133,best,-4.324510097503662
1134,best,-4.551784515380859
1135,best,-4.464545726776123
1136,best,-4.372189521789551
1137,best,-3.8969781398773193
1138,best,-4.979667663574219
1139,best,-6.458733081817627
1140,best,-6.149806976318359
1141,best,-5.476098537445068
1142,best,-4.725490570068359
1143,best,-6.008366107940674
1144,best,-5.924609661102295
1145,best,-6.258677959442139
1146,best,-3.956721544265747
1147,best,-5.263052463531494
1148,best,-5.829928398132324
1149,best,-5.147954940795898
1150,best,-6.243973255157471
1151,best,-6.651578903198242
1152,best,-5.268239974975586
1153,best,-5.801565647125244
1154,best,-5.4989166259765625
1155,best,-6.651580333709717
1156,best,-5.792892932891846
1157,best,-6.433725357055664
1158,best,-5.7350006103515625
1159,best,-5.551943778991699
1160,best,-6.039398193359375
1161,best,-6.5346503257751465
1162,best,-4.006061553955078
1163,best,-4.3878960609436035
1164,best,-5.447852611541748
1165,best,-7.271809101104736
1166,best,-6.5346503257751465
1167,best,-4.167745590209961
1168,best,-5.907533168792725
1169,best,-6.827136516571045
1170,best,-5.673544406890869
1171,best,-5.632355213165283
1172,best,-6.416870594024658
1173,best,-6.416870594024658
1174,best,-6.3831963539123535
1175,best,-4.07982873916626
1176,best,-4.983851909637451
1177,best,-4.551151752471924
1178,best,-4.27628755569458
1179,best,-5.622015476226807
1180,best,-5.772932052612305
1181,best,-5.447852611541748
1182,best,-5.7374725341796875
1183,best,-4.844089984893799
1184,best,-4.658670425415039
1185,best,-4.1377058029174805
1186,best,-5.509782791137695
1187,best,-5.144456386566162
1188,best,-5.8330159187316895
1189,best,-3.295228958129883
1190,best,-4.639041900634766
1191,best,-5.350191116333008
1192,best,-4.5839924812316895
1193,best,-5.538361549377441
1194,best,-5.542018413543701
1195,best,-4.437288761138916
1196,best,-4.967972278594971
1197,best,-4.878122806549072
1198,best,-5.542018413543701
1199,best,-4.949203014373779
1200,best,-5.185879230499268
1201,best,-5.255503177642822
1202,best,-5.357386112213135
1203,best,-5.695749759674072
1204,best,-5.008035659790039
1205,best,-6.271615505218506
1206,best,-5.221105575561523
1207,best,-5.030921936035156
1208,best,-5.786604881286621
1209,best,-6.27278470993042
1210,best,-5.0605010986328125
1211,best,-5.920369625091553
1212,best,-6.228127956390381
1213,best,-5.2783002853393555
1214,best,-4.973389148712158
1215,best,-4.932677268981934
1216,best,-5.6437835693359375
1217,best,-4.5606184005737305
1218,best,-4.616888999938965
1219,best,-5.775548458099365
1220,best,-4.168399810791016
1221,best,-5.753017425537109
1222,best,-5.677788734436035
1223,best,-4.496738433837891
1224,best,-4.436153411865234
1225,best,-6.043464660644531
1226,best,-5.299164772033691
1227,best,-4.789813041687012
1228,best,-5.569155216217041
1229,best,-5.4065775871276855
1230,best,-4.662391662597656
1231,best,-5.02470588684082
1232,best,-5.643967628479004
1233,best,-5.814009666442871
1234,best,-4.601788520812988
1235,best,-7.0769829750061035
1236,best,-5.42110538482666
1237,best,-6.263818264007568
1238,best,-6.075658798217773
1239,best,-4.47187614440918
1240,best,-5.37302303314209
1241,best,-5.606969833374023
1242,best,-5.995558261871338
1243,best,-4.9304022789001465
1244,best,-4.441072940826416
1245,best,-4.769136905670166
1246,best,-5.0111517906188965
1247,best,-4.754547595977783
1248,best,-5.856341361999512
1249,best,-4.68373441696167
1250,best,-4.275526523590088
1251,best,-5.499185562133789
1252,best,-5.812046051025391
1253,best,-4.970022201538086
1254,best,-5.688843727111816
1255,best,-5.974053382873535
1256,best,-5.084524631500244
1257,best,-4.385251045227051
1258,best,-4.342243671417236
1259,best,-5.425633907318115
1260,best,-3.907046318054199
1261,best,-4.1669392585754395
1262,best,-5.365564823150635
1263,best,-3.8317668437957764
1264,best,-5.18539571762085
1265,best,-5.716241836547852
1266,best,-3.6610324382781982
1267,best,-6.6063761711120605
1268,best,-6.036805629730225
1269,best,-6.2137298583984375
1270,best,-5.729002952575684
1271,best,-6.738138675689697
1272,best,-4.7419257164001465
1273,best,-6.925239086151123
1274,best,-6.032326698303223
1275,best,-3.1891727447509766
1276,best,-5.931430816650391
1277,best,-5.39335298538208
1278,best,-5.376259803771973
1279,best,-5.323288440704346
1280,best,-5.075423717498779
1281,best,-5.633243560791016
1282,best,-6.976785659790039
1283,best,-6.093289852142334
1284,best,-5.471700191497803
1285,best,-7.147493839263916
1286,best,-5.336034297943115
1287,best,-6.468236923217773
1288,best,-5.74678897857666
1289,best,-6.77079439163208
1290,best,-6.319698810577393
1291,best,-6.482235431671143
1292,best,-6.162398338317871
1293,best,-6.895846843719482
1294,best,-6.538855075836182
1295,best,-6.606375217437744
1296,best,-7.22349214553833
1297,best,-5.800983428955078
1298,best,-5.972882270812988
1299,best,-3.8180391788482666
1300,best,-5.075423717498779
1301,best,-3.987851858139038
1302,best,-6.457906723022461
1303,best,-4.725945472717285
1304,best,-6.496273517608643
1305,best,-6.618124008178711
1306,best,-6.680575847625732
1307,best,-4.477504253387451
1308,best,-4.822768211364746
1309,best,-3.2393431663513184
1310,best,-6.1378560066223145
1311,best,-5.0205912590026855
1312,best,-5.8022942543029785
1313,best,-5.063731670379639
1314,best,-6.025918006896973
1315,best,-3.840548276901245
1316,best,-6.019793510437012
1317,best,-5.395235061645508
1318,best,-2.958247423171997
1319,best,-5.03827428817749
1320,best,-4.703995704650879
1321,best,-4.589728832244873
1322,best,-4.514744758605957
1323,best,-4.40159273147583
1324,best,-4.668670177459717
1325,best,-5.691828727722168
1326,best,-5.705431938171387
1327,best,-4.539618968963623
1328,best,-4.795276641845703
1329,best,-5.151010990142822
1330,best,-5.151010990142822
1331,best,-5.824361801147461
1332,best,-5.635137557983398
1333,best,-4.8654255867004395
1334,best,-5.206670761108398
1335,best,-4.481503486633301
1336,best,-4.435923099517822
1337,best,-5.331910133361816
1338,best,-3.8603439331054688
1339,best,-4.9326558113098145
1340,best,-5.090548992156982
1341,best,-6.1896796226501465
1342,best,-5.848147392272949
1343,best,-4.5866379737854
1344,best,-5.685910701751709
1345,best,-4.98561954498291
1346,best,-4.451714992523193
1347,best,-4.312332630157471
1348,best,-5.238917350769043
1349,best,-5.254879474639893
1350,best,-5.044018745422363
1351,best,-4.581729888916016
1352,best,-5.724233627319336
1353,best,-3.6172919273376465
1354,best,-4.631405353546143
1355,best,-3.439645290374756
1356,best,-4.985918998718262
1357,best,-4.402596473693848
1358,best,-5.34567928314209
1359,best,-4.633481979370117
1360,best,-4.320484161376953
1361,best,-4.262380599975586
1362,best,-3.1867008209228516
1363,best,-5.262719631195068
1364,best,-4.217495441436768
1365,best,-5.130653381347656
1366,best,-4.02744722366333
1367,best,-5.198357105255127
