item_id,model_state,dative,score
1,initial,pp,-7.7349700927734375
2,initial,pp,-7.905789852142334
3,initial,pp,-7.855182647705078
4,initial,pp,-8.034241676330566
5,initial,pp,-7.50070333480835
6,initial,pp,-7.722578525543213
7,initial,pp,-7.494871616363525
8,initial,pp,-7.635125637054443
9,initial,pp,-6.61201286315918
10,initial,pp,-8.391039848327637
11,initial,pp,-6.087868690490723
12,initial,pp,-6.233660697937012
13,initial,pp,-7.613610744476318
14,initial,pp,-6.324832916259766
15,initial,pp,-7.349365234375
16,initial,pp,-7.635125637054443
17,initial,pp,-7.559709548950195
18,initial,pp,-6.537411212921143
19,initial,pp,-8.555278778076172
20,initial,pp,-7.236989974975586
21,initial,pp,-7.8027567863464355
22,initial,pp,-6.317262172698975
23,initial,pp,-7.489301681518555
24,initial,pp,-7.765531063079834
25,initial,pp,-7.9907402992248535
26,initial,pp,-7.742323398590088
27,initial,pp,-7.239640712738037
28,initial,pp,-7.2462921142578125
29,initial,pp,-7.765905857086182
30,initial,pp,-7.805454254150391
31,initial,pp,-8.506608963012695
32,initial,pp,-7.765531063079834
33,initial,pp,-8.227021217346191
34,initial,pp,-7.894917011260986
35,initial,pp,-6.522313117980957
36,initial,pp,-6.703176498413086
37,initial,pp,-7.765907287597656
38,initial,pp,-7.171957492828369
39,initial,pp,-8.307896614074707
40,initial,pp,-8.23670768737793
41,initial,pp,-7.361576557159424
42,initial,pp,-6.982517242431641
43,initial,pp,-6.971929550170898
44,initial,pp,-7.344476699829102
45,initial,pp,-8.175481796264648
46,initial,pp,-6.841855525970459
47,initial,pp,-7.741095542907715
48,initial,pp,-7.176441192626953
49,initial,pp,-7.472200393676758
50,initial,pp,-7.474484920501709
51,initial,pp,-7.638063907623291
52,initial,pp,-6.925469398498535
53,initial,pp,-7.807232856750488
54,initial,pp,-8.080387115478516
55,initial,pp,-7.536273002624512
56,initial,pp,-6.382146835327148
57,initial,pp,-6.755107879638672
58,initial,pp,-7.179698467254639
59,initial,pp,-7.388922691345215
60,initial,pp,-7.696392059326172
61,initial,pp,-7.994544982910156
62,initial,pp,-7.365936756134033
63,initial,pp,-9.522828102111816
64,initial,pp,-7.870503902435303
65,initial,pp,-7.319359302520752
66,initial,pp,-9.107117652893066
67,initial,pp,-6.97396183013916
68,initial,pp,-8.364190101623535
69,initial,pp,-8.10705280303955
70,initial,pp,-8.910489082336426
71,initial,pp,-6.420658588409424
72,initial,pp,-8.568805694580078
73,initial,pp,-8.295504570007324
74,initial,pp,-9.319039344787598
75,initial,pp,-7.658349990844727
76,initial,pp,-7.844169616699219
77,initial,pp,-6.582900047302246
78,initial,pp,-6.841000556945801
79,initial,pp,-7.218441963195801
80,initial,pp,-8.682032585144043
81,initial,pp,-7.210256099700928
82,initial,pp,-6.856902122497559
83,initial,pp,-7.055131435394287
84,initial,pp,-6.544648170471191
85,initial,pp,-6.856902122497559
86,initial,pp,-6.627959251403809
87,initial,pp,-6.952996730804443
88,initial,pp,-6.419478416442871
89,initial,pp,-6.780241012573242
90,initial,pp,-6.461773872375488
91,initial,pp,-6.346192836761475
92,initial,pp,-8.484965324401855
93,initial,pp,-6.75302267074585
94,initial,pp,-6.329531669616699
95,initial,pp,-6.481795310974121
96,initial,pp,-6.785294532775879
97,initial,pp,-7.588657379150391
98,initial,pp,-7.925365447998047
99,initial,pp,-7.040519714355469
100,initial,pp,-7.572508811950684
101,initial,pp,-5.75114631652832
102,initial,pp,-6.8342719078063965
103,initial,pp,-6.553153038024902
104,initial,pp,-6.4448370933532715
105,initial,pp,-7.325836181640625
106,initial,pp,-6.868668556213379
107,initial,pp,-6.851927757263184
108,initial,pp,-7.119786739349365
109,initial,pp,-7.053737163543701
110,initial,pp,-7.7291951179504395
111,initial,pp,-7.658026695251465
112,initial,pp,-7.243706226348877
113,initial,pp,-6.750911235809326
114,initial,pp,-6.083508491516113
115,initial,pp,-7.022177696228027
116,initial,pp,-5.765843391418457
117,initial,pp,-7.1002678871154785
118,initial,pp,-6.43370246887207
119,initial,pp,-7.333401679992676
120,initial,pp,-7.6544976234436035
121,initial,pp,-8.122454643249512
122,initial,pp,-8.155670166015625
123,initial,pp,-6.2601518630981445
124,initial,pp,-7.895416736602783
125,initial,pp,-7.145114898681641
126,initial,pp,-8.563287734985352
127,initial,pp,-7.104913234710693
128,initial,pp,-8.063427925109863
129,initial,pp,-6.9652180671691895
130,initial,pp,-7.124261856079102
131,initial,pp,-6.9652180671691895
132,initial,pp,-8.155669212341309
133,initial,pp,-8.541895866394043
134,initial,pp,-7.491880893707275
135,initial,pp,-8.155669212341309
136,initial,pp,-8.563288688659668
137,initial,pp,-7.843082427978516
138,initial,pp,-6.277534484863281
139,initial,pp,-8.664508819580078
140,initial,pp,-7.9745001792907715
141,initial,pp,-7.35215950012207
142,initial,pp,-7.410768508911133
143,initial,pp,-8.059423446655273
144,initial,pp,-8.106332778930664
145,initial,pp,-6.930461883544922
146,initial,pp,-6.923468112945557
147,initial,pp,-8.021815299987793
148,initial,pp,-7.586246490478516
149,initial,pp,-6.896169662475586
150,initial,pp,-6.21669340133667
151,initial,pp,-7.993071556091309
152,initial,pp,-7.715683937072754
153,initial,pp,-7.328568458557129
154,initial,pp,-7.075830936431885
155,initial,pp,-6.784612655639648
156,initial,pp,-6.139874458312988
157,initial,pp,-6.417525768280029
158,initial,pp,-6.646402359008789
159,initial,pp,-8.053445816040039
160,initial,pp,-8.072933197021484
161,initial,pp,-9.09768009185791
162,initial,pp,-7.228395938873291
163,initial,pp,-8.437385559082031
164,initial,pp,-7.458455562591553
165,initial,pp,-7.317785263061523
166,initial,pp,-5.894769191741943
167,initial,pp,-7.057787895202637
168,initial,pp,-9.747275352478027
169,initial,pp,-7.543966770172119
170,initial,pp,-7.095585346221924
171,initial,pp,-8.437385559082031
172,initial,pp,-6.406149387359619
173,initial,pp,-7.132228374481201
174,initial,pp,-8.875253677368164
175,initial,pp,-6.953526496887207
176,initial,pp,-7.317785263061523
177,initial,pp,-8.948187828063965
178,initial,pp,-9.35874080657959
179,initial,pp,-6.205126762390137
180,initial,pp,-8.9014310836792
181,initial,pp,-7.2069621086120605
182,initial,pp,-7.208847522735596
183,initial,pp,-6.418900966644287
184,initial,pp,-6.9904890060424805
185,initial,pp,-6.64545202255249
186,initial,pp,-6.780209541320801
187,initial,pp,-6.075586318969727
188,initial,pp,-6.896676063537598
189,initial,pp,-6.91914701461792
190,initial,pp,-5.6824445724487305
191,initial,pp,-6.781863212585449
192,initial,pp,-6.677151679992676
193,initial,pp,-6.5585036277771
194,initial,pp,-6.699973106384277
195,initial,pp,-6.637026786804199
196,initial,pp,-6.388856410980225
197,initial,pp,-7.399325370788574
198,initial,pp,-7.065736293792725
199,initial,pp,-5.856163501739502
200,initial,pp,-7.67965841293335
201,initial,pp,-5.78827428817749
202,initial,pp,-6.140531063079834
203,initial,pp,-8.382322311401367
204,initial,pp,-7.218688011169434
205,initial,pp,-7.5727858543396
206,initial,pp,-7.5697808265686035
207,initial,pp,-7.176952838897705
208,initial,pp,-6.624737739562988
209,initial,pp,-7.736358165740967
210,initial,pp,-7.157500267028809
211,initial,pp,-7.222301959991455
212,initial,pp,-6.113353252410889
213,initial,pp,-6.805335998535156
214,initial,pp,-7.31187105178833
215,initial,pp,-7.121862411499023
216,initial,pp,-5.6867828369140625
217,initial,pp,-7.858661651611328
218,initial,pp,-7.32786226272583
219,initial,pp,-7.034895420074463
220,initial,pp,-6.928680419921875
221,initial,do,-8.2747163772583
222,initial,do,-8.37287712097168
223,initial,do,-7.697895526885986
224,initial,do,-6.621493339538574
225,initial,do,-7.8336710929870605
226,initial,do,-7.685910224914551
227,initial,do,-8.011088371276855
228,initial,do,-8.657383918762207
229,initial,do,-8.289396286010742
230,initial,do,-8.48127269744873
231,initial,do,-8.069387435913086
232,initial,do,-7.8263773918151855
233,initial,do,-8.242522239685059
234,initial,do,-8.657383918762207
235,initial,do,-6.371029376983643
236,initial,do,-7.613778114318848
237,initial,do,-7.922518253326416
238,initial,do,-7.856815338134766
239,initial,do,-7.836527347564697
240,initial,do,-7.723781585693359
241,initial,do,-8.242522239685059
242,initial,do,-7.964306354522705
243,initial,do,-8.631146430969238
244,initial,do,-7.856815338134766
245,initial,do,-8.173415184020996
246,initial,do,-6.882856369018555
247,initial,do,-8.395451545715332
248,initial,do,-8.287692070007324
249,initial,do,-7.469191074371338
250,initial,do,-6.797391891479492
251,initial,do,-7.2335734367370605
252,initial,do,-6.933015823364258
253,initial,do,-8.235766410827637
254,initial,do,-8.53936767578125
255,initial,do,-8.634056091308594
256,initial,do,-8.024765014648438
257,initial,do,-7.26987886428833
258,initial,do,-8.53936767578125
259,initial,do,-6.68707275390625
260,initial,do,-7.2335734367370605
261,initial,do,-6.797391891479492
262,initial,do,-6.381662368774414
263,initial,do,-7.6684064865112305
264,initial,pp,-7.944823265075684
265,initial,pp,-8.525224685668945
266,initial,pp,-7.509109020233154
267,initial,pp,-6.845376968383789
268,initial,pp,-7.457427024841309
269,initial,pp,-7.461599826812744
270,initial,pp,-7.4927825927734375
271,initial,pp,-8.63399887084961
272,initial,pp,-7.82802152633667
273,initial,pp,-7.953240394592285
274,initial,pp,-7.742331504821777
275,initial,pp,-7.700657844543457
276,initial,pp,-7.917433261871338
277,initial,pp,-8.63399887084961
278,initial,pp,-6.713271141052246
279,initial,pp,-7.560711860656738
280,initial,pp,-7.419805526733398
281,initial,pp,-7.372039318084717
282,initial,pp,-7.671353340148926
283,initial,pp,-7.63157320022583
284,initial,do,-8.314133644104004
285,initial,do,-7.4563751220703125
286,initial,do,-8.845537185668945
287,initial,do,-7.99203634262085
288,initial,do,-7.8823723793029785
289,initial,do,-6.870516777038574
290,initial,do,-7.063004970550537
291,initial,do,-8.432479858398438
292,initial,do,-7.8823723793029785
293,initial,do,-7.861377239227295
294,initial,do,-6.840638637542725
295,initial,do,-8.034546852111816
296,initial,do,-6.809991359710693
297,initial,do,-8.100689888000488
298,initial,do,-8.537510871887207
299,initial,do,-7.252068519592285
300,initial,do,-8.014336585998535
301,initial,do,-7.2276506423950195
302,initial,do,-7.5271430015563965
303,initial,do,-7.825079917907715
304,initial,do,-7.312703609466553
305,initial,do,-7.063004970550537
306,initial,do,-8.07672119140625
307,initial,do,-7.189820289611816
308,initial,do,-7.99203634262085
309,initial,do,-7.512387752532959
310,initial,do,-6.423986911773682
311,initial,do,-8.2014799118042
312,initial,do,-7.99203634262085
313,initial,do,-8.576947212219238
314,initial,do,-6.955297946929932
315,initial,do,-8.797945976257324
316,initial,do,-8.289962768554688
317,initial,do,-8.375414848327637
318,initial,do,-6.423986911773682
319,initial,do,-7.2276506423950195
320,initial,do,-7.317509174346924
321,initial,do,-7.488345623016357
322,initial,do,-8.845536231994629
323,initial,do,-8.277200698852539
324,initial,do,-7.7388014793396
325,initial,do,-8.060084342956543
326,initial,do,-7.102595806121826
327,initial,pp,-8.122159957885742
328,initial,pp,-7.392824649810791
329,initial,pp,-8.472746849060059
330,initial,pp,-7.512813091278076
331,initial,pp,-7.288143157958984
332,initial,pp,-7.000156879425049
333,initial,pp,-6.895387172698975
334,initial,pp,-8.105335235595703
335,initial,pp,-7.288143157958984
336,initial,pp,-7.659985542297363
337,initial,pp,-6.706498146057129
338,initial,pp,-7.613302707672119
339,initial,pp,-6.732624530792236
340,initial,pp,-7.548410415649414
341,initial,pp,-7.89876651763916
342,initial,pp,-6.815019130706787
343,initial,pp,-7.521921157836914
344,initial,pp,-7.159257888793945
345,initial,pp,-7.179443359375
346,initial,pp,-7.605385780334473
347,initial,do,-7.209828853607178
348,initial,do,-6.074034214019775
349,initial,do,-7.499813556671143
350,initial,do,-6.366440773010254
351,initial,do,-7.270959854125977
352,initial,do,-7.115780353546143
353,initial,do,-7.4530816078186035
354,initial,do,-7.447020530700684
355,initial,do,-7.663599014282227
356,initial,do,-7.051558494567871
357,initial,do,-7.713597774505615
358,initial,do,-7.117311477661133
359,initial,do,-6.359735012054443
360,initial,do,-6.997987747192383
361,initial,do,-7.6114325523376465
362,initial,do,-7.0077714920043945
363,initial,do,-7.2860260009765625
364,initial,do,-8.1195068359375
365,initial,do,-6.803073406219482
366,initial,do,-6.936988830566406
367,initial,do,-6.611258029937744
368,initial,do,-7.025187015533447
369,initial,do,-7.1078057289123535
370,initial,do,-6.414981842041016
371,initial,do,-6.663089752197266
372,initial,do,-7.761379718780518
373,initial,do,-7.5602288246154785
374,initial,do,-7.314650535583496
375,initial,do,-5.916921615600586
376,initial,do,-7.3260979652404785
377,initial,do,-7.036726474761963
378,initial,do,-7.202605247497559
379,initial,do,-7.252710342407227
380,initial,do,-7.19680118560791
381,initial,do,-6.611998081207275
382,initial,do,-7.51992130279541
383,initial,do,-7.118868827819824
384,initial,do,-6.663089752197266
385,initial,do,-6.66489839553833
386,initial,do,-7.5602288246154785
387,initial,do,-7.286997318267822
388,initial,do,-7.027050971984863
389,initial,do,-6.09869384765625
390,initial,pp,-7.5278801918029785
391,initial,pp,-6.003294467926025
392,initial,pp,-7.546980857849121
393,initial,pp,-6.385132789611816
394,initial,pp,-7.436301231384277
395,initial,pp,-7.7579169273376465
396,initial,pp,-7.713849067687988
397,initial,pp,-7.797529697418213
398,initial,pp,-8.057462692260742
399,initial,pp,-7.227593898773193
400,initial,pp,-8.012025833129883
401,initial,pp,-7.55120849609375
402,initial,pp,-6.54870080947876
403,initial,pp,-7.209471225738525
404,initial,pp,-7.9615936279296875
405,initial,pp,-6.8678083419799805
406,initial,pp,-8.00202751159668
407,initial,pp,-8.116018295288086
408,initial,pp,-7.038388729095459
409,initial,pp,-6.83477783203125
410,initial,do,-8.250425338745117
411,initial,do,-8.224308013916016
412,initial,do,-7.638420104980469
413,initial,do,-8.26444149017334
414,initial,do,-9.239814758300781
415,initial,do,-7.50501012802124
416,initial,do,-7.925410270690918
417,initial,do,-8.520699501037598
418,initial,do,-6.938811302185059
419,initial,do,-8.148539543151855
420,initial,do,-7.16896390914917
421,initial,do,-8.200509071350098
422,initial,do,-8.841136932373047
423,initial,do,-8.755256652832031
424,initial,do,-7.541071891784668
425,initial,do,-8.585196495056152
426,initial,do,-7.290187358856201
427,initial,do,-7.937427520751953
428,initial,do,-7.628037929534912
429,initial,do,-8.55522632598877
430,initial,do,-8.542080879211426
431,initial,do,-6.852724075317383
432,initial,do,-7.937427520751953
433,initial,do,-7.7732319831848145
434,initial,do,-8.463438987731934
435,initial,do,-7.8606672286987305
436,initial,do,-8.400439262390137
437,initial,do,-8.500779151916504
438,initial,do,-7.316151142120361
439,initial,do,-8.758016586303711
440,initial,do,-8.92269229888916
441,initial,do,-8.899797439575195
442,initial,do,-7.953904151916504
443,initial,do,-8.218390464782715
444,initial,do,-7.679009914398193
445,initial,do,-7.727792263031006
446,initial,do,-8.585196495056152
447,initial,do,-8.8561429977417
448,initial,do,-7.311477184295654
449,initial,do,-8.051575660705566
450,initial,do,-7.555254936218262
451,initial,do,-8.677926063537598
452,initial,do,-9.334480285644531
453,initial,pp,-8.171422004699707
454,initial,pp,-7.798964500427246
455,initial,pp,-7.328201770782471
456,initial,pp,-8.181583404541016
457,initial,pp,-8.935566902160645
458,initial,pp,-7.844882965087891
459,initial,pp,-7.805429935455322
460,initial,pp,-7.915359020233154
461,initial,pp,-6.803088188171387
462,initial,pp,-8.111042022705078
463,initial,pp,-7.24844217300415
464,initial,pp,-8.808189392089844
465,initial,pp,-8.52540111541748
466,initial,pp,-8.677553176879883
467,initial,pp,-6.971818447113037
468,initial,pp,-8.808626174926758
469,initial,pp,-7.546741485595703
470,initial,pp,-8.529702186584473
471,initial,pp,-7.990529537200928
472,initial,pp,-8.817319869995117
473,initial,pp,-7.755199909210205
474,initial,pp,-8.298307418823242
475,initial,pp,-7.887358665466309
476,initial,pp,-7.24509334564209
477,initial,pp,-6.580689907073975
478,initial,pp,-8.033211708068848
479,initial,pp,-7.375268936157227
480,initial,pp,-6.583367824554443
481,initial,pp,-7.6448235511779785
482,initial,pp,-7.12062406539917
483,initial,pp,-6.765878200531006
484,initial,pp,-8.495973587036133
485,initial,pp,-7.844051837921143
486,initial,pp,-6.759305000305176
487,initial,pp,-7.901622295379639
488,initial,pp,-6.750430107116699
489,initial,pp,-6.754751205444336
490,initial,pp,-7.868984699249268
491,initial,pp,-7.138450622558594
492,initial,pp,-7.37431526184082
493,initial,do,-7.954564094543457
494,initial,do,-7.103672981262207
495,initial,do,-9.093656539916992
496,initial,do,-8.988639831542969
497,initial,do,-10.502981185913086
498,initial,do,-6.599180221557617
499,initial,do,-9.671335220336914
500,initial,do,-10.260546684265137
501,initial,do,-7.716259479522705
502,initial,do,-7.435344219207764
503,initial,do,-9.390867233276367
504,initial,do,-8.396190643310547
505,initial,do,-9.936046600341797
506,initial,do,-8.07301139831543
507,initial,do,-10.108274459838867
508,initial,do,-9.416276931762695
509,initial,do,-9.002687454223633
510,initial,do,-7.867133617401123
511,initial,do,-8.123088836669922
512,initial,do,-10.223444938659668
513,initial,do,-7.1122846603393555
514,initial,do,-9.743864059448242
515,initial,do,-9.450292587280273
516,initial,do,-9.78641414642334
517,initial,do,-8.078189849853516
518,initial,do,-9.852496147155762
519,initial,do,-9.34190845489502
520,initial,do,-9.473633766174316
521,initial,do,-9.615118026733398
522,initial,do,-8.481097221374512
523,initial,do,-7.04850959777832
524,initial,do,-8.547408103942871
525,initial,do,-9.322835922241211
526,initial,do,-9.568490982055664
527,initial,do,-7.687039852142334
528,initial,do,-9.63711166381836
529,initial,do,-9.63711166381836
530,initial,do,-10.087882041931152
531,initial,do,-9.988993644714355
532,initial,do,-9.131322860717773
533,initial,do,-9.994295120239258
534,initial,do,-8.566576957702637
535,initial,do,-8.23584270477295
536,initial,pp,-7.330247402191162
537,initial,pp,-6.994046211242676
538,initial,pp,-8.428071022033691
539,initial,pp,-8.742898941040039
540,initial,pp,-9.117947578430176
541,initial,pp,-6.3414459228515625
542,initial,pp,-9.460663795471191
543,initial,pp,-9.479265213012695
544,initial,pp,-7.554080009460449
545,initial,pp,-7.020633697509766
546,initial,pp,-9.475780487060547
547,initial,pp,-8.31592845916748
548,initial,pp,-8.93997859954834
549,initial,pp,-7.7801947593688965
550,initial,pp,-8.770115852355957
551,initial,pp,-8.467467308044434
552,initial,pp,-8.703463554382324
553,initial,pp,-7.373590469360352
554,initial,pp,-7.347464084625244
555,initial,pp,-9.755019187927246
556,initial,do,-8.791897773742676
557,initial,do,-9.529561996459961
558,initial,do,-7.6914472579956055
559,initial,do,-8.876825332641602
560,initial,do,-10.295782089233398
561,initial,do,-8.06887149810791
562,initial,do,-7.141857147216797
563,initial,do,-9.249157905578613
564,initial,do,-9.529561996459961
565,initial,do,-9.909747123718262
566,initial,do,-7.548900127410889
567,initial,do,-7.125797748565674
568,initial,do,-6.988053798675537
569,initial,do,-7.107719898223877
570,initial,do,-7.246101379394531
571,initial,do,-9.466702461242676
572,initial,do,-9.303664207458496
573,initial,do,-9.914861679077148
574,initial,do,-9.914861679077148
575,initial,do,-9.859789848327637
576,initial,do,-8.177363395690918
577,initial,do,-7.999846458435059
578,initial,do,-9.303664207458496
579,initial,do,-8.341842651367188
580,initial,do,-8.0569486618042
581,initial,do,-6.988053798675537
582,initial,do,-9.689851760864258
583,initial,do,-7.202950477600098
584,initial,do,-7.971545219421387
585,initial,do,-9.585909843444824
586,initial,do,-8.676570892333984
587,initial,do,-8.912745475769043
588,initial,do,-7.202950477600098
589,initial,do,-8.201875686645508
590,initial,do,-8.213083267211914
591,initial,do,-9.647875785827637
592,initial,do,-10.035627365112305
593,initial,do,-9.647875785827637
594,initial,do,-9.848268508911133
595,initial,do,-7.6914472579956055
596,initial,do,-9.804431915283203
597,initial,do,-6.988053798675537
598,initial,do,-9.909747123718262
599,initial,pp,-8.287032127380371
600,initial,pp,-9.150643348693848
601,initial,pp,-7.226856231689453
602,initial,pp,-8.518980979919434
603,initial,pp,-9.529166221618652
604,initial,pp,-7.768733024597168
605,initial,pp,-6.735335350036621
606,initial,pp,-8.371638298034668
607,initial,pp,-9.150643348693848
608,initial,pp,-9.605172157287598
609,initial,pp,-7.336537837982178
610,initial,pp,-6.758625507354736
611,initial,pp,-6.875317573547363
612,initial,pp,-6.8701558113098145
613,initial,pp,-7.324371337890625
614,initial,pp,-8.662564277648926
615,initial,pp,-8.482991218566895
616,initial,pp,-9.547733306884766
617,initial,pp,-9.547733306884766
618,initial,pp,-8.679019927978516
619,initial,do,-8.255170822143555
620,initial,do,-7.232995986938477
621,initial,do,-7.784850120544434
622,initial,do,-8.29091739654541
623,initial,do,-8.530763626098633
624,initial,do,-7.960164546966553
625,initial,do,-8.278938293457031
626,initial,do,-8.841650009155273
627,initial,do,-7.480262756347656
628,initial,do,-9.07028865814209
629,initial,do,-7.9509687423706055
630,initial,do,-6.441206455230713
631,initial,do,-7.040866374969482
632,initial,do,-7.2653961181640625
633,initial,do,-7.102510452270508
634,initial,do,-8.093547821044922
635,initial,do,-7.621649265289307
636,initial,do,-8.899093627929688
637,initial,do,-7.040866374969482
638,initial,do,-8.691854476928711
639,initial,do,-7.932301044464111
640,initial,do,-8.670877456665039
641,initial,do,-7.9510416984558105
642,initial,do,-9.010480880737305
643,initial,do,-8.712244987487793
644,initial,do,-7.073237895965576
645,initial,do,-8.13419246673584
646,initial,do,-7.834201335906982
647,initial,do,-8.411458015441895
648,initial,do,-8.289397239685059
649,initial,do,-7.9980034828186035
650,initial,do,-8.929757118225098
651,initial,do,-8.827261924743652
652,initial,do,-8.907076835632324
653,initial,do,-8.91838550567627
654,initial,do,-7.612048149108887
655,initial,do,-7.804780960083008
656,initial,do,-8.474482536315918
657,initial,do,-7.010150909423828
658,initial,do,-7.040866851806641
659,initial,do,-8.413086891174316
660,initial,do,-8.681194305419922
661,initial,do,-7.726536750793457
662,initial,pp,-7.741123676300049
663,initial,pp,-6.622282981872559
664,initial,pp,-7.098135948181152
665,initial,pp,-7.745761394500732
666,initial,pp,-8.116659164428711
667,initial,pp,-7.739523887634277
668,initial,pp,-8.03955078125
669,initial,pp,-8.395158767700195
670,initial,pp,-7.915020942687988
671,initial,pp,-8.703275680541992
672,initial,pp,-7.60986328125
673,initial,pp,-6.082495212554932
674,initial,pp,-7.1695356369018555
675,initial,pp,-6.659372806549072
676,initial,pp,-6.835432529449463
677,initial,pp,-8.069631576538086
678,initial,pp,-6.985154628753662
679,initial,pp,-8.598569869995117
680,initial,pp,-7.1695356369018555
681,initial,pp,-8.124872207641602
682,initial,do,-9.572036743164062
683,initial,do,-10.427816390991211
684,initial,do,-8.482138633728027
685,initial,do,-7.164384841918945
686,initial,do,-9.451702117919922
687,initial,do,-8.833136558532715
688,initial,do,-9.627572059631348
689,initial,do,-10.57728385925293
690,initial,do,-7.021935939788818
691,initial,do,-8.761374473571777
692,initial,do,-7.525429725646973
693,initial,do,-8.99931526184082
694,initial,do,-7.048066139221191
695,initial,do,-8.573039054870605
696,initial,do,-10.794792175292969
697,initial,do,-8.837323188781738
698,initial,do,-8.500083923339844
699,initial,do,-8.697074890136719
700,initial,do,-9.892919540405273
701,initial,do,-7.744596004486084
702,initial,do,-8.676047325134277
703,initial,do,-9.637369155883789
704,initial,do,-9.392183303833008
705,initial,do,-9.853096961975098
706,initial,do,-9.5048189163208
707,initial,do,-10.3082914352417
708,initial,do,-8.20882511138916
709,initial,do,-8.92615795135498
710,initial,do,-10.52863883972168
711,initial,do,-8.963932991027832
712,initial,do,-8.816189765930176
713,initial,do,-9.898773193359375
714,initial,do,-10.029001235961914
715,initial,do,-9.668578147888184
716,initial,do,-10.882936477661133
717,initial,do,-9.937618255615234
718,initial,do,-10.109840393066406
719,initial,do,-10.034452438354492
720,initial,do,-7.77830696105957
721,initial,do,-9.421669006347656
722,initial,do,-8.043717384338379
723,initial,do,-8.750804901123047
724,initial,do,-8.464737892150879
725,initial,pp,-8.992098808288574
726,initial,pp,-9.72087574005127
727,initial,pp,-7.467776298522949
728,initial,pp,-6.87727689743042
729,initial,pp,-8.862479209899902
730,initial,pp,-7.832249164581299
731,initial,pp,-9.230195045471191
732,initial,pp,-9.630702018737793
733,initial,pp,-7.1358642578125
734,initial,pp,-8.672303199768066
735,initial,pp,-7.1521430015563965
736,initial,pp,-9.394643783569336
737,initial,pp,-7.245115280151367
738,initial,pp,-8.453398704528809
739,initial,pp,-9.986801147460938
740,initial,pp,-8.859034538269043
741,initial,pp,-7.818074703216553
742,initial,pp,-8.128297805786133
743,initial,pp,-9.268362998962402
744,initial,pp,-7.286409854888916
745,initial,pp,-6.859744071960449
746,initial,pp,-7.334105491638184
747,initial,pp,-7.568761348724365
748,initial,pp,-7.39234733581543
749,initial,pp,-7.835518836975098
750,initial,pp,-8.176153182983398
751,initial,pp,-8.312715530395508
752,initial,pp,-7.608945369720459
753,initial,pp,-7.1832051277160645
754,initial,pp,-7.387861251831055
755,initial,pp,-7.0354743003845215
756,initial,pp,-6.4597954750061035
757,initial,pp,-7.545928001403809
758,initial,pp,-6.66958475112915
759,initial,pp,-7.480032920837402
760,initial,pp,-7.4089460372924805
761,initial,pp,-9.005173683166504
762,initial,pp,-8.583053588867188
763,initial,pp,-6.581230163574219
764,initial,pp,-7.4295196533203125
765,initial,pp,-7.515305042266846
766,initial,pp,-7.671885013580322
767,initial,pp,-8.048357009887695
768,initial,pp,-7.109582901000977
769,initial,pp,-8.600512504577637
770,initial,pp,-8.925251960754395
771,initial,pp,-8.018091201782227
772,initial,pp,-8.587667465209961
773,initial,pp,-7.6195268630981445
774,initial,pp,-6.617587089538574
775,initial,pp,-7.7950286865234375
776,initial,pp,-7.183160781860352
777,initial,pp,-6.5443830490112305
778,initial,pp,-7.81135892868042
779,initial,pp,-8.303023338317871
780,initial,pp,-8.093887329101562
781,initial,pp,-8.553641319274902
782,initial,pp,-7.061786651611328
783,initial,pp,-8.158113479614258
784,initial,pp,-8.189373016357422
785,initial,do,-6.829986095428467
786,initial,do,-6.2541728019714355
787,initial,do,-6.484674453735352
788,initial,do,-6.198219299316406
789,initial,do,-6.936662197113037
790,initial,do,-5.8626508712768555
791,initial,do,-6.065247058868408
792,initial,do,-6.582163333892822
793,initial,do,-8.01943302154541
794,initial,do,-7.486820697784424
795,initial,do,-6.111495494842529
796,initial,do,-5.901359558105469
797,initial,do,-6.42673921585083
798,initial,do,-8.065418243408203
799,initial,do,-6.076784133911133
800,initial,do,-5.582834243774414
801,initial,do,-7.382620811462402
802,initial,do,-6.527285575866699
803,initial,do,-8.309526443481445
804,initial,do,-8.136367797851562
805,initial,do,-7.993070125579834
806,initial,do,-5.88145112991333
807,initial,do,-7.369274139404297
808,initial,do,-8.394564628601074
809,initial,do,-6.496812343597412
810,initial,do,-5.770152568817139
811,initial,do,-6.7318549156188965
812,initial,do,-6.788106441497803
813,initial,do,-6.764580726623535
814,initial,do,-6.500306606292725
815,initial,do,-6.653556823730469
816,initial,do,-6.76123046875
817,initial,do,-6.177203178405762
818,initial,do,-5.491598606109619
819,initial,do,-7.308743953704834
820,initial,do,-5.582834243774414
821,initial,do,-8.575337409973145
822,initial,do,-6.725345611572266
823,initial,do,-6.6441521644592285
824,initial,do,-7.71737003326416
825,initial,do,-7.425167560577393
826,initial,do,-6.875274181365967
827,initial,do,-8.082361221313477
828,initial,pp,-6.918976306915283
829,initial,pp,-6.449533462524414
830,initial,pp,-6.644110202789307
831,initial,pp,-6.347778797149658
832,initial,pp,-7.310624122619629
833,initial,pp,-6.230519771575928
834,initial,pp,-6.182979106903076
835,initial,pp,-6.465686798095703
836,initial,pp,-8.3203763961792
837,initial,pp,-7.419665813446045
838,initial,pp,-6.142633438110352
839,initial,pp,-5.945762634277344
840,initial,pp,-6.638293743133545
841,initial,pp,-7.63862419128418
842,initial,pp,-5.996958255767822
843,initial,pp,-5.588670253753662
844,initial,pp,-7.247189998626709
845,initial,pp,-6.262800216674805
846,initial,pp,-8.056947708129883
847,initial,pp,-7.53877067565918
848,initial,do,-6.389345645904541
849,initial,do,-6.802427768707275
850,initial,do,-6.379086494445801
851,initial,do,-8.596728324890137
852,initial,do,-6.3428215980529785
853,initial,do,-7.707158088684082
854,initial,do,-6.737545967102051
855,initial,do,-5.854249477386475
856,initial,do,-6.478202819824219
857,initial,do,-7.1477484703063965
858,initial,do,-7.876720905303955
859,initial,do,-5.8128790855407715
860,initial,do,-7.2412800788879395
861,initial,do,-5.454313278198242
862,initial,do,-5.621370792388916
863,initial,do,-5.67402982711792
864,initial,do,-6.5174970626831055
865,initial,do,-8.048894882202148
866,initial,do,-5.638282299041748
867,initial,do,-6.3806047439575195
868,initial,do,-6.9321489334106445
869,initial,do,-6.196493625640869
870,initial,do,-8.582784652709961
871,initial,do,-6.221304416656494
872,initial,do,-6.355323314666748
873,initial,do,-6.733645439147949
874,initial,do,-6.478202819824219
875,initial,do,-6.646454811096191
876,initial,do,-6.528800010681152
877,initial,do,-7.442311763763428
878,initial,do,-6.604833602905273
879,initial,do,-5.31766414642334
880,initial,do,-8.5640869140625
881,initial,do,-7.2978739738464355
882,initial,do,-6.897801399230957
883,initial,do,-7.47725248336792
884,initial,do,-6.389345645904541
885,initial,do,-6.64151668548584
886,initial,do,-6.2286529541015625
887,initial,do,-7.1663408279418945
888,initial,do,-8.374780654907227
889,initial,do,-7.491990566253662
890,initial,do,-6.401427745819092
891,initial,pp,-6.507960796356201
892,initial,pp,-6.593279838562012
893,initial,pp,-6.509554862976074
894,initial,pp,-7.987608432769775
895,initial,pp,-6.167769432067871
896,initial,pp,-7.203795433044434
897,initial,pp,-6.474389553070068
898,initial,pp,-5.770997524261475
899,initial,pp,-6.461443901062012
900,initial,pp,-6.887326240539551
901,initial,pp,-7.5313544273376465
902,initial,pp,-5.900976657867432
903,initial,pp,-7.035757064819336
904,initial,pp,-5.627384662628174
905,initial,pp,-6.015703201293945
906,initial,pp,-5.959124565124512
907,initial,pp,-6.511131763458252
908,initial,pp,-7.954502105712891
909,initial,pp,-5.612804889678955
910,initial,pp,-6.272112846374512
911,initial,do,-6.905642032623291
912,initial,do,-6.6234002113342285
913,initial,do,-6.812208652496338
914,initial,do,-6.955309867858887
915,initial,do,-6.331460475921631
916,initial,do,-6.434504985809326
917,initial,do,-6.981104850769043
918,initial,do,-7.830278396606445
919,initial,do,-7.054501056671143
920,initial,do,-6.940284252166748
921,initial,do,-6.675971508026123
922,initial,do,-6.550856113433838
923,initial,do,-7.4439544677734375
924,initial,do,-6.955689907073975
925,initial,do,-6.645833969116211
926,initial,do,-7.493306636810303
927,initial,do,-7.579306602478027
928,initial,do,-7.231058120727539
929,initial,do,-6.035878658294678
930,initial,do,-5.97685432434082
931,initial,do,-7.239902973175049
932,initial,do,-6.268245697021484
933,initial,do,-6.88820743560791
934,initial,do,-5.945527076721191
935,initial,do,-6.991392612457275
936,initial,do,-7.247745990753174
937,initial,do,-6.221528053283691
938,initial,do,-6.390125751495361
939,initial,do,-8.165477752685547
940,initial,do,-6.403202533721924
941,initial,do,-6.891465663909912
942,initial,do,-7.749635696411133
943,initial,do,-6.577687740325928
944,initial,do,-6.7633185386657715
945,initial,do,-6.6254987716674805
946,initial,do,-8.288771629333496
947,initial,do,-7.234418869018555
948,initial,do,-6.855307579040527
949,initial,do,-6.94028377532959
950,initial,do,-7.009461879730225
951,initial,do,-8.183759689331055
952,initial,do,-6.577827453613281
953,initial,do,-7.8810296058654785
954,initial,pp,-7.0747222900390625
955,initial,pp,-6.599371910095215
956,initial,pp,-6.69775390625
957,initial,pp,-7.0965166091918945
958,initial,pp,-6.471151828765869
959,initial,pp,-6.622320175170898
960,initial,pp,-7.247965335845947
961,initial,pp,-7.721353054046631
962,initial,pp,-6.938226222991943
963,initial,pp,-7.135171413421631
964,initial,pp,-6.911147594451904
965,initial,pp,-6.611878871917725
966,initial,pp,-7.631653785705566
967,initial,pp,-6.759687423706055
968,initial,pp,-6.794685363769531
969,initial,pp,-7.490901947021484
970,initial,pp,-7.511213779449463
971,initial,pp,-7.3502888679504395
972,initial,pp,-6.18380069732666
973,initial,pp,-6.114073753356934
974,initial,do,-7.536716938018799
975,initial,do,-7.388343811035156
976,initial,do,-9.084970474243164
977,initial,do,-7.933375358581543
978,initial,do,-7.088438987731934
979,initial,do,-6.75029993057251
980,initial,do,-8.147987365722656
981,initial,do,-6.021722793579102
982,initial,do,-7.518982887268066
983,initial,do,-6.758352279663086
984,initial,do,-7.1930718421936035
985,initial,do,-8.323071479797363
986,initial,do,-8.017471313476562
987,initial,do,-7.30996036529541
988,initial,do,-8.983323097229004
989,initial,do,-8.289811134338379
990,initial,do,-8.686043739318848
991,initial,do,-7.081639289855957
992,initial,do,-6.83604621887207
993,initial,do,-6.8279876708984375
994,initial,do,-6.601805210113525
995,initial,do,-8.468724250793457
996,initial,do,-7.356128692626953
997,initial,do,-7.337285995483398
998,initial,do,-7.283620834350586
999,initial,do,-6.284122467041016
1000,initial,do,-7.0360236167907715
1001,initial,do,-6.057229995727539
1002,initial,do,-7.2840704917907715
1003,initial,do,-6.8279876708984375
1004,initial,do,-7.353233337402344
1005,initial,do,-6.424302101135254
1006,initial,do,-8.635870933532715
1007,initial,do,-6.743770122528076
1008,initial,do,-7.3361968994140625
1009,initial,do,-6.791529655456543
1010,initial,do,-6.927947998046875
1011,initial,do,-7.801326274871826
1012,initial,do,-7.568333148956299
1013,initial,do,-7.472877502441406
1014,initial,do,-7.568333148956299
1015,initial,do,-6.527288436889648
1016,initial,do,-6.226639747619629
1017,initial,pp,-7.5181169509887695
1018,initial,pp,-7.298885345458984
1019,initial,pp,-9.199516296386719
1020,initial,pp,-7.673102378845215
1021,initial,pp,-7.090058326721191
1022,initial,pp,-6.463930606842041
1023,initial,pp,-7.7167558670043945
1024,initial,pp,-6.135214805603027
1025,initial,pp,-7.026189804077148
1026,initial,pp,-6.69350528717041
1027,initial,pp,-7.50353479385376
1028,initial,pp,-8.115606307983398
1029,initial,pp,-8.512561798095703
1030,initial,pp,-7.1035332679748535
1031,initial,pp,-8.671540260314941
1032,initial,pp,-8.460125923156738
1033,initial,pp,-8.415313720703125
1034,initial,pp,-6.5519938468933105
1035,initial,pp,-6.576107025146484
1036,initial,pp,-7.058135032653809
1037,initial,pp,-6.747869491577148
1038,initial,pp,-6.168901443481445
1039,initial,pp,-7.195981502532959
1040,initial,pp,-7.1508941650390625
1041,initial,pp,-6.007283687591553
1042,initial,pp,-7.026173114776611
1043,initial,pp,-7.891720771789551
1044,initial,pp,-5.370085716247559
1045,initial,pp,-6.582495212554932
1046,initial,pp,-6.067659378051758
1047,initial,pp,-7.999369144439697
1048,initial,pp,-5.746496677398682
1049,initial,pp,-6.281030654907227
1050,initial,pp,-5.67397928237915
1051,initial,pp,-5.545080184936523
1052,initial,pp,-6.799977779388428
1053,initial,pp,-6.775987148284912
1054,initial,pp,-6.523630619049072
1055,initial,pp,-5.423275947570801
1056,initial,pp,-6.071052074432373
1057,initial,pp,-6.417184829711914
1058,initial,pp,-6.221254825592041
1059,initial,pp,-7.325887203216553
1060,initial,pp,-5.804340839385986
1061,initial,pp,-6.549421310424805
1062,initial,pp,-6.6129655838012695
1063,initial,pp,-5.778257369995117
1064,initial,pp,-6.8828444480896
1065,initial,pp,-6.1498847007751465
1066,initial,pp,-6.652188301086426
1067,initial,pp,-6.98649787902832
1068,initial,pp,-5.726840496063232
1069,initial,pp,-6.290228366851807
1070,initial,pp,-6.503021240234375
1071,initial,pp,-6.451101303100586
1072,initial,pp,-6.221552848815918
1073,initial,pp,-6.049192428588867
1074,initial,pp,-6.1288251876831055
1075,initial,pp,-5.8780341148376465
1076,initial,pp,-8.021414756774902
1077,initial,do,-8.156332969665527
1078,initial,do,-8.24747085571289
1079,initial,do,-8.848292350769043
1080,initial,do,-7.702798366546631
1081,initial,do,-7.119791507720947
1082,initial,do,-8.179550170898438
1083,initial,do,-8.04378604888916
1084,initial,do,-8.22464656829834
1085,initial,do,-7.423924922943115
1086,initial,do,-7.530893802642822
1087,initial,do,-8.024218559265137
1088,initial,do,-7.485313415527344
1089,initial,do,-8.39725399017334
1090,initial,do,-8.60787582397461
1091,initial,do,-8.49872875213623
1092,initial,do,-7.858328342437744
1093,initial,do,-8.198616981506348
1094,initial,do,-7.815379619598389
1095,initial,do,-6.8781208992004395
1096,initial,do,-8.13400936126709
1097,initial,do,-8.478894233703613
1098,initial,do,-8.480929374694824
1099,initial,do,-8.691905975341797
1100,initial,do,-8.683956146240234
1101,initial,do,-8.444097518920898
1102,initial,do,-8.373879432678223
1103,initial,do,-7.893040180206299
1104,initial,do,-7.522315979003906
1105,initial,do,-8.044723510742188
1106,initial,do,-7.517371654510498
1107,initial,do,-8.480929374694824
1108,initial,do,-8.946331024169922
1109,initial,do,-6.529955863952637
1110,initial,do,-8.370197296142578
1111,initial,do,-7.182314395904541
1112,initial,do,-7.367313861846924
1113,initial,do,-8.088534355163574
1114,initial,do,-7.108371734619141
1115,initial,do,-7.950676441192627
1116,initial,do,-8.373590469360352
1117,initial,do,-8.414924621582031
1118,initial,do,-8.681672096252441
1119,initial,do,-6.85044002532959
1120,initial,pp,-7.68018102645874
1121,initial,pp,-7.880673408508301
1122,initial,pp,-8.694839477539062
1123,initial,pp,-7.100353240966797
1124,initial,pp,-6.751713752746582
1125,initial,pp,-7.6978230476379395
1126,initial,pp,-7.354166507720947
1127,initial,pp,-7.789139270782471
1128,initial,pp,-7.065916538238525
1129,initial,pp,-6.721391677856445
1130,initial,pp,-7.091164588928223
1131,initial,pp,-7.0520920753479
1132,initial,pp,-7.920413970947266
1133,initial,pp,-8.216344833374023
1134,initial,pp,-7.742104530334473
1135,initial,pp,-7.22416353225708
1136,initial,pp,-7.5813307762146
1137,initial,pp,-7.185871601104736
1138,initial,pp,-6.948341369628906
1139,initial,pp,-7.444529056549072
1140,initial,do,-8.610164642333984
1141,initial,do,-8.242568016052246
1142,initial,do,-6.354084014892578
1143,initial,do,-8.286796569824219
1144,initial,do,-7.151798725128174
1145,initial,do,-7.639345169067383
1146,initial,do,-8.610164642333984
1147,initial,do,-8.75675106048584
1148,initial,do,-8.542447090148926
1149,initial,do,-7.575137615203857
1150,initial,do,-7.771509647369385
1151,initial,do,-9.075849533081055
1152,initial,do,-8.321507453918457
1153,initial,do,-8.656743049621582
1154,initial,do,-7.890822887420654
1155,initial,do,-7.2782416343688965
1156,initial,do,-7.8433098793029785
1157,initial,do,-7.0689377784729
1158,initial,do,-8.090609550476074
1159,initial,do,-8.172439575195312
1160,initial,do,-8.888798713684082
1161,initial,do,-6.929019451141357
1162,initial,do,-7.01989221572876
1163,initial,do,-6.500380992889404
1164,initial,do,-8.242568016052246
1165,initial,do,-7.324249267578125
1166,initial,do,-8.448248863220215
1167,initial,do,-7.728842258453369
1168,initial,do,-8.519693374633789
1169,initial,do,-7.961117744445801
1170,initial,do,-6.839963912963867
1171,initial,do,-7.960883617401123
1172,initial,do,-7.8433098793029785
1173,initial,do,-8.898398399353027
1174,initial,do,-7.646035671234131
1175,initial,do,-7.646035671234131
1176,initial,do,-8.779031753540039
1177,initial,do,-9.039605140686035
1178,initial,do,-7.430906772613525
1179,initial,do,-7.2782416343688965
1180,initial,do,-7.01989221572876
1181,initial,do,-8.217631340026855
1182,initial,do,-7.728842258453369
1183,initial,pp,-8.192667961120605
1184,initial,pp,-7.731637001037598
1185,initial,pp,-6.172379970550537
1186,initial,pp,-7.362960338592529
1187,initial,pp,-6.888519287109375
1188,initial,pp,-7.050907135009766
1189,initial,pp,-8.192669868469238
1190,initial,pp,-8.12098503112793
1191,initial,pp,-7.728320598602295
1192,initial,pp,-6.677366256713867
1193,initial,pp,-7.5986008644104
1194,initial,pp,-8.648606300354004
1195,initial,pp,-7.227427959442139
1196,initial,pp,-7.947981834411621
1197,initial,pp,-7.088257312774658
1198,initial,pp,-6.635935306549072
1199,initial,pp,-7.242912769317627
1200,initial,pp,-6.919593811035156
1201,initial,pp,-7.66521692276001
1202,initial,pp,-7.507996559143066
1203,initial,do,-9.049378395080566
1204,initial,do,-7.692932605743408
1205,initial,do,-8.161031723022461
1206,initial,do,-8.202444076538086
1207,initial,do,-7.518407821655273
1208,initial,do,-6.440345764160156
1209,initial,do,-8.005986213684082
1210,initial,do,-7.431639671325684
1211,initial,do,-6.868285179138184
1212,initial,do,-6.838071346282959
1213,initial,do,-8.363321304321289
1214,initial,do,-7.614664554595947
1215,initial,do,-7.078235149383545
1216,initial,do,-8.017858505249023
1217,initial,do,-8.067304611206055
1218,initial,do,-6.979853630065918
1219,initial,do,-7.94710111618042
1220,initial,do,-7.8381147384643555
1221,initial,do,-7.536418914794922
1222,initial,do,-6.69112491607666
1223,initial,do,-8.437468528747559
1224,initial,do,-8.248164176940918
1225,initial,do,-8.998579025268555
1226,initial,do,-7.407389163970947
1227,initial,do,-8.863165855407715
1228,initial,do,-7.977573394775391
1229,initial,do,-8.33802604675293
1230,initial,do,-7.825131416320801
1231,initial,do,-7.128034591674805
1232,initial,do,-7.953325271606445
1233,initial,do,-7.456011772155762
1234,initial,do,-6.814416408538818
1235,initial,do,-6.557090759277344
1236,initial,do,-7.321245193481445
1237,initial,do,-7.635117053985596
1238,initial,do,-8.131172180175781
1239,initial,do,-6.873409748077393
1240,initial,do,-8.507932662963867
1241,initial,do,-8.29101848602295
1242,initial,do,-6.110930919647217
1243,initial,do,-7.387704849243164
1244,initial,do,-8.845907211303711
1245,initial,do,-8.397616386413574
1246,initial,pp,-8.435208320617676
1247,initial,pp,-6.965921878814697
1248,initial,pp,-7.97125768661499
1249,initial,pp,-7.729349613189697
1250,initial,pp,-7.119990825653076
1251,initial,pp,-5.962257385253906
1252,initial,pp,-7.583281517028809
1253,initial,pp,-6.916088104248047
1254,initial,pp,-6.682246208190918
1255,initial,pp,-6.546145915985107
1256,initial,pp,-7.865947246551514
1257,initial,pp,-7.346807956695557
1258,initial,pp,-6.924160957336426
1259,initial,pp,-7.3009819984436035
1260,initial,pp,-7.916754722595215
1261,initial,pp,-6.704208850860596
1262,initial,pp,-7.382789611816406
1263,initial,pp,-7.334465026855469
1264,initial,pp,-7.264768600463867
1265,initial,pp,-6.448633193969727
1266,initial,do,-7.764732837677002
1267,initial,do,-7.824233055114746
1268,initial,do,-7.748118877410889
1269,initial,do,-8.131780624389648
1270,initial,do,-6.9460768699646
1271,initial,do,-9.072999954223633
1272,initial,do,-9.894333839416504
1273,initial,do,-8.936545372009277
1274,initial,do,-6.895122528076172
1275,initial,do,-8.44902229309082
1276,initial,do,-9.004683494567871
1277,initial,do,-7.682574272155762
1278,initial,do,-9.086111068725586
1279,initial,do,-9.347809791564941
1280,initial,do,-8.084028244018555
1281,initial,do,-9.639334678649902
1282,initial,do,-8.881617546081543
1283,initial,do,-8.57491397857666
1284,initial,do,-7.636812686920166
1285,initial,do,-8.57166576385498
1286,initial,do,-6.274053573608398
1287,initial,do,-9.123088836669922
1288,initial,do,-8.886313438415527
1289,initial,do,-8.743078231811523
1290,initial,do,-8.912833213806152
1291,initial,do,-8.190423965454102
1292,initial,do,-8.582854270935059
1293,initial,do,-9.537567138671875
1294,initial,do,-9.02068042755127
1295,initial,do,-9.215707778930664
1296,initial,do,-7.732231140136719
1297,initial,do,-9.079363822937012
1298,initial,do,-8.49002742767334
1299,initial,do,-6.751459121704102
1300,initial,do,-8.220109939575195
1301,initial,do,-9.004504203796387
1302,initial,do,-8.560811042785645
1303,initial,do,-7.591067790985107
1304,initial,do,-7.511348724365234
1305,initial,do,-9.562261581420898
1306,initial,do,-9.407628059387207
1307,initial,do,-6.809550762176514
1308,initial,do,-8.980124473571777
1309,initial,pp,-7.206567287445068
1310,initial,pp,-6.709072589874268
1311,initial,pp,-7.245781898498535
1312,initial,pp,-7.147156715393066
1313,initial,pp,-5.869575500488281
1314,initial,pp,-8.270862579345703
1315,initial,pp,-9.773653030395508
1316,initial,pp,-9.250017166137695
1317,initial,pp,-6.04458475112915
1318,initial,pp,-8.26447868347168
1319,initial,pp,-8.714747428894043
1320,initial,pp,-7.14933443069458
1321,initial,pp,-9.16771411895752
1322,initial,pp,-8.16459846496582
1323,initial,pp,-8.062840461730957
1324,initial,pp,-8.526839256286621
1325,initial,pp,-7.605149269104004
1326,initial,pp,-8.841972351074219
1327,initial,pp,-6.9076738357543945
1328,initial,pp,-8.531594276428223
1329,initial,pp,-6.36985445022583
1330,initial,pp,-6.076890468597412
1331,initial,pp,-7.710550785064697
1332,initial,pp,-7.371203899383545
1333,initial,pp,-7.85628080368042
1334,initial,pp,-6.357478618621826
1335,initial,pp,-5.827654838562012
1336,initial,pp,-5.610494613647461
1337,initial,pp,-6.5783772468566895
1338,initial,pp,-6.818948268890381
1339,initial,pp,-6.240315914154053
1340,initial,pp,-7.348154544830322
1341,initial,pp,-7.265909194946289
1342,initial,pp,-7.885519981384277
1343,initial,pp,-8.221846580505371
1344,initial,pp,-7.012974739074707
1345,initial,pp,-7.889949321746826
1346,initial,pp,-5.913774013519287
1347,initial,pp,-7.65355920791626
1348,initial,pp,-6.765223503112793
1349,initial,pp,-6.494750022888184
1350,initial,pp,-7.04771614074707
1351,initial,pp,-7.056989669799805
1352,initial,pp,-7.071396350860596
1353,initial,pp,-7.0256171226501465
1354,initial,pp,-5.806056022644043
1355,initial,pp,-6.25068473815918
1356,initial,pp,-6.3633832931518555
1357,initial,pp,-6.982899188995361
1358,initial,pp,-6.922865390777588
1359,initial,pp,-6.823718070983887
1360,initial,pp,-7.494819164276123
1361,initial,pp,-5.725958824157715
1362,initial,pp,-6.872990131378174
1363,initial,pp,-6.847846984863281
1364,initial,pp,-6.485167026519775
1365,initial,pp,-7.664256572723389
1366,initial,pp,-7.134387016296387
1367,initial,pp,-6.0353899002075195
1368,initial,pp,-6.459070205688477
1,final,pp,-7.2583394050598145
2,final,pp,-5.659107208251953
3,final,pp,-11.499252319335938
4,final,pp,-10.372834205627441
5,final,pp,-6.921298503875732
6,final,pp,-13.106945037841797
7,final,pp,-13.072216033935547
8,final,pp,-13.55413818359375
9,final,pp,-9.133443832397461
10,final,pp,-7.866837978363037
11,final,pp,-10.722555160522461
12,final,pp,-4.534546375274658
13,final,pp,-5.338648319244385
14,final,pp,-5.1016082763671875
15,final,pp,-11.004142761230469
16,final,pp,-13.55413818359375
17,final,pp,-8.399589538574219
18,final,pp,-10.683598518371582
19,final,pp,-5.083471298217773
20,final,pp,-8.81263256072998
21,final,pp,-11.378666877746582
22,final,pp,-10.727280616760254
23,final,pp,-8.256115913391113
24,final,pp,-7.29194974899292
25,final,pp,-10.28928279876709
26,final,pp,-8.303290367126465
27,final,pp,-10.928860664367676
28,final,pp,-10.979984283447266
29,final,pp,-11.83310604095459
30,final,pp,-5.478115081787109
31,final,pp,-10.436666488647461
32,final,pp,-7.29194974899292
33,final,pp,-8.42620849609375
34,final,pp,-14.312426567077637
35,final,pp,-4.693276882171631
36,final,pp,-4.846227645874023
37,final,pp,-11.83310317993164
38,final,pp,-8.692351341247559
39,final,pp,-5.294284343719482
40,final,pp,-14.13312816619873
41,final,pp,-8.679682731628418
42,final,pp,-8.644695281982422
43,final,pp,-8.415434837341309
44,final,pp,-5.9876909255981445
45,final,pp,-6.057608604431152
46,final,pp,-11.65208625793457
47,final,pp,-8.56332015991211
48,final,pp,-8.728921890258789
49,final,pp,-8.798491477966309
50,final,pp,-7.202799320220947
51,final,pp,-10.570643424987793
52,final,pp,-5.638707637786865
53,final,pp,-8.294204711914062
54,final,pp,-6.149227619171143
55,final,pp,-9.086623191833496
56,final,pp,-9.606767654418945
57,final,pp,-5.384024143218994
58,final,pp,-10.062541007995605
59,final,pp,-8.907845497131348
60,final,pp,-10.53474235534668
61,final,pp,-6.015683650970459
62,final,pp,-11.124930381774902
63,final,pp,-6.294882297515869
64,final,pp,-5.936370849609375
65,final,pp,-11.964090347290039
66,final,pp,-15.42310619354248
67,final,pp,-5.492441177368164
68,final,pp,-13.155138969421387
69,final,pp,-8.925200462341309
70,final,pp,-9.43441390991211
71,final,pp,-4.791803359985352
72,final,pp,-10.795337677001953
73,final,pp,-6.074644565582275
74,final,pp,-9.914128303527832
75,final,pp,-11.553398132324219
76,final,pp,-11.56429672241211
77,final,pp,-11.164106369018555
78,final,pp,-8.924812316894531
79,final,pp,-10.269734382629395
80,final,pp,-15.176405906677246
81,final,pp,-10.626895904541016
82,final,pp,-9.16015625
83,final,pp,-10.948453903198242
84,final,pp,-9.07298469543457
85,final,pp,-9.16015625
86,final,pp,-7.208817958831787
87,final,pp,-5.601916313171387
88,final,pp,-7.597617149353027
89,final,pp,-11.414271354675293
90,final,pp,-9.010234832763672
91,final,pp,-8.36479377746582
92,final,pp,-7.825272560119629
93,final,pp,-8.485772132873535
94,final,pp,-8.97731876373291
95,final,pp,-9.308432579040527
96,final,pp,-6.959047794342041
97,final,pp,-12.777609825134277
98,final,pp,-11.099588394165039
99,final,pp,-6.873354434967041
100,final,pp,-5.71107292175293
101,final,pp,-9.898706436157227
102,final,pp,-12.809514045715332
103,final,pp,-11.344321250915527
104,final,pp,-10.009618759155273
105,final,pp,-4.8060455322265625
106,final,pp,-7.760787010192871
107,final,pp,-8.3425931930542
108,final,pp,-7.77152156829834
109,final,pp,-10.305551528930664
110,final,pp,-6.859870433807373
111,final,pp,-6.90950345993042
112,final,pp,-9.245530128479004
113,final,pp,-9.880592346191406
114,final,pp,-10.169511795043945
115,final,pp,-12.012025833129883
116,final,pp,-10.61568832397461
117,final,pp,-11.97063159942627
118,final,pp,-10.398406028747559
119,final,pp,-7.936371326446533
120,final,pp,-7.087141990661621
121,final,pp,-10.21565055847168
122,final,pp,-5.252319812774658
123,final,pp,-10.661096572875977
124,final,pp,-11.663846015930176
125,final,pp,-10.301580429077148
126,final,pp,-5.5433173179626465
127,final,pp,-9.377734184265137
128,final,pp,-14.052811622619629
129,final,pp,-10.597219467163086
130,final,pp,-8.914271354675293
131,final,pp,-10.597219467163086
132,final,pp,-5.252321243286133
133,final,pp,-10.039803504943848
134,final,pp,-11.211143493652344
135,final,pp,-5.252321243286133
136,final,pp,-5.543318271636963
137,final,pp,-10.863175392150879
138,final,pp,-4.926629543304443
139,final,pp,-4.95618200302124
140,final,pp,-5.073091506958008
141,final,pp,-10.355500221252441
142,final,pp,-8.290181159973145
143,final,pp,-6.930247783660889
144,final,pp,-9.252626419067383
145,final,pp,-8.581109046936035
146,final,pp,-9.546092987060547
147,final,pp,-8.038065910339355
148,final,pp,-12.258308410644531
149,final,pp,-6.313740253448486
150,final,pp,-4.944038391113281
151,final,pp,-8.583235740661621
152,final,pp,-9.009273529052734
153,final,pp,-9.686752319335938
154,final,pp,-9.712215423583984
155,final,pp,-10.790450096130371
156,final,pp,-9.627685546875
157,final,pp,-10.468111038208008
158,final,pp,-11.003305435180664
159,final,pp,-5.43754768371582
160,final,pp,-7.446418762207031
161,final,pp,-8.22107982635498
162,final,pp,-10.611655235290527
163,final,pp,-11.9415283203125
164,final,pp,-9.90346908569336
165,final,pp,-11.055045127868652
166,final,pp,-4.2726216316223145
167,final,pp,-11.609001159667969
168,final,pp,-8.105196952819824
169,final,pp,-5.597928047180176
170,final,pp,-13.595130920410156
171,final,pp,-11.9415283203125
172,final,pp,-11.967259407043457
173,final,pp,-5.415917873382568
174,final,pp,-14.864449501037598
175,final,pp,-8.857339859008789
176,final,pp,-11.055045127868652
177,final,pp,-5.540984630584717
178,final,pp,-8.318859100341797
179,final,pp,-10.989300727844238
180,final,pp,-9.367987632751465
181,final,pp,-8.423077583312988
182,final,pp,-11.461524963378906
183,final,pp,-6.060093879699707
184,final,pp,-11.632173538208008
185,final,pp,-6.223285675048828
186,final,pp,-9.027918815612793
187,final,pp,-4.922695636749268
188,final,pp,-6.005777359008789
189,final,pp,-8.266921997070312
190,final,pp,-9.07304573059082
191,final,pp,-10.521933555603027
192,final,pp,-6.798285484313965
193,final,pp,-9.060544967651367
194,final,pp,-8.543168067932129
195,final,pp,-6.840205192565918
196,final,pp,-7.889926910400391
197,final,pp,-10.00931167602539
198,final,pp,-5.109036445617676
199,final,pp,-8.934385299682617
200,final,pp,-5.995421886444092
201,final,pp,-10.365572929382324
202,final,pp,-8.119181632995605
203,final,pp,-9.505685806274414
204,final,pp,-6.704056739807129
205,final,pp,-12.753096580505371
206,final,pp,-6.4833245277404785
207,final,pp,-10.111749649047852
208,final,pp,-4.916222095489502
209,final,pp,-5.342037200927734
210,final,pp,-8.125754356384277
211,final,pp,-7.130638122558594
212,final,pp,-9.982192039489746
213,final,pp,-9.694116592407227
214,final,pp,-10.533455848693848
215,final,pp,-6.247939109802246
216,final,pp,-10.770164489746094
217,final,pp,-5.0550456047058105
218,final,pp,-9.96778678894043
219,final,pp,-11.347323417663574
220,final,pp,-7.550917148590088
221,final,do,-7.914664268493652
222,final,do,-11.911115646362305
223,final,do,-9.491496086120605
224,final,do,-10.58610725402832
225,final,do,-6.859870910644531
226,final,do,-10.980783462524414
227,final,do,-8.602888107299805
228,final,do,-9.347296714782715
229,final,do,-13.956779479980469
230,final,do,-8.092435836791992
231,final,do,-11.073287010192871
232,final,do,-8.966513633728027
233,final,do,-10.452192306518555
234,final,do,-9.347296714782715
235,final,do,-10.964276313781738
236,final,do,-9.271764755249023
237,final,do,-12.173489570617676
238,final,do,-9.836031913757324
239,final,do,-11.124699592590332
240,final,do,-7.482065677642822
241,final,do,-10.452192306518555
242,final,do,-13.53739070892334
243,final,do,-9.308235168457031
244,final,do,-9.836031913757324
245,final,do,-14.024863243103027
246,final,do,-5.811852931976318
247,final,do,-8.140081405639648
248,final,do,-10.023247718811035
249,final,do,-9.715899467468262
250,final,do,-11.926994323730469
251,final,do,-13.296360969543457
252,final,do,-11.018159866333008
253,final,do,-9.14223575592041
254,final,do,-8.335204124450684
255,final,do,-12.168968200683594
256,final,do,-7.411323547363281
257,final,do,-11.298479080200195
258,final,do,-8.335204124450684
259,final,do,-5.732087135314941
260,final,do,-13.296360969543457
261,final,do,-11.926994323730469
262,final,do,-5.649477481842041
263,final,do,-9.411988258361816
264,final,pp,-7.947165489196777
265,final,pp,-12.05197525024414
266,final,pp,-8.617796897888184
267,final,pp,-10.807978630065918
268,final,pp,-7.065855503082275
269,final,pp,-10.469748497009277
270,final,pp,-8.972549438476562
271,final,pp,-8.387989044189453
272,final,pp,-13.011595726013184
273,final,pp,-7.539955139160156
274,final,pp,-11.232476234436035
275,final,pp,-8.355813980102539
276,final,pp,-10.356246948242188
277,final,pp,-8.387989044189453
278,final,pp,-12.010210990905762
279,final,pp,-9.464943885803223
280,final,pp,-12.677114486694336
281,final,pp,-10.127413749694824
282,final,pp,-10.293058395385742
283,final,pp,-6.966761112213135
284,final,do,-9.550847053527832
285,final,do,-9.451560974121094
286,final,do,-14.193943977355957
287,final,do,-11.081930160522461
288,final,do,-8.428265571594238
289,final,do,-10.631786346435547
290,final,do,-11.620660781860352
291,final,do,-11.464837074279785
292,final,do,-8.428265571594238
293,final,do,-9.54720401763916
294,final,do,-11.510518074035645
295,final,do,-12.199789047241211
296,final,do,-11.7484712600708
297,final,do,-7.840343952178955
298,final,do,-7.6942315101623535
299,final,do,-12.65484619140625
300,final,do,-10.999595642089844
301,final,do,-10.780391693115234
302,final,do,-13.593131065368652
303,final,do,-7.653611183166504
304,final,do,-10.972953796386719
305,final,do,-11.620660781860352
306,final,do,-9.73504638671875
307,final,do,-10.597867965698242
308,final,do,-11.081930160522461
309,final,do,-12.670886039733887
310,final,do,-5.462987899780273
311,final,do,-8.457074165344238
312,final,do,-11.081930160522461
313,final,do,-13.983583450317383
314,final,do,-11.839668273925781
315,final,do,-7.8476691246032715
316,final,do,-6.544151306152344
317,final,do,-9.188050270080566
318,final,do,-5.462987899780273
319,final,do,-10.780391693115234
320,final,do,-7.390110492706299
321,final,do,-12.272308349609375
322,final,do,-14.193942070007324
323,final,do,-7.802624225616455
324,final,do,-11.480508804321289
325,final,do,-11.653244972229004
326,final,do,-11.311729431152344
327,final,pp,-9.843214988708496
328,final,pp,-9.496724128723145
329,final,pp,-12.854715347290039
330,final,pp,-10.526870727539062
331,final,pp,-9.637228012084961
332,final,pp,-10.863142967224121
333,final,pp,-10.985837936401367
334,final,pp,-10.96627426147461
335,final,pp,-9.637228012084961
336,final,pp,-8.683191299438477
337,final,pp,-11.21863079071045
338,final,pp,-12.802068710327148
339,final,pp,-11.072486877441406
340,final,pp,-8.562108993530273
341,final,pp,-7.930124282836914
342,final,pp,-13.309002876281738
343,final,pp,-10.831049919128418
344,final,pp,-11.076123237609863
345,final,pp,-13.5867919921875
346,final,pp,-6.954795837402344
347,final,do,-12.355253219604492
348,final,do,-5.3284478187561035
349,final,do,-6.999814987182617
350,final,do,-10.773148536682129
351,final,do,-11.008736610412598
352,final,do,-9.625164985656738
353,final,do,-8.375649452209473
354,final,do,-7.128328323364258
355,final,do,-5.661129951477051
356,final,do,-11.5890474319458
357,final,do,-8.282815933227539
358,final,do,-6.393340110778809
359,final,do,-10.11244010925293
360,final,do,-12.33003044128418
361,final,do,-8.172661781311035
362,final,do,-12.391190528869629
363,final,do,-10.895769119262695
364,final,do,-6.340320110321045
365,final,do,-10.026106834411621
366,final,do,-5.55021333694458
367,final,do,-6.617586612701416
368,final,do,-6.976062774658203
369,final,do,-11.60690689086914
370,final,do,-9.914680480957031
371,final,do,-13.051980018615723
372,final,do,-8.250484466552734
373,final,do,-9.555046081542969
374,final,do,-6.864107131958008
375,final,do,-5.198712348937988
376,final,do,-8.851612091064453
377,final,do,-7.203141212463379
378,final,do,-10.230841636657715
379,final,do,-9.802047729492188
380,final,do,-10.407949447631836
381,final,do,-9.857604026794434
382,final,do,-12.304892539978027
383,final,do,-7.372722625732422
384,final,do,-13.051980018615723
385,final,do,-9.60466480255127
386,final,do,-9.55504322052002
387,final,do,-8.921609878540039
388,final,do,-11.215641021728516
389,final,do,-9.629997253417969
390,final,pp,-11.332682609558105
391,final,pp,-4.890264987945557
392,final,pp,-6.649050235748291
393,final,pp,-9.921341896057129
394,final,pp,-10.091093063354492
395,final,pp,-9.27235221862793
396,final,pp,-8.0125093460083
397,final,pp,-6.459044456481934
398,final,pp,-5.986817836761475
399,final,pp,-10.787649154663086
400,final,pp,-7.663581848144531
401,final,pp,-6.496268272399902
402,final,pp,-9.556178092956543
403,final,pp,-10.949834823608398
404,final,pp,-7.669644355773926
405,final,pp,-10.994765281677246
406,final,pp,-9.880273818969727
407,final,pp,-6.032443046569824
408,final,pp,-9.620977401733398
409,final,pp,-5.578977584838867
410,final,do,-9.208305358886719
411,final,do,-10.258214950561523
412,final,do,-12.610677719116211
413,final,do,-9.776359558105469
414,final,do,-7.781544208526611
415,final,do,-13.384846687316895
416,final,do,-11.810419082641602
417,final,do,-13.963105201721191
418,final,do,-6.487399101257324
419,final,do,-9.557811737060547
420,final,do,-11.63290023803711
421,final,do,-9.67099666595459
422,final,do,-8.192061424255371
423,final,do,-14.556541442871094
424,final,do,-13.326062202453613
425,final,do,-9.948974609375
426,final,do,-10.488138198852539
427,final,do,-9.091787338256836
428,final,do,-13.502495765686035
429,final,do,-9.903986930847168
430,final,do,-9.499058723449707
431,final,do,-11.276081085205078
432,final,do,-9.091787338256836
433,final,do,-10.83545970916748
434,final,do,-12.0545654296875
435,final,do,-12.768449783325195
436,final,do,-14.528801918029785
437,final,do,-14.852439880371094
438,final,do,-16.425260543823242
439,final,do,-10.574974060058594
440,final,do,-10.374839782714844
441,final,do,-9.38255500793457
442,final,do,-12.773882865905762
443,final,do,-10.32325553894043
444,final,do,-11.368795394897461
445,final,do,-15.717569351196289
446,final,do,-9.948974609375
447,final,do,-9.194503784179688
448,final,do,-12.04474925994873
449,final,do,-10.137650489807129
450,final,do,-15.426514625549316
451,final,do,-12.073501586914062
452,final,do,-9.503973007202148
453,final,pp,-8.701310157775879
454,final,pp,-9.099335670471191
455,final,pp,-12.39892578125
456,final,pp,-8.620460510253906
457,final,pp,-6.656806945800781
458,final,pp,-13.695413589477539
459,final,pp,-10.30019474029541
460,final,pp,-12.672514915466309
461,final,pp,-5.815059185028076
462,final,pp,-7.789766311645508
463,final,pp,-10.924491882324219
464,final,pp,-9.278377532958984
465,final,pp,-7.300900459289551
466,final,pp,-13.440869331359863
467,final,pp,-11.979801177978516
468,final,pp,-8.642333984375
469,final,pp,-10.21275806427002
470,final,pp,-9.164021492004395
471,final,pp,-13.611300468444824
472,final,pp,-7.345235347747803
473,final,pp,-7.393352031707764
474,final,pp,-10.828621864318848
475,final,pp,-8.989171981811523
476,final,pp,-7.46345329284668
477,final,pp,-5.1059370040893555
478,final,pp,-5.478362083435059
479,final,pp,-9.084734916687012
480,final,pp,-9.726034164428711
481,final,pp,-11.308692932128906
482,final,pp,-12.058330535888672
483,final,pp,-6.391613006591797
484,final,pp,-10.453455924987793
485,final,pp,-6.742201805114746
486,final,pp,-10.516901016235352
487,final,pp,-9.510689735412598
488,final,pp,-10.506940841674805
489,final,pp,-8.15888786315918
490,final,pp,-12.112547874450684
491,final,pp,-11.56291675567627
492,final,pp,-10.937006950378418
493,final,do,-13.018128395080566
494,final,do,-12.315592765808105
495,final,do,-14.600990295410156
496,final,do,-13.74189567565918
497,final,do,-9.290887832641602
498,final,do,-4.746270179748535
499,final,do,-6.146450042724609
500,final,do,-7.362774848937988
501,final,do,-12.611141204833984
502,final,do,-5.856227397918701
503,final,do,-6.212664604187012
504,final,do,-7.401210308074951
505,final,do,-14.556777954101562
506,final,do,-13.368071556091309
507,final,do,-15.425517082214355
508,final,do,-14.965047836303711
509,final,do,-9.975273132324219
510,final,do,-13.187146186828613
511,final,do,-9.388340950012207
512,final,do,-6.63861608505249
513,final,do,-12.383163452148438
514,final,do,-14.70811653137207
515,final,do,-7.490453243255615
516,final,do,-10.137110710144043
517,final,do,-13.229106903076172
518,final,do,-15.400564193725586
519,final,do,-10.049781799316406
520,final,do,-11.962016105651855
521,final,do,-7.189550876617432
522,final,do,-7.16908073425293
523,final,do,-11.455209732055664
524,final,do,-6.098875045776367
525,final,do,-15.052999496459961
526,final,do,-17.780656814575195
527,final,do,-10.976490020751953
528,final,do,-15.01245403289795
529,final,do,-15.01245403289795
530,final,do,-17.971750259399414
531,final,do,-14.641362190246582
532,final,do,-16.61461067199707
533,final,do,-15.398218154907227
534,final,do,-9.195079803466797
535,final,do,-13.256492614746094
536,final,pp,-12.18851089477539
537,final,pp,-11.822602272033691
538,final,pp,-12.973214149475098
539,final,pp,-12.192910194396973
540,final,pp,-8.883331298828125
541,final,pp,-4.302886962890625
542,final,pp,-5.766964435577393
543,final,pp,-6.779966831207275
544,final,pp,-11.581666946411133
545,final,pp,-5.613826274871826
546,final,pp,-5.807170391082764
547,final,pp,-7.435506343841553
548,final,pp,-12.777915954589844
549,final,pp,-12.302778244018555
550,final,pp,-13.727290153503418
551,final,pp,-13.648749351501465
552,final,pp,-8.766692161560059
553,final,pp,-11.830061912536621
554,final,pp,-8.642740249633789
555,final,pp,-7.37943696975708
556,final,do,-6.051612854003906
557,final,do,-15.7918062210083
558,final,do,-12.889638900756836
559,final,do,-15.115509033203125
560,final,do,-9.095903396606445
561,final,do,-9.416998863220215
562,final,do,-12.62669563293457
563,final,do,-16.474010467529297
564,final,do,-15.7918062210083
565,final,do,-8.487882614135742
566,final,do,-9.631098747253418
567,final,do,-12.010982513427734
568,final,do,-12.25925350189209
569,final,do,-12.363835334777832
570,final,do,-5.414698123931885
571,final,do,-8.114389419555664
572,final,do,-12.318360328674316
573,final,do,-5.9488396644592285
574,final,do,-5.9488396644592285
575,final,do,-13.973071098327637
576,final,do,-8.303268432617188
577,final,do,-14.81743049621582
578,final,do,-12.318360328674316
579,final,do,-11.56002140045166
580,final,do,-8.968094825744629
581,final,do,-12.25925350189209
582,final,do,-9.050729751586914
583,final,do,-5.509731292724609
584,final,do,-10.538369178771973
585,final,do,-8.456418991088867
586,final,do,-5.241552829742432
587,final,do,-6.744393825531006
588,final,do,-5.509731292724609
589,final,do,-10.686795234680176
590,final,do,-14.748751640319824
591,final,do,-11.719313621520996
592,final,do,-8.271566390991211
593,final,do,-11.719313621520996
594,final,do,-16.914697647094727
595,final,do,-12.889638900756836
596,final,do,-14.6179780960083
597,final,do,-12.25925350189209
598,final,do,-8.487882614135742
599,final,pp,-7.470180988311768
600,final,pp,-14.17007827758789
601,final,pp,-11.995529174804688
602,final,pp,-14.135310173034668
603,final,pp,-8.63565731048584
604,final,pp,-9.691917419433594
605,final,pp,-11.737701416015625
606,final,pp,-14.58288860321045
607,final,pp,-14.17007827758789
608,final,pp,-9.457098960876465
609,final,pp,-9.701685905456543
610,final,pp,-12.52592945098877
611,final,pp,-11.247809410095215
612,final,pp,-11.584726333618164
613,final,pp,-6.14174747467041
614,final,pp,-7.666019439697266
615,final,pp,-10.972320556640625
616,final,pp,-5.736870288848877
617,final,pp,-5.736870288848877
618,final,pp,-12.95736026763916
619,final,do,-12.899447441101074
620,final,do,-8.83807373046875
621,final,do,-13.071310043334961
622,final,do,-11.64594841003418
623,final,do,-10.992158889770508
624,final,do,-10.540556907653809
625,final,do,-13.497479438781738
626,final,do,-6.974282741546631
627,final,do,-15.55709171295166
628,final,do,-6.407750129699707
629,final,do,-7.987334251403809
630,final,do,-4.9035468101501465
631,final,do,-5.624458312988281
632,final,do,-11.65330982208252
633,final,do,-5.562802791595459
634,final,do,-8.674287796020508
635,final,do,-8.809174537658691
636,final,do,-9.878461837768555
637,final,do,-5.624458312988281
638,final,do,-7.60673189163208
639,final,do,-9.954000473022461
640,final,do,-10.849836349487305
641,final,do,-11.167694091796875
642,final,do,-15.017516136169434
643,final,do,-9.216227531433105
644,final,do,-9.141067504882812
645,final,do,-15.726158142089844
646,final,do,-6.78312349319458
647,final,do,-8.912707328796387
648,final,do,-13.56052303314209
649,final,do,-9.698182106018066
650,final,do,-14.690447807312012
651,final,do,-10.65492057800293
652,final,do,-9.986360549926758
653,final,do,-6.4633026123046875
654,final,do,-10.472455978393555
655,final,do,-11.781533241271973
656,final,do,-9.419618606567383
657,final,do,-11.240785598754883
658,final,do,-5.624457359313965
659,final,do,-14.44554615020752
660,final,do,-11.976675987243652
661,final,do,-6.127580642700195
662,final,pp,-11.390958786010742
663,final,pp,-7.8777899742126465
664,final,pp,-11.678938865661621
665,final,pp,-10.9541015625
666,final,pp,-10.190196990966797
667,final,pp,-10.094846725463867
668,final,pp,-12.804241180419922
669,final,pp,-7.714968204498291
670,final,pp,-12.798701286315918
671,final,pp,-7.011536598205566
672,final,pp,-8.162788391113281
673,final,pp,-4.594931125640869
674,final,pp,-6.335329532623291
675,final,pp,-11.014936447143555
676,final,pp,-5.708502292633057
677,final,pp,-9.238896369934082
678,final,pp,-8.076772689819336
679,final,pp,-8.249838829040527
680,final,pp,-6.335329532623291
681,final,pp,-8.113882064819336
682,final,do,-12.708944320678711
683,final,do,-17.265647888183594
684,final,do,-11.318840980529785
685,final,do,-7.858506202697754
686,final,do,-8.166571617126465
687,final,do,-11.493252754211426
688,final,do,-15.704376220703125
689,final,do,-18.714590072631836
690,final,do,-13.492719650268555
691,final,do,-16.104440689086914
692,final,do,-12.435888290405273
693,final,do,-17.326902389526367
694,final,do,-11.761401176452637
695,final,do,-16.210472106933594
696,final,do,-7.730534553527832
697,final,do,-6.388662815093994
698,final,do,-13.968741416931152
699,final,do,-6.890015125274658
700,final,do,-10.210129737854004
701,final,do,-13.832550048828125
702,final,do,-12.087273597717285
703,final,do,-12.712542533874512
704,final,do,-12.288033485412598
705,final,do,-14.522308349609375
706,final,do,-12.50504207611084
707,final,do,-15.652643203735352
708,final,do,-14.774253845214844
709,final,do,-6.8318705558776855
710,final,do,-19.295434951782227
711,final,do,-16.49186134338379
712,final,do,-11.777935981750488
713,final,do,-18.978466033935547
714,final,do,-9.093353271484375
715,final,do,-11.845071792602539
716,final,do,-9.739703178405762
717,final,do,-17.995594024658203
718,final,do,-15.847981452941895
719,final,do,-9.571296691894531
720,final,do,-14.76511001586914
721,final,do,-16.62851905822754
722,final,do,-14.207283020019531
723,final,do,-15.508930206298828
724,final,do,-11.723410606384277
725,final,pp,-11.539381980895996
726,final,pp,-14.192561149597168
727,final,pp,-10.085261344909668
728,final,pp,-5.897034168243408
729,final,pp,-8.117316246032715
730,final,pp,-10.543317794799805
731,final,pp,-14.107312202453613
732,final,pp,-16.610885620117188
733,final,pp,-12.347511291503906
734,final,pp,-13.275619506835938
735,final,pp,-11.361777305603027
736,final,pp,-15.821393013000488
737,final,pp,-11.512510299682617
738,final,pp,-14.88633918762207
739,final,pp,-8.070465087890625
740,final,pp,-7.512790203094482
741,final,pp,-12.58729362487793
742,final,pp,-5.541125297546387
743,final,pp,-9.098084449768066
744,final,pp,-12.902213096618652
745,final,pp,-6.271369457244873
746,final,pp,-7.502060890197754
747,final,pp,-12.106477737426758
748,final,pp,-8.255939483642578
749,final,pp,-11.210708618164062
750,final,pp,-11.088626861572266
751,final,pp,-12.529915809631348
752,final,pp,-6.240718841552734
753,final,pp,-10.708206176757812
754,final,pp,-9.18286418914795
755,final,pp,-6.970179557800293
756,final,pp,-11.189205169677734
757,final,pp,-12.590391159057617
758,final,pp,-8.617714881896973
759,final,pp,-6.134828090667725
760,final,pp,-12.123334884643555
761,final,pp,-7.358019828796387
762,final,pp,-13.682719230651855
763,final,pp,-10.753005027770996
764,final,pp,-10.654627799987793
765,final,pp,-10.40208625793457
766,final,pp,-11.823808670043945
767,final,pp,-6.536113262176514
768,final,pp,-11.827814102172852
769,final,pp,-5.936896324157715
770,final,pp,-6.397128105163574
771,final,pp,-8.60473346710205
772,final,pp,-10.760961532592773
773,final,pp,-9.114806175231934
774,final,pp,-11.511697769165039
775,final,pp,-11.964831352233887
776,final,pp,-4.9012651443481445
777,final,pp,-12.011388778686523
778,final,pp,-12.279263496398926
779,final,pp,-11.907686233520508
780,final,pp,-6.730748653411865
781,final,pp,-8.115544319152832
782,final,pp,-10.708189964294434
783,final,pp,-10.89353084564209
784,final,pp,-11.988447189331055
785,final,do,-10.64997673034668
786,final,do,-10.389187812805176
787,final,do,-9.327067375183105
788,final,do,-9.683311462402344
789,final,do,-10.788180351257324
790,final,do,-10.684991836547852
791,final,do,-9.475534439086914
792,final,do,-7.414571762084961
793,final,do,-5.91898775100708
794,final,do,-13.31050968170166
795,final,do,-11.114177703857422
796,final,do,-7.275562763214111
797,final,do,-4.897228240966797
798,final,do,-8.514729499816895
799,final,do,-7.449483871459961
800,final,do,-4.113656520843506
801,final,do,-9.344446182250977
802,final,do,-9.965295791625977
803,final,do,-7.737541675567627
804,final,do,-12.721196174621582
805,final,do,-8.936908721923828
806,final,do,-10.473581314086914
807,final,do,-7.178601264953613
808,final,do,-14.069355964660645
809,final,do,-5.035816669464111
810,final,do,-4.545049667358398
811,final,do,-11.060336112976074
812,final,do,-6.440824508666992
813,final,do,-7.434534072875977
814,final,do,-10.36025333404541
815,final,do,-6.827018737792969
816,final,do,-5.371241092681885
817,final,do,-9.701990127563477
818,final,do,-4.4625043869018555
819,final,do,-9.351020812988281
820,final,do,-4.113656520843506
821,final,do,-8.293496131896973
822,final,do,-11.57537841796875
823,final,do,-9.727442741394043
824,final,do,-9.842538833618164
825,final,do,-7.289381980895996
826,final,do,-8.670096397399902
827,final,do,-11.54004192352295
828,final,pp,-9.791129112243652
829,final,pp,-9.866923332214355
830,final,pp,-9.483095169067383
831,final,pp,-9.723227500915527
832,final,pp,-10.28140640258789
833,final,pp,-10.904107093811035
834,final,pp,-9.529587745666504
835,final,pp,-6.854743957519531
836,final,pp,-6.155323505401611
837,final,pp,-12.4586763381958
838,final,pp,-10.810138702392578
839,final,pp,-7.104704856872559
840,final,pp,-5.218478679656982
841,final,pp,-8.835225105285645
842,final,pp,-7.373600482940674
843,final,pp,-4.203611850738525
844,final,pp,-9.925827026367188
845,final,pp,-9.700840950012207
846,final,pp,-7.872517108917236
847,final,pp,-12.5426025390625
848,final,do,-7.026907920837402
849,final,do,-7.526924133300781
850,final,do,-11.710382461547852
851,final,do,-10.55593204498291
852,final,do,-8.38701343536377
853,final,do,-9.484932899475098
854,final,do,-10.935851097106934
855,final,do,-9.062201499938965
856,final,do,-6.411437034606934
857,final,do,-10.32318115234375
858,final,do,-5.796961307525635
859,final,do,-9.128623008728027
860,final,do,-9.24222469329834
861,final,do,-4.482932090759277
862,final,do,-9.478864669799805
863,final,do,-9.219273567199707
864,final,do,-9.518430709838867
865,final,do,-8.88048267364502
866,final,do,-9.235601425170898
867,final,do,-8.869487762451172
868,final,do,-12.121994018554688
869,final,do,-6.800662040710449
870,final,do,-8.23740291595459
871,final,do,-7.092934608459473
872,final,do,-7.482677936553955
873,final,do,-6.160647869110107
874,final,do,-6.411439895629883
875,final,do,-5.9621195793151855
876,final,do,-6.723435401916504
877,final,do,-8.187064170837402
878,final,do,-10.781623840332031
879,final,do,-9.630632400512695
880,final,do,-14.085809707641602
881,final,do,-11.172005653381348
882,final,do,-5.8786396980285645
883,final,do,-7.232734680175781
884,final,do,-7.026907920837402
885,final,do,-8.994645118713379
886,final,do,-6.545458793640137
887,final,do,-6.970893859863281
888,final,do,-6.549590110778809
889,final,do,-8.452292442321777
890,final,do,-7.334334373474121
891,final,pp,-6.9039530754089355
892,final,pp,-6.859293460845947
893,final,pp,-10.804579734802246
894,final,pp,-11.093332290649414
895,final,pp,-7.698224067687988
896,final,pp,-9.160382270812988
897,final,pp,-10.233078002929688
898,final,pp,-9.03749942779541
899,final,pp,-6.583368301391602
900,final,pp,-9.645045280456543
901,final,pp,-5.376020431518555
902,final,pp,-9.222664833068848
903,final,pp,-8.570084571838379
904,final,pp,-4.578323841094971
905,final,pp,-9.711324691772461
906,final,pp,-9.13857364654541
907,final,pp,-9.708029747009277
908,final,pp,-8.248967170715332
909,final,pp,-8.683122634887695
910,final,pp,-8.267693519592285
911,final,do,-10.895463943481445
912,final,do,-11.650273323059082
913,final,do,-11.438167572021484
914,final,do,-6.499236583709717
915,final,do,-6.824180603027344
916,final,do,-9.677865982055664
917,final,do,-10.319640159606934
918,final,do,-12.98775863647461
919,final,do,-8.831938743591309
920,final,do,-7.718567848205566
921,final,do,-7.071107864379883
922,final,do,-5.085726261138916
923,final,do,-12.344311714172363
924,final,do,-7.314584255218506
925,final,do,-6.836775302886963
926,final,do,-5.750309944152832
927,final,do,-9.74245834350586
928,final,do,-10.790436744689941
929,final,do,-9.172370910644531
930,final,do,-4.903319835662842
931,final,do,-7.00538444519043
932,final,do,-10.112545013427734
933,final,do,-6.533520698547363
934,final,do,-9.557924270629883
935,final,do,-8.232863426208496
936,final,do,-9.02609634399414
937,final,do,-7.80258846282959
938,final,do,-5.197917938232422
939,final,do,-10.806978225708008
940,final,do,-5.6342082023620605
941,final,do,-9.130290985107422
942,final,do,-7.709140300750732
943,final,do,-8.078993797302246
944,final,do,-9.258285522460938
945,final,do,-10.147906303405762
946,final,do,-8.491740226745605
947,final,do,-6.8322553634643555
948,final,do,-8.595195770263672
949,final,do,-7.718568801879883
950,final,do,-5.600520133972168
951,final,do,-10.884612083435059
952,final,do,-6.748037338256836
953,final,do,-12.693496704101562
954,final,pp,-10.290390968322754
955,final,pp,-10.051360130310059
956,final,pp,-10.570420265197754
957,final,pp,-5.763668060302734
958,final,pp,-6.7551422119140625
959,final,pp,-9.206503868103027
960,final,pp,-10.344840049743652
961,final,pp,-12.441995620727539
962,final,pp,-7.398617744445801
963,final,pp,-7.429853916168213
964,final,pp,-6.6678948402404785
965,final,pp,-5.45859956741333
966,final,pp,-11.69003677368164
967,final,pp,-6.820583820343018
968,final,pp,-7.136516094207764
969,final,pp,-5.679248809814453
970,final,pp,-9.673676490783691
971,final,pp,-10.371716499328613
972,final,pp,-8.942131996154785
973,final,pp,-4.8466386795043945
974,final,do,-10.30607795715332
975,final,do,-9.674775123596191
976,final,do,-15.731224060058594
977,final,do,-8.485044479370117
978,final,do,-6.161221027374268
979,final,do,-7.357832908630371
980,final,do,-10.847465515136719
981,final,do,-10.4331693649292
982,final,do,-9.459628105163574
983,final,do,-8.571399688720703
984,final,do,-10.225266456604004
985,final,do,-7.662245750427246
986,final,do,-8.959699630737305
987,final,do,-12.815696716308594
988,final,do,-7.758586406707764
989,final,do,-14.073549270629883
990,final,do,-14.305340766906738
991,final,do,-8.356142044067383
992,final,do,-11.018614768981934
993,final,do,-12.327644348144531
994,final,do,-7.3705878257751465
995,final,do,-8.892822265625
996,final,do,-12.93738842010498
997,final,do,-9.895895957946777
998,final,do,-8.59392261505127
999,final,do,-10.1722412109375
1000,final,do,-9.050097465515137
1001,final,do,-10.15359115600586
1002,final,do,-7.6214141845703125
1003,final,do,-12.327644348144531
1004,final,do,-7.392594814300537
1005,final,do,-8.348143577575684
1006,final,do,-12.290138244628906
1007,final,do,-11.111391067504883
1008,final,do,-11.111844062805176
1009,final,do,-7.0810227394104
1010,final,do,-8.3207368850708
1011,final,do,-13.753433227539062
1012,final,do,-12.38992691040039
1013,final,do,-9.514863967895508
1014,final,do,-12.38992691040039
1015,final,do,-10.4310884475708
1016,final,do,-8.4230318069458
1017,final,pp,-9.323060989379883
1018,final,pp,-9.23216438293457
1019,final,pp,-14.154626846313477
1020,final,pp,-7.50294303894043
1021,final,pp,-5.845410346984863
1022,final,pp,-6.778475761413574
1023,final,pp,-9.914306640625
1024,final,pp,-9.577378273010254
1025,final,pp,-8.33230209350586
1026,final,pp,-8.043130874633789
1027,final,pp,-10.572509765625
1028,final,pp,-7.336720943450928
1029,final,pp,-8.183110237121582
1030,final,pp,-11.515433311462402
1031,final,pp,-6.788542747497559
1032,final,pp,-13.13836669921875
1033,final,pp,-12.675434112548828
1034,final,pp,-6.38987922668457
1035,final,pp,-9.81376838684082
1036,final,pp,-10.329545974731445
1037,final,pp,-5.2719011306762695
1038,final,pp,-9.578822135925293
1039,final,pp,-8.951945304870605
1040,final,pp,-5.741424083709717
1041,final,pp,-6.496059894561768
1042,final,pp,-8.621308326721191
1043,final,pp,-12.028345108032227
1044,final,pp,-6.208683967590332
1045,final,pp,-9.763652801513672
1046,final,pp,-9.952960014343262
1047,final,pp,-11.52463436126709
1048,final,pp,-6.158522605895996
1049,final,pp,-6.291012287139893
1050,final,pp,-7.832643032073975
1051,final,pp,-8.181670188903809
1052,final,pp,-7.976219654083252
1053,final,pp,-10.14262580871582
1054,final,pp,-6.390223026275635
1055,final,pp,-4.321298599243164
1056,final,pp,-5.8084635734558105
1057,final,pp,-10.423370361328125
1058,final,pp,-10.160833358764648
1059,final,pp,-6.638103008270264
1060,final,pp,-9.13904094696045
1061,final,pp,-5.335716724395752
1062,final,pp,-7.04969596862793
1063,final,pp,-6.786697864532471
1064,final,pp,-6.523062705993652
1065,final,pp,-9.159628868103027
1066,final,pp,-9.473868370056152
1067,final,pp,-11.327293395996094
1068,final,pp,-5.964093208312988
1069,final,pp,-4.932916641235352
1070,final,pp,-8.528585433959961
1071,final,pp,-4.83823823928833
1072,final,pp,-7.292857646942139
1073,final,pp,-7.76668643951416
1074,final,pp,-10.098166465759277
1075,final,pp,-8.376070022583008
1076,final,pp,-7.995100021362305
1077,final,do,-8.478195190429688
1078,final,do,-8.86025333404541
1079,final,do,-7.771026611328125
1080,final,do,-14.235477447509766
1081,final,do,-8.733471870422363
1082,final,do,-12.647221565246582
1083,final,do,-14.202728271484375
1084,final,do,-10.245529174804688
1085,final,do,-11.012383460998535
1086,final,do,-6.818145751953125
1087,final,do,-11.387939453125
1088,final,do,-9.309600830078125
1089,final,do,-5.278507232666016
1090,final,do,-6.62120246887207
1091,final,do,-8.181868553161621
1092,final,do,-9.91014289855957
1093,final,do,-7.1051554679870605
1094,final,do,-11.19105052947998
1095,final,do,-5.005677700042725
1096,final,do,-5.33390998840332
1097,final,do,-12.26042652130127
1098,final,do,-7.2153639793396
1099,final,do,-7.403929233551025
1100,final,do,-7.648750305175781
1101,final,do,-5.879771709442139
1102,final,do,-11.81454086303711
1103,final,do,-5.458673000335693
1104,final,do,-9.155001640319824
1105,final,do,-7.813202381134033
1106,final,do,-9.253361701965332
1107,final,do,-7.2153639793396
1108,final,do,-14.723587989807129
1109,final,do,-4.949305534362793
1110,final,do,-8.722651481628418
1111,final,do,-11.323153495788574
1112,final,do,-6.929696559906006
1113,final,do,-6.884545803070068
1114,final,do,-12.842399597167969
1115,final,do,-5.422631740570068
1116,final,do,-14.101432800292969
1117,final,do,-8.036730766296387
1118,final,do,-13.39051342010498
1119,final,do,-10.652173042297363
1120,final,pp,-7.433013439178467
1121,final,pp,-10.01685905456543
1122,final,pp,-7.917884349822998
1123,final,pp,-12.915632247924805
1124,final,pp,-9.290197372436523
1125,final,pp,-12.564818382263184
1126,final,pp,-12.690123558044434
1127,final,pp,-10.526769638061523
1128,final,pp,-10.760027885437012
1129,final,pp,-6.120808124542236
1130,final,pp,-10.520875930786133
1131,final,pp,-9.00288200378418
1132,final,pp,-4.737255096435547
1133,final,pp,-6.929633140563965
1134,final,pp,-8.295572280883789
1135,final,pp,-8.925999641418457
1136,final,pp,-7.674106121063232
1137,final,pp,-10.882036209106445
1138,final,pp,-4.797800540924072
1139,final,pp,-5.442023277282715
1140,final,do,-11.30871868133545
1141,final,do,-9.507153511047363
1142,final,do,-4.67747688293457
1143,final,do,-5.232992172241211
1144,final,do,-12.035091400146484
1145,final,do,-8.854280471801758
1146,final,do,-11.30871868133545
1147,final,do,-12.37459945678711
1148,final,do,-6.73815393447876
1149,final,do,-6.946225166320801
1150,final,do,-9.74880313873291
1151,final,do,-14.793438911437988
1152,final,do,-7.886996746063232
1153,final,do,-8.380707740783691
1154,final,do,-10.749115943908691
1155,final,do,-8.771269798278809
1156,final,do,-7.055866241455078
1157,final,do,-5.02530574798584
1158,final,do,-12.942923545837402
1159,final,do,-5.043943881988525
1160,final,do,-11.685633659362793
1161,final,do,-8.665877342224121
1162,final,do,-11.23995304107666
1163,final,do,-10.817800521850586
1164,final,do,-9.507153511047363
1165,final,do,-12.663382530212402
1166,final,do,-11.390811920166016
1167,final,do,-6.848427772521973
1168,final,do,-11.255082130432129
1169,final,do,-6.996457576751709
1170,final,do,-11.588637351989746
1171,final,do,-8.949973106384277
1172,final,do,-7.055866241455078
1173,final,do,-7.020666599273682
1174,final,do,-12.782750129699707
1175,final,do,-12.782750129699707
1176,final,do,-11.067036628723145
1177,final,do,-10.319089889526367
1178,final,do,-8.390868186950684
1179,final,do,-8.771269798278809
1180,final,do,-11.23995304107666
1181,final,do,-13.848751068115234
1182,final,do,-6.848427772521973
1183,final,pp,-12.4949951171875
1184,final,pp,-9.185696601867676
1185,final,pp,-4.107645511627197
1186,final,pp,-5.564559459686279
1187,final,pp,-11.643410682678223
1188,final,pp,-8.528656005859375
1189,final,pp,-12.4949951171875
1190,final,pp,-12.7001314163208
1191,final,pp,-6.876925945281982
1192,final,pp,-6.79548454284668
1193,final,pp,-9.9616117477417
1194,final,pp,-13.7798433303833
1195,final,pp,-8.96509838104248
1196,final,pp,-9.766318321228027
1197,final,pp,-10.461400985717773
1198,final,pp,-8.771100044250488
1199,final,pp,-6.540532112121582
1200,final,pp,-4.749625205993652
1201,final,pp,-13.750749588012695
1202,final,pp,-5.604924201965332
1203,final,do,-12.614287376403809
1204,final,do,-12.615859985351562
1205,final,do,-13.055673599243164
1206,final,do,-10.682668685913086
1207,final,do,-11.661432266235352
1208,final,do,-9.926626205444336
1209,final,do,-8.553232192993164
1210,final,do,-6.4296650886535645
1211,final,do,-10.971603393554688
1212,final,do,-10.322993278503418
1213,final,do,-7.832910537719727
1214,final,do,-11.179403305053711
1215,final,do,-11.09402084350586
1216,final,do,-12.821221351623535
1217,final,do,-7.966475486755371
1218,final,do,-8.968448638916016
1219,final,do,-8.078784942626953
1220,final,do,-10.731661796569824
1221,final,do,-5.603043556213379
1222,final,do,-4.625158309936523
1223,final,do,-5.832247734069824
1224,final,do,-10.309807777404785
1225,final,do,-13.377341270446777
1226,final,do,-11.473586082458496
1227,final,do,-8.708568572998047
1228,final,do,-7.851350784301758
1229,final,do,-10.287837982177734
1230,final,do,-9.641477584838867
1231,final,do,-13.083864212036133
1232,final,do,-5.719596862792969
1233,final,do,-9.608197212219238
1234,final,do,-12.359930038452148
1235,final,do,-9.711511611938477
1236,final,do,-9.123208999633789
1237,final,do,-8.318737983703613
1238,final,do,-10.449203491210938
1239,final,do,-11.639643669128418
1240,final,do,-9.247736930847168
1241,final,do,-9.474035263061523
1242,final,do,-4.7882466316223145
1243,final,do,-9.279043197631836
1244,final,do,-6.176650047302246
1245,final,do,-10.132657051086426
1246,final,pp,-12.058650970458984
1247,final,pp,-10.415255546569824
1248,final,pp,-11.264363288879395
1249,final,pp,-9.673925399780273
1250,final,pp,-10.63199520111084
1251,final,pp,-9.157637596130371
1252,final,pp,-7.86580228805542
1253,final,pp,-6.519780158996582
1254,final,pp,-9.969889640808105
1255,final,pp,-9.665877342224121
1256,final,pp,-7.394887447357178
1257,final,pp,-10.803184509277344
1258,final,pp,-10.420787811279297
1259,final,pp,-11.278326034545898
1260,final,pp,-7.05872106552124
1261,final,pp,-8.431296348571777
1262,final,pp,-7.478734970092773
1263,final,pp,-9.54001235961914
1264,final,pp,-5.590595722198486
1265,final,pp,-4.826674938201904
1266,final,do,-12.669957160949707
1267,final,do,-10.244443893432617
1268,final,do,-14.335156440734863
1269,final,do,-11.063949584960938
1270,final,do,-11.49901008605957
1271,final,do,-8.190946578979492
1272,final,do,-15.755970001220703
1273,final,do,-16.183622360229492
1274,final,do,-11.6978178024292
1275,final,do,-14.995083808898926
1276,final,do,-11.740653038024902
1277,final,do,-9.87196159362793
1278,final,do,-11.834514617919922
1279,final,do,-6.065894603729248
1280,final,do,-8.361966133117676
1281,final,do,-15.2589693069458
1282,final,do,-10.719256401062012
1283,final,do,-8.745399475097656
1284,final,do,-9.281240463256836
1285,final,do,-15.898090362548828
1286,final,do,-10.442267417907715
1287,final,do,-13.161105155944824
1288,final,do,-8.85578441619873
1289,final,do,-9.096403121948242
1290,final,do,-11.470047950744629
1291,final,do,-10.403115272521973
1292,final,do,-13.345359802246094
1293,final,do,-14.054673194885254
1294,final,do,-7.3033318519592285
1295,final,do,-8.870506286621094
1296,final,do,-13.134305000305176
1297,final,do,-13.387225151062012
1298,final,do,-13.724287986755371
1299,final,do,-3.8223838806152344
1300,final,do,-6.518290042877197
1301,final,do,-10.298999786376953
1302,final,do,-12.714077949523926
1303,final,do,-12.217734336853027
1304,final,do,-9.848034858703613
1305,final,do,-6.1719889640808105
1306,final,do,-15.590790748596191
1307,final,do,-11.321285247802734
1308,final,do,-15.082080841064453
1309,final,pp,-10.856029510498047
1310,final,pp,-9.480165481567383
1311,final,pp,-12.277749061584473
1312,final,pp,-9.768078804016113
1313,final,pp,-10.431039810180664
1314,final,pp,-8.536747932434082
1315,final,pp,-14.758387565612793
1316,final,pp,-14.794238090515137
1317,final,pp,-10.531742095947266
1318,final,pp,-14.436482429504395
1319,final,pp,-10.32301139831543
1320,final,pp,-9.258227348327637
1321,final,pp,-10.661086082458496
1322,final,pp,-4.968807697296143
1323,final,pp,-8.826803207397461
1324,final,pp,-13.4581937789917
1325,final,pp,-9.386579513549805
1326,final,pp,-9.405214309692383
1327,final,pp,-7.370412826538086
1328,final,pp,-13.612882614135742
1329,final,pp,-9.373285293579102
1330,final,pp,-7.5501556396484375
1331,final,pp,-8.851746559143066
1332,final,pp,-12.346213340759277
1333,final,pp,-6.628176212310791
1334,final,pp,-7.628863334655762
1335,final,pp,-9.195188522338867
1336,final,pp,-8.693499565124512
1337,final,pp,-9.699441909790039
1338,final,pp,-11.650566101074219
1339,final,pp,-5.773005962371826
1340,final,pp,-11.34205150604248
1341,final,pp,-6.714196681976318
1342,final,pp,-8.416399955749512
1343,final,pp,-10.193815231323242
1344,final,pp,-4.921403884887695
1345,final,pp,-10.3580322265625
1346,final,pp,-7.366020679473877
1347,final,pp,-7.684622764587402
1348,final,pp,-5.099630355834961
1349,final,pp,-8.508074760437012
1350,final,pp,-5.953357696533203
1351,final,pp,-11.12156867980957
1352,final,pp,-7.192399024963379
1353,final,pp,-9.358649253845215
1354,final,pp,-7.99838924407959
1355,final,pp,-10.093667030334473
1356,final,pp,-4.545478343963623
1357,final,pp,-6.368000507354736
1358,final,pp,-9.644588470458984
1359,final,pp,-10.826217651367188
1360,final,pp,-4.607489109039307
1361,final,pp,-9.264050483703613
1362,final,pp,-12.321205139160156
1363,final,pp,-8.077093124389648
1364,final,pp,-11.38961410522461
1365,final,pp,-7.43256139755249
1366,final,pp,-9.39335823059082
1367,final,pp,-10.272546768188477
1368,final,pp,-12.172740936279297
1,best,pp,-7.973935604095459
2,best,pp,-5.375810623168945
3,best,pp,-8.061223983764648
4,best,pp,-10.329134941101074
5,best,pp,-7.715127944946289
6,best,pp,-10.164473533630371
7,best,pp,-10.103642463684082
8,best,pp,-10.535998344421387
9,best,pp,-5.9346699714660645
10,best,pp,-7.1886515617370605
11,best,pp,-7.737107276916504
12,best,pp,-6.2379150390625
13,best,pp,-5.239730358123779
14,best,pp,-6.670909881591797
15,best,pp,-6.70103120803833
16,best,pp,-10.535998344421387
17,best,pp,-7.428197860717773
18,best,pp,-10.137364387512207
19,best,pp,-5.840154647827148
20,best,pp,-5.655137538909912
21,best,pp,-7.938614368438721
22,best,pp,-7.745402812957764
23,best,pp,-7.304732799530029
24,best,pp,-7.921220779418945
25,best,pp,-10.16471004486084
26,best,pp,-6.753082275390625
27,best,pp,-6.6537017822265625
28,best,pp,-6.686162948608398
29,best,pp,-8.827132225036621
30,best,pp,-5.359202861785889
31,best,pp,-10.323040962219238
32,best,pp,-7.921220779418945
33,best,pp,-6.712338924407959
34,best,pp,-9.264189720153809
35,best,pp,-6.35471773147583
36,best,pp,-6.578531265258789
37,best,pp,-8.827131271362305
38,best,pp,-5.544969081878662
39,best,pp,-5.928120136260986
40,best,pp,-9.015618324279785
41,best,pp,-6.098297119140625
42,best,pp,-5.493711471557617
43,best,pp,-5.417936325073242
44,best,pp,-5.3500871658325195
45,best,pp,-6.361372947692871
46,best,pp,-8.772278785705566
47,best,pp,-7.020270347595215
48,best,pp,-6.275435447692871
49,best,pp,-5.769454002380371
50,best,pp,-7.337159156799316
51,best,pp,-7.747960090637207
52,best,pp,-6.7522406578063965
53,best,pp,-7.314759254455566
54,best,pp,-5.922757148742676
55,best,pp,-6.231497764587402
56,best,pp,-8.748763084411621
57,best,pp,-6.526678562164307
58,best,pp,-6.637474536895752
59,best,pp,-5.989759922027588
60,best,pp,-7.755208492279053
61,best,pp,-5.745481014251709
62,best,pp,-8.317204475402832
63,best,pp,-7.073098659515381
64,best,pp,-5.5472283363342285
65,best,pp,-8.82682991027832
66,best,pp,-10.139776229858398
67,best,pp,-7.027822017669678
68,best,pp,-9.931065559387207
69,best,pp,-7.018321514129639
70,best,pp,-7.609355926513672
71,best,pp,-6.065150737762451
72,best,pp,-7.009136199951172
73,best,pp,-5.659709930419922
74,best,pp,-8.326431274414062
75,best,pp,-7.202913761138916
76,best,pp,-7.098817348480225
77,best,pp,-8.104864120483398
78,best,pp,-5.476657390594482
79,best,pp,-7.2402825355529785
80,best,pp,-10.158507347106934
81,best,pp,-10.160999298095703
82,best,pp,-6.329075813293457
83,best,pp,-7.7864227294921875
84,best,pp,-6.88604211807251
85,best,pp,-6.329075813293457
86,best,pp,-6.573273658752441
87,best,pp,-6.911390781402588
88,best,pp,-5.523024559020996
89,best,pp,-7.705588340759277
90,best,pp,-6.6317315101623535
91,best,pp,-5.282116413116455
92,best,pp,-7.5103254318237305
93,best,pp,-8.257004737854004
94,best,pp,-5.915494441986084
95,best,pp,-6.648182392120361
96,best,pp,-5.889342308044434
97,best,pp,-8.884916305541992
98,best,pp,-8.388829231262207
99,best,pp,-5.664499759674072
100,best,pp,-6.2168779373168945
101,best,pp,-7.015806198120117
102,best,pp,-7.863509654998779
103,best,pp,-8.82688045501709
104,best,pp,-5.907370090484619
105,best,pp,-5.379520893096924
106,best,pp,-7.070128440856934
107,best,pp,-5.076733112335205
108,best,pp,-6.144400119781494
109,best,pp,-6.784376621246338
110,best,pp,-6.611691474914551
111,best,pp,-6.314791202545166
112,best,pp,-8.94520092010498
113,best,pp,-6.251359462738037
114,best,pp,-7.406665325164795
115,best,pp,-9.193778991699219
116,best,pp,-8.786552429199219
117,best,pp,-9.449918746948242
118,best,pp,-7.645559310913086
119,best,pp,-7.227207660675049
120,best,pp,-6.41637659072876
121,best,pp,-10.107093811035156
122,best,pp,-5.018608093261719
123,best,pp,-7.589756011962891
124,best,pp,-8.698451042175293
125,best,pp,-9.662341117858887
126,best,pp,-6.062169551849365
127,best,pp,-5.578788757324219
128,best,pp,-9.015698432922363
129,best,pp,-6.297618865966797
130,best,pp,-5.108927249908447
131,best,pp,-6.297618865966797
132,best,pp,-5.018608570098877
133,best,pp,-9.972411155700684
134,best,pp,-7.886907577514648
135,best,pp,-5.018608570098877
136,best,pp,-6.062169551849365
137,best,pp,-7.483211040496826
138,best,pp,-6.5674943923950195
139,best,pp,-5.609506130218506
140,best,pp,-4.885044574737549
141,best,pp,-8.032986640930176
142,best,pp,-5.85777473449707
143,best,pp,-6.383066654205322
144,best,pp,-9.027287483215332
145,best,pp,-6.258492946624756
146,best,pp,-8.774693489074707
147,best,pp,-7.213894367218018
148,best,pp,-8.278545379638672
149,best,pp,-5.314711570739746
150,best,pp,-6.035229682922363
151,best,pp,-7.022874355316162
152,best,pp,-6.048141956329346
153,best,pp,-6.904524326324463
154,best,pp,-6.353427410125732
155,best,pp,-8.265291213989258
156,best,pp,-7.133278846740723
157,best,pp,-7.426332950592041
158,best,pp,-6.508312225341797
159,best,pp,-5.615757942199707
160,best,pp,-7.871889591217041
161,best,pp,-8.997246742248535
162,best,pp,-7.427933692932129
163,best,pp,-8.650708198547363
164,best,pp,-7.182551860809326
165,best,pp,-6.789799213409424
166,best,pp,-5.83482027053833
167,best,pp,-8.656956672668457
168,best,pp,-7.787620544433594
169,best,pp,-5.179250240325928
170,best,pp,-7.496801853179932
171,best,pp,-8.650708198547363
172,best,pp,-8.234872817993164
173,best,pp,-7.105138778686523
174,best,pp,-9.931034088134766
175,best,pp,-5.424545764923096
176,best,pp,-6.789799213409424
177,best,pp,-6.294806957244873
178,best,pp,-9.212996482849121
179,best,pp,-5.965455055236816
180,best,pp,-7.507511138916016
181,best,pp,-6.008738994598389
182,best,pp,-8.875539779663086
183,best,pp,-5.263626575469971
184,best,pp,-7.232734680175781
185,best,pp,-6.671478271484375
186,best,pp,-6.318665981292725
187,best,pp,-5.988178730010986
188,best,pp,-5.626550197601318
189,best,pp,-8.01024055480957
190,best,pp,-6.770051002502441
191,best,pp,-7.555612087249756
192,best,pp,-5.898684501647949
193,best,pp,-7.0353899002075195
194,best,pp,-6.418724536895752
195,best,pp,-6.373480796813965
196,best,pp,-5.085145473480225
197,best,pp,-7.474853515625
198,best,pp,-5.3509979248046875
199,best,pp,-6.876308441162109
200,best,pp,-5.474849700927734
201,best,pp,-7.108218193054199
202,best,pp,-5.463625907897949
203,best,pp,-9.647306442260742
204,best,pp,-6.873355388641357
205,best,pp,-8.467416763305664
206,best,pp,-5.64061975479126
207,best,pp,-6.6100754737854
208,best,pp,-6.457154273986816
209,best,pp,-5.0236005783081055
210,best,pp,-5.437500476837158
211,best,pp,-6.5178117752075195
212,best,pp,-7.271763324737549
213,best,pp,-9.221190452575684
214,best,pp,-8.110601425170898
215,best,pp,-5.357291221618652
216,best,pp,-5.611504554748535
217,best,pp,-5.047595977783203
218,best,pp,-7.198497295379639
219,best,pp,-8.752249717712402
220,best,pp,-5.6570611000061035
221,best,do,-8.332267761230469
222,best,do,-8.764998435974121
223,best,do,-6.039747714996338
224,best,do,-9.783256530761719
225,best,do,-5.872948169708252
226,best,do,-7.118399143218994
227,best,do,-8.351157188415527
228,best,do,-7.723653316497803
229,best,do,-9.355203628540039
230,best,do,-7.376791477203369
231,best,do,-9.908773422241211
232,best,do,-7.2101335525512695
233,best,do,-10.06371021270752
234,best,do,-7.723653316497803
235,best,do,-9.59667682647705
236,best,do,-6.28477144241333
237,best,do,-8.327581405639648
238,best,do,-6.75973653793335
239,best,do,-7.352632999420166
240,best,do,-6.253125190734863
241,best,do,-10.06371021270752
242,best,do,-8.24455451965332
243,best,do,-7.537841320037842
244,best,do,-6.75973653793335
245,best,do,-9.453898429870605
246,best,do,-7.104215621948242
247,best,do,-7.365939617156982
248,best,do,-6.6782732009887695
249,best,do,-6.329965114593506
250,best,do,-10.001243591308594
251,best,do,-9.613907814025879
252,best,do,-8.354480743408203
253,best,do,-7.530028343200684
254,best,do,-7.407589435577393
255,best,do,-8.845844268798828
256,best,do,-5.933694362640381
257,best,do,-8.658598899841309
258,best,do,-7.407589435577393
259,best,do,-6.973467826843262
260,best,do,-9.613907814025879
261,best,do,-10.001243591308594
262,best,do,-6.775216102600098
263,best,do,-6.494515895843506
264,best,pp,-7.448977470397949
265,best,pp,-8.041109085083008
266,best,pp,-5.493417739868164
267,best,pp,-9.228569984436035
268,best,pp,-6.025807857513428
269,best,pp,-6.519492149353027
270,best,pp,-7.911226272583008
271,best,pp,-7.150513172149658
272,best,pp,-8.742852210998535
273,best,pp,-6.694901466369629
274,best,pp,-9.028154373168945
275,best,pp,-6.701047897338867
276,best,pp,-9.078158378601074
277,best,pp,-7.150513172149658
278,best,pp,-8.945005416870117
279,best,pp,-5.807991981506348
280,best,pp,-7.633905410766602
281,best,pp,-6.45238733291626
282,best,pp,-6.432378768920898
283,best,pp,-6.04188871383667
284,best,do,-6.651813983917236
285,best,do,-6.890500068664551
286,best,do,-9.625564575195312
287,best,do,-7.390106678009033
288,best,do,-7.384555339813232
289,best,do,-9.85347843170166
290,best,do,-8.266702651977539
291,best,do,-7.742913722991943
292,best,do,-7.384555339813232
293,best,do,-6.121536731719971
294,best,do,-8.016064643859863
295,best,do,-8.187026977539062
296,best,do,-8.32302474975586
297,best,do,-8.128294944763184
298,best,do,-7.131363868713379
299,best,do,-9.407275199890137
300,best,do,-7.282688140869141
301,best,do,-10.310850143432617
302,best,do,-9.800583839416504
303,best,do,-6.545483589172363
304,best,do,-10.280527114868164
305,best,do,-8.266702651977539
306,best,do,-6.4389519691467285
307,best,do,-10.086075782775879
308,best,do,-7.390106678009033
309,best,do,-7.476787567138672
310,best,do,-6.707612037658691
311,best,do,-8.338391304016113
312,best,do,-7.390106678009033
313,best,do,-9.399580955505371
314,best,do,-8.40418529510498
315,best,do,-7.25165319442749
316,best,do,-6.005187511444092
317,best,do,-7.639871120452881
318,best,do,-6.707612037658691
319,best,do,-10.310850143432617
320,best,do,-6.304534912109375
321,best,do,-8.86968994140625
322,best,do,-9.625564575195312
323,best,do,-8.259493827819824
324,best,do,-8.74135684967041
325,best,do,-9.077052116394043
326,best,do,-8.671942710876465
327,best,pp,-6.216704368591309
328,best,pp,-6.558806896209717
329,best,pp,-8.877830505371094
330,best,pp,-6.459676265716553
331,best,pp,-7.096869468688965
332,best,pp,-9.232877731323242
333,best,pp,-7.422080039978027
334,best,pp,-7.096953868865967
335,best,pp,-7.096869468688965
336,best,pp,-5.495598793029785
337,best,pp,-7.465852737426758
338,best,pp,-7.319525718688965
339,best,pp,-7.373473644256592
340,best,pp,-7.561484336853027
341,best,pp,-6.444622039794922
342,best,pp,-8.832996368408203
343,best,pp,-6.712806701660156
344,best,pp,-9.478473663330078
345,best,pp,-8.850395202636719
346,best,pp,-6.011497974395752
347,best,do,-8.616847038269043
348,best,do,-6.318836688995361
349,best,do,-5.971766948699951
350,best,do,-7.476851463317871
351,best,do,-9.123425483703613
352,best,do,-6.140830039978027
353,best,do,-7.722746849060059
354,best,do,-6.052112102508545
355,best,do,-6.033923149108887
356,best,do,-8.413758277893066
357,best,do,-6.942227840423584
358,best,do,-5.5402092933654785
359,best,do,-7.748414516448975
360,best,do,-8.081878662109375
361,best,do,-7.063996315002441
362,best,do,-7.168561935424805
363,best,do,-8.967422485351562
364,best,do,-6.669553756713867
365,best,do,-6.40883207321167
366,best,do,-6.887884616851807
367,best,do,-5.900707244873047
368,best,do,-6.177935600280762
369,best,do,-8.337576866149902
370,best,do,-6.160104751586914
371,best,do,-9.016875267028809
372,best,do,-7.1436920166015625
373,best,do,-6.99277400970459
374,best,do,-5.983315467834473
375,best,do,-6.178606033325195
376,best,do,-7.577626705169678
377,best,do,-6.29272985458374
378,best,do,-7.108293533325195
379,best,do,-7.4889068603515625
380,best,do,-6.927489280700684
381,best,do,-7.8935441970825195
382,best,do,-7.840781211853027
383,best,do,-6.3920440673828125
384,best,do,-9.016875267028809
385,best,do,-6.269217491149902
386,best,do,-6.992773056030273
387,best,do,-7.641598224639893
388,best,do,-9.38249397277832
389,best,do,-7.405438423156738
390,best,pp,-8.041300773620605
391,best,pp,-5.855881214141846
392,best,pp,-5.933967113494873
393,best,pp,-7.041876792907715
394,best,pp,-8.270004272460938
395,best,pp,-6.233089447021484
396,best,pp,-7.585363864898682
397,best,pp,-5.829321384429932
398,best,pp,-6.1358747482299805
399,best,pp,-7.513394832611084
400,best,pp,-6.934473991394043
401,best,pp,-5.830493927001953
402,best,pp,-7.405803203582764
403,best,pp,-8.089719772338867
404,best,pp,-6.47781229019165
405,best,pp,-6.429944038391113
406,best,pp,-8.733312606811523
407,best,pp,-6.192336559295654
408,best,pp,-6.340967655181885
409,best,pp,-6.402444362640381
410,best,do,-8.287280082702637
411,best,do,-6.651930332183838
412,best,do,-9.356974601745605
413,best,do,-7.496279239654541
414,best,do,-8.10407543182373
415,best,do,-7.834847450256348
416,best,do,-8.153430938720703
417,best,do,-9.945883750915527
418,best,do,-7.568449020385742
419,best,do,-7.888574600219727
420,best,do,-8.883159637451172
421,best,do,-7.684074878692627
422,best,do,-7.148227214813232
423,best,do,-10.559416770935059
424,best,do,-8.953810691833496
425,best,do,-7.652901649475098
426,best,do,-7.630616664886475
427,best,do,-8.139467239379883
428,best,do,-8.09330940246582
429,best,do,-7.973618507385254
430,best,do,-8.05083179473877
431,best,do,-8.394980430603027
432,best,do,-8.139467239379883
433,best,do,-7.218822956085205
434,best,do,-8.689887046813965
435,best,do,-7.450340747833252
436,best,do,-9.833680152893066
437,best,do,-11.236014366149902
438,best,do,-8.123465538024902
439,best,do,-8.878259658813477
440,best,do,-9.889153480529785
441,best,do,-9.121633529663086
442,best,do,-9.553718566894531
443,best,do,-6.9672417640686035
444,best,do,-11.094583511352539
445,best,do,-9.423704147338867
446,best,do,-7.652901649475098
447,best,do,-8.76653003692627
448,best,do,-8.963229179382324
449,best,do,-7.492603778839111
450,best,do,-10.116476058959961
451,best,do,-8.74588680267334
452,best,do,-9.323590278625488
453,best,pp,-7.466564178466797
454,best,pp,-5.901752948760986
455,best,pp,-8.722904205322266
456,best,pp,-7.4196319580078125
457,best,pp,-7.010747909545898
458,best,pp,-7.823771953582764
459,best,pp,-6.83492374420166
460,best,pp,-9.023195266723633
461,best,pp,-6.696736812591553
462,best,pp,-6.800694465637207
463,best,pp,-8.490740776062012
464,best,pp,-7.767177104949951
465,best,pp,-6.685232639312744
466,best,pp,-9.40380859375
467,best,pp,-7.365135192871094
468,best,pp,-7.210319995880127
469,best,pp,-7.041668891906738
470,best,pp,-7.783188343048096
471,best,pp,-7.845439434051514
472,best,pp,-6.9097418785095215
473,best,pp,-6.613796234130859
474,best,pp,-7.449974060058594
475,best,pp,-7.747281551361084
476,best,pp,-6.528238773345947
477,best,pp,-6.262587070465088
478,best,pp,-5.913818359375
479,best,pp,-5.950596809387207
480,best,pp,-7.519325256347656
481,best,pp,-8.528356552124023
482,best,pp,-8.840889930725098
483,best,pp,-5.559083461761475
484,best,pp,-9.437583923339844
485,best,pp,-6.212461471557617
486,best,pp,-8.915115356445312
487,best,pp,-7.6511969566345215
488,best,pp,-7.458319664001465
489,best,pp,-5.181248188018799
490,best,pp,-8.483601570129395
491,best,pp,-6.619760990142822
492,best,pp,-7.401300430297852
493,best,do,-9.641313552856445
494,best,do,-8.907876014709473
495,best,do,-10.958383560180664
496,best,do,-9.381851196289062
497,best,do,-8.803695678710938
498,best,do,-6.453431606292725
499,best,do,-6.835009574890137
500,best,do,-6.997045993804932
501,best,do,-7.269459247589111
502,best,do,-7.66251277923584
503,best,do,-6.923257350921631
504,best,do,-5.6000657081604
505,best,do,-10.620599746704102
506,best,do,-9.414105415344238
507,best,do,-11.847003936767578
508,best,do,-10.911688804626465
509,best,do,-7.741414546966553
510,best,do,-9.676627159118652
511,best,do,-5.8487420082092285
512,best,do,-7.102041721343994
513,best,do,-8.80815601348877
514,best,do,-10.526461601257324
515,best,do,-5.857972621917725
516,best,do,-9.929984092712402
517,best,do,-9.55478572845459
518,best,do,-11.873933792114258
519,best,do,-7.949210166931152
520,best,do,-7.321197509765625
521,best,do,-6.837719917297363
522,best,do,-8.011645317077637
523,best,do,-8.55998706817627
524,best,do,-5.608736038208008
525,best,do,-11.292895317077637
526,best,do,-11.611393928527832
527,best,do,-5.9373016357421875
528,best,do,-11.418620109558105
529,best,do,-11.418620109558105
530,best,do,-11.898469924926758
531,best,do,-9.631006240844727
532,best,do,-12.188566207885742
533,best,do,-11.657414436340332
534,best,do,-7.915825366973877
535,best,do,-8.265854835510254
536,best,pp,-9.183886528015137
537,best,pp,-8.586931228637695
538,best,pp,-9.944478034973145
539,best,pp,-8.59937858581543
540,best,pp,-8.385628700256348
541,best,pp,-5.630087852478027
542,best,pp,-6.6197428703308105
543,best,pp,-6.742802143096924
544,best,pp,-7.046731472015381
545,best,pp,-7.359502792358398
546,best,pp,-6.576019763946533
547,best,pp,-5.669858455657959
548,best,pp,-9.574477195739746
549,best,pp,-8.935090065002441
550,best,pp,-10.905417442321777
551,best,pp,-10.22502326965332
552,best,pp,-7.137044429779053
553,best,pp,-8.89848804473877
554,best,pp,-5.131324768066406
555,best,pp,-7.890510082244873
556,best,do,-5.736596584320068
557,best,do,-12.499330520629883
558,best,do,-9.619303703308105
559,best,do,-11.794394493103027
560,best,do,-10.324825286865234
561,best,do,-6.850860595703125
562,best,do,-9.342527389526367
563,best,do,-10.43181324005127
564,best,do,-12.499330520629883
565,best,do,-9.343807220458984
566,best,do,-6.643547534942627
567,best,do,-6.536590099334717
568,best,do,-8.874117851257324
569,best,do,-8.919986724853516
570,best,do,-7.156054973602295
571,best,do,-7.580463409423828
572,best,do,-7.349412441253662
573,best,do,-6.710914611816406
574,best,do,-6.710914611816406
575,best,do,-10.238194465637207
576,best,do,-6.876083850860596
577,best,do,-10.312397956848145
578,best,do,-7.349412441253662
579,best,do,-8.936253547668457
580,best,do,-5.6700825691223145
581,best,do,-8.874117851257324
582,best,do,-9.89915657043457
583,best,do,-7.3998236656188965
584,best,do,-7.147611141204834
585,best,do,-9.361729621887207
586,best,do,-5.469546794891357
587,best,do,-6.780359268188477
588,best,do,-7.3998236656188965
589,best,do,-7.837688446044922
590,best,do,-10.372227668762207
591,best,do,-7.406324863433838
592,best,do,-7.673529148101807
593,best,do,-7.406324863433838
594,best,do,-10.770237922668457
595,best,do,-9.619303703308105
596,best,do,-11.418992042541504
597,best,do,-8.874117851257324
598,best,do,-9.343807220458984
599,best,pp,-5.6778693199157715
600,best,pp,-11.414637565612793
601,best,pp,-9.063070297241211
602,best,pp,-11.107129096984863
603,best,pp,-9.546210289001465
604,best,pp,-6.538161754608154
605,best,pp,-8.77520751953125
606,best,pp,-9.563603401184082
607,best,pp,-11.414637565612793
608,best,pp,-9.707286834716797
609,best,pp,-6.5636749267578125
610,best,pp,-5.8925461769104
611,best,pp,-8.187362670898438
612,best,pp,-8.420772552490234
613,best,pp,-7.48118782043457
614,best,pp,-7.18158483505249
615,best,pp,-6.637553691864014
616,best,pp,-6.524547576904297
617,best,pp,-6.524547576904297
618,best,pp,-9.54195499420166
619,best,do,-9.097521781921387
620,best,do,-5.830111026763916
621,best,do,-9.124598503112793
622,best,do,-7.3656415939331055
623,best,do,-6.633900165557861
624,best,do,-6.253692626953125
625,best,do,-9.174100875854492
626,best,do,-6.825020790100098
627,best,do,-10.579427719116211
628,best,do,-6.954437255859375
629,best,do,-7.220724582672119
630,best,do,-6.265657901763916
631,best,do,-6.971796035766602
632,best,do,-8.233997344970703
633,best,do,-6.985927104949951
634,best,do,-7.239704608917236
635,best,do,-7.635763168334961
636,best,do,-8.925387382507324
637,best,do,-6.971796035766602
638,best,do,-6.7959980964660645
639,best,do,-6.482033729553223
640,best,do,-7.197142601013184
641,best,do,-7.4025068283081055
642,best,do,-10.153620719909668
643,best,do,-8.607277870178223
644,best,do,-6.155590534210205
645,best,do,-10.514616012573242
646,best,do,-5.784342288970947
647,best,do,-7.405918598175049
648,best,do,-8.837602615356445
649,best,do,-6.7441325187683105
650,best,do,-9.972283363342285
651,best,do,-9.015847206115723
652,best,do,-9.175044059753418
653,best,do,-6.855125427246094
654,best,do,-5.916239261627197
655,best,do,-9.161993980407715
656,best,do,-8.533343315124512
657,best,do,-8.609682083129883
658,best,do,-6.971795558929443
659,best,do,-9.601305961608887
660,best,do,-7.914493083953857
661,best,do,-5.894339561462402
662,best,pp,-8.720775604248047
663,best,pp,-4.880482196807861
664,best,pp,-8.439894676208496
665,best,pp,-7.404356002807617
666,best,pp,-6.88283109664917
667,best,pp,-6.489792823791504
668,best,pp,-8.939804077148438
669,best,pp,-7.297675132751465
670,best,pp,-10.146035194396973
671,best,pp,-7.256405353546143
672,best,pp,-6.114386558532715
673,best,pp,-5.470554828643799
674,best,pp,-7.116547584533691
675,best,pp,-7.187216758728027
676,best,pp,-6.643576622009277
677,best,pp,-7.411909103393555
678,best,pp,-6.489158630371094
679,best,pp,-8.528457641601562
680,best,pp,-7.116547584533691
681,best,pp,-7.030605792999268
682,best,do,-7.997611045837402
683,best,do,-13.383218765258789
684,best,do,-7.538088321685791
685,best,do,-7.930304527282715
686,best,do,-7.597738742828369
687,best,do,-8.204200744628906
688,best,do,-11.81928825378418
689,best,do,-12.55440902709961
690,best,do,-9.830803871154785
691,best,do,-10.9404935836792
692,best,do,-9.641697883605957
693,best,do,-10.388578414916992
694,best,do,-8.74624252319336
695,best,do,-10.291369438171387
696,best,do,-8.221439361572266
697,best,do,-5.823451995849609
698,best,do,-8.75686264038086
699,best,do,-6.253578186035156
700,best,do,-9.277247428894043
701,best,do,-6.887863636016846
702,best,do,-7.441156387329102
703,best,do,-9.0743408203125
704,best,do,-8.68803596496582
705,best,do,-9.130167007446289
706,best,do,-9.44144344329834
707,best,do,-10.572420120239258
708,best,do,-8.254802703857422
709,best,do,-6.213131427764893
710,best,do,-12.768376350402832
711,best,do,-10.997276306152344
712,best,do,-8.264168739318848
713,best,do,-13.645669937133789
714,best,do,-8.378936767578125
715,best,do,-8.875983238220215
716,best,do,-9.204681396484375
717,best,do,-12.0462646484375
718,best,do,-9.80027961730957
719,best,do,-7.473674774169922
720,best,do,-10.10656452178955
721,best,do,-12.902056694030762
722,best,do,-10.371443748474121
723,best,do,-11.29117488861084
724,best,do,-7.512165546417236
725,best,pp,-8.061290740966797
726,best,pp,-11.23080825805664
727,best,pp,-6.68652868270874
728,best,pp,-7.47950553894043
729,best,pp,-7.541463375091553
730,best,pp,-8.177230834960938
731,best,pp,-11.240124702453613
732,best,pp,-11.287654876708984
733,best,pp,-9.447458267211914
734,best,pp,-10.078561782836914
735,best,pp,-8.581446647644043
736,best,pp,-9.562007904052734
737,best,pp,-8.459348678588867
738,best,pp,-10.076286315917969
739,best,pp,-8.427016258239746
740,best,pp,-6.806523323059082
741,best,pp,-7.758486747741699
742,best,pp,-5.666854381561279
743,best,pp,-7.9609832763671875
744,best,pp,-7.381348609924316
745,best,pp,-7.361144065856934
746,best,pp,-6.993251800537109
747,best,pp,-7.656848430633545
748,best,pp,-6.829406261444092
749,best,pp,-7.521514892578125
750,best,pp,-7.925124168395996
751,best,pp,-10.356422424316406
752,best,pp,-6.106722831726074
753,best,pp,-8.466205596923828
754,best,pp,-6.781284809112549
755,best,pp,-6.052117824554443
756,best,pp,-7.8298211097717285
757,best,pp,-8.797711372375488
758,best,pp,-5.723644733428955
759,best,pp,-5.329939842224121
760,best,pp,-8.737885475158691
761,best,pp,-7.243267059326172
762,best,pp,-9.556049346923828
763,best,pp,-8.417814254760742
764,best,pp,-8.162354469299316
765,best,pp,-6.318458557128906
766,best,pp,-7.291067600250244
767,best,pp,-5.820594310760498
768,best,pp,-7.823916912078857
769,best,pp,-6.6434149742126465
770,best,pp,-6.940662384033203
771,best,pp,-7.813404560089111
772,best,pp,-10.445258140563965
773,best,pp,-8.113405227661133
774,best,pp,-6.189977645874023
775,best,pp,-7.991501808166504
776,best,pp,-5.123128890991211
777,best,pp,-6.317041873931885
778,best,pp,-9.32489013671875
779,best,pp,-9.202937126159668
780,best,pp,-5.8290557861328125
781,best,pp,-8.51112174987793
782,best,pp,-8.456838607788086
783,best,pp,-10.448582649230957
784,best,pp,-9.770668983459473
785,best,do,-6.608514308929443
786,best,do,-8.752103805541992
787,best,do,-7.3501410484313965
788,best,do,-7.1779937744140625
789,best,do,-7.4396796226501465
790,best,do,-8.11099624633789
791,best,do,-7.151045322418213
792,best,do,-6.399086952209473
793,best,do,-6.3858513832092285
794,best,do,-8.87378215789795
795,best,do,-7.926211833953857
796,best,do,-4.70468282699585
797,best,do,-4.856553554534912
798,best,do,-8.522381782531738
799,best,do,-4.848241806030273
800,best,do,-5.369304180145264
801,best,do,-6.371584415435791
802,best,do,-7.328114032745361
803,best,do,-7.781630516052246
804,best,do,-9.389566421508789
805,best,do,-7.209362506866455
806,best,do,-8.205652236938477
807,best,do,-6.305775165557861
808,best,do,-9.472776412963867
809,best,do,-4.876115798950195
810,best,do,-5.781741619110107
811,best,do,-8.224245071411133
812,best,do,-7.021323204040527
813,best,do,-6.648641109466553
814,best,do,-7.189610004425049
815,best,do,-6.809327125549316
816,best,do,-5.239025592803955
817,best,do,-8.50217342376709
818,best,do,-5.534636497497559
819,best,do,-6.301499366760254
820,best,do,-5.369304180145264
821,best,do,-8.905150413513184
822,best,do,-7.688560485839844
823,best,do,-8.09855842590332
824,best,do,-6.430366516113281
825,best,do,-7.71600866317749
826,best,do,-5.893354892730713
827,best,do,-7.805100440979004
828,best,pp,-6.745213508605957
829,best,pp,-8.698441505432129
830,best,pp,-7.872743129730225
831,best,pp,-7.29456090927124
832,best,pp,-7.748805046081543
833,best,pp,-7.91925573348999
834,best,pp,-7.522955417633057
835,best,pp,-6.58267068862915
836,best,pp,-6.827985763549805
837,best,pp,-8.897085189819336
838,best,pp,-7.999727725982666
839,best,pp,-5.195154666900635
840,best,pp,-4.881770610809326
841,best,pp,-8.073614120483398
842,best,pp,-5.118380069732666
843,best,pp,-5.544286727905273
844,best,pp,-6.173387050628662
845,best,pp,-7.5394392013549805
846,best,pp,-6.877652645111084
847,best,pp,-8.936798095703125
848,best,do,-5.738090515136719
849,best,do,-6.600417613983154
850,best,do,-6.569949626922607
851,best,do,-10.269018173217773
852,best,do,-4.851630210876465
853,best,do,-6.180812358856201
854,best,do,-8.220462799072266
855,best,do,-6.8739471435546875
856,best,do,-6.661689281463623
857,best,do,-9.666945457458496
858,best,do,-6.182920932769775
859,best,do,-6.951319694519043
860,best,do,-5.707492351531982
861,best,do,-5.5890398025512695
862,best,do,-5.687036991119385
863,best,do,-6.706693172454834
864,best,do,-8.498907089233398
865,best,do,-7.294015407562256
866,best,do,-6.491775035858154
867,best,do,-5.669576644897461
868,best,do,-8.480243682861328
869,best,do,-6.144939422607422
870,best,do,-8.543035507202148
871,best,do,-5.1463446617126465
872,best,do,-5.015657901763916
873,best,do,-6.719657897949219
874,best,do,-6.661689281463623
875,best,do,-5.638199329376221
876,best,do,-6.235769748687744
877,best,do,-7.301634311676025
878,best,do,-7.222413063049316
879,best,do,-6.643806457519531
880,best,do,-9.512784004211426
881,best,do,-8.456418991088867
882,best,do,-5.667318344116211
883,best,do,-6.1261162757873535
884,best,do,-5.738091945648193
885,best,do,-8.299518585205078
886,best,do,-4.927485466003418
887,best,do,-5.945241928100586
888,best,do,-6.091121196746826
889,best,do,-6.85263204574585
890,best,do,-5.172510147094727
891,best,pp,-5.530259609222412
892,best,pp,-6.640699863433838
893,best,pp,-6.558645248413086
894,best,pp,-9.406562805175781
895,best,pp,-5.19484281539917
896,best,pp,-5.880825042724609
897,best,pp,-7.702923774719238
898,best,pp,-6.977880954742432
899,best,pp,-6.432671546936035
900,best,pp,-9.267138481140137
901,best,pp,-6.083017349243164
902,best,pp,-7.2922892570495605
903,best,pp,-5.973179817199707
904,best,pp,-5.616807460784912
905,best,pp,-6.217571258544922
906,best,pp,-7.034514427185059
907,best,pp,-8.546639442443848
908,best,pp,-6.813381671905518
909,best,pp,-6.552514553070068
910,best,pp,-5.861379623413086
911,best,do,-7.6739044189453125
912,best,do,-6.891310214996338
913,best,do,-8.184857368469238
914,best,do,-5.7422990798950195
915,best,do,-5.676668167114258
916,best,do,-7.35917854309082
917,best,do,-7.864995956420898
918,best,do,-9.478754997253418
919,best,do,-6.918056011199951
920,best,do,-6.616584300994873
921,best,do,-6.948853969573975
922,best,do,-6.566089153289795
923,best,do,-8.558286666870117
924,best,do,-6.8981032371521
925,best,do,-6.254275321960449
926,best,do,-5.788017272949219
927,best,do,-6.445620059967041
928,best,do,-7.965031623840332
929,best,do,-6.962287425994873
930,best,do,-5.769432067871094
931,best,do,-6.605547904968262
932,best,do,-7.166712760925293
933,best,do,-6.063370704650879
934,best,do,-6.7141432762146
935,best,do,-5.953646659851074
936,best,do,-6.146517276763916
937,best,do,-5.39363956451416
938,best,do,-6.406288146972656
939,best,do,-9.43187427520752
940,best,do,-5.16558313369751
941,best,do,-7.119967937469482
942,best,do,-6.952567100524902
943,best,do,-6.363111972808838
944,best,do,-7.923855781555176
945,best,do,-6.851902008056641
946,best,do,-7.247951030731201
947,best,do,-6.404908657073975
948,best,do,-6.39333438873291
949,best,do,-6.616583347320557
950,best,do,-5.81840181350708
951,best,do,-7.34501314163208
952,best,do,-5.917915344238281
953,best,do,-8.033567428588867
954,best,pp,-7.672459602355957
955,best,pp,-6.8175458908081055
956,best,pp,-7.996164321899414
957,best,pp,-5.7284159660339355
958,best,pp,-5.623525142669678
959,best,pp,-7.461793422698975
960,best,pp,-8.102266311645508
961,best,pp,-9.17233943939209
962,best,pp,-7.004960060119629
963,best,pp,-6.411749362945557
964,best,pp,-7.144622802734375
965,best,pp,-6.500608921051025
966,best,pp,-8.124701499938965
967,best,pp,-6.784173965454102
968,best,pp,-6.410793304443359
969,best,pp,-5.718605995178223
970,best,pp,-6.752230167388916
971,best,pp,-8.045672416687012
972,best,pp,-7.222080707550049
973,best,pp,-5.992011070251465
974,best,do,-8.190133094787598
975,best,do,-7.759041786193848
976,best,do,-10.928194999694824
977,best,do,-7.619059085845947
978,best,do,-5.546856880187988
979,best,do,-6.087067604064941
980,best,do,-7.263192176818848
981,best,do,-7.207527160644531
982,best,do,-8.249032974243164
983,best,do,-6.563434600830078
984,best,do,-8.777481079101562
985,best,do,-7.0921101570129395
986,best,do,-8.21915054321289
987,best,do,-8.740520477294922
988,best,do,-8.059236526489258
989,best,do,-9.79479694366455
990,best,do,-11.259988784790039
991,best,do,-7.69545841217041
992,best,do,-7.940070152282715
993,best,do,-8.450782775878906
994,best,do,-5.535208225250244
995,best,do,-9.613090515136719
996,best,do,-7.379610538482666
997,best,do,-7.5549187660217285
998,best,do,-7.039326190948486
999,best,do,-7.974289894104004
1000,best,do,-6.934715270996094
1001,best,do,-7.362734794616699
1002,best,do,-6.4851274490356445
1003,best,do,-8.450782775878906
1004,best,do,-6.367934226989746
1005,best,do,-6.092153072357178
1006,best,do,-8.086722373962402
1007,best,do,-8.407045364379883
1008,best,do,-7.6405181884765625
1009,best,do,-6.043282508850098
1010,best,do,-6.411001682281494
1011,best,do,-10.937368392944336
1012,best,do,-9.23249340057373
1013,best,do,-6.854596138000488
1014,best,do,-9.23249340057373
1015,best,do,-6.763449668884277
1016,best,do,-5.8557538986206055
1017,best,pp,-7.467478275299072
1018,best,pp,-7.245882034301758
1019,best,pp,-10.381669998168945
1020,best,pp,-7.263128280639648
1021,best,pp,-5.427462100982666
1022,best,pp,-5.763129234313965
1023,best,pp,-6.603826999664307
1024,best,pp,-6.845056056976318
1025,best,pp,-7.298521041870117
1026,best,pp,-6.39303731918335
1027,best,pp,-8.743108749389648
1028,best,pp,-7.325007915496826
1029,best,pp,-7.910805702209473
1030,best,pp,-7.9473114013671875
1031,best,pp,-7.408740043640137
1032,best,pp,-8.925827026367188
1033,best,pp,-10.388644218444824
1034,best,pp,-6.710808277130127
1035,best,pp,-7.566127777099609
1036,best,pp,-8.182510375976562
1037,best,pp,-5.772640705108643
1038,best,pp,-7.815440654754639
1039,best,pp,-8.493647575378418
1040,best,pp,-5.8024702072143555
1041,best,pp,-5.214858055114746
1042,best,pp,-6.605967044830322
1043,best,pp,-8.737730026245117
1044,best,pp,-4.909856796264648
1045,best,pp,-7.723379611968994
1046,best,pp,-6.086402416229248
1047,best,pp,-8.367265701293945
1048,best,pp,-5.792945384979248
1049,best,pp,-5.582308292388916
1050,best,pp,-6.396460056304932
1051,best,pp,-5.887747764587402
1052,best,pp,-5.892327785491943
1053,best,pp,-8.393959999084473
1054,best,pp,-6.051374912261963
1055,best,pp,-5.321630001068115
1056,best,pp,-5.985252857208252
1057,best,pp,-7.24606990814209
1058,best,pp,-6.762386322021484
1059,best,pp,-6.7716450691223145
1060,best,pp,-5.999746799468994
1061,best,pp,-5.322126388549805
1062,best,pp,-6.639707565307617
1063,best,pp,-5.052423000335693
1064,best,pp,-7.0529351234436035
1065,best,pp,-7.399571418762207
1066,best,pp,-6.941593170166016
1067,best,pp,-7.843719482421875
1068,best,pp,-4.649457931518555
1069,best,pp,-6.240701675415039
1070,best,pp,-7.969409465789795
1071,best,pp,-5.359311103820801
1072,best,pp,-5.364995002746582
1073,best,pp,-5.701262474060059
1074,best,pp,-7.575277805328369
1075,best,pp,-5.367922306060791
1076,best,pp,-7.0743608474731445
1077,best,do,-6.876844882965088
1078,best,do,-7.908905029296875
1079,best,do,-7.427661418914795
1080,best,do,-8.894726753234863
1081,best,do,-5.53160285949707
1082,best,do,-8.137460708618164
1083,best,do,-9.023051261901855
1084,best,do,-10.15451717376709
1085,best,do,-6.550570011138916
1086,best,do,-5.674403667449951
1087,best,do,-6.921812534332275
1088,best,do,-5.675579071044922
1089,best,do,-5.962085247039795
1090,best,do,-6.007050037384033
1091,best,do,-8.589327812194824
1092,best,do,-5.817320346832275
1093,best,do,-7.823048114776611
1094,best,do,-6.933969974517822
1095,best,do,-6.997540473937988
1096,best,do,-5.1854729652404785
1097,best,do,-10.106677055358887
1098,best,do,-6.7571234703063965
1099,best,do,-7.145244121551514
1100,best,do,-7.114109516143799
1101,best,do,-5.773697376251221
1102,best,do,-8.678564071655273
1103,best,do,-4.944809436798096
1104,best,do,-5.6942524909973145
1105,best,do,-7.927457809448242
1106,best,do,-5.456722736358643
1107,best,do,-6.7571234703063965
1108,best,do,-10.092133522033691
1109,best,do,-6.534584045410156
1110,best,do,-7.148482799530029
1111,best,do,-8.546310424804688
1112,best,do,-5.528664588928223
1113,best,do,-7.8722147941589355
1114,best,do,-9.572806358337402
1115,best,do,-5.096419811248779
1116,best,do,-9.039088249206543
1117,best,do,-8.605278968811035
1118,best,do,-9.709003448486328
1119,best,do,-9.815680503845215
1120,best,pp,-6.247936725616455
1121,best,pp,-7.481764793395996
1122,best,pp,-6.967150688171387
1123,best,pp,-8.100419044494629
1124,best,pp,-5.149805545806885
1125,best,pp,-7.223355770111084
1126,best,pp,-8.010960578918457
1127,best,pp,-8.984513282775879
1128,best,pp,-6.24133825302124
1129,best,pp,-4.908104419708252
1130,best,pp,-6.174793720245361
1131,best,pp,-5.473246097564697
1132,best,pp,-5.26704740524292
1133,best,pp,-6.025996685028076
1134,best,pp,-7.761655330657959
1135,best,pp,-5.224689960479736
1136,best,pp,-7.231327533721924
1137,best,pp,-6.528537750244141
1138,best,pp,-6.464206695556641
1139,best,pp,-4.856184482574463
1140,best,do,-8.665175437927246
1141,best,do,-6.310585021972656
1142,best,do,-6.214400291442871
1143,best,do,-5.171578884124756
1144,best,do,-8.682280540466309
1145,best,do,-5.4468841552734375
1146,best,do,-8.665175437927246
1147,best,do,-9.539077758789062
1148,best,do,-6.468616485595703
1149,best,do,-5.852752685546875
1150,best,do,-7.070247650146484
1151,best,do,-9.925897598266602
1152,best,do,-7.540048122406006
1153,best,do,-8.056147575378418
1154,best,do,-6.825709819793701
1155,best,do,-6.416842937469482
1156,best,do,-6.198052406311035
1157,best,do,-7.038397789001465
1158,best,do,-10.457348823547363
1159,best,do,-5.223861217498779
1160,best,do,-8.684853553771973
1161,best,do,-5.882080078125
1162,best,do,-8.499120712280273
1163,best,do,-7.937356948852539
1164,best,do,-6.310585021972656
1165,best,do,-6.874200344085693
1166,best,do,-7.536930561065674
1167,best,do,-5.881300926208496
1168,best,do,-8.151877403259277
1169,best,do,-6.421285152435303
1170,best,do,-8.219047546386719
1171,best,do,-6.137414455413818
1172,best,do,-6.198052406311035
1173,best,do,-6.944296360015869
1174,best,do,-9.901751518249512
1175,best,do,-9.901751518249512
1176,best,do,-10.25338077545166
1177,best,do,-10.37121295928955
1178,best,do,-5.514516353607178
1179,best,do,-6.416842937469482
1180,best,do,-8.499120712280273
1181,best,do,-9.033029556274414
1182,best,do,-5.881300926208496
1183,best,pp,-7.9789204597473145
1184,best,pp,-5.943138122558594
1185,best,pp,-5.457904815673828
1186,best,pp,-4.719313621520996
1187,best,pp,-7.90372371673584
1188,best,pp,-5.04840612411499
1189,best,pp,-7.978921413421631
1190,best,pp,-8.79409122467041
1191,best,pp,-5.754088401794434
1192,best,pp,-4.888962268829346
1193,best,pp,-6.643528938293457
1194,best,pp,-9.036706924438477
1195,best,pp,-6.635952472686768
1196,best,pp,-7.535999774932861
1197,best,pp,-6.092414855957031
1198,best,pp,-5.6227874755859375
1199,best,pp,-5.549129486083984
1200,best,pp,-6.434751987457275
1201,best,pp,-9.630724906921387
1202,best,pp,-4.7845139503479
1203,best,do,-8.926154136657715
1204,best,do,-7.5932111740112305
1205,best,do,-8.562829971313477
1206,best,do,-9.473489761352539
1207,best,do,-8.40433406829834
1208,best,do,-7.721736907958984
1209,best,do,-8.186075210571289
1210,best,do,-6.261622905731201
1211,best,do,-9.263394355773926
1212,best,do,-8.075959205627441
1213,best,do,-6.946659088134766
1214,best,do,-9.47974681854248
1215,best,do,-9.464973449707031
1216,best,do,-7.75308895111084
1217,best,do,-7.249029636383057
1218,best,do,-6.437958717346191
1219,best,do,-7.632147789001465
1220,best,do,-9.080041885375977
1221,best,do,-7.117115020751953
1222,best,do,-6.316335201263428
1223,best,do,-6.876819133758545
1224,best,do,-8.181629180908203
1225,best,do,-9.615214347839355
1226,best,do,-7.646897315979004
1227,best,do,-7.499546527862549
1228,best,do,-6.6571149826049805
1229,best,do,-6.361581802368164
1230,best,do,-7.5706281661987305
1231,best,do,-9.34947681427002
1232,best,do,-5.961797714233398
1233,best,do,-7.282770156860352
1234,best,do,-8.90768051147461
1235,best,do,-7.6958723068237305
1236,best,do,-6.794100761413574
1237,best,do,-7.783424377441406
1238,best,do,-6.970656871795654
1239,best,do,-9.009953498840332
1240,best,do,-6.310898780822754
1241,best,do,-6.613334655761719
1242,best,do,-6.244359016418457
1243,best,do,-6.252289295196533
1244,best,do,-6.827877998352051
1245,best,do,-7.2885661125183105
1246,best,pp,-8.279157638549805
1247,best,pp,-6.553173065185547
1248,best,pp,-7.573618412017822
1249,best,pp,-8.392541885375977
1250,best,pp,-7.705255508422852
1251,best,pp,-6.8270344734191895
1252,best,pp,-7.49256706237793
1253,best,pp,-5.8455023765563965
1254,best,pp,-8.200889587402344
1255,best,pp,-7.510885238647461
1256,best,pp,-6.456986427307129
1257,best,pp,-9.071481704711914
1258,best,pp,-8.803385734558105
1259,best,pp,-7.0133748054504395
1260,best,pp,-6.00744104385376
1261,best,pp,-5.69710636138916
1262,best,pp,-7.011424541473389
1263,best,pp,-8.142304420471191
1264,best,pp,-6.837019443511963
1265,best,pp,-5.920475959777832
1266,best,do,-7.555157661437988
1267,best,do,-6.802794456481934
1268,best,do,-9.627850532531738
1269,best,do,-7.358547687530518
1270,best,do,-8.170207023620605
1271,best,do,-9.479660987854004
1272,best,do,-11.712018013000488
1273,best,do,-10.69684886932373
1274,best,do,-8.190645217895508
1275,best,do,-11.146027565002441
1276,best,do,-7.660434722900391
1277,best,do,-6.926456928253174
1278,best,do,-8.089363098144531
1279,best,do,-6.547540187835693
1280,best,do,-8.838303565979004
1281,best,do,-10.520108222961426
1282,best,do,-6.812561511993408
1283,best,do,-9.361048698425293
1284,best,do,-8.335171699523926
1285,best,do,-9.643702507019043
1286,best,do,-7.972503662109375
1287,best,do,-10.086527824401855
1288,best,do,-8.362081527709961
1289,best,do,-7.734649181365967
1290,best,do,-8.430694580078125
1291,best,do,-7.243044376373291
1292,best,do,-9.886190414428711
1293,best,do,-10.590847969055176
1294,best,do,-6.754034519195557
1295,best,do,-8.73707389831543
1296,best,do,-7.7419915199279785
1297,best,do,-9.839692115783691
1298,best,do,-10.03868293762207
1299,best,do,-6.24796724319458
1300,best,do,-5.901443004608154
1301,best,do,-8.39950942993164
1302,best,do,-7.873941421508789
1303,best,do,-9.175649642944336
1304,best,do,-6.038196086883545
1305,best,do,-7.016329288482666
1306,best,do,-10.52104663848877
1307,best,do,-8.418537139892578
1308,best,do,-11.837352752685547
1309,best,pp,-6.719429016113281
1310,best,pp,-5.7403106689453125
1311,best,pp,-8.270747184753418
1312,best,pp,-6.388640880584717
1313,best,pp,-6.903838157653809
1314,best,pp,-8.070649147033691
1315,best,pp,-10.259269714355469
1316,best,pp,-9.836090087890625
1317,best,pp,-6.904812812805176
1318,best,pp,-10.180018424987793
1319,best,pp,-7.027688026428223
1320,best,pp,-6.42379093170166
1321,best,pp,-7.436115741729736
1322,best,pp,-5.430107593536377
1323,best,pp,-8.125670433044434
1324,best,pp,-9.070416450500488
1325,best,pp,-5.800841331481934
1326,best,pp,-8.9218168258667
1327,best,pp,-6.849117279052734
1328,best,pp,-8.3494291305542
1329,best,pp,-6.749785423278809
1330,best,pp,-4.968135833740234
1331,best,pp,-6.425580024719238
1332,best,pp,-8.948004722595215
1333,best,pp,-5.894962787628174
1334,best,pp,-6.052536487579346
1335,best,pp,-6.323183536529541
1336,best,pp,-6.620446681976318
1337,best,pp,-6.906538009643555
1338,best,pp,-6.748460292816162
1339,best,pp,-5.062559604644775
1340,best,pp,-7.273923873901367
1341,best,pp,-6.012323379516602
1342,best,pp,-7.778824806213379
1343,best,pp,-9.246318817138672
1344,best,pp,-4.930540084838867
1345,best,pp,-7.214352130889893
1346,best,pp,-5.312054634094238
1347,best,pp,-6.5104804039001465
1348,best,pp,-6.264499187469482
1349,best,pp,-5.855534553527832
1350,best,pp,-4.992061138153076
1351,best,pp,-7.961291790008545
1352,best,pp,-6.74891471862793
1353,best,pp,-8.007783889770508
1354,best,pp,-4.982176303863525
1355,best,pp,-8.08438777923584
1356,best,pp,-5.9185991287231445
1357,best,pp,-5.500410079956055
1358,best,pp,-5.985444068908691
1359,best,pp,-6.413839817047119
1360,best,pp,-5.167201995849609
1361,best,pp,-6.868222713470459
1362,best,pp,-6.6779561042785645
1363,best,pp,-5.18569803237915
1364,best,pp,-7.223748207092285
1365,best,pp,-6.277080535888672
1366,best,pp,-5.858872413635254
1367,best,pp,-6.935784339904785
1368,best,pp,-8.130538940429688
