item_id,model_state,do,pp
0,initial,-7.457441806793213,-6.947281360626221
1,initial,-8.491495132446289,-7.434515476226807
2,initial,-7.881694793701172,-6.996788024902344
3,initial,-8.96729850769043,-8.019562721252441
4,initial,-8.061320304870605,-6.603776454925537
5,initial,-8.336874961853027,-7.196615695953369
6,initial,-9.643670082092285,-8.531371116638184
7,initial,-8.379732131958008,-7.1690993309021
8,initial,-7.590755462646484,-6.506378173828125
9,initial,-7.881694793701172,-6.996788024902344
10,initial,-9.521488189697266,-8.065505027770996
11,initial,-7.43877649307251,-6.767959117889404
12,initial,-8.04191780090332,-6.800302982330322
13,initial,-9.362527847290039,-7.864734649658203
14,initial,-7.590755462646484,-6.506378173828125
15,initial,-9.646476745605469,-8.34489631652832
16,initial,-7.880638122558594,-6.699968338012695
17,initial,-8.381468772888184,-7.296257495880127
18,initial,-9.553449630737305,-8.198265075683594
19,initial,-7.653660774230957,-6.834484100341797
20,initial,-7.2294158935546875,-6.804055690765381
21,initial,-7.821559906005859,-7.441588401794434
22,initial,-9.014510154724121,-8.22901725769043
23,initial,-7.954131603240967,-7.379857063293457
24,initial,-9.150407791137695,-8.066615104675293
25,initial,-7.954131603240967,-7.379857063293457
26,initial,-9.413270950317383,-8.039875030517578
27,initial,-9.650007247924805,-8.750175476074219
28,initial,-8.0995512008667,-7.686107158660889
29,initial,-9.893783569335938,-8.48999309539795
30,initial,-7.93341588973999,-7.422454833984375
31,initial,-8.580349922180176,-7.248287200927734
32,initial,-9.014509201049805,-8.229016304016113
33,initial,-8.580349922180176,-7.248287200927734
34,initial,-8.331899642944336,-7.685516357421875
35,initial,-8.904864311218262,-8.323148727416992
36,initial,-8.099552154541016,-7.686107158660889
37,initial,-8.580349922180176,-7.248287200927734
38,initial,-7.484191417694092,-7.256349086761475
39,initial,-7.126943588256836,-6.955284118652344
40,initial,-7.332370281219482,-7.025979995727539
41,initial,-7.444221496582031,-6.908846378326416
42,initial,-8.043050765991211,-7.600914001464844
43,initial,-8.859636306762695,-7.734518051147461
44,initial,-7.760538578033447,-7.08051872253418
45,initial,-7.403519153594971,-7.092953681945801
46,initial,-7.727934837341309,-6.976014614105225
47,initial,-8.092326164245605,-7.53671932220459
48,initial,-8.950430870056152,-8.424285888671875
49,initial,-7.676785469055176,-7.146030902862549
50,initial,-8.601676940917969,-7.481809616088867
51,initial,-9.00454044342041,-7.838535308837891
52,initial,-8.186264991760254,-7.568990230560303
53,initial,-8.267550468444824,-7.636081695556641
54,initial,-8.522557258605957,-7.525963306427002
55,initial,-7.97625207901001,-7.199838161468506
56,initial,-7.094637870788574,-6.617550373077393
57,initial,-7.383596897125244,-6.665049076080322
58,initial,-8.13183307647705,-6.338912487030029
59,initial,-7.724818706512451,-6.842633247375488
60,initial,-9.03125,-8.089757919311523
61,initial,-9.634683609008789,-7.898132801055908
62,initial,-10.74421501159668,-9.397407531738281
63,initial,-10.011224746704102,-8.766112327575684
64,initial,-8.676379203796387,-7.899608612060547
65,initial,-8.505732536315918,-7.672817707061768
66,initial,-9.160618782043457,-8.119353294372559
67,initial,-10.613666534423828,-9.137351989746094
68,initial,-8.81068229675293,-7.344507217407227
69,initial,-8.86779499053955,-7.0490570068359375
70,initial,-8.399517059326172,-7.554955959320068
71,initial,-10.134751319885254,-8.632735252380371
72,initial,-8.095052719116211,-6.545467376708984
73,initial,-8.838261604309082,-7.636773109436035
74,initial,-8.525745391845703,-7.611433982849121
75,initial,-9.23590087890625,-8.27857494354248
76,initial,-9.104781150817871,-7.764613628387451
77,initial,-10.153115272521973,-8.594705581665039
78,initial,-8.156421661376953,-7.591687202453613
79,initial,-8.35051441192627,-7.740614891052246
80,initial,-6.17232608795166,-5.937475204467773
81,initial,-6.4568657875061035,-6.035880088806152
82,initial,-8.726372718811035,-7.447673320770264
83,initial,-7.126953125,-6.449615478515625
84,initial,-6.533097267150879,-6.522390842437744
85,initial,-8.240915298461914,-8.130973815917969
86,initial,-8.094905853271484,-7.614858150482178
87,initial,-7.348021507263184,-6.947404861450195
88,initial,-7.112092971801758,-6.84559440612793
89,initial,-6.195830345153809,-6.281541347503662
90,initial,-7.13459587097168,-6.149116516113281
91,initial,-8.591508865356445,-8.65063190460205
92,initial,-6.637853145599365,-6.4451117515563965
93,initial,-7.019377708435059,-7.143894672393799
94,initial,-6.912271499633789,-7.344504356384277
95,initial,-7.445992946624756,-7.256936073303223
96,initial,-6.380530834197998,-5.931428909301758
97,initial,-6.815059661865234,-6.293238639831543
98,initial,-8.092329978942871,-8.259407997131348
99,initial,-6.40937614440918,-5.585209846496582
100,initial,-7.956745147705078,-6.435685157775879
101,initial,-8.242151260375977,-7.222830772399902
102,initial,-8.605069160461426,-7.963512420654297
103,initial,-7.3220953941345215,-6.349100589752197
104,initial,-7.3220953941345215,-6.349100589752197
105,initial,-7.5731377601623535,-6.956320762634277
106,initial,-8.680274963378906,-7.406589508056641
107,initial,-8.724639892578125,-7.267546653747559
108,initial,-6.897212505340576,-6.061892509460449
109,initial,-9.990504264831543,-8.304576873779297
110,initial,-8.921478271484375,-7.487204551696777
111,initial,-7.729380130767822,-6.731843948364258
112,initial,-9.096175193786621,-7.769257068634033
113,initial,-8.869019508361816,-7.347403049468994
114,initial,-7.373537540435791,-6.903533458709717
115,initial,-8.589980125427246,-7.52614164352417
116,initial,-10.17322826385498,-8.585236549377441
117,initial,-8.442659378051758,-7.007523536682129
118,initial,-8.680274963378906,-7.406589508056641
119,initial,-9.157333374023438,-7.549831867218018
120,initial,-8.253475189208984,-6.680569648742676
121,initial,-7.795729160308838,-6.439200401306152
122,initial,-8.565231323242188,-7.0214643478393555
123,initial,-7.560546875,-5.982553005218506
124,initial,-7.238983154296875,-6.474148273468018
125,initial,-10.047350883483887,-8.366889953613281
126,initial,-9.738489151000977,-8.624720573425293
127,initial,-9.500411987304688,-7.550492763519287
128,initial,-8.579482078552246,-7.002562046051025
129,initial,-10.626672744750977,-8.369915962219238
130,initial,-7.48318338394165,-6.169703960418701
131,initial,-7.428110599517822,-6.651753902435303
132,initial,-7.647136688232422,-6.588327884674072
133,initial,-9.750136375427246,-8.350951194763184
134,initial,-10.626672744750977,-8.369915962219238
135,initial,-7.9047040939331055,-6.313050746917725
136,initial,-7.954984188079834,-6.727191925048828
137,initial,-7.9047040939331055,-6.313050746917725
138,initial,-10.04734992980957,-8.366889953613281
139,initial,-8.453819274902344,-7.514701843261719
140,initial,-7.4284796714782715,-6.590843677520752
141,initial,-8.174558639526367,-7.261972904205322
142,initial,-8.076892852783203,-7.436976909637451
143,initial,-6.851178169250488,-6.090408802032471
144,initial,-8.85505199432373,-7.937791347503662
145,initial,-7.976932048797607,-6.64401388168335
146,initial,-8.639010429382324,-7.724764347076416
147,initial,-8.733232498168945,-7.884798049926758
148,initial,-8.054222106933594,-7.47601842880249
149,initial,-7.578341484069824,-6.679067611694336
150,initial,-8.016525268554688,-7.037323951721191
151,initial,-8.111234664916992,-7.277502536773682
152,initial,-8.894118309020996,-7.791323184967041
153,initial,-8.353737831115723,-7.637847900390625
154,initial,-7.4284796714782715,-6.590843677520752
155,initial,-8.639010429382324,-7.724764347076416
156,initial,-8.709053993225098,-7.904745101928711
157,initial,-8.831552505493164,-7.9476165771484375
158,initial,-7.427675247192383,-6.604389667510986
159,initial,-8.639010429382324,-7.724764347076416
160,initial,-8.706123352050781,-7.813475131988525
161,initial,-9.02341079711914,-7.194283962249756
162,initial,-8.629599571228027,-7.940620422363281
163,initial,-9.831314086914062,-8.767207145690918
164,initial,-9.84215259552002,-8.622608184814453
165,initial,-7.500360012054443,-6.721904754638672
166,initial,-8.905414581298828,-7.69980001449585
167,initial,-9.831314086914062,-8.767207145690918
168,initial,-9.450398445129395,-8.158036231994629
169,initial,-9.053375244140625,-8.059843063354492
170,initial,-9.52904987335205,-8.32910442352295
171,initial,-9.261645317077637,-7.708431243896484
172,initial,-8.437581062316895,-7.613381385803223
173,initial,-9.595579147338867,-8.317076683044434
174,initial,-10.195037841796875,-8.904631614685059
175,initial,-9.35063648223877,-7.6381449699401855
176,initial,-9.980121612548828,-8.907974243164062
177,initial,-8.401436805725098,-7.1361494064331055
178,initial,-8.359475135803223,-7.677849769592285
179,initial,-9.499735832214355,-7.533777713775635
180,initial,-6.977019786834717,-6.95570707321167
181,initial,-6.320041179656982,-5.91196346282959
182,initial,-6.501181125640869,-6.19142484664917
183,initial,-6.870608329772949,-6.691191673278809
184,initial,-6.892939567565918,-6.116259574890137
185,initial,-7.905799865722656,-7.496113300323486
186,initial,-7.15879487991333,-7.255472183227539
187,initial,-8.748944282531738,-7.9563984870910645
188,initial,-6.6289496421813965,-6.147500991821289
189,initial,-7.393346786499023,-7.09576940536499
190,initial,-7.553929328918457,-6.825078010559082
191,initial,-6.977019786834717,-6.95570707321167
192,initial,-6.832716941833496,-6.658251762390137
193,initial,-7.758610725402832,-7.386562824249268
194,initial,-6.5743889808654785,-6.285025119781494
195,initial,-7.596738815307617,-7.349265098571777
196,initial,-6.956210613250732,-6.791991233825684
197,initial,-7.905158519744873,-6.577392578125
198,initial,-7.9405837059021,-7.939240455627441
199,initial,-6.909282684326172,-6.366614818572998
200,initial,-7.06829833984375,-5.98519229888916
201,initial,-7.9305338859558105,-6.870771884918213
202,initial,-8.564249992370605,-7.348243713378906
203,initial,-7.839069366455078,-6.546096324920654
204,initial,-7.839069366455078,-6.546096324920654
205,initial,-7.48876428604126,-6.450437545776367
206,initial,-9.731048583984375,-8.259066581726074
207,initial,-9.066524505615234,-8.148211479187012
208,initial,-7.839069366455078,-6.546096324920654
209,initial,-7.48876428604126,-6.450437545776367
210,initial,-8.33733081817627,-7.182796001434326
211,initial,-8.708910942077637,-7.0063252449035645
212,initial,-8.708910942077637,-7.0063252449035645
213,initial,-8.9324369430542,-7.6554107666015625
214,initial,-8.33733081817627,-7.182796001434326
215,initial,-8.701310157775879,-7.743431568145752
216,initial,-8.82883071899414,-7.488532066345215
217,initial,-9.06531810760498,-7.75194787979126
218,initial,-7.5223870277404785,-6.31342077255249
219,initial,-7.438724994659424,-5.8624677658081055
220,initial,-6.880681037902832,-6.729259490966797
221,initial,-6.843336582183838,-6.66024112701416
222,initial,-7.343440532684326,-7.169861316680908
223,initial,-7.1507887840271,-7.314931392669678
224,initial,-8.324353218078613,-7.987427711486816
225,initial,-7.68289041519165,-7.43154239654541
226,initial,-7.808877468109131,-7.428133010864258
227,initial,-7.383397579193115,-6.7089033126831055
228,initial,-7.802712917327881,-7.403279781341553
229,initial,-7.68289041519165,-7.43154239654541
230,initial,-8.546590805053711,-7.833558082580566
231,initial,-7.631773948669434,-6.904767990112305
232,initial,-8.274831771850586,-7.57132625579834
233,initial,-8.447158813476562,-8.395454406738281
234,initial,-8.79206657409668,-8.165794372558594
235,initial,-7.8272905349731445,-7.206393718719482
236,initial,-7.568363666534424,-6.975064277648926
237,initial,-7.5404438972473145,-6.969665050506592
238,initial,-8.408989906311035,-8.179386138916016
239,initial,-7.546925067901611,-7.153295040130615
240,initial,-6.878017902374268,-6.965799331665039
241,initial,-8.07367992401123,-7.665438175201416
242,initial,-8.41444206237793,-7.836226463317871
243,initial,-7.6239824295043945,-7.461390018463135
244,initial,-7.987093448638916,-7.628870010375977
245,initial,-8.192691802978516,-7.938558101654053
246,initial,-7.295719623565674,-7.161035537719727
247,initial,-8.167283058166504,-7.97869348526001
248,initial,-8.008025169372559,-8.173469543457031
249,initial,-8.09334659576416,-8.081854820251465
250,initial,-7.77239990234375,-7.639477252960205
251,initial,-7.020332336425781,-7.11628532409668
252,initial,-6.966097354888916,-6.988516330718994
253,initial,-6.9096574783325195,-6.906830787658691
254,initial,-6.82601261138916,-6.759274959564209
255,initial,-7.731546878814697,-7.43369197845459
256,initial,-8.556167602539062,-8.188343048095703
257,initial,-8.182371139526367,-8.084866523742676
258,initial,-6.722379684448242,-6.536782741546631
259,initial,-6.372368812561035,-6.2660136222839355
260,initial,-7.210268020629883,-7.224817752838135
261,initial,-7.182340621948242,-7.343237400054932
262,initial,-6.735813617706299,-6.723187446594238
263,initial,-7.194921016693115,-7.365828037261963
264,initial,-7.637452125549316,-7.796742916107178
265,initial,-6.7030534744262695,-6.7731523513793945
266,initial,-6.471863746643066,-6.372248649597168
267,initial,-6.579095840454102,-6.536867618560791
268,initial,-7.000150680541992,-7.070061683654785
269,initial,-7.011867046356201,-7.154627323150635
270,initial,-7.174099922180176,-7.348107814788818
271,initial,-6.508997440338135,-6.534523010253906
272,initial,-6.847924709320068,-6.803062915802002
273,initial,-6.530471324920654,-6.139466285705566
274,initial,-7.5148491859436035,-7.573565483093262
275,initial,-6.277598857879639,-6.162696838378906
276,initial,-6.553455829620361,-6.519888401031494
277,initial,-6.514676570892334,-6.7092790603637695
278,initial,-6.949726104736328,-7.048071384429932
279,initial,-6.9213762283325195,-7.073904514312744
280,initial,-9.395398139953613,-8.418245315551758
281,initial,-8.350675582885742,-7.77856969833374
282,initial,-8.331616401672363,-8.524596214294434
283,initial,-8.29693603515625,-8.079994201660156
284,initial,-7.327622413635254,-6.814909934997559
285,initial,-7.108207702636719,-6.683725357055664
286,initial,-8.602463722229004,-8.103400230407715
287,initial,-8.20858383178711,-7.911301612854004
288,initial,-8.3015775680542,-7.525325775146484
289,initial,-7.268734455108643,-6.922616004943848
290,initial,-8.395673751831055,-8.245875358581543
291,initial,-8.976245880126953,-8.384309768676758
292,initial,-8.092020034790039,-7.699803829193115
293,initial,-8.781442642211914,-8.389066696166992
294,initial,-6.909985542297363,-6.3741278648376465
295,initial,-8.309382438659668,-7.910088539123535
296,initial,-8.033781051635742,-7.229702949523926
297,initial,-9.511013984680176,-8.772330284118652
298,initial,-8.024309158325195,-7.706936359405518
299,initial,-8.2725191116333,-8.576216697692871
300,initial,-6.857415199279785,-6.969030380249023
301,initial,-7.463754177093506,-7.375622272491455
302,initial,-6.361400127410889,-6.0583648681640625
303,initial,-7.334716320037842,-7.093952655792236
304,initial,-6.7199554443359375,-6.547044277191162
305,initial,-7.528891563415527,-7.774477958679199
306,initial,-8.409215927124023,-8.490324020385742
307,initial,-6.9458417892456055,-6.6798481941223145
308,initial,-6.718010902404785,-6.4897613525390625
309,initial,-6.3259172439575195,-6.346937656402588
310,initial,-7.961618900299072,-8.100286483764648
311,initial,-6.612184047698975,-7.122419357299805
312,initial,-6.988615036010742,-6.700098514556885
313,initial,-6.971125602722168,-6.625059127807617
314,initial,-6.65589714050293,-6.655670642852783
315,initial,-6.411661624908447,-6.2580485343933105
316,initial,-5.894654750823975,-5.676657676696777
317,initial,-7.154076099395752,-7.194979190826416
318,initial,-6.316368103027344,-6.063508987426758
319,initial,-8.366495132446289,-8.27762508392334
320,initial,-5.8007493019104,-5.527355194091797
321,initial,-7.777176380157471,-7.070306301116943
322,initial,-7.347829818725586,-7.113016605377197
323,initial,-7.079596042633057,-6.58979606628418
324,initial,-7.524843692779541,-7.196404933929443
325,initial,-6.758193492889404,-6.63579797744751
326,initial,-7.681032180786133,-7.767976760864258
327,initial,-8.123433113098145,-7.526315689086914
328,initial,-6.384491443634033,-6.3184638023376465
329,initial,-7.4611496925354,-7.162965774536133
330,initial,-7.13672399520874,-6.695207118988037
331,initial,-7.912120342254639,-7.39066743850708
332,initial,-8.174198150634766,-7.632991313934326
333,initial,-6.639754772186279,-6.580044746398926
334,initial,-6.457744598388672,-6.130181789398193
335,initial,-7.09891939163208,-6.7482805252075195
336,initial,-7.318576335906982,-7.021214485168457
337,initial,-7.291869163513184,-6.503810405731201
338,initial,-5.938575744628906,-5.78840970993042
339,initial,-7.346760272979736,-7.032745361328125
340,initial,-8.000115394592285,-7.027706623077393
341,initial,-9.65025806427002,-9.00418758392334
342,initial,-9.422685623168945,-9.03459358215332
343,initial,-9.931977272033691,-9.606776237487793
344,initial,-8.713333129882812,-7.996880531311035
345,initial,-8.329483032226562,-7.9653425216674805
346,initial,-9.611235618591309,-9.09880256652832
347,initial,-8.116007804870605,-8.111291885375977
348,initial,-9.860580444335938,-9.260856628417969
349,initial,-8.965719223022461,-8.160195350646973
350,initial,-9.03264045715332,-8.80408763885498
351,initial,-10.610760688781738,-9.967610359191895
352,initial,-8.917572021484375,-8.434873580932617
353,initial,-10.234110832214355,-9.329285621643066
354,initial,-8.396464347839355,-7.638066291809082
355,initial,-9.250788688659668,-8.800748825073242
356,initial,-10.797185897827148,-9.960375785827637
357,initial,-9.40239429473877,-8.902382850646973
358,initial,-8.644871711730957,-8.022406578063965
359,initial,-8.95719051361084,-8.349770545959473
360,initial,-8.677438735961914,-8.377374649047852
361,initial,-9.916114807128906,-9.105334281921387
362,initial,-8.105499267578125,-7.5829291343688965
363,initial,-7.857576370239258,-7.981564044952393
364,initial,-7.69509220123291,-7.681940078735352
365,initial,-7.569760799407959,-7.363783359527588
366,initial,-8.267805099487305,-8.665555000305176
367,initial,-8.978689193725586,-8.828125953674316
368,initial,-9.416462898254395,-9.155675888061523
369,initial,-10.317639350891113,-10.197402954101562
370,initial,-8.539593696594238,-8.1543607711792
371,initial,-10.082743644714355,-10.132587432861328
372,initial,-9.467782974243164,-8.848275184631348
373,initial,-10.164651870727539,-10.15788745880127
374,initial,-8.840115547180176,-8.985698699951172
375,initial,-7.757122039794922,-7.542341709136963
376,initial,-8.171285629272461,-8.880073547363281
377,initial,-9.916114807128906,-9.105334281921387
378,initial,-7.857576370239258,-7.981564044952393
379,initial,-8.197288513183594,-8.49067211151123
380,initial,-7.023488998413086,-7.422633647918701
381,initial,-8.661036491394043,-8.357398986816406
382,initial,-8.101127624511719,-7.89725923538208
383,initial,-8.924673080444336,-8.808902740478516
384,initial,-7.121448040008545,-6.991302490234375
385,initial,-7.958637714385986,-8.363443374633789
386,initial,-7.893576145172119,-8.014259338378906
387,initial,-8.636103630065918,-8.287837982177734
388,initial,-7.758718967437744,-7.86688232421875
389,initial,-7.670969486236572,-7.375021457672119
390,initial,-7.47904634475708,-8.014628410339355
391,initial,-8.15714168548584,-8.064783096313477
392,initial,-7.604861736297607,-7.264047145843506
393,initial,-9.004712104797363,-8.731263160705566
394,initial,-7.976932048797607,-8.098331451416016
395,initial,-8.523340225219727,-8.849489212036133
396,initial,-7.813652038574219,-8.09668254852295
397,initial,-7.0614776611328125,-6.768101692199707
398,initial,-7.214789867401123,-7.679567813873291
399,initial,-7.127955436706543,-7.375153541564941
400,initial,-8.89672565460205,-8.0725679397583
401,initial,-9.83177661895752,-8.897116661071777
402,initial,-10.329740524291992,-10.502185821533203
403,initial,-8.574867248535156,-8.5947265625
404,initial,-9.71339225769043,-8.632462501525879
405,initial,-8.943190574645996,-8.386610984802246
406,initial,-9.119897842407227,-8.586289405822754
407,initial,-8.596100807189941,-8.480247497558594
408,initial,-8.685864448547363,-7.643684387207031
409,initial,-8.420886039733887,-8.388723373413086
410,initial,-8.274781227111816,-7.742735862731934
411,initial,-9.151466369628906,-9.051919937133789
412,initial,-9.750452995300293,-9.245476722717285
413,initial,-8.410815238952637,-8.203761100769043
414,initial,-9.053620338439941,-9.207557678222656
415,initial,-8.751062393188477,-8.439467430114746
416,initial,-9.371910095214844,-9.151893615722656
417,initial,-9.168917655944824,-9.234505653381348
418,initial,-8.762940406799316,-8.366700172424316
419,initial,-8.574867248535156,-8.5947265625
420,initial,-8.10770034790039,-8.103026390075684
421,initial,-7.177926063537598,-7.269285678863525
422,initial,-7.0415215492248535,-7.132481098175049
423,initial,-7.455959796905518,-6.8908491134643555
424,initial,-6.408992767333984,-6.7550272941589355
425,initial,-8.80333423614502,-9.365843772888184
426,initial,-8.909212112426758,-8.632028579711914
427,initial,-9.047867774963379,-9.601738929748535
428,initial,-8.48681354522705,-8.92708683013916
429,initial,-6.41223669052124,-6.499837875366211
430,initial,-9.652738571166992,-9.521917343139648
431,initial,-7.181294918060303,-7.157503604888916
432,initial,-6.987139701843262,-7.187160968780518
433,initial,-8.880110740661621,-8.544416427612305
434,initial,-8.36775016784668,-8.523785591125488
435,initial,-7.379973411560059,-7.549488067626953
436,initial,-6.771200180053711,-6.337285041809082
437,initial,-6.943872928619385,-6.913704872131348
438,initial,-6.790035247802734,-6.743330001831055
439,initial,-6.768812656402588,-6.9915080070495605
440,initial,-8.38413143157959,-7.961131572723389
441,initial,-7.186256408691406,-6.816059589385986
442,initial,-8.816376686096191,-8.073554992675781
443,initial,-7.849997520446777,-7.472663879394531
444,initial,-8.032759666442871,-7.357075214385986
445,initial,-9.069982528686523,-8.313741683959961
446,initial,-8.854849815368652,-8.045480728149414
447,initial,-9.195596694946289,-8.530241966247559
448,initial,-8.430033683776855,-7.6212077140808105
449,initial,-7.503726005554199,-6.670285224914551
450,initial,-8.339667320251465,-7.271688938140869
451,initial,-8.20675277709961,-7.928188800811768
452,initial,-8.8693265914917,-8.379494667053223
453,initial,-7.888347148895264,-7.024687767028809
454,initial,-7.687865257263184,-6.616814136505127
455,initial,-8.26136589050293,-7.911040306091309
456,initial,-7.5535101890563965,-7.500093460083008
457,initial,-7.794162750244141,-6.605959415435791
458,initial,-7.799137115478516,-7.072518348693848
459,initial,-8.081001281738281,-7.22452449798584
460,initial,-8.269322395324707,-7.657240390777588
461,initial,-6.346599578857422,-6.348737716674805
462,initial,-5.962466239929199,-5.911706447601318
463,initial,-7.6117143630981445,-7.762377738952637
464,initial,-7.062545299530029,-7.002138614654541
465,initial,-6.500835418701172,-6.8453850746154785
466,initial,-6.7904253005981445,-6.496274948120117
467,initial,-7.329139232635498,-6.726712703704834
468,initial,-7.594423770904541,-7.474217891693115
469,initial,-6.719082832336426,-6.640072822570801
470,initial,-7.166733264923096,-7.697750091552734
471,initial,-9.390661239624023,-8.250112533569336
472,initial,-7.1938018798828125,-6.9819793701171875
473,initial,-6.892500877380371,-7.031897068023682
474,initial,-6.628604888916016,-6.962172508239746
475,initial,-7.655925750732422,-7.217586040496826
476,initial,-5.566896915435791,-6.071287631988525
477,initial,-6.677462100982666,-6.684410095214844
478,initial,-6.714061737060547,-6.507519721984863
479,initial,-6.290102481842041,-6.159309387207031
480,initial,-5.421518325805664,-5.809678077697754
481,initial,-6.784978866577148,-6.712026119232178
482,initial,-7.399571895599365,-7.873079776763916
483,initial,-5.790286540985107,-5.842899799346924
484,initial,-5.872983932495117,-5.859346866607666
485,initial,-6.407498836517334,-6.328639507293701
486,initial,-6.407498836517334,-6.328639507293701
487,initial,-7.056399345397949,-6.862519264221191
488,initial,-5.646444320678711,-5.517458438873291
489,initial,-7.643952369689941,-7.4272847175598145
490,initial,-7.727658748626709,-7.7095947265625
491,initial,-9.005491256713867,-8.882486343383789
492,initial,-6.407498836517334,-6.328639507293701
493,initial,-5.644071102142334,-5.517667293548584
494,initial,-6.811773300170898,-6.413369655609131
495,initial,-7.807777404785156,-7.1554083824157715
496,initial,-5.5031633377075195,-5.8622636795043945
497,initial,-6.516398906707764,-6.456480503082275
498,initial,-5.644071102142334,-5.517667293548584
499,initial,-7.459101676940918,-6.798646926879883
500,initial,-6.086121082305908,-6.202125072479248
501,initial,-6.038914203643799,-6.174533367156982
502,initial,-6.960391044616699,-6.978698253631592
503,initial,-8.231660842895508,-8.174758911132812
504,initial,-5.967140197753906,-5.844209671020508
505,initial,-6.7022905349731445,-6.477573871612549
506,initial,-7.176783561706543,-6.805333137512207
507,initial,-7.907749652862549,-7.809510231018066
508,initial,-7.198305130004883,-7.010590553283691
509,initial,-6.076999187469482,-6.08582878112793
510,initial,-8.542078018188477,-8.168609619140625
511,initial,-7.852784156799316,-7.688577175140381
512,initial,-6.78407621383667,-6.8691325187683105
513,initial,-7.290865421295166,-6.898972988128662
514,initial,-6.387101650238037,-6.634998321533203
515,initial,-7.101275444030762,-6.867204189300537
516,initial,-7.300352573394775,-6.91281270980835
517,initial,-5.865510940551758,-5.88592004776001
518,initial,-7.147864818572998,-7.331571102142334
519,initial,-8.562946319580078,-8.322797775268555
520,initial,-8.031211853027344,-7.4444379806518555
521,initial,-7.422767639160156,-7.238565921783447
522,initial,-8.727551460266113,-8.22414493560791
523,initial,-6.904865264892578,-6.928078651428223
524,initial,-6.368078708648682,-6.3558669090271
525,initial,-7.499338150024414,-7.572503566741943
526,initial,-5.750955581665039,-5.6893534660339355
527,initial,-6.83565616607666,-6.608335971832275
528,initial,-9.176522254943848,-8.7369384765625
529,initial,-7.618018627166748,-7.229727745056152
530,initial,-6.65987491607666,-6.0912675857543945
531,initial,-8.832334518432617,-8.852425575256348
532,initial,-9.187520980834961,-7.990571022033691
533,initial,-7.920359134674072,-7.230443954467773
534,initial,-8.966229438781738,-7.569670677185059
535,initial,-6.226345062255859,-6.089982509613037
536,initial,-6.392415523529053,-6.752902984619141
537,initial,-8.832334518432617,-8.852425575256348
538,initial,-5.79765510559082,-5.873013019561768
539,initial,-6.482054710388184,-6.493648052215576
540,initial,-5.170319080352783,-5.563553810119629
541,initial,-5.7524847984313965,-5.718775272369385
542,initial,-6.101916790008545,-6.264482021331787
543,initial,-5.345535755157471,-5.6027326583862305
544,initial,-5.320769786834717,-5.677000045776367
545,initial,-5.8998541831970215,-6.2285943031311035
546,initial,-5.975797653198242,-6.080897808074951
547,initial,-6.358094692230225,-6.446977138519287
548,initial,-5.776299953460693,-5.810930252075195
549,initial,-6.409173488616943,-6.2718377113342285
550,initial,-5.914604663848877,-5.972105979919434
551,initial,-6.79581880569458,-6.7284417152404785
552,initial,-5.872188568115234,-6.035136699676514
553,initial,-7.2505974769592285,-7.06987190246582
554,initial,-6.7047882080078125,-7.19004487991333
555,initial,-7.354742527008057,-7.204792499542236
556,initial,-5.655912399291992,-6.142988204956055
557,initial,-6.022140026092529,-6.133739948272705
558,initial,-6.027829647064209,-5.750397682189941
559,initial,-5.7347941398620605,-6.111955642700195
560,initial,-7.450937271118164,-7.205060005187988
561,initial,-7.290530681610107,-6.8871259689331055
562,initial,-8.387232780456543,-7.861876487731934
563,initial,-5.809260368347168,-5.905148983001709
564,initial,-7.977936744689941,-7.812742233276367
565,initial,-6.140294075012207,-6.058084011077881
566,initial,-6.79541015625,-6.620997428894043
567,initial,-7.1246795654296875,-6.836880683898926
568,initial,-6.6490349769592285,-6.99421501159668
569,initial,-7.09741735458374,-7.144631862640381
570,initial,-7.429035663604736,-7.504611492156982
571,initial,-6.829894065856934,-6.612376689910889
572,initial,-6.892879009246826,-6.415256500244141
573,initial,-8.271833419799805,-8.0078706741333
574,initial,-5.766157150268555,-5.6903791427612305
575,initial,-5.812492847442627,-5.751565933227539
576,initial,-6.593924045562744,-5.999968528747559
577,initial,-5.101963996887207,-5.183368682861328
578,initial,-5.770216464996338,-5.660902500152588
579,initial,-5.93037748336792,-5.5330281257629395
580,initial,-7.870804786682129,-7.232525825500488
581,initial,-8.471396446228027,-7.796259880065918
582,initial,-7.473215579986572,-6.975269317626953
583,initial,-8.555195808410645,-7.823481559753418
584,initial,-8.077037811279297,-7.550143718719482
585,initial,-6.993098735809326,-6.125903606414795
586,initial,-7.873165607452393,-6.773809909820557
587,initial,-8.551863670349121,-7.90695333480835
588,initial,-7.982175350189209,-7.45253324508667
589,initial,-8.213860511779785,-7.633401393890381
590,initial,-8.658254623413086,-7.774346828460693
591,initial,-9.355411529541016,-8.07551097869873
592,initial,-8.772980690002441,-7.7104926109313965
593,initial,-7.596490383148193,-7.073464393615723
594,initial,-7.181270599365234,-6.313594341278076
595,initial,-8.61378002166748,-7.917278289794922
596,initial,-7.091156482696533,-6.236641883850098
597,initial,-8.486978530883789,-7.892788410186768
598,initial,-9.086499214172363,-7.938563823699951
599,initial,-7.724193572998047,-6.983776092529297
600,initial,-7.557204723358154,-7.4083733558654785
601,initial,-9.146060943603516,-8.93212604522705
602,initial,-9.753124237060547,-9.34466552734375
603,initial,-8.866278648376465,-8.179998397827148
604,initial,-7.557204723358154,-7.4083733558654785
605,initial,-7.471324920654297,-7.0994696617126465
606,initial,-8.995884895324707,-8.352349281311035
607,initial,-7.885154724121094,-7.533299446105957
608,initial,-8.614776611328125,-7.957668781280518
609,initial,-8.410030364990234,-7.672332763671875
610,initial,-7.520837306976318,-6.866128921508789
611,initial,-9.75312328338623,-9.34466552734375
612,initial,-7.248123645782471,-6.880293846130371
613,initial,-8.091177940368652,-7.524563312530518
614,initial,-7.22938871383667,-6.947654724121094
615,initial,-7.37933349609375,-7.249094486236572
616,initial,-7.168313503265381,-6.747269630432129
617,initial,-8.716631889343262,-7.536403179168701
618,initial,-7.373101234436035,-7.316793441772461
619,initial,-8.55478572845459,-8.179606437683105
620,initial,-6.94260311126709,-6.96354341506958
621,initial,-8.057992935180664,-7.533476829528809
622,initial,-7.985307693481445,-8.14247989654541
623,initial,-6.747856140136719,-6.488974094390869
624,initial,-7.439921855926514,-7.104711055755615
625,initial,-7.711347579956055,-7.136929512023926
626,initial,-8.147895812988281,-8.01465129852295
627,initial,-6.614426136016846,-6.352847099304199
628,initial,-7.564139366149902,-6.990834712982178
629,initial,-8.061484336853027,-7.75726318359375
630,initial,-7.8369927406311035,-7.322945594787598
631,initial,-7.572693824768066,-7.249424457550049
632,initial,-7.0262956619262695,-6.915821075439453
633,initial,-6.17054557800293,-5.821990966796875
634,initial,-7.103232383728027,-6.952566146850586
635,initial,-6.135316848754883,-6.105823516845703
636,initial,-7.236751079559326,-7.015262603759766
637,initial,-6.932245254516602,-6.61037540435791
638,initial,-8.0185546875,-7.6704583168029785
639,initial,-6.4381794929504395,-6.147054195404053
640,initial,-8.853013038635254,-7.303399085998535
641,initial,-8.122897148132324,-7.57656192779541
642,initial,-8.17880630493164,-7.452248573303223
643,initial,-9.064606666564941,-8.098376274108887
644,initial,-8.199882507324219,-7.511313438415527
645,initial,-9.2977294921875,-8.407020568847656
646,initial,-9.13365650177002,-8.688547134399414
647,initial,-7.489307403564453,-6.930752277374268
648,initial,-9.818492889404297,-8.694632530212402
649,initial,-8.545821189880371,-8.22291374206543
650,initial,-8.000495910644531,-7.628611087799072
651,initial,-7.290499687194824,-6.7484540939331055
652,initial,-7.453694820404053,-7.033064842224121
653,initial,-7.467691898345947,-7.378493785858154
654,initial,-8.099207878112793,-7.129230976104736
655,initial,-8.531353950500488,-8.256444931030273
656,initial,-8.766772270202637,-8.296571731567383
657,initial,-9.50011920928955,-8.277621269226074
658,initial,-8.536334037780762,-8.17461109161377
659,initial,-8.043251991271973,-7.796176910400391
660,initial,-7.689667224884033,-7.883996963500977
661,initial,-6.0486249923706055,-6.026070594787598
662,initial,-7.802356719970703,-7.657216548919678
663,initial,-7.395998001098633,-7.807074069976807
664,initial,-6.239022254943848,-6.331859111785889
665,initial,-6.59917688369751,-6.666450500488281
666,initial,-6.420523643493652,-6.523745536804199
667,initial,-7.258418083190918,-6.664657115936279
668,initial,-5.712331295013428,-5.660084247589111
669,initial,-5.951435089111328,-5.915240287780762
670,initial,-7.760715007781982,-7.746858596801758
671,initial,-6.631196022033691,-6.900319576263428
672,initial,-7.976878643035889,-7.995138168334961
673,initial,-6.3543596267700195,-6.221466541290283
674,initial,-7.760714530944824,-7.746858596801758
675,initial,-7.117488861083984,-7.286884784698486
676,initial,-8.33544635772705,-7.97622013092041
677,initial,-6.544367790222168,-6.595788955688477
678,initial,-6.8240861892700195,-6.851008892059326
679,initial,-7.201728820800781,-6.983788013458252
680,initial,-7.48938512802124,-7.025179862976074
681,initial,-7.7003068923950195,-7.248443603515625
682,initial,-7.254561424255371,-7.152709007263184
683,initial,-7.938510417938232,-7.333169460296631
684,initial,-7.770110130310059,-6.917244911193848
685,initial,-6.537933349609375,-5.8821516036987305
686,initial,-7.399577617645264,-6.924518585205078
687,initial,-6.497020721435547,-6.412961959838867
688,initial,-7.346175193786621,-6.996557235717773
689,initial,-7.9097113609313965,-7.49946928024292
690,initial,-6.749350070953369,-6.303616046905518
691,initial,-6.860041618347168,-6.212329864501953
692,initial,-7.657386779785156,-7.079582691192627
693,initial,-7.43184757232666,-6.848508834838867
694,initial,-6.975186347961426,-7.042835712432861
695,initial,-7.909268379211426,-7.616940021514893
696,initial,-8.41052532196045,-7.958340644836426
697,initial,-7.3642144203186035,-6.7252984046936035
698,initial,-7.3597846031188965,-6.87155818939209
699,initial,-6.372166633605957,-5.952341079711914
0,final,-6.370113372802734,-5.738048076629639
1,final,-10.067557334899902,-9.326347351074219
2,final,-8.052666664123535,-7.165102958679199
3,final,-9.249452590942383,-8.365656852722168
4,final,-9.114283561706543,-7.636690616607666
5,final,-10.161194801330566,-9.057746887207031
6,final,-10.643941879272461,-9.207636833190918
7,final,-10.401033401489258,-8.851268768310547
8,final,-8.468554496765137,-7.08453893661499
9,final,-8.052666664123535,-7.165102958679199
10,final,-8.152009963989258,-6.858587741851807
11,final,-7.980693817138672,-7.2522993087768555
12,final,-12.565591812133789,-10.30728816986084
13,final,-13.479791641235352,-11.262950897216797
14,final,-8.468554496765137,-7.08453893661499
15,final,-10.42039680480957,-8.93894100189209
16,final,-12.239507675170898,-10.286404609680176
17,final,-13.056411743164062,-11.945443153381348
18,final,-9.507044792175293,-8.664643287658691
19,final,-8.778289794921875,-7.6745734214782715
20,final,-6.907289028167725,-7.579294681549072
21,final,-12.625511169433594,-11.765731811523438
22,final,-10.682825088500977,-10.525840759277344
23,final,-7.237802982330322,-7.323976993560791
24,final,-11.959795951843262,-11.375885009765625
25,final,-7.237802982330322,-7.323976993560791
26,final,-8.213122367858887,-8.296631813049316
27,final,-9.263185501098633,-9.350152015686035
28,final,-8.633399963378906,-8.950745582580566
29,final,-6.662187099456787,-6.903774261474609
30,final,-7.039750576019287,-7.652003765106201
31,final,-9.086771011352539,-9.04613208770752
32,final,-10.682825088500977,-10.52584171295166
33,final,-9.086771965026855,-9.046133995056152
34,final,-8.902968406677246,-9.40945053100586
35,final,-10.781606674194336,-10.9136962890625
36,final,-8.633398056030273,-8.95074462890625
37,final,-9.086771965026855,-9.046133995056152
38,final,-7.0085296630859375,-7.6926751136779785
39,final,-10.325051307678223,-10.437888145446777
40,final,-7.953263759613037,-7.316286087036133
41,final,-11.434887886047363,-9.903305053710938
42,final,-9.865087509155273,-8.978497505187988
43,final,-9.131346702575684,-7.749349117279053
44,final,-12.603203773498535,-11.85581111907959
45,final,-12.889949798583984,-10.607909202575684
46,final,-6.6598801612854,-7.013629913330078
47,final,-9.394253730773926,-8.895766258239746
48,final,-10.110517501831055,-9.223821640014648
49,final,-9.449884414672852,-9.51826000213623
50,final,-8.878039360046387,-7.767717361450195
51,final,-10.598844528198242,-8.851703643798828
52,final,-9.870782852172852,-9.124467849731445
53,final,-12.74345874786377,-12.62938404083252
54,final,-8.659627914428711,-7.404772758483887
55,final,-6.714756011962891,-7.177308082580566
56,final,-11.208528518676758,-10.65412712097168
57,final,-7.900062561035156,-7.068665027618408
58,final,-7.794101238250732,-6.0197434425354
59,final,-13.214680671691895,-12.168916702270508
60,final,-14.668839454650879,-12.322680473327637
61,final,-14.778970718383789,-11.295453071594238
62,final,-11.803190231323242,-9.184985160827637
63,final,-11.393747329711914,-9.548645973205566
64,final,-11.579265594482422,-9.559343338012695
65,final,-9.961751937866211,-7.815242290496826
66,final,-10.280913352966309,-8.375061988830566
67,final,-14.65818977355957,-11.453475952148438
68,final,-8.045361518859863,-6.206466197967529
69,final,-8.451891899108887,-5.904387950897217
70,final,-9.189769744873047,-7.82587194442749
71,final,-11.413440704345703,-8.697991371154785
72,final,-6.703232288360596,-5.67586088180542
73,final,-10.232220649719238,-8.852923393249512
74,final,-12.995200157165527,-11.239130973815918
75,final,-10.563911437988281,-8.508581161499023
76,final,-9.483448028564453,-7.9316534996032715
77,final,-12.035451889038086,-9.174781799316406
78,final,-10.485553741455078,-8.799857139587402
79,final,-11.505207061767578,-9.494751930236816
80,final,-7.323734283447266,-6.735122203826904
81,final,-7.648073196411133,-6.940084934234619
82,final,-7.09356689453125,-6.05605936050415
83,final,-8.2454833984375,-7.9303879737854
84,final,-8.095207214355469,-7.266700744628906
85,final,-12.388150215148926,-10.714146614074707
86,final,-13.2730712890625,-11.437051773071289
87,final,-7.560744762420654,-6.811885356903076
88,final,-9.888982772827148,-8.853429794311523
89,final,-8.288264274597168,-7.6399126052856445
90,final,-8.769001007080078,-8.373812675476074
91,final,-12.182914733886719,-10.479559898376465
92,final,-10.019161224365234,-9.032756805419922
93,final,-8.56339168548584,-7.47410249710083
94,final,-8.480733871459961,-7.505375385284424
95,final,-8.647940635681152,-7.77964448928833
96,final,-8.031861305236816,-7.081455707550049
97,final,-9.631648063659668,-8.768524169921875
98,final,-10.186985969543457,-8.971616744995117
99,final,-5.95272970199585,-6.0266289710998535
100,final,-7.333009719848633,-6.705463409423828
101,final,-11.45655632019043,-9.781322479248047
102,final,-9.33115291595459,-8.809107780456543
103,final,-12.604453086853027,-10.965531349182129
104,final,-12.604453086853027,-10.965531349182129
105,final,-8.847506523132324,-8.495704650878906
106,final,-12.381766319274902,-10.288949012756348
107,final,-7.1822590827941895,-6.6102471351623535
108,final,-7.7385382652282715,-7.029537200927734
109,final,-10.223916053771973,-8.824997901916504
110,final,-9.012166023254395,-7.949450492858887
111,final,-8.9600248336792,-7.467540264129639
112,final,-9.867880821228027,-7.980447292327881
113,final,-9.254725456237793,-7.973427772521973
114,final,-12.430863380432129,-10.801045417785645
115,final,-9.626770973205566,-8.747262001037598
116,final,-13.956807136535645,-11.84781551361084
117,final,-11.266236305236816,-10.319348335266113
118,final,-12.381766319274902,-10.288949012756348
119,final,-8.729155540466309,-7.909202575683594
120,final,-8.016092300415039,-6.285708904266357
121,final,-7.917105197906494,-6.2020158767700195
122,final,-13.269556999206543,-10.8185453414917
123,final,-5.996954917907715,-4.481100559234619
124,final,-4.879755973815918,-3.8474483489990234
125,final,-9.962695121765137,-7.764791965484619
126,final,-7.324330806732178,-5.891820907592773
127,final,-12.946603775024414,-10.087392807006836
128,final,-7.986454010009766,-6.270184516906738
129,final,-9.476365089416504,-7.464960098266602
130,final,-6.145981311798096,-4.520431995391846
131,final,-8.553413391113281,-6.71873140335083
132,final,-7.808412075042725,-6.441066265106201
133,final,-7.521109104156494,-5.78231954574585
134,final,-9.476365089416504,-7.464960098266602
135,final,-5.001182556152344,-3.6099908351898193
136,final,-11.344711303710938,-9.249542236328125
137,final,-5.001182556152344,-3.6099908351898193
138,final,-9.96269416809082,-7.764791011810303
139,final,-9.455988883972168,-7.818826198577881
140,final,-7.269095420837402,-6.204258918762207
141,final,-11.935684204101562,-11.907621383666992
142,final,-9.13335132598877,-8.280448913574219
143,final,-7.666079998016357,-6.861791610717773
144,final,-8.670225143432617,-7.658797264099121
145,final,-9.90408992767334,-9.740800857543945
146,final,-9.692038536071777,-7.675388336181641
147,final,-12.257527351379395,-10.047297477722168
148,final,-9.4550142288208,-8.45655632019043
149,final,-11.26503849029541,-10.24777889251709
150,final,-13.114919662475586,-10.951692581176758
151,final,-11.254082679748535,-9.868918418884277
152,final,-12.789505004882812,-12.568235397338867
153,final,-9.045050621032715,-7.88184118270874
154,final,-7.269095420837402,-6.204258918762207
155,final,-9.692038536071777,-7.675388336181641
156,final,-9.496602058410645,-8.273700714111328
157,final,-9.437840461730957,-8.164811134338379
158,final,-8.249990463256836,-7.393259048461914
159,final,-9.692038536071777,-7.675388336181641
160,final,-11.755414009094238,-8.769710540771484
161,final,-9.820207595825195,-7.198666095733643
162,final,-9.000555992126465,-7.38468074798584
163,final,-14.290771484375,-10.826626777648926
164,final,-10.369300842285156,-7.4384002685546875
165,final,-8.050127029418945,-5.844027042388916
166,final,-9.146430969238281,-7.001101970672607
167,final,-14.290771484375,-10.826626777648926
168,final,-11.538538932800293,-8.323498725891113
169,final,-9.676290512084961,-7.445131778717041
170,final,-14.041296005249023,-10.782843589782715
171,final,-11.130353927612305,-8.629525184631348
172,final,-9.744454383850098,-7.4927778244018555
173,final,-12.673798561096191,-9.65036392211914
174,final,-11.110222816467285,-7.94546365737915
175,final,-9.849814414978027,-6.715992450714111
176,final,-10.883671760559082,-8.294316291809082
177,final,-13.509418487548828,-10.484509468078613
178,final,-10.435606956481934,-8.079863548278809
179,final,-10.887249946594238,-7.235475540161133
180,final,-10.899531364440918,-9.094547271728516
181,final,-7.071364402770996,-6.267685890197754
182,final,-7.014012336730957,-6.155133247375488
183,final,-9.229707717895508,-7.936000347137451
184,final,-8.007904052734375,-7.7939133644104
185,final,-8.859195709228516,-7.254749774932861
186,final,-12.286598205566406,-10.298377990722656
187,final,-12.108258247375488,-10.126602172851562
188,final,-8.137575149536133,-7.220351219177246
189,final,-7.67687463760376,-7.202663421630859
190,final,-8.119007110595703,-7.071399688720703
191,final,-10.899531364440918,-9.094547271728516
192,final,-9.690873146057129,-8.837099075317383
193,final,-11.237229347229004,-9.368099212646484
194,final,-10.314332962036133,-9.763191223144531
195,final,-8.192388534545898,-7.091106414794922
196,final,-7.744470596313477,-7.302524566650391
197,final,-7.3502044677734375,-6.2553935050964355
198,final,-11.365381240844727,-9.28303337097168
199,final,-8.682239532470703,-8.434370040893555
200,final,-7.318692684173584,-5.960052490234375
201,final,-12.564332008361816,-10.962309837341309
202,final,-12.220932960510254,-10.778166770935059
203,final,-9.37852954864502,-8.467625617980957
204,final,-9.37852954864502,-8.467625617980957
205,final,-8.275627136230469,-6.736979961395264
206,final,-12.173766136169434,-10.161528587341309
207,final,-8.745390892028809,-7.852470397949219
208,final,-9.37852954864502,-8.467625617980957
209,final,-8.275627136230469,-6.736979961395264
210,final,-11.378010749816895,-9.532995223999023
211,final,-9.701770782470703,-8.503314018249512
212,final,-9.701770782470703,-8.503314018249512
213,final,-12.911602020263672,-11.039113998413086
214,final,-11.378010749816895,-9.532995223999023
215,final,-8.81596851348877,-7.692154884338379
216,final,-12.839202880859375,-11.29757022857666
217,final,-9.160157203674316,-7.695162296295166
218,final,-8.143208503723145,-6.721048355102539
219,final,-5.065562725067139,-4.6207075119018555
220,final,-6.947578430175781,-6.280580997467041
221,final,-12.3672456741333,-11.173975944519043
222,final,-11.71718692779541,-8.824262619018555
223,final,-11.916824340820312,-9.003024101257324
224,final,-11.90731143951416,-10.757547378540039
225,final,-9.503676414489746,-8.62961196899414
226,final,-12.382009506225586,-11.371880531311035
227,final,-7.552979469299316,-7.12628698348999
228,final,-9.479061126708984,-8.440549850463867
229,final,-9.503676414489746,-8.62961196899414
230,final,-9.728302955627441,-8.96782398223877
231,final,-8.463440895080566,-7.3641486167907715
232,final,-12.55690860748291,-10.999061584472656
233,final,-12.492048263549805,-11.076034545898438
234,final,-9.932968139648438,-9.210716247558594
235,final,-9.212160110473633,-8.204669952392578
236,final,-7.637548446655273,-6.813135147094727
237,final,-7.571882247924805,-7.012546539306641
238,final,-9.96666431427002,-8.808723449707031
239,final,-10.861029624938965,-10.320140838623047
240,final,-6.75396728515625,-6.972133159637451
241,final,-10.493301391601562,-9.861330032348633
242,final,-8.770703315734863,-8.764822006225586
243,final,-13.655447006225586,-11.53995418548584
244,final,-8.624469757080078,-8.57012939453125
245,final,-8.990509986877441,-9.007333755493164
246,final,-13.071615219116211,-11.487662315368652
247,final,-8.90690803527832,-8.591165542602539
248,final,-8.96591567993164,-8.800325393676758
249,final,-12.387350082397461,-11.706005096435547
250,final,-8.433300971984863,-8.306282043457031
251,final,-11.755844116210938,-9.483890533447266
252,final,-7.968745708465576,-6.501772880554199
253,final,-10.370748519897461,-10.128011703491211
254,final,-10.607366561889648,-9.95207405090332
255,final,-13.347857475280762,-11.700750350952148
256,final,-8.80688762664795,-9.191779136657715
257,final,-11.581212997436523,-11.33431339263916
258,final,-10.410717010498047,-9.718361854553223
259,final,-7.373839855194092,-7.019773006439209
260,final,-9.420719146728516,-8.641965866088867
261,final,-10.055131912231445,-10.059904098510742
262,final,-10.444238662719727,-9.820418357849121
263,final,-9.039793968200684,-8.324665069580078
264,final,-10.45352554321289,-9.160218238830566
265,final,-11.338861465454102,-10.277359008789062
266,final,-9.778735160827637,-9.241371154785156
267,final,-10.647541046142578,-10.827878952026367
268,final,-11.132925987243652,-9.870111465454102
269,final,-8.855083465576172,-8.290117263793945
270,final,-9.019353866577148,-8.019699096679688
271,final,-5.53480339050293,-6.10275411605835
272,final,-8.055131912231445,-8.095948219299316
273,final,-10.74712085723877,-10.740372657775879
274,final,-9.341209411621094,-8.439983367919922
275,final,-7.302035331726074,-7.036593914031982
276,final,-6.278910160064697,-6.120974540710449
277,final,-10.826091766357422,-10.488512992858887
278,final,-11.145925521850586,-10.157100677490234
279,final,-6.863210678100586,-5.763942718505859
280,final,-11.588221549987793,-9.63027572631836
281,final,-14.028757095336914,-12.000818252563477
282,final,-12.918330192565918,-12.30377197265625
283,final,-12.94671630859375,-12.431492805480957
284,final,-8.587947845458984,-7.6845550537109375
285,final,-12.987554550170898,-10.751751899719238
286,final,-10.944068908691406,-9.273494720458984
287,final,-9.659467697143555,-7.8862104415893555
288,final,-8.626679420471191,-6.885234355926514
289,final,-8.406022071838379,-7.621321201324463
290,final,-10.127899169921875,-9.074633598327637
291,final,-10.974635124206543,-9.338079452514648
292,final,-13.924976348876953,-12.257681846618652
293,final,-10.97121524810791,-9.251554489135742
294,final,-8.538616180419922,-7.195456504821777
295,final,-10.567998886108398,-8.839977264404297
296,final,-8.130735397338867,-6.64591121673584
297,final,-11.788481712341309,-9.763120651245117
298,final,-14.137128829956055,-12.135749816894531
299,final,-10.278642654418945,-9.149133682250977
300,final,-9.743083000183105,-9.663949012756348
301,final,-12.533775329589844,-11.150248527526855
302,final,-5.730382442474365,-5.710901260375977
303,final,-8.46352767944336,-7.834412097930908
304,final,-10.428442001342773,-8.470843315124512
305,final,-8.626265525817871,-9.394941329956055
306,final,-11.69124984741211,-11.00448989868164
307,final,-10.260594367980957,-8.540932655334473
308,final,-8.291001319885254,-7.233781337738037
309,final,-7.7737860679626465,-6.822988986968994
310,final,-11.931439399719238,-11.206302642822266
311,final,-8.966418266296387,-8.089947700500488
312,final,-8.147843360900879,-7.671232223510742
313,final,-9.191788673400879,-8.397608757019043
314,final,-11.13757038116455,-9.99213981628418
315,final,-7.0442423820495605,-6.244880199432373
316,final,-7.528322696685791,-6.5549421310424805
317,final,-11.353012084960938,-9.490476608276367
318,final,-6.980882167816162,-6.244058609008789
319,final,-8.982036590576172,-9.731441497802734
320,final,-6.84134578704834,-6.505123138427734
321,final,-8.466814041137695,-7.393892288208008
322,final,-13.331451416015625,-11.089483261108398
323,final,-6.586491107940674,-6.242831230163574
324,final,-9.166942596435547,-8.501594543457031
325,final,-12.343021392822266,-10.60053825378418
326,final,-12.095101356506348,-10.688892364501953
327,final,-8.903112411499023,-8.706989288330078
328,final,-7.414192199707031,-6.916330814361572
329,final,-13.386748313903809,-11.157156944274902
330,final,-8.402410507202148,-7.790869235992432
331,final,-9.01187801361084,-8.650806427001953
332,final,-11.492380142211914,-10.404394149780273
333,final,-11.141179084777832,-10.6780424118042
334,final,-7.159488201141357,-6.858586311340332
335,final,-7.343560218811035,-6.7829999923706055
336,final,-11.354520797729492,-9.745721817016602
337,final,-7.024419784545898,-6.484152793884277
338,final,-7.151553630828857,-6.536386013031006
339,final,-11.036345481872559,-9.864571571350098
340,final,-7.761314392089844,-7.625359535217285
341,final,-10.479291915893555,-9.64452838897705
342,final,-12.621437072753906,-11.669636726379395
343,final,-8.070928573608398,-8.47194766998291
344,final,-12.901278495788574,-12.08467960357666
345,final,-8.551604270935059,-8.455686569213867
346,final,-13.210238456726074,-11.612114906311035
347,final,-9.120893478393555,-8.858413696289062
348,final,-12.959683418273926,-11.935343742370605
349,final,-9.411590576171875,-9.05025863647461
350,final,-10.14300537109375,-10.420560836791992
351,final,-10.998187065124512,-10.777828216552734
352,final,-13.875102996826172,-12.983405113220215
353,final,-10.52366828918457,-9.81180477142334
354,final,-8.76158618927002,-8.400909423828125
355,final,-14.35436725616455,-14.029237747192383
356,final,-11.10724925994873,-11.032126426696777
357,final,-10.27064037322998,-9.932011604309082
358,final,-7.964001655578613,-7.629535675048828
359,final,-14.010527610778809,-12.899253845214844
360,final,-8.40626049041748,-9.08926773071289
361,final,-9.25091552734375,-9.92081069946289
362,final,-6.545399188995361,-7.5564188957214355
363,final,-7.738320827484131,-8.811050415039062
364,final,-3.33866548538208,-4.937650680541992
365,final,-4.38373327255249,-5.779453277587891
366,final,-8.237506866455078,-9.412772178649902
367,final,-9.864574432373047,-10.534940719604492
368,final,-12.577544212341309,-12.82202434539795
369,final,-10.362737655639648,-11.51401424407959
370,final,-6.815434455871582,-7.872514247894287
371,final,-9.53076171875,-10.868904113769531
372,final,-12.197486877441406,-12.563559532165527
373,final,-9.778368949890137,-11.098359107971191
374,final,-9.8236722946167,-10.615145683288574
375,final,-9.857792854309082,-10.11114501953125
376,final,-4.661987781524658,-6.431590557098389
377,final,-9.25091552734375,-9.92081069946289
378,final,-7.738320827484131,-8.811050415039062
379,final,-13.249591827392578,-13.382644653320312
380,final,-8.94619369506836,-8.84469985961914
381,final,-13.494532585144043,-12.664958953857422
382,final,-8.815511703491211,-8.764371871948242
383,final,-10.454421997070312,-10.079364776611328
384,final,-8.208207130432129,-8.647881507873535
385,final,-7.150321960449219,-8.737506866455078
386,final,-12.525504112243652,-12.120429039001465
387,final,-9.193081855773926,-9.10428237915039
388,final,-9.512664794921875,-9.822429656982422
389,final,-6.5845465660095215,-6.829798221588135
390,final,-6.589695930480957,-7.367327690124512
391,final,-9.494728088378906,-9.501012802124023
392,final,-8.793990135192871,-9.513652801513672
393,final,-10.047050476074219,-8.817179679870605
394,final,-8.37839126586914,-9.010573387145996
395,final,-10.488061904907227,-10.548965454101562
396,final,-9.422282218933105,-9.276386260986328
397,final,-6.75609827041626,-7.518074035644531
398,final,-8.997062683105469,-9.164896965026855
399,final,-8.515303611755371,-9.132984161376953
400,final,-10.526397705078125,-8.516544342041016
401,final,-8.665205001831055,-8.044469833374023
402,final,-10.273961067199707,-8.960162162780762
403,final,-8.405107498168945,-8.858988761901855
404,final,-10.658937454223633,-9.655678749084473
405,final,-13.734580993652344,-12.912681579589844
406,final,-15.226475715637207,-13.159497261047363
407,final,-11.427157402038574,-10.055551528930664
408,final,-7.604635715484619,-7.57625150680542
409,final,-7.684989929199219,-6.757956027984619
410,final,-5.943853855133057,-5.918420314788818
411,final,-8.568883895874023,-7.854677200317383
412,final,-12.700851440429688,-11.403346061706543
413,final,-10.308456420898438,-9.652043342590332
414,final,-9.974212646484375,-10.330723762512207
415,final,-12.946192741394043,-11.096606254577637
416,final,-12.474650382995605,-10.742362022399902
417,final,-12.704706192016602,-11.592793464660645
418,final,-14.379558563232422,-12.82202434539795
419,final,-8.405107498168945,-8.858988761901855
420,final,-8.517616271972656,-8.79955005645752
421,final,-8.111469268798828,-7.695645332336426
422,final,-10.795792579650879,-10.403392791748047
423,final,-10.464472770690918,-10.64313793182373
424,final,-7.2825164794921875,-7.4840497970581055
425,final,-8.608600616455078,-8.346362113952637
426,final,-12.324117660522461,-11.07957649230957
427,final,-12.378817558288574,-11.694581031799316
428,final,-10.493062019348145,-9.88461685180664
429,final,-8.843851089477539,-8.883502960205078
430,final,-11.033233642578125,-10.81929874420166
431,final,-9.07545280456543,-9.90913200378418
432,final,-7.608656883239746,-8.049579620361328
433,final,-10.014822959899902,-9.16746711730957
434,final,-9.459739685058594,-8.641552925109863
435,final,-8.08163833618164,-7.678215026855469
436,final,-5.848794937133789,-6.766053676605225
437,final,-7.688779830932617,-7.653287410736084
438,final,-9.373852729797363,-8.959797859191895
439,final,-7.749075889587402,-7.611271381378174
440,final,-10.444178581237793,-10.018691062927246
441,final,-7.833664894104004,-7.742147445678711
442,final,-7.3738694190979,-6.989351749420166
443,final,-11.173051834106445,-10.797417640686035
444,final,-6.888265132904053,-6.704746723175049
445,final,-10.068367958068848,-9.626482009887695
446,final,-8.907303810119629,-9.735776901245117
447,final,-9.808198928833008,-9.80565071105957
448,final,-8.756591796875,-8.727534294128418
449,final,-7.258055686950684,-6.898984909057617
450,final,-8.75322151184082,-8.757779121398926
451,final,-12.696022987365723,-11.977792739868164
452,final,-9.293360710144043,-8.879457473754883
453,final,-8.492705345153809,-8.54291820526123
454,final,-8.24497127532959,-7.674529075622559
455,final,-9.538217544555664,-9.368803024291992
456,final,-11.074833869934082,-10.773712158203125
457,final,-6.168440341949463,-6.712059497833252
458,final,-12.264759063720703,-12.088276863098145
459,final,-6.735122203826904,-6.710029602050781
460,final,-9.899504661560059,-8.724525451660156
461,final,-7.379702568054199,-7.111670970916748
462,final,-7.3755903244018555,-6.949099540710449
463,final,-6.784637451171875,-6.44475793838501
464,final,-8.038728713989258,-7.538374900817871
465,final,-10.396292686462402,-9.73920726776123
466,final,-10.027029037475586,-9.302339553833008
467,final,-7.87084436416626,-7.270681381225586
468,final,-8.045206069946289,-7.7104973793029785
469,final,-9.571941375732422,-8.904014587402344
470,final,-8.274027824401855,-7.9070143699646
471,final,-10.258152961730957,-9.026346206665039
472,final,-7.764952659606934,-7.036922454833984
473,final,-7.525935649871826,-7.225768089294434
474,final,-7.381142616271973,-6.786381721496582
475,final,-8.218792915344238,-7.799245357513428
476,final,-7.855892658233643,-7.416135311126709
477,final,-10.543850898742676,-9.290748596191406
478,final,-10.565768241882324,-10.193170547485352
479,final,-7.179111480712891,-6.936868190765381
480,final,-5.170472145080566,-5.59473991394043
481,final,-6.631243705749512,-6.487484931945801
482,final,-6.094913005828857,-6.775918483734131
483,final,-6.561221122741699,-7.0936689376831055
484,final,-6.334249973297119,-6.771944999694824
485,final,-7.544857025146484,-7.726081371307373
486,final,-7.544857025146484,-7.726081371307373
487,final,-7.158138751983643,-7.513574123382568
488,final,-6.032759666442871,-6.503783702850342
489,final,-11.843305587768555,-9.158113479614258
490,final,-10.73369312286377,-10.797052383422852
491,final,-8.752118110656738,-9.132380485534668
492,final,-7.544857025146484,-7.726081371307373
493,final,-6.156617641448975,-6.636350631713867
494,final,-7.144001007080078,-7.76347541809082
495,final,-7.34644079208374,-7.399903297424316
496,final,-4.749302387237549,-4.9777421951293945
497,final,-9.972386360168457,-10.031418800354004
498,final,-6.156617641448975,-6.636350631713867
499,final,-7.436555862426758,-7.489371299743652
500,final,-6.748380184173584,-7.5693464279174805
501,final,-8.39574909210205,-9.313862800598145
502,final,-8.105826377868652,-7.978193759918213
503,final,-9.3930025100708,-8.810302734375
504,final,-9.324861526489258,-9.82352352142334
505,final,-7.213110446929932,-7.195669174194336
506,final,-7.554337501525879,-7.7829365730285645
507,final,-9.271404266357422,-8.778571128845215
508,final,-9.629656791687012,-8.610994338989258
509,final,-10.011002540588379,-10.129229545593262
510,final,-9.09658145904541,-9.756750106811523
511,final,-8.726978302001953,-8.330366134643555
512,final,-7.763437271118164,-7.9919819831848145
513,final,-8.837274551391602,-8.481781959533691
514,final,-8.783466339111328,-9.792040824890137
515,final,-7.272195816040039,-7.7380499839782715
516,final,-11.503572463989258,-10.327091217041016
517,final,-7.312243938446045,-7.436744689941406
518,final,-8.411504745483398,-7.824850559234619
519,final,-9.913402557373047,-9.419085502624512
520,final,-7.61295747756958,-6.433882236480713
521,final,-8.971311569213867,-7.889280319213867
522,final,-7.209090232849121,-6.41391134262085
523,final,-7.8228607177734375,-7.314515113830566
524,final,-5.84932804107666,-5.221248149871826
525,final,-8.761974334716797,-7.7504472732543945
526,final,-6.636866569519043,-6.2852864265441895
527,final,-10.250151634216309,-9.676918983459473
528,final,-10.240877151489258,-8.969794273376465
529,final,-9.698025703430176,-8.367415428161621
530,final,-10.300054550170898,-9.231331825256348
531,final,-8.392889976501465,-7.311614036560059
532,final,-8.466974258422852,-6.9036784172058105
533,final,-12.560652732849121,-11.103290557861328
534,final,-9.686494827270508,-7.653574466705322
535,final,-7.889342308044434,-7.2992753982543945
536,final,-6.234317302703857,-5.334428787231445
537,final,-8.392889976501465,-7.311614036560059
538,final,-6.98223876953125,-6.805784225463867
539,final,-8.725092887878418,-7.886909008026123
540,final,-6.70481538772583,-6.997101783752441
541,final,-6.7770490646362305,-6.5042805671691895
542,final,-5.844332695007324,-5.7362236976623535
543,final,-6.641104221343994,-6.427675724029541
544,final,-7.00811767578125,-6.8354573249816895
545,final,-8.313404083251953,-7.975124835968018
546,final,-7.123210906982422,-6.6891937255859375
547,final,-9.862009048461914,-8.664189338684082
548,final,-8.406907081604004,-7.57621431350708
549,final,-10.224401473999023,-9.693097114562988
550,final,-7.7488837242126465,-7.432712078094482
551,final,-7.547088623046875,-7.455799102783203
552,final,-8.563693046569824,-8.343755722045898
553,final,-10.232389450073242,-9.750662803649902
554,final,-8.099668502807617,-7.6688761711120605
555,final,-8.754566192626953,-8.735674858093262
556,final,-8.173649787902832,-7.571005344390869
557,final,-8.452552795410156,-7.671316623687744
558,final,-5.7364726066589355,-5.203763484954834
559,final,-8.795841217041016,-9.119030952453613
560,final,-8.260783195495605,-7.859696865081787
561,final,-8.021782875061035,-7.632106781005859
562,final,-11.82370662689209,-10.179959297180176
563,final,-9.501235008239746,-9.318514823913574
564,final,-8.578478813171387,-8.366656303405762
565,final,-6.58686637878418,-6.301014423370361
566,final,-7.967329978942871,-7.435853481292725
567,final,-9.987671852111816,-9.561203956604004
568,final,-11.119710922241211,-9.773161888122559
569,final,-8.458545684814453,-8.381011009216309
570,final,-6.677435874938965,-6.110435485839844
571,final,-7.826804161071777,-7.123010158538818
572,final,-9.925532341003418,-9.342324256896973
573,final,-8.973071098327637,-8.591045379638672
574,final,-7.958245277404785,-7.896184921264648
575,final,-8.735116004943848,-8.44511890411377
576,final,-7.411509990692139,-7.140172481536865
577,final,-6.279648303985596,-6.114743709564209
578,final,-6.959469318389893,-6.663620471954346
579,final,-8.52828311920166,-8.119706153869629
580,final,-8.402251243591309,-7.774783611297607
581,final,-11.91574764251709,-10.639495849609375
582,final,-8.993617057800293,-7.956120491027832
583,final,-9.625134468078613,-8.18479061126709
584,final,-11.158116340637207,-9.644357681274414
585,final,-10.1087007522583,-9.357455253601074
586,final,-8.002005577087402,-7.330153465270996
587,final,-12.357518196105957,-10.951210975646973
588,final,-12.816033363342285,-11.358810424804688
589,final,-12.685688972473145,-11.08674144744873
590,final,-9.252846717834473,-8.171561241149902
591,final,-10.157100677490234,-8.509305000305176
592,final,-9.249138832092285,-8.07943058013916
593,final,-9.010481834411621,-8.294495582580566
594,final,-7.609920024871826,-6.7554497718811035
595,final,-12.911896705627441,-10.692071914672852
596,final,-10.376485824584961,-9.306398391723633
597,final,-6.574548244476318,-5.483661651611328
598,final,-10.138436317443848,-8.751760482788086
599,final,-10.689366340637207,-9.017766952514648
600,final,-10.587841033935547,-9.17645263671875
601,final,-11.62543773651123,-11.225518226623535
602,final,-8.135615348815918,-7.890008449554443
603,final,-8.963424682617188,-8.551090240478516
604,final,-10.587841033935547,-9.17645263671875
605,final,-5.46137809753418,-5.329266548156738
606,final,-8.1929292678833,-7.639207363128662
607,final,-7.342798709869385,-7.675081729888916
608,final,-7.65686559677124,-7.297574043273926
609,final,-8.401723861694336,-8.087494850158691
610,final,-6.7612624168396,-7.113870620727539
611,final,-8.13561725616455,-7.890006065368652
612,final,-6.5961594581604,-6.911356449127197
613,final,-10.298198699951172,-9.391106605529785
614,final,-5.230162143707275,-5.025778770446777
615,final,-5.765563488006592,-5.768182277679443
616,final,-12.38155460357666,-10.890897750854492
617,final,-8.09948444366455,-8.093782424926758
618,final,-9.87548542022705,-9.973328590393066
619,final,-12.85683822631836,-11.772587776184082
620,final,-6.335214138031006,-6.878165245056152
621,final,-9.62157917022705,-8.652164459228516
622,final,-9.413057327270508,-8.863480567932129
623,final,-7.846384525299072,-8.039770126342773
624,final,-10.157244682312012,-10.889078140258789
625,final,-12.216655731201172,-12.175491333007812
626,final,-11.369619369506836,-10.671272277832031
627,final,-8.034293174743652,-7.747593879699707
628,final,-9.980544090270996,-8.958772659301758
629,final,-9.385716438293457,-8.582074165344238
630,final,-9.326993942260742,-8.326974868774414
631,final,-9.229559898376465,-8.118582725524902
632,final,-8.017143249511719,-8.946553230285645
633,final,-7.3177337646484375,-7.383496284484863
634,final,-6.881524085998535,-6.101673126220703
635,final,-7.435507774353027,-7.05873966217041
636,final,-6.8835577964782715,-6.19199275970459
637,final,-7.275390625,-6.5290327072143555
638,final,-10.684837341308594,-11.19079875946045
639,final,-7.593944072723389,-7.227171421051025
640,final,-8.329760551452637,-6.148932456970215
641,final,-8.935433387756348,-7.39095401763916
642,final,-11.219080924987793,-9.054139137268066
643,final,-11.24227523803711,-9.844674110412598
644,final,-7.656993389129639,-6.4799299240112305
645,final,-9.767717361450195,-7.904775619506836
646,final,-13.30748462677002,-11.22761058807373
647,final,-10.614713668823242,-8.013846397399902
648,final,-14.367196083068848,-11.662819862365723
649,final,-13.207481384277344,-12.394959449768066
650,final,-14.048686027526855,-11.924910545349121
651,final,-11.333650588989258,-9.903886795043945
652,final,-9.598451614379883,-7.849410057067871
653,final,-12.758872985839844,-9.908262252807617
654,final,-7.268526554107666,-5.962512493133545
655,final,-10.330212593078613,-8.37397575378418
656,final,-9.992680549621582,-8.396231651306152
657,final,-12.094277381896973,-10.448415756225586
658,final,-12.905447959899902,-10.961701393127441
659,final,-13.828499794006348,-10.830451965332031
660,final,-11.205116271972656,-10.633234977722168
661,final,-7.894217491149902,-7.812481880187988
662,final,-9.44308090209961,-8.62297248840332
663,final,-9.214253425598145,-8.437963485717773
664,final,-5.6367082595825195,-5.841264247894287
665,final,-10.67926025390625,-10.058868408203125
666,final,-7.239818572998047,-7.056123733520508
667,final,-7.0190911293029785,-6.264132022857666
668,final,-5.812557697296143,-5.729065895080566
669,final,-8.819363594055176,-8.657975196838379
670,final,-9.63719654083252,-9.494680404663086
671,final,-8.017401695251465,-7.1082587242126465
672,final,-6.023911476135254,-5.901751518249512
673,final,-7.485258102416992,-7.158561706542969
674,final,-9.637198448181152,-9.494683265686035
675,final,-10.411381721496582,-10.204489707946777
676,final,-9.828776359558105,-9.202561378479004
677,final,-9.268815994262695,-8.857590675354004
678,final,-9.261777877807617,-9.375741958618164
679,final,-7.5652570724487305,-7.616374492645264
680,final,-6.1647772789001465,-5.789680480957031
681,final,-9.39420223236084,-8.861536979675293
682,final,-8.311216354370117,-7.814870357513428
683,final,-8.743124008178711,-8.13349437713623
684,final,-5.978365421295166,-5.393911361694336
685,final,-5.568469047546387,-5.23558235168457
686,final,-10.437103271484375,-9.616230010986328
687,final,-7.569418430328369,-6.893063545227051
688,final,-8.805956840515137,-8.214753150939941
689,final,-8.420538902282715,-8.098029136657715
690,final,-10.333515167236328,-9.243199348449707
691,final,-6.945573806762695,-6.50409460067749
692,final,-6.818099498748779,-6.1993842124938965
693,final,-9.617645263671875,-8.630257606506348
694,final,-11.351862907409668,-10.691984176635742
695,final,-8.141390800476074,-8.013262748718262
696,final,-8.742691993713379,-8.349358558654785
697,final,-9.395593643188477,-8.773876190185547
698,final,-8.108283996582031,-7.151438236236572
699,final,-9.793681144714355,-9.062236785888672
0,best,-6.370113372802734,-5.738048076629639
1,best,-10.067557334899902,-9.326347351074219
2,best,-8.052666664123535,-7.165102958679199
3,best,-9.249452590942383,-8.365656852722168
4,best,-9.114283561706543,-7.636690616607666
5,best,-10.161194801330566,-9.057746887207031
6,best,-10.643941879272461,-9.207636833190918
7,best,-10.401033401489258,-8.851268768310547
8,best,-8.468554496765137,-7.08453893661499
9,best,-8.052666664123535,-7.165102958679199
10,best,-8.152009963989258,-6.858587741851807
11,best,-7.980693817138672,-7.2522993087768555
12,best,-12.565591812133789,-10.30728816986084
13,best,-13.479791641235352,-11.262950897216797
14,best,-8.468554496765137,-7.08453893661499
15,best,-10.42039680480957,-8.93894100189209
16,best,-12.239507675170898,-10.286404609680176
17,best,-13.056411743164062,-11.945443153381348
18,best,-9.507044792175293,-8.664643287658691
19,best,-8.778289794921875,-7.6745734214782715
20,best,-6.907289028167725,-7.579294681549072
21,best,-12.625511169433594,-11.765731811523438
22,best,-10.682825088500977,-10.525840759277344
23,best,-7.237802982330322,-7.323976993560791
24,best,-11.959795951843262,-11.375885009765625
25,best,-7.237802982330322,-7.323976993560791
26,best,-8.213122367858887,-8.296631813049316
27,best,-9.263185501098633,-9.350152015686035
28,best,-8.633399963378906,-8.950745582580566
29,best,-6.662187099456787,-6.903774261474609
30,best,-7.039750576019287,-7.652003765106201
31,best,-9.086771011352539,-9.04613208770752
32,best,-10.682825088500977,-10.52584171295166
33,best,-9.086771965026855,-9.046133995056152
34,best,-8.902968406677246,-9.40945053100586
35,best,-10.781606674194336,-10.9136962890625
36,best,-8.633398056030273,-8.95074462890625
37,best,-9.086771965026855,-9.046133995056152
38,best,-7.0085296630859375,-7.6926751136779785
39,best,-10.325051307678223,-10.437888145446777
40,best,-7.953263759613037,-7.316286087036133
41,best,-11.434887886047363,-9.903305053710938
42,best,-9.865087509155273,-8.978497505187988
43,best,-9.131346702575684,-7.749349117279053
44,best,-12.603203773498535,-11.85581111907959
45,best,-12.889949798583984,-10.607909202575684
46,best,-6.6598801612854,-7.013629913330078
47,best,-9.394253730773926,-8.895766258239746
48,best,-10.110517501831055,-9.223821640014648
49,best,-9.449884414672852,-9.51826000213623
50,best,-8.878039360046387,-7.767717361450195
51,best,-10.598844528198242,-8.851703643798828
52,best,-9.870782852172852,-9.124467849731445
53,best,-12.74345874786377,-12.62938404083252
54,best,-8.659627914428711,-7.404772758483887
55,best,-6.714756011962891,-7.177308082580566
56,best,-11.208528518676758,-10.65412712097168
57,best,-7.900062561035156,-7.068665027618408
58,best,-7.794101238250732,-6.0197434425354
59,best,-13.214680671691895,-12.168916702270508
60,best,-14.668839454650879,-12.322680473327637
61,best,-14.778970718383789,-11.295453071594238
62,best,-11.803190231323242,-9.184985160827637
63,best,-11.393747329711914,-9.548645973205566
64,best,-11.579265594482422,-9.559343338012695
65,best,-9.961751937866211,-7.815242290496826
66,best,-10.280913352966309,-8.375061988830566
67,best,-14.65818977355957,-11.453475952148438
68,best,-8.045361518859863,-6.206466197967529
69,best,-8.451891899108887,-5.904387950897217
70,best,-9.189769744873047,-7.82587194442749
71,best,-11.413440704345703,-8.697991371154785
72,best,-6.703232288360596,-5.67586088180542
73,best,-10.232220649719238,-8.852923393249512
74,best,-12.995200157165527,-11.239130973815918
75,best,-10.563911437988281,-8.508581161499023
76,best,-9.483448028564453,-7.9316534996032715
77,best,-12.035451889038086,-9.174781799316406
78,best,-10.485553741455078,-8.799857139587402
79,best,-11.505207061767578,-9.494751930236816
80,best,-7.323734283447266,-6.735122203826904
81,best,-7.648073196411133,-6.940084934234619
82,best,-7.09356689453125,-6.05605936050415
83,best,-8.2454833984375,-7.9303879737854
84,best,-8.095207214355469,-7.266700744628906
85,best,-12.388150215148926,-10.714146614074707
86,best,-13.2730712890625,-11.437051773071289
87,best,-7.560744762420654,-6.811885356903076
88,best,-9.888982772827148,-8.853429794311523
89,best,-8.288264274597168,-7.6399126052856445
90,best,-8.769001007080078,-8.373812675476074
91,best,-12.182914733886719,-10.479559898376465
92,best,-10.019161224365234,-9.032756805419922
93,best,-8.56339168548584,-7.47410249710083
94,best,-8.480733871459961,-7.505375385284424
95,best,-8.647940635681152,-7.77964448928833
96,best,-8.031861305236816,-7.081455707550049
97,best,-9.631648063659668,-8.768524169921875
98,best,-10.186985969543457,-8.971616744995117
99,best,-5.95272970199585,-6.0266289710998535
100,best,-7.333009719848633,-6.705463409423828
101,best,-11.45655632019043,-9.781322479248047
102,best,-9.33115291595459,-8.809107780456543
103,best,-12.604453086853027,-10.965531349182129
104,best,-12.604453086853027,-10.965531349182129
105,best,-8.847506523132324,-8.495704650878906
106,best,-12.381766319274902,-10.288949012756348
107,best,-7.1822590827941895,-6.6102471351623535
108,best,-7.7385382652282715,-7.029537200927734
109,best,-10.223916053771973,-8.824997901916504
110,best,-9.012166023254395,-7.949450492858887
111,best,-8.9600248336792,-7.467540264129639
112,best,-9.867880821228027,-7.980447292327881
113,best,-9.254725456237793,-7.973427772521973
114,best,-12.430863380432129,-10.801045417785645
115,best,-9.626770973205566,-8.747262001037598
116,best,-13.956807136535645,-11.84781551361084
117,best,-11.266236305236816,-10.319348335266113
118,best,-12.381766319274902,-10.288949012756348
119,best,-8.729155540466309,-7.909202575683594
120,best,-8.016092300415039,-6.285708904266357
121,best,-7.917105197906494,-6.2020158767700195
122,best,-13.269556999206543,-10.8185453414917
123,best,-5.996954917907715,-4.481100559234619
124,best,-4.879755973815918,-3.8474483489990234
125,best,-9.962695121765137,-7.764791965484619
126,best,-7.324330806732178,-5.891820907592773
127,best,-12.946603775024414,-10.087392807006836
128,best,-7.986454010009766,-6.270184516906738
129,best,-9.476365089416504,-7.464960098266602
130,best,-6.145981311798096,-4.520431995391846
131,best,-8.553413391113281,-6.71873140335083
132,best,-7.808412075042725,-6.441066265106201
133,best,-7.521109104156494,-5.78231954574585
134,best,-9.476365089416504,-7.464960098266602
135,best,-5.001182556152344,-3.6099908351898193
136,best,-11.344711303710938,-9.249542236328125
137,best,-5.001182556152344,-3.6099908351898193
138,best,-9.96269416809082,-7.764791011810303
139,best,-9.455988883972168,-7.818826198577881
140,best,-7.269095420837402,-6.204258918762207
141,best,-11.935684204101562,-11.907621383666992
142,best,-9.13335132598877,-8.280448913574219
143,best,-7.666079998016357,-6.861791610717773
144,best,-8.670225143432617,-7.658797264099121
145,best,-9.90408992767334,-9.740800857543945
146,best,-9.692038536071777,-7.675388336181641
147,best,-12.257527351379395,-10.047297477722168
148,best,-9.4550142288208,-8.45655632019043
149,best,-11.26503849029541,-10.24777889251709
150,best,-13.114919662475586,-10.951692581176758
151,best,-11.254082679748535,-9.868918418884277
152,best,-12.789505004882812,-12.568235397338867
153,best,-9.045050621032715,-7.88184118270874
154,best,-7.269095420837402,-6.204258918762207
155,best,-9.692038536071777,-7.675388336181641
156,best,-9.496602058410645,-8.273700714111328
157,best,-9.437840461730957,-8.164811134338379
158,best,-8.249990463256836,-7.393259048461914
159,best,-9.692038536071777,-7.675388336181641
160,best,-11.755414009094238,-8.769710540771484
161,best,-9.820207595825195,-7.198666095733643
162,best,-9.000555992126465,-7.38468074798584
163,best,-14.290771484375,-10.826626777648926
164,best,-10.369300842285156,-7.4384002685546875
165,best,-8.050127029418945,-5.844027042388916
166,best,-9.146430969238281,-7.001101970672607
167,best,-14.290771484375,-10.826626777648926
168,best,-11.538538932800293,-8.323498725891113
169,best,-9.676290512084961,-7.445131778717041
170,best,-14.041296005249023,-10.782843589782715
171,best,-11.130353927612305,-8.629525184631348
172,best,-9.744454383850098,-7.4927778244018555
173,best,-12.673798561096191,-9.65036392211914
174,best,-11.110222816467285,-7.94546365737915
175,best,-9.849814414978027,-6.715992450714111
176,best,-10.883671760559082,-8.294316291809082
177,best,-13.509418487548828,-10.484509468078613
178,best,-10.435606956481934,-8.079863548278809
179,best,-10.887249946594238,-7.235475540161133
180,best,-10.899531364440918,-9.094547271728516
181,best,-7.071364402770996,-6.267685890197754
182,best,-7.014012336730957,-6.155133247375488
183,best,-9.229707717895508,-7.936000347137451
184,best,-8.007904052734375,-7.7939133644104
185,best,-8.859195709228516,-7.254749774932861
186,best,-12.286598205566406,-10.298377990722656
187,best,-12.108258247375488,-10.126602172851562
188,best,-8.137575149536133,-7.220351219177246
189,best,-7.67687463760376,-7.202663421630859
190,best,-8.119007110595703,-7.071399688720703
191,best,-10.899531364440918,-9.094547271728516
192,best,-9.690873146057129,-8.837099075317383
193,best,-11.237229347229004,-9.368099212646484
194,best,-10.314332962036133,-9.763191223144531
195,best,-8.192388534545898,-7.091106414794922
196,best,-7.744470596313477,-7.302524566650391
197,best,-7.3502044677734375,-6.2553935050964355
198,best,-11.365381240844727,-9.28303337097168
199,best,-8.682239532470703,-8.434370040893555
200,best,-7.318692684173584,-5.960052490234375
201,best,-12.564332008361816,-10.962309837341309
202,best,-12.220932960510254,-10.778166770935059
203,best,-9.37852954864502,-8.467625617980957
204,best,-9.37852954864502,-8.467625617980957
205,best,-8.275627136230469,-6.736979961395264
206,best,-12.173766136169434,-10.161528587341309
207,best,-8.745390892028809,-7.852470397949219
208,best,-9.37852954864502,-8.467625617980957
209,best,-8.275627136230469,-6.736979961395264
210,best,-11.378010749816895,-9.532995223999023
211,best,-9.701770782470703,-8.503314018249512
212,best,-9.701770782470703,-8.503314018249512
213,best,-12.911602020263672,-11.039113998413086
214,best,-11.378010749816895,-9.532995223999023
215,best,-8.81596851348877,-7.692154884338379
216,best,-12.839202880859375,-11.29757022857666
217,best,-9.160157203674316,-7.695162296295166
218,best,-8.143208503723145,-6.721048355102539
219,best,-5.065562725067139,-4.6207075119018555
220,best,-6.947578430175781,-6.280580997467041
221,best,-12.3672456741333,-11.173975944519043
222,best,-11.71718692779541,-8.824262619018555
223,best,-11.916824340820312,-9.003024101257324
224,best,-11.90731143951416,-10.757547378540039
225,best,-9.503676414489746,-8.62961196899414
226,best,-12.382009506225586,-11.371880531311035
227,best,-7.552979469299316,-7.12628698348999
228,best,-9.479061126708984,-8.440549850463867
229,best,-9.503676414489746,-8.62961196899414
230,best,-9.728302955627441,-8.96782398223877
231,best,-8.463440895080566,-7.3641486167907715
232,best,-12.55690860748291,-10.999061584472656
233,best,-12.492048263549805,-11.076034545898438
234,best,-9.932968139648438,-9.210716247558594
235,best,-9.212160110473633,-8.204669952392578
236,best,-7.637548446655273,-6.813135147094727
237,best,-7.571882247924805,-7.012546539306641
238,best,-9.96666431427002,-8.808723449707031
239,best,-10.861029624938965,-10.320140838623047
240,best,-6.75396728515625,-6.972133159637451
241,best,-10.493301391601562,-9.861330032348633
242,best,-8.770703315734863,-8.764822006225586
243,best,-13.655447006225586,-11.53995418548584
244,best,-8.624469757080078,-8.57012939453125
245,best,-8.990509986877441,-9.007333755493164
246,best,-13.071615219116211,-11.487662315368652
247,best,-8.90690803527832,-8.591165542602539
248,best,-8.96591567993164,-8.800325393676758
249,best,-12.387350082397461,-11.706005096435547
250,best,-8.433300971984863,-8.306282043457031
251,best,-11.755844116210938,-9.483890533447266
252,best,-7.968745708465576,-6.501772880554199
253,best,-10.370748519897461,-10.128011703491211
254,best,-10.607366561889648,-9.95207405090332
255,best,-13.347857475280762,-11.700750350952148
256,best,-8.80688762664795,-9.191779136657715
257,best,-11.581212997436523,-11.33431339263916
258,best,-10.410717010498047,-9.718361854553223
259,best,-7.373839855194092,-7.019773006439209
260,best,-9.420719146728516,-8.641965866088867
261,best,-10.055131912231445,-10.059904098510742
262,best,-10.444238662719727,-9.820418357849121
263,best,-9.039793968200684,-8.324665069580078
264,best,-10.45352554321289,-9.160218238830566
265,best,-11.338861465454102,-10.277359008789062
266,best,-9.778735160827637,-9.241371154785156
267,best,-10.647541046142578,-10.827878952026367
268,best,-11.132925987243652,-9.870111465454102
269,best,-8.855083465576172,-8.290117263793945
270,best,-9.019353866577148,-8.019699096679688
271,best,-5.53480339050293,-6.10275411605835
272,best,-8.055131912231445,-8.095948219299316
273,best,-10.74712085723877,-10.740372657775879
274,best,-9.341209411621094,-8.439983367919922
275,best,-7.302035331726074,-7.036593914031982
276,best,-6.278910160064697,-6.120974540710449
277,best,-10.826091766357422,-10.488512992858887
278,best,-11.145925521850586,-10.157100677490234
279,best,-6.863210678100586,-5.763942718505859
280,best,-11.588221549987793,-9.63027572631836
281,best,-14.028757095336914,-12.000818252563477
282,best,-12.918330192565918,-12.30377197265625
283,best,-12.94671630859375,-12.431492805480957
284,best,-8.587947845458984,-7.6845550537109375
285,best,-12.987554550170898,-10.751751899719238
286,best,-10.944068908691406,-9.273494720458984
287,best,-9.659467697143555,-7.8862104415893555
288,best,-8.626679420471191,-6.885234355926514
289,best,-8.406022071838379,-7.621321201324463
290,best,-10.127899169921875,-9.074633598327637
291,best,-10.974635124206543,-9.338079452514648
292,best,-13.924976348876953,-12.257681846618652
293,best,-10.97121524810791,-9.251554489135742
294,best,-8.538616180419922,-7.195456504821777
295,best,-10.567998886108398,-8.839977264404297
296,best,-8.130735397338867,-6.64591121673584
297,best,-11.788481712341309,-9.763120651245117
298,best,-14.137128829956055,-12.135749816894531
299,best,-10.278642654418945,-9.149133682250977
300,best,-9.743083000183105,-9.663949012756348
301,best,-12.533775329589844,-11.150248527526855
302,best,-5.730382442474365,-5.710901260375977
303,best,-8.46352767944336,-7.834412097930908
304,best,-10.428442001342773,-8.470843315124512
305,best,-8.626265525817871,-9.394941329956055
306,best,-11.69124984741211,-11.00448989868164
307,best,-10.260594367980957,-8.540932655334473
308,best,-8.291001319885254,-7.233781337738037
309,best,-7.7737860679626465,-6.822988986968994
310,best,-11.931439399719238,-11.206302642822266
311,best,-8.966418266296387,-8.089947700500488
312,best,-8.147843360900879,-7.671232223510742
313,best,-9.191788673400879,-8.397608757019043
314,best,-11.13757038116455,-9.99213981628418
315,best,-7.0442423820495605,-6.244880199432373
316,best,-7.528322696685791,-6.5549421310424805
317,best,-11.353012084960938,-9.490476608276367
318,best,-6.980882167816162,-6.244058609008789
319,best,-8.982036590576172,-9.731441497802734
320,best,-6.84134578704834,-6.505123138427734
321,best,-8.466814041137695,-7.393892288208008
322,best,-13.331451416015625,-11.089483261108398
323,best,-6.586491107940674,-6.242831230163574
324,best,-9.166942596435547,-8.501594543457031
325,best,-12.343021392822266,-10.60053825378418
326,best,-12.095101356506348,-10.688892364501953
327,best,-8.903112411499023,-8.706989288330078
328,best,-7.414192199707031,-6.916330814361572
329,best,-13.386748313903809,-11.157156944274902
330,best,-8.402410507202148,-7.790869235992432
331,best,-9.01187801361084,-8.650806427001953
332,best,-11.492380142211914,-10.404394149780273
333,best,-11.141179084777832,-10.6780424118042
334,best,-7.159488201141357,-6.858586311340332
335,best,-7.343560218811035,-6.7829999923706055
336,best,-11.354520797729492,-9.745721817016602
337,best,-7.024419784545898,-6.484152793884277
338,best,-7.151553630828857,-6.536386013031006
339,best,-11.036345481872559,-9.864571571350098
340,best,-7.761314392089844,-7.625359535217285
341,best,-10.479291915893555,-9.64452838897705
342,best,-12.621437072753906,-11.669636726379395
343,best,-8.070928573608398,-8.47194766998291
344,best,-12.901278495788574,-12.08467960357666
345,best,-8.551604270935059,-8.455686569213867
346,best,-13.210238456726074,-11.612114906311035
347,best,-9.120893478393555,-8.858413696289062
348,best,-12.959683418273926,-11.935343742370605
349,best,-9.411590576171875,-9.05025863647461
350,best,-10.14300537109375,-10.420560836791992
351,best,-10.998187065124512,-10.777828216552734
352,best,-13.875102996826172,-12.983405113220215
353,best,-10.52366828918457,-9.81180477142334
354,best,-8.76158618927002,-8.400909423828125
355,best,-14.35436725616455,-14.029237747192383
356,best,-11.10724925994873,-11.032126426696777
357,best,-10.27064037322998,-9.932011604309082
358,best,-7.964001655578613,-7.629535675048828
359,best,-14.010527610778809,-12.899253845214844
360,best,-8.40626049041748,-9.08926773071289
361,best,-9.25091552734375,-9.92081069946289
362,best,-6.545399188995361,-7.5564188957214355
363,best,-7.738320827484131,-8.811050415039062
364,best,-3.33866548538208,-4.937650680541992
365,best,-4.38373327255249,-5.779453277587891
366,best,-8.237506866455078,-9.412772178649902
367,best,-9.864574432373047,-10.534940719604492
368,best,-12.577544212341309,-12.82202434539795
369,best,-10.362737655639648,-11.51401424407959
370,best,-6.815434455871582,-7.872514247894287
371,best,-9.53076171875,-10.868904113769531
372,best,-12.197486877441406,-12.563559532165527
373,best,-9.778368949890137,-11.098359107971191
374,best,-9.8236722946167,-10.615145683288574
375,best,-9.857792854309082,-10.11114501953125
376,best,-4.661987781524658,-6.431590557098389
377,best,-9.25091552734375,-9.92081069946289
378,best,-7.738320827484131,-8.811050415039062
379,best,-13.249591827392578,-13.382644653320312
380,best,-8.94619369506836,-8.84469985961914
381,best,-13.494532585144043,-12.664958953857422
382,best,-8.815511703491211,-8.764371871948242
383,best,-10.454421997070312,-10.079364776611328
384,best,-8.208207130432129,-8.647881507873535
385,best,-7.150321960449219,-8.737506866455078
386,best,-12.525504112243652,-12.120429039001465
387,best,-9.193081855773926,-9.10428237915039
388,best,-9.512664794921875,-9.822429656982422
389,best,-6.5845465660095215,-6.829798221588135
390,best,-6.589695930480957,-7.367327690124512
391,best,-9.494728088378906,-9.501012802124023
392,best,-8.793990135192871,-9.513652801513672
393,best,-10.047050476074219,-8.817179679870605
394,best,-8.37839126586914,-9.010573387145996
395,best,-10.488061904907227,-10.548965454101562
396,best,-9.422282218933105,-9.276386260986328
397,best,-6.75609827041626,-7.518074035644531
398,best,-8.997062683105469,-9.164896965026855
399,best,-8.515303611755371,-9.132984161376953
400,best,-10.526397705078125,-8.516544342041016
401,best,-8.665205001831055,-8.044469833374023
402,best,-10.273961067199707,-8.960162162780762
403,best,-8.405107498168945,-8.858988761901855
404,best,-10.658937454223633,-9.655678749084473
405,best,-13.734580993652344,-12.912681579589844
406,best,-15.226475715637207,-13.159497261047363
407,best,-11.427157402038574,-10.055551528930664
408,best,-7.604635715484619,-7.57625150680542
409,best,-7.684989929199219,-6.757956027984619
410,best,-5.943853855133057,-5.918420314788818
411,best,-8.568883895874023,-7.854677200317383
412,best,-12.700851440429688,-11.403346061706543
413,best,-10.308456420898438,-9.652043342590332
414,best,-9.974212646484375,-10.330723762512207
415,best,-12.946192741394043,-11.096606254577637
416,best,-12.474650382995605,-10.742362022399902
417,best,-12.704706192016602,-11.592793464660645
418,best,-14.379558563232422,-12.82202434539795
419,best,-8.405107498168945,-8.858988761901855
420,best,-8.517616271972656,-8.79955005645752
421,best,-8.111469268798828,-7.695645332336426
422,best,-10.795792579650879,-10.403392791748047
423,best,-10.464472770690918,-10.64313793182373
424,best,-7.2825164794921875,-7.4840497970581055
425,best,-8.608600616455078,-8.346362113952637
426,best,-12.324117660522461,-11.07957649230957
427,best,-12.378817558288574,-11.694581031799316
428,best,-10.493062019348145,-9.88461685180664
429,best,-8.843851089477539,-8.883502960205078
430,best,-11.033233642578125,-10.81929874420166
431,best,-9.07545280456543,-9.90913200378418
432,best,-7.608656883239746,-8.049579620361328
433,best,-10.014822959899902,-9.16746711730957
434,best,-9.459739685058594,-8.641552925109863
435,best,-8.08163833618164,-7.678215026855469
436,best,-5.848794937133789,-6.766053676605225
437,best,-7.688779830932617,-7.653287410736084
438,best,-9.373852729797363,-8.959797859191895
439,best,-7.749075889587402,-7.611271381378174
440,best,-10.444178581237793,-10.018691062927246
441,best,-7.833664894104004,-7.742147445678711
442,best,-7.3738694190979,-6.989351749420166
443,best,-11.173051834106445,-10.797417640686035
444,best,-6.888265132904053,-6.704746723175049
445,best,-10.068367958068848,-9.626482009887695
446,best,-8.907303810119629,-9.735776901245117
447,best,-9.808198928833008,-9.80565071105957
448,best,-8.756591796875,-8.727534294128418
449,best,-7.258055686950684,-6.898984909057617
450,best,-8.75322151184082,-8.757779121398926
451,best,-12.696022987365723,-11.977792739868164
452,best,-9.293360710144043,-8.879457473754883
453,best,-8.492705345153809,-8.54291820526123
454,best,-8.24497127532959,-7.674529075622559
455,best,-9.538217544555664,-9.368803024291992
456,best,-11.074833869934082,-10.773712158203125
457,best,-6.168440341949463,-6.712059497833252
458,best,-12.264759063720703,-12.088276863098145
459,best,-6.735122203826904,-6.710029602050781
460,best,-9.899504661560059,-8.724525451660156
461,best,-7.379702568054199,-7.111670970916748
462,best,-7.3755903244018555,-6.949099540710449
463,best,-6.784637451171875,-6.44475793838501
464,best,-8.038728713989258,-7.538374900817871
465,best,-10.396292686462402,-9.73920726776123
466,best,-10.027029037475586,-9.302339553833008
467,best,-7.87084436416626,-7.270681381225586
468,best,-8.045206069946289,-7.7104973793029785
469,best,-9.571941375732422,-8.904014587402344
470,best,-8.274027824401855,-7.9070143699646
471,best,-10.258152961730957,-9.026346206665039
472,best,-7.764952659606934,-7.036922454833984
473,best,-7.525935649871826,-7.225768089294434
474,best,-7.381142616271973,-6.786381721496582
475,best,-8.218792915344238,-7.799245357513428
476,best,-7.855892658233643,-7.416135311126709
477,best,-10.543850898742676,-9.290748596191406
478,best,-10.565768241882324,-10.193170547485352
479,best,-7.179111480712891,-6.936868190765381
480,best,-5.170472145080566,-5.59473991394043
481,best,-6.631243705749512,-6.487484931945801
482,best,-6.094913005828857,-6.775918483734131
483,best,-6.561221122741699,-7.0936689376831055
484,best,-6.334249973297119,-6.771944999694824
485,best,-7.544857025146484,-7.726081371307373
486,best,-7.544857025146484,-7.726081371307373
487,best,-7.158138751983643,-7.513574123382568
488,best,-6.032759666442871,-6.503783702850342
489,best,-11.843305587768555,-9.158113479614258
490,best,-10.73369312286377,-10.797052383422852
491,best,-8.752118110656738,-9.132380485534668
492,best,-7.544857025146484,-7.726081371307373
493,best,-6.156617641448975,-6.636350631713867
494,best,-7.144001007080078,-7.76347541809082
495,best,-7.34644079208374,-7.399903297424316
496,best,-4.749302387237549,-4.9777421951293945
497,best,-9.972386360168457,-10.031418800354004
498,best,-6.156617641448975,-6.636350631713867
499,best,-7.436555862426758,-7.489371299743652
500,best,-6.748380184173584,-7.5693464279174805
501,best,-8.39574909210205,-9.313862800598145
502,best,-8.105826377868652,-7.978193759918213
503,best,-9.3930025100708,-8.810302734375
504,best,-9.324861526489258,-9.82352352142334
505,best,-7.213110446929932,-7.195669174194336
506,best,-7.554337501525879,-7.7829365730285645
507,best,-9.271404266357422,-8.778571128845215
508,best,-9.629656791687012,-8.610994338989258
509,best,-10.011002540588379,-10.129229545593262
510,best,-9.09658145904541,-9.756750106811523
511,best,-8.726978302001953,-8.330366134643555
512,best,-7.763437271118164,-7.9919819831848145
513,best,-8.837274551391602,-8.481781959533691
514,best,-8.783466339111328,-9.792040824890137
515,best,-7.272195816040039,-7.7380499839782715
516,best,-11.503572463989258,-10.327091217041016
517,best,-7.312243938446045,-7.436744689941406
518,best,-8.411504745483398,-7.824850559234619
519,best,-9.913402557373047,-9.419085502624512
520,best,-7.61295747756958,-6.433882236480713
521,best,-8.971311569213867,-7.889280319213867
522,best,-7.209090232849121,-6.41391134262085
523,best,-7.8228607177734375,-7.314515113830566
524,best,-5.84932804107666,-5.221248149871826
525,best,-8.761974334716797,-7.7504472732543945
526,best,-6.636866569519043,-6.2852864265441895
527,best,-10.250151634216309,-9.676918983459473
528,best,-10.240877151489258,-8.969794273376465
529,best,-9.698025703430176,-8.367415428161621
530,best,-10.300054550170898,-9.231331825256348
531,best,-8.392889976501465,-7.311614036560059
532,best,-8.466974258422852,-6.9036784172058105
533,best,-12.560652732849121,-11.103290557861328
534,best,-9.686494827270508,-7.653574466705322
535,best,-7.889342308044434,-7.2992753982543945
536,best,-6.234317302703857,-5.334428787231445
537,best,-8.392889976501465,-7.311614036560059
538,best,-6.98223876953125,-6.805784225463867
539,best,-8.725092887878418,-7.886909008026123
540,best,-6.70481538772583,-6.997101783752441
541,best,-6.7770490646362305,-6.5042805671691895
542,best,-5.844332695007324,-5.7362236976623535
543,best,-6.641104221343994,-6.427675724029541
544,best,-7.00811767578125,-6.8354573249816895
545,best,-8.313404083251953,-7.975124835968018
546,best,-7.123210906982422,-6.6891937255859375
547,best,-9.862009048461914,-8.664189338684082
548,best,-8.406907081604004,-7.57621431350708
549,best,-10.224401473999023,-9.693097114562988
550,best,-7.7488837242126465,-7.432712078094482
551,best,-7.547088623046875,-7.455799102783203
552,best,-8.563693046569824,-8.343755722045898
553,best,-10.232389450073242,-9.750662803649902
554,best,-8.099668502807617,-7.6688761711120605
555,best,-8.754566192626953,-8.735674858093262
556,best,-8.173649787902832,-7.571005344390869
557,best,-8.452552795410156,-7.671316623687744
558,best,-5.7364726066589355,-5.203763484954834
559,best,-8.795841217041016,-9.119030952453613
560,best,-8.260783195495605,-7.859696865081787
561,best,-8.021782875061035,-7.632106781005859
562,best,-11.82370662689209,-10.179959297180176
563,best,-9.501235008239746,-9.318514823913574
564,best,-8.578478813171387,-8.366656303405762
565,best,-6.58686637878418,-6.301014423370361
566,best,-7.967329978942871,-7.435853481292725
567,best,-9.987671852111816,-9.561203956604004
568,best,-11.119710922241211,-9.773161888122559
569,best,-8.458545684814453,-8.381011009216309
570,best,-6.677435874938965,-6.110435485839844
571,best,-7.826804161071777,-7.123010158538818
572,best,-9.925532341003418,-9.342324256896973
573,best,-8.973071098327637,-8.591045379638672
574,best,-7.958245277404785,-7.896184921264648
575,best,-8.735116004943848,-8.44511890411377
576,best,-7.411509990692139,-7.140172481536865
577,best,-6.279648303985596,-6.114743709564209
578,best,-6.959469318389893,-6.663620471954346
579,best,-8.52828311920166,-8.119706153869629
580,best,-8.402251243591309,-7.774783611297607
581,best,-11.91574764251709,-10.639495849609375
582,best,-8.993617057800293,-7.956120491027832
583,best,-9.625134468078613,-8.18479061126709
584,best,-11.158116340637207,-9.644357681274414
585,best,-10.1087007522583,-9.357455253601074
586,best,-8.002005577087402,-7.330153465270996
587,best,-12.357518196105957,-10.951210975646973
588,best,-12.816033363342285,-11.358810424804688
589,best,-12.685688972473145,-11.08674144744873
590,best,-9.252846717834473,-8.171561241149902
591,best,-10.157100677490234,-8.509305000305176
592,best,-9.249138832092285,-8.07943058013916
593,best,-9.010481834411621,-8.294495582580566
594,best,-7.609920024871826,-6.7554497718811035
595,best,-12.911896705627441,-10.692071914672852
596,best,-10.376485824584961,-9.306398391723633
597,best,-6.574548244476318,-5.483661651611328
598,best,-10.138436317443848,-8.751760482788086
599,best,-10.689366340637207,-9.017766952514648
600,best,-10.587841033935547,-9.17645263671875
601,best,-11.62543773651123,-11.225518226623535
602,best,-8.135615348815918,-7.890008449554443
603,best,-8.963424682617188,-8.551090240478516
604,best,-10.587841033935547,-9.17645263671875
605,best,-5.46137809753418,-5.329266548156738
606,best,-8.1929292678833,-7.639207363128662
607,best,-7.342798709869385,-7.675081729888916
608,best,-7.65686559677124,-7.297574043273926
609,best,-8.401723861694336,-8.087494850158691
610,best,-6.7612624168396,-7.113870620727539
611,best,-8.13561725616455,-7.890006065368652
612,best,-6.5961594581604,-6.911356449127197
613,best,-10.298198699951172,-9.391106605529785
614,best,-5.230162143707275,-5.025778770446777
615,best,-5.765563488006592,-5.768182277679443
616,best,-12.38155460357666,-10.890897750854492
617,best,-8.09948444366455,-8.093782424926758
618,best,-9.87548542022705,-9.973328590393066
619,best,-12.85683822631836,-11.772587776184082
620,best,-6.335214138031006,-6.878165245056152
621,best,-9.62157917022705,-8.652164459228516
622,best,-9.413057327270508,-8.863480567932129
623,best,-7.846384525299072,-8.039770126342773
624,best,-10.157244682312012,-10.889078140258789
625,best,-12.216655731201172,-12.175491333007812
626,best,-11.369619369506836,-10.671272277832031
627,best,-8.034293174743652,-7.747593879699707
628,best,-9.980544090270996,-8.958772659301758
629,best,-9.385716438293457,-8.582074165344238
630,best,-9.326993942260742,-8.326974868774414
631,best,-9.229559898376465,-8.118582725524902
632,best,-8.017143249511719,-8.946553230285645
633,best,-7.3177337646484375,-7.383496284484863
634,best,-6.881524085998535,-6.101673126220703
635,best,-7.435507774353027,-7.05873966217041
636,best,-6.8835577964782715,-6.19199275970459
637,best,-7.275390625,-6.5290327072143555
638,best,-10.684837341308594,-11.19079875946045
639,best,-7.593944072723389,-7.227171421051025
640,best,-8.329760551452637,-6.148932456970215
641,best,-8.935433387756348,-7.39095401763916
642,best,-11.219080924987793,-9.054139137268066
643,best,-11.24227523803711,-9.844674110412598
644,best,-7.656993389129639,-6.4799299240112305
645,best,-9.767717361450195,-7.904775619506836
646,best,-13.30748462677002,-11.22761058807373
647,best,-10.614713668823242,-8.013846397399902
648,best,-14.367196083068848,-11.662819862365723
649,best,-13.207481384277344,-12.394959449768066
650,best,-14.048686027526855,-11.924910545349121
651,best,-11.333650588989258,-9.903886795043945
652,best,-9.598451614379883,-7.849410057067871
653,best,-12.758872985839844,-9.908262252807617
654,best,-7.268526554107666,-5.962512493133545
655,best,-10.330212593078613,-8.37397575378418
656,best,-9.992680549621582,-8.396231651306152
657,best,-12.094277381896973,-10.448415756225586
658,best,-12.905447959899902,-10.961701393127441
659,best,-13.828499794006348,-10.830451965332031
660,best,-11.205116271972656,-10.633234977722168
661,best,-7.894217491149902,-7.812481880187988
662,best,-9.44308090209961,-8.62297248840332
663,best,-9.214253425598145,-8.437963485717773
664,best,-5.6367082595825195,-5.841264247894287
665,best,-10.67926025390625,-10.058868408203125
666,best,-7.239818572998047,-7.056123733520508
667,best,-7.0190911293029785,-6.264132022857666
668,best,-5.812557697296143,-5.729065895080566
669,best,-8.819363594055176,-8.657975196838379
670,best,-9.63719654083252,-9.494680404663086
671,best,-8.017401695251465,-7.1082587242126465
672,best,-6.023911476135254,-5.901751518249512
673,best,-7.485258102416992,-7.158561706542969
674,best,-9.637198448181152,-9.494683265686035
675,best,-10.411381721496582,-10.204489707946777
676,best,-9.828776359558105,-9.202561378479004
677,best,-9.268815994262695,-8.857590675354004
678,best,-9.261777877807617,-9.375741958618164
679,best,-7.5652570724487305,-7.616374492645264
680,best,-6.1647772789001465,-5.789680480957031
681,best,-9.39420223236084,-8.861536979675293
682,best,-8.311216354370117,-7.814870357513428
683,best,-8.743124008178711,-8.13349437713623
684,best,-5.978365421295166,-5.393911361694336
685,best,-5.568469047546387,-5.23558235168457
686,best,-10.437103271484375,-9.616230010986328
687,best,-7.569418430328369,-6.893063545227051
688,best,-8.805956840515137,-8.214753150939941
689,best,-8.420538902282715,-8.098029136657715
690,best,-10.333515167236328,-9.243199348449707
691,best,-6.945573806762695,-6.50409460067749
692,best,-6.818099498748779,-6.1993842124938965
693,best,-9.617645263671875,-8.630257606506348
694,best,-11.351862907409668,-10.691984176635742
695,best,-8.141390800476074,-8.013262748718262
696,best,-8.742691993713379,-8.349358558654785
697,best,-9.395593643188477,-8.773876190185547
698,best,-8.108283996582031,-7.151438236236572
699,best,-9.793681144714355,-9.062236785888672
