item_id,model_state,dative,score
1,initial,pp,-8.111557960510254
2,initial,pp,-8.667340278625488
3,initial,pp,-7.85339879989624
4,initial,pp,-7.998273849487305
5,initial,pp,-7.592258930206299
6,initial,pp,-7.961724758148193
7,initial,pp,-8.054350852966309
8,initial,pp,-7.735353946685791
9,initial,pp,-6.291412830352783
10,initial,pp,-7.995545864105225
11,initial,pp,-6.482161521911621
12,initial,pp,-5.86076545715332
13,initial,pp,-7.858143329620361
14,initial,pp,-6.178865432739258
15,initial,pp,-8.002034187316895
16,initial,pp,-7.735353946685791
17,initial,pp,-8.022896766662598
18,initial,pp,-6.9563493728637695
19,initial,pp,-8.127017974853516
20,initial,pp,-6.657201766967773
21,initial,pp,-7.759402751922607
22,initial,pp,-6.810797214508057
23,initial,pp,-8.108307838439941
24,initial,pp,-8.602156639099121
25,initial,pp,-8.404513359069824
26,initial,pp,-7.8588409423828125
27,initial,pp,-8.008163452148438
28,initial,pp,-7.77911901473999
29,initial,pp,-7.8414154052734375
30,initial,pp,-8.462361335754395
31,initial,pp,-8.120648384094238
32,initial,pp,-8.602156639099121
33,initial,pp,-7.741426944732666
34,initial,pp,-8.699206352233887
35,initial,pp,-6.293212413787842
36,initial,pp,-6.622269630432129
37,initial,pp,-7.841415882110596
38,initial,pp,-6.588758945465088
39,initial,pp,-8.619569778442383
40,initial,pp,-8.09333324432373
41,initial,pp,-7.273934364318848
42,initial,pp,-7.653408050537109
43,initial,pp,-6.821414947509766
44,initial,pp,-8.217941284179688
45,initial,pp,-7.938884258270264
46,initial,pp,-7.618224620819092
47,initial,pp,-8.182022094726562
48,initial,pp,-6.720527648925781
49,initial,pp,-7.364386558532715
50,initial,pp,-7.1694135665893555
51,initial,pp,-7.715489387512207
52,initial,pp,-6.81926965713501
53,initial,pp,-7.643402576446533
54,initial,pp,-7.6769561767578125
55,initial,pp,-7.436127662658691
56,initial,pp,-6.065426349639893
57,initial,pp,-5.9659528732299805
58,initial,pp,-7.538906574249268
59,initial,pp,-7.660194396972656
60,initial,pp,-7.841904640197754
61,initial,pp,-8.536392211914062
62,initial,pp,-7.706820964813232
63,initial,pp,-8.78628921508789
64,initial,pp,-8.667888641357422
65,initial,pp,-7.509198188781738
66,initial,pp,-8.3423433303833
67,initial,pp,-6.433152198791504
68,initial,pp,-8.147055625915527
69,initial,pp,-8.983962059020996
70,initial,pp,-8.025032997131348
71,initial,pp,-5.961811065673828
72,initial,pp,-8.436335563659668
73,initial,pp,-8.554221153259277
74,initial,pp,-8.959693908691406
75,initial,pp,-7.864477634429932
76,initial,pp,-7.559234619140625
77,initial,pp,-6.887077331542969
78,initial,pp,-6.818785667419434
79,initial,pp,-7.173900604248047
80,initial,pp,-8.805676460266113
81,initial,pp,-7.861922264099121
82,initial,pp,-6.737668037414551
83,initial,pp,-7.1984124183654785
84,initial,pp,-6.291617393493652
85,initial,pp,-6.737668037414551
86,initial,pp,-6.489211082458496
87,initial,pp,-6.925545692443848
88,initial,pp,-6.079455375671387
89,initial,pp,-7.075614929199219
90,initial,pp,-6.203197956085205
91,initial,pp,-6.3400678634643555
92,initial,pp,-8.550447463989258
93,initial,pp,-6.719053745269775
94,initial,pp,-6.573300838470459
95,initial,pp,-6.56524133682251
96,initial,pp,-6.2560577392578125
97,initial,pp,-8.190902709960938
98,initial,pp,-8.269676208496094
99,initial,pp,-7.579493999481201
100,initial,pp,-7.458028793334961
101,initial,pp,-6.365870952606201
102,initial,pp,-7.784800052642822
103,initial,pp,-7.139145851135254
104,initial,pp,-6.881545066833496
105,initial,pp,-7.27760648727417
106,initial,pp,-7.313670635223389
107,initial,pp,-6.851664066314697
108,initial,pp,-7.554614543914795
109,initial,pp,-7.120614051818848
110,initial,pp,-7.6572794914245605
111,initial,pp,-7.56927490234375
112,initial,pp,-7.270427227020264
113,initial,pp,-6.949027061462402
114,initial,pp,-6.302268981933594
115,initial,pp,-7.933333396911621
116,initial,pp,-6.685624122619629
117,initial,pp,-7.729935646057129
118,initial,pp,-6.549747943878174
119,initial,pp,-7.379463195800781
120,initial,pp,-8.212028503417969
121,initial,pp,-7.964650630950928
122,initial,pp,-8.500408172607422
123,initial,pp,-6.998220443725586
124,initial,pp,-8.043413162231445
125,initial,pp,-6.857808589935303
126,initial,pp,-8.182148933410645
127,initial,pp,-6.982740879058838
128,initial,pp,-8.456670761108398
129,initial,pp,-6.858049392700195
130,initial,pp,-6.955461025238037
131,initial,pp,-6.858049392700195
132,initial,pp,-8.500408172607422
133,initial,pp,-8.441093444824219
134,initial,pp,-7.588595867156982
135,initial,pp,-8.500408172607422
136,initial,pp,-8.182148933410645
137,initial,pp,-8.105803489685059
138,initial,pp,-5.898007392883301
139,initial,pp,-7.93515157699585
140,initial,pp,-7.910787105560303
141,initial,pp,-7.0659613609313965
142,initial,pp,-7.007546901702881
143,initial,pp,-7.525918006896973
144,initial,pp,-7.718933582305908
145,initial,pp,-6.5211873054504395
146,initial,pp,-6.819089889526367
147,initial,pp,-7.408185005187988
148,initial,pp,-7.523183345794678
149,initial,pp,-6.671904563903809
150,initial,pp,-6.169277191162109
151,initial,pp,-7.3265156745910645
152,initial,pp,-7.321850299835205
153,initial,pp,-7.482682704925537
154,initial,pp,-7.231656551361084
155,initial,pp,-7.455629825592041
156,initial,pp,-6.727964878082275
157,initial,pp,-6.457648754119873
158,initial,pp,-6.426055908203125
159,initial,pp,-7.62957763671875
160,initial,pp,-7.600943565368652
161,initial,pp,-8.936532020568848
162,initial,pp,-7.54734468460083
163,initial,pp,-8.314239501953125
164,initial,pp,-7.004408359527588
165,initial,pp,-7.132175922393799
166,initial,pp,-5.426152229309082
167,initial,pp,-7.837867736816406
168,initial,pp,-9.123392105102539
169,initial,pp,-7.786021709442139
170,initial,pp,-6.492464542388916
171,initial,pp,-8.314239501953125
172,initial,pp,-6.368772506713867
173,initial,pp,-6.365614414215088
174,initial,pp,-8.743155479431152
175,initial,pp,-7.128609657287598
176,initial,pp,-7.132175922393799
177,initial,pp,-8.486166000366211
178,initial,pp,-8.917977333068848
179,initial,pp,-5.9949798583984375
180,initial,pp,-7.731842041015625
181,initial,pp,-6.7875213623046875
182,initial,pp,-8.15487003326416
183,initial,pp,-6.247706890106201
184,initial,pp,-7.063523292541504
185,initial,pp,-6.733468055725098
186,initial,pp,-6.692816734313965
187,initial,pp,-6.041012287139893
188,initial,pp,-6.656102657318115
189,initial,pp,-6.798442840576172
190,initial,pp,-5.786670207977295
191,initial,pp,-7.022648811340332
192,initial,pp,-6.273911476135254
193,initial,pp,-6.508436679840088
194,initial,pp,-6.5349836349487305
195,initial,pp,-6.534448146820068
196,initial,pp,-6.208321571350098
197,initial,pp,-7.594843864440918
198,initial,pp,-6.614494323730469
199,initial,pp,-6.279297351837158
200,initial,pp,-8.104060173034668
201,initial,pp,-5.890524387359619
202,initial,pp,-5.951977252960205
203,initial,pp,-8.25879192352295
204,initial,pp,-7.487046241760254
205,initial,pp,-8.085049629211426
206,initial,pp,-7.486477375030518
207,initial,pp,-6.981354236602783
208,initial,pp,-6.463078498840332
209,initial,pp,-7.828368186950684
210,initial,pp,-6.482485294342041
211,initial,pp,-7.190639972686768
212,initial,pp,-6.691173553466797
213,initial,pp,-6.690731048583984
214,initial,pp,-7.413116455078125
215,initial,pp,-6.703311443328857
216,initial,pp,-5.7593231201171875
217,initial,pp,-7.571732044219971
218,initial,pp,-7.508903503417969
219,initial,pp,-7.396756649017334
220,initial,pp,-6.716724872589111
221,initial,do,-8.099270820617676
222,initial,do,-7.711940288543701
223,initial,do,-7.460556983947754
224,initial,do,-6.464987754821777
225,initial,do,-8.669886589050293
226,initial,do,-7.114689350128174
227,initial,do,-8.604552268981934
228,initial,do,-8.213517189025879
229,initial,do,-8.427741050720215
230,initial,do,-8.135886192321777
231,initial,do,-7.3919830322265625
232,initial,do,-8.16826343536377
233,initial,do,-7.673411846160889
234,initial,do,-8.213517189025879
235,initial,do,-6.284411907196045
236,initial,do,-6.985608100891113
237,initial,do,-7.936790466308594
238,initial,do,-7.920865535736084
239,initial,do,-7.95963716506958
240,initial,do,-7.07171106338501
241,initial,do,-7.673411846160889
242,initial,do,-8.385029792785645
243,initial,do,-7.917614459991455
244,initial,do,-7.920865535736084
245,initial,do,-8.298205375671387
246,initial,do,-6.519594192504883
247,initial,do,-8.201007843017578
248,initial,do,-8.306951522827148
249,initial,do,-7.562638282775879
250,initial,do,-7.377158164978027
251,initial,do,-7.719703674316406
252,initial,do,-7.27962064743042
253,initial,do,-8.414915084838867
254,initial,do,-8.534131050109863
255,initial,do,-8.202471733093262
256,initial,do,-8.263700485229492
257,initial,do,-7.150407791137695
258,initial,do,-8.534131050109863
259,initial,do,-6.551371097564697
260,initial,do,-7.719703674316406
261,initial,do,-7.377158164978027
262,initial,do,-6.407441139221191
263,initial,do,-7.37308931350708
264,initial,pp,-7.408388137817383
265,initial,pp,-7.316019058227539
266,initial,pp,-6.8647050857543945
267,initial,pp,-6.200814247131348
268,initial,pp,-7.404499530792236
269,initial,pp,-6.850743293762207
270,initial,pp,-7.470177173614502
271,initial,pp,-7.903017044067383
272,initial,pp,-7.776780128479004
273,initial,pp,-7.547083377838135
274,initial,pp,-7.179843902587891
275,initial,pp,-7.263413429260254
276,initial,pp,-7.196529388427734
277,initial,pp,-7.903017044067383
278,initial,pp,-6.003533363342285
279,initial,pp,-6.591567516326904
280,initial,pp,-7.263082504272461
281,initial,pp,-7.153810024261475
282,initial,pp,-7.469482898712158
283,initial,pp,-6.704009532928467
284,initial,do,-7.265674591064453
285,initial,do,-7.107799053192139
286,initial,do,-8.33385944366455
287,initial,do,-7.440686225891113
288,initial,do,-7.935696601867676
289,initial,do,-6.688653945922852
290,initial,do,-7.089043140411377
291,initial,do,-8.362717628479004
292,initial,do,-7.935696601867676
293,initial,do,-7.798915386199951
294,initial,do,-6.747553825378418
295,initial,do,-7.555149555206299
296,initial,do,-6.475418567657471
297,initial,do,-8.148367881774902
298,initial,do,-7.845419406890869
299,initial,do,-7.682057857513428
300,initial,do,-7.738965034484863
301,initial,do,-7.012452125549316
302,initial,do,-7.531776428222656
303,initial,do,-7.284213542938232
304,initial,do,-6.810641765594482
305,initial,do,-7.089043140411377
306,initial,do,-8.067307472229004
307,initial,do,-7.005219459533691
308,initial,do,-7.440686225891113
309,initial,do,-6.808632850646973
310,initial,do,-6.395678997039795
311,initial,do,-7.896152496337891
312,initial,do,-7.440686225891113
313,initial,do,-8.72126579284668
314,initial,do,-6.849674701690674
315,initial,do,-8.168710708618164
316,initial,do,-7.947256565093994
317,initial,do,-8.27791690826416
318,initial,do,-6.395678997039795
319,initial,do,-7.012452125549316
320,initial,do,-6.765266418457031
321,initial,do,-6.928733825683594
322,initial,do,-8.33385944366455
323,initial,do,-8.329395294189453
324,initial,do,-7.874314785003662
325,initial,do,-8.256756782531738
326,initial,do,-7.253786563873291
327,initial,pp,-7.134665489196777
328,initial,pp,-6.870232582092285
329,initial,pp,-7.910053253173828
330,initial,pp,-7.161270618438721
331,initial,pp,-7.363113880157471
332,initial,pp,-6.47163200378418
333,initial,pp,-6.952292442321777
334,initial,pp,-8.134232521057129
335,initial,pp,-7.363113880157471
336,initial,pp,-7.22747278213501
337,initial,pp,-6.4690327644348145
338,initial,pp,-6.85470724105835
339,initial,pp,-6.416525840759277
340,initial,pp,-7.453091144561768
341,initial,pp,-7.309976577758789
342,initial,pp,-7.254651069641113
343,initial,pp,-7.4078826904296875
344,initial,pp,-6.969940662384033
345,initial,pp,-7.160093307495117
346,initial,pp,-7.0959672927856445
347,initial,do,-6.724584579467773
348,initial,do,-5.890125751495361
349,initial,do,-6.777698040008545
350,initial,do,-6.323801040649414
351,initial,do,-6.768643379211426
352,initial,do,-6.1155524253845215
353,initial,do,-6.906985759735107
354,initial,do,-6.39315128326416
355,initial,do,-6.782289028167725
356,initial,do,-6.411496639251709
357,initial,do,-7.125941753387451
358,initial,do,-7.102607250213623
359,initial,do,-6.454233169555664
360,initial,do,-6.545729160308838
361,initial,do,-6.5681633949279785
362,initial,do,-6.660772323608398
363,initial,do,-6.503042221069336
364,initial,do,-7.120050430297852
365,initial,do,-6.7820868492126465
366,initial,do,-6.005518913269043
367,initial,do,-6.448792934417725
368,initial,do,-6.09722900390625
369,initial,do,-6.6525559425354
370,initial,do,-5.509145736694336
371,initial,do,-6.523518085479736
372,initial,do,-7.812893390655518
373,initial,do,-6.282823085784912
374,initial,do,-6.9317755699157715
375,initial,do,-5.623417377471924
376,initial,do,-6.962555885314941
377,initial,do,-6.226497650146484
378,initial,do,-6.639628887176514
379,initial,do,-6.700778484344482
380,initial,do,-6.63907527923584
381,initial,do,-7.180034160614014
382,initial,do,-6.85930871963501
383,initial,do,-6.141518592834473
384,initial,do,-6.523518085479736
385,initial,do,-6.052818298339844
386,initial,do,-6.28282356262207
387,initial,do,-6.605623245239258
388,initial,do,-6.509235382080078
389,initial,do,-6.963086128234863
390,initial,pp,-6.651906490325928
391,initial,pp,-6.0466485023498535
392,initial,pp,-6.771017551422119
393,initial,pp,-5.944238662719727
394,initial,pp,-6.821954250335693
395,initial,pp,-6.211948394775391
396,initial,pp,-7.029232978820801
397,initial,pp,-6.394965648651123
398,initial,pp,-6.837474822998047
399,initial,pp,-6.215264320373535
400,initial,pp,-7.235121726989746
401,initial,pp,-6.954988956451416
402,initial,pp,-6.283407211303711
403,initial,pp,-6.8520331382751465
404,initial,pp,-6.735882759094238
405,initial,pp,-6.286660671234131
406,initial,pp,-6.821887969970703
407,initial,pp,-7.07924747467041
408,initial,pp,-6.778973579406738
409,initial,pp,-6.202361583709717
410,initial,do,-8.215028762817383
411,initial,do,-7.729919910430908
412,initial,do,-7.8126726150512695
413,initial,do,-9.09546184539795
414,initial,do,-8.909374237060547
415,initial,do,-7.411046504974365
416,initial,do,-7.830575942993164
417,initial,do,-8.115281105041504
418,initial,do,-5.862310886383057
419,initial,do,-7.792813777923584
420,initial,do,-8.164080619812012
421,initial,do,-8.397147178649902
422,initial,do,-8.775603294372559
423,initial,do,-8.396092414855957
424,initial,do,-7.181315898895264
425,initial,do,-8.581477165222168
426,initial,do,-6.775084495544434
427,initial,do,-8.05417537689209
428,initial,do,-7.201689720153809
429,initial,do,-8.166401863098145
430,initial,do,-8.584226608276367
431,initial,do,-7.229491233825684
432,initial,do,-8.05417537689209
433,initial,do,-7.663205623626709
434,initial,do,-8.287105560302734
435,initial,do,-7.901859283447266
436,initial,do,-8.212689399719238
437,initial,do,-8.673558235168457
438,initial,do,-7.525096416473389
439,initial,do,-8.695243835449219
440,initial,do,-8.588022232055664
441,initial,do,-8.497872352600098
442,initial,do,-8.664069175720215
443,initial,do,-8.552144050598145
444,initial,do,-7.4262800216674805
445,initial,do,-7.635435581207275
446,initial,do,-8.581477165222168
447,initial,do,-8.559320449829102
448,initial,do,-7.0163984298706055
449,initial,do,-7.415781497955322
450,initial,do,-8.192764282226562
451,initial,do,-8.119059562683105
452,initial,do,-8.075406074523926
453,initial,pp,-7.63151216506958
454,initial,pp,-7.143489360809326
455,initial,pp,-7.083380699157715
456,initial,pp,-8.344962120056152
457,initial,pp,-8.288585662841797
458,initial,pp,-7.073380470275879
459,initial,pp,-7.26317024230957
460,initial,pp,-7.4461259841918945
461,initial,pp,-5.988776206970215
462,initial,pp,-7.204985618591309
463,initial,pp,-7.982954502105713
464,initial,pp,-8.231185913085938
465,initial,pp,-8.261678695678711
466,initial,pp,-7.917823791503906
467,initial,pp,-6.823328018188477
468,initial,pp,-8.078018188476562
469,initial,pp,-6.287260055541992
470,initial,pp,-7.789329528808594
471,initial,pp,-6.947242736816406
472,initial,pp,-7.72761344909668
473,initial,pp,-7.426210880279541
474,initial,pp,-8.199685096740723
475,initial,pp,-7.3564581871032715
476,initial,pp,-7.120898723602295
477,initial,pp,-6.329322814941406
478,initial,pp,-7.106967449188232
479,initial,pp,-6.719480514526367
480,initial,pp,-6.598309516906738
481,initial,pp,-7.229494094848633
482,initial,pp,-7.516562461853027
483,initial,pp,-6.489063262939453
484,initial,pp,-7.737759113311768
485,initial,pp,-7.791789531707764
486,initial,pp,-6.552707672119141
487,initial,pp,-7.651300430297852
488,initial,pp,-6.748590469360352
489,initial,pp,-6.779823303222656
490,initial,pp,-7.665717124938965
491,initial,pp,-6.5258660316467285
492,initial,pp,-7.166773319244385
493,initial,do,-8.30590534210205
494,initial,do,-7.710826396942139
495,initial,do,-8.260377883911133
496,initial,do,-8.83604621887207
497,initial,do,-10.192968368530273
498,initial,do,-6.052855014801025
499,initial,do,-8.561882019042969
500,initial,do,-9.49506664276123
501,initial,do,-7.763919353485107
502,initial,do,-6.51182222366333
503,initial,do,-8.953156471252441
504,initial,do,-8.153239250183105
505,initial,do,-9.052105903625488
506,initial,do,-7.969215393066406
507,initial,do,-9.8098783493042
508,initial,do,-9.636434555053711
509,initial,do,-8.068296432495117
510,initial,do,-7.820652484893799
511,initial,do,-8.010313987731934
512,initial,do,-9.608758926391602
513,initial,do,-7.468911170959473
514,initial,do,-9.378122329711914
515,initial,do,-9.219523429870605
516,initial,do,-10.331626892089844
517,initial,do,-8.223751068115234
518,initial,do,-9.539037704467773
519,initial,do,-9.056708335876465
520,initial,do,-8.845003128051758
521,initial,do,-9.160433769226074
522,initial,do,-8.24895191192627
523,initial,do,-7.165839672088623
524,initial,do,-8.45818042755127
525,initial,do,-8.823915481567383
526,initial,do,-9.562161445617676
527,initial,do,-7.899240970611572
528,initial,do,-9.020092964172363
529,initial,do,-9.020092964172363
530,initial,do,-9.849220275878906
531,initial,do,-10.115350723266602
532,initial,do,-10.130247116088867
533,initial,do,-9.71532917022705
534,initial,do,-8.23400592803955
535,initial,do,-7.801509380340576
536,initial,pp,-8.036466598510742
537,initial,pp,-7.890039443969727
538,initial,pp,-7.8881378173828125
539,initial,pp,-8.253229141235352
540,initial,pp,-9.632879257202148
541,initial,pp,-5.624602317810059
542,initial,pp,-8.295805931091309
543,initial,pp,-9.26256275177002
544,initial,pp,-7.695756435394287
545,initial,pp,-6.323953151702881
546,initial,pp,-8.744256019592285
547,initial,pp,-8.294084548950195
548,initial,pp,-8.693373680114746
549,initial,pp,-8.055299758911133
550,initial,pp,-9.070847511291504
551,initial,pp,-8.868309020996094
552,initial,pp,-7.647349834442139
553,initial,pp,-7.486480236053467
554,initial,pp,-6.949042797088623
555,initial,pp,-9.329882621765137
556,initial,do,-8.231643676757812
557,initial,do,-9.448153495788574
558,initial,do,-8.363106727600098
559,initial,do,-9.223071098327637
560,initial,do,-9.825325012207031
561,initial,do,-7.712764263153076
562,initial,do,-7.577934265136719
563,initial,do,-9.142805099487305
564,initial,do,-9.448153495788574
565,initial,do,-9.584059715270996
566,initial,do,-6.652767181396484
567,initial,do,-6.619234561920166
568,initial,do,-7.634291648864746
569,initial,do,-7.887429237365723
570,initial,do,-6.674932956695557
571,initial,do,-9.049408912658691
572,initial,do,-9.084795951843262
573,initial,do,-9.095407485961914
574,initial,do,-9.095407485961914
575,initial,do,-9.439043045043945
576,initial,do,-7.856510639190674
577,initial,do,-7.583786964416504
578,initial,do,-9.084795951843262
579,initial,do,-8.155060768127441
580,initial,do,-7.861255645751953
581,initial,do,-7.634291648864746
582,initial,do,-9.163026809692383
583,initial,do,-6.474491596221924
584,initial,do,-7.105694770812988
585,initial,do,-9.28441333770752
586,initial,do,-8.31761646270752
587,initial,do,-8.33791446685791
588,initial,do,-6.474491596221924
589,initial,do,-7.811807155609131
590,initial,do,-7.921536445617676
591,initial,do,-8.550661087036133
592,initial,do,-9.303129196166992
593,initial,do,-8.550661087036133
594,initial,do,-9.569513320922852
595,initial,do,-8.363106727600098
596,initial,do,-9.26938247680664
597,initial,do,-7.634291648864746
598,initial,do,-9.584059715270996
599,initial,pp,-8.318013191223145
600,initial,pp,-9.490561485290527
601,initial,pp,-8.10266399383545
602,initial,pp,-9.302966117858887
603,initial,pp,-9.77916431427002
604,initial,pp,-8.117295265197754
605,initial,pp,-7.22038459777832
606,initial,pp,-8.602377891540527
607,initial,pp,-9.490561485290527
608,initial,pp,-9.491961479187012
609,initial,pp,-7.146290302276611
610,initial,pp,-6.357541084289551
611,initial,pp,-7.43717098236084
612,initial,pp,-7.864543914794922
613,initial,pp,-6.67542839050293
614,initial,pp,-8.517151832580566
615,initial,pp,-9.26058292388916
616,initial,pp,-8.902520179748535
617,initial,pp,-8.902520179748535
618,initial,pp,-9.130119323730469
619,initial,do,-6.918208599090576
620,initial,do,-7.056426048278809
621,initial,do,-7.497658729553223
622,initial,do,-7.425609588623047
623,initial,do,-8.232366561889648
624,initial,do,-7.7346415519714355
625,initial,do,-7.25217342376709
626,initial,do,-7.7683281898498535
627,initial,do,-7.710997581481934
628,initial,do,-7.72556209564209
629,initial,do,-7.466043472290039
630,initial,do,-5.664981842041016
631,initial,do,-6.277431011199951
632,initial,do,-6.569283485412598
633,initial,do,-6.187099456787109
634,initial,do,-7.73110818862915
635,initial,do,-6.892865180969238
636,initial,do,-8.037006378173828
637,initial,do,-6.277431011199951
638,initial,do,-7.270968437194824
639,initial,do,-7.846558570861816
640,initial,do,-8.550980567932129
641,initial,do,-7.7135701179504395
642,initial,do,-8.909957885742188
643,initial,do,-8.170121192932129
644,initial,do,-6.369974613189697
645,initial,do,-8.684718132019043
646,initial,do,-7.516303062438965
647,initial,do,-7.772845268249512
648,initial,do,-7.573275566101074
649,initial,do,-7.387247085571289
650,initial,do,-8.875179290771484
651,initial,do,-8.4270601272583
652,initial,do,-8.465553283691406
653,initial,do,-7.956252098083496
654,initial,do,-6.953300476074219
655,initial,do,-7.459688186645508
656,initial,do,-8.177818298339844
657,initial,do,-8.179121017456055
658,initial,do,-6.277431964874268
659,initial,do,-8.470240592956543
660,initial,do,-8.863018989562988
661,initial,do,-7.027949810028076
662,initial,pp,-7.601192951202393
663,initial,pp,-6.613099098205566
664,initial,pp,-7.490545272827148
665,initial,pp,-7.619443416595459
666,initial,pp,-8.25261116027832
667,initial,pp,-7.890265941619873
668,initial,pp,-7.85020637512207
669,initial,pp,-8.187601089477539
670,initial,pp,-8.446310997009277
671,initial,pp,-8.14516544342041
672,initial,pp,-7.366382122039795
673,initial,pp,-5.691039085388184
674,initial,pp,-6.4253129959106445
675,initial,pp,-6.343710899353027
676,initial,pp,-6.403130531311035
677,initial,pp,-8.098394393920898
678,initial,pp,-6.483712673187256
679,initial,pp,-8.271716117858887
680,initial,pp,-6.4253129959106445
681,initial,pp,-7.721721172332764
682,initial,do,-9.019781112670898
683,initial,do,-10.022366523742676
684,initial,do,-7.875244140625
685,initial,do,-6.8077921867370605
686,initial,do,-8.28235149383545
687,initial,do,-8.410476684570312
688,initial,do,-10.073958396911621
689,initial,do,-10.321576118469238
690,initial,do,-7.925966739654541
691,initial,do,-8.661267280578613
692,initial,do,-6.899703025817871
693,initial,do,-9.307832717895508
694,initial,do,-7.569680690765381
695,initial,do,-8.118141174316406
696,initial,do,-9.091638565063477
697,initial,do,-7.680233478546143
698,initial,do,-8.200321197509766
699,initial,do,-8.544391632080078
700,initial,do,-9.149657249450684
701,initial,do,-7.3075337409973145
702,initial,do,-8.771228790283203
703,initial,do,-8.818270683288574
704,initial,do,-9.821915626525879
705,initial,do,-8.298956871032715
706,initial,do,-8.566022872924805
707,initial,do,-9.850072860717773
708,initial,do,-7.659815311431885
709,initial,do,-7.646337985992432
710,initial,do,-10.315509796142578
711,initial,do,-8.515629768371582
712,initial,do,-9.177386283874512
713,initial,do,-10.528696060180664
714,initial,do,-9.842788696289062
715,initial,do,-8.963894844055176
716,initial,do,-10.200740814208984
717,initial,do,-10.288896560668945
718,initial,do,-9.832459449768066
719,initial,do,-9.675933837890625
720,initial,do,-7.401942729949951
721,initial,do,-8.680910110473633
722,initial,do,-7.911891460418701
723,initial,do,-8.37264633178711
724,initial,do,-8.197623252868652
725,initial,pp,-9.005265235900879
726,initial,pp,-9.447351455688477
727,initial,pp,-6.839475154876709
728,initial,pp,-6.500612258911133
729,initial,pp,-8.654204368591309
730,initial,pp,-7.707682132720947
731,initial,pp,-9.754436492919922
732,initial,pp,-9.744487762451172
733,initial,pp,-7.690708637237549
734,initial,pp,-8.500021934509277
735,initial,pp,-7.01496696472168
736,initial,pp,-8.327208518981934
737,initial,pp,-7.833528518676758
738,initial,pp,-8.365342140197754
739,initial,pp,-9.649772644042969
740,initial,pp,-8.617594718933105
741,initial,pp,-7.341625690460205
742,initial,pp,-7.687636375427246
743,initial,pp,-9.07089900970459
744,initial,pp,-7.601791858673096
745,initial,pp,-7.390765190124512
746,initial,pp,-7.15400505065918
747,initial,pp,-7.633772850036621
748,initial,pp,-7.177032470703125
749,initial,pp,-8.353280067443848
750,initial,pp,-8.47868824005127
751,initial,pp,-8.715603828430176
752,initial,pp,-7.680079460144043
753,initial,pp,-6.977949619293213
754,initial,pp,-7.874623775482178
755,initial,pp,-6.479373931884766
756,initial,pp,-6.554090976715088
757,initial,pp,-7.61731481552124
758,initial,pp,-6.826585292816162
759,initial,pp,-7.242175579071045
760,initial,pp,-8.251690864562988
761,initial,pp,-9.385001182556152
762,initial,pp,-9.343340873718262
763,initial,pp,-7.0661468505859375
764,initial,pp,-7.619960784912109
765,initial,pp,-7.90053653717041
766,initial,pp,-8.057748794555664
767,initial,pp,-8.414300918579102
768,initial,pp,-6.751706600189209
769,initial,pp,-8.22014045715332
770,initial,pp,-8.481846809387207
771,initial,pp,-8.3991060256958
772,initial,pp,-8.459643363952637
773,initial,pp,-7.589483261108398
774,initial,pp,-6.333874702453613
775,initial,pp,-7.781578063964844
776,initial,pp,-6.812323093414307
777,initial,pp,-6.796916484832764
778,initial,pp,-8.088499069213867
779,initial,pp,-8.375523567199707
780,initial,pp,-8.360382080078125
781,initial,pp,-8.422170639038086
782,initial,pp,-6.663874626159668
783,initial,pp,-8.629494667053223
784,initial,pp,-8.64020824432373
785,initial,do,-7.503018856048584
786,initial,do,-6.585882663726807
787,initial,do,-6.651515483856201
788,initial,do,-6.385699272155762
789,initial,do,-7.623012065887451
790,initial,do,-6.580874443054199
791,initial,do,-6.396975994110107
792,initial,do,-6.631450176239014
793,initial,do,-8.582972526550293
794,initial,do,-8.118658065795898
795,initial,do,-6.744228839874268
796,initial,do,-5.595674991607666
797,initial,do,-6.517309188842773
798,initial,do,-8.878973960876465
799,initial,do,-5.954160213470459
800,initial,do,-5.6576828956604
801,initial,do,-7.643436908721924
802,initial,do,-6.722011089324951
803,initial,do,-8.74093246459961
804,initial,do,-8.943720817565918
805,initial,do,-8.143208503723145
806,initial,do,-6.278007507324219
807,initial,do,-7.8245344161987305
808,initial,do,-8.99067211151123
809,initial,do,-6.690371036529541
810,initial,do,-5.989677906036377
811,initial,do,-7.45932674407959
812,initial,do,-6.998796463012695
813,initial,do,-7.21483850479126
814,initial,do,-6.614490985870361
815,initial,do,-7.015053749084473
816,initial,do,-7.015141010284424
817,initial,do,-6.253843784332275
818,initial,do,-5.42156457901001
819,initial,do,-7.649680137634277
820,initial,do,-5.6576828956604
821,initial,do,-9.042657852172852
822,initial,do,-6.947787761688232
823,initial,do,-6.6722798347473145
824,initial,do,-8.72178840637207
825,initial,do,-7.712578773498535
826,initial,do,-7.031917572021484
827,initial,do,-8.520106315612793
828,initial,pp,-7.121983051300049
829,initial,pp,-6.27851676940918
830,initial,pp,-6.4088850021362305
831,initial,pp,-6.252315998077393
832,initial,pp,-6.887408256530762
833,initial,pp,-6.509400367736816
834,initial,pp,-6.535812854766846
835,initial,pp,-6.348992347717285
836,initial,pp,-7.900646209716797
837,initial,pp,-7.402102470397949
838,initial,pp,-6.389671325683594
839,initial,pp,-5.588988304138184
840,initial,pp,-6.711944580078125
841,initial,pp,-7.619579315185547
842,initial,pp,-5.605530738830566
843,initial,pp,-5.512878894805908
844,initial,pp,-7.302892684936523
845,initial,pp,-6.205031394958496
846,initial,pp,-8.28268814086914
847,initial,pp,-7.6167097091674805
848,initial,do,-6.300617694854736
849,initial,do,-6.686848163604736
850,initial,do,-6.459447383880615
851,initial,do,-8.70533275604248
852,initial,do,-6.2558088302612305
853,initial,do,-8.004684448242188
854,initial,do,-7.46625280380249
855,initial,do,-6.1944122314453125
856,initial,do,-6.569217681884766
857,initial,do,-6.785158634185791
858,initial,do,-7.939225196838379
859,initial,do,-6.250485420227051
860,initial,do,-7.382393836975098
861,initial,do,-5.243119716644287
862,initial,do,-5.808798789978027
863,initial,do,-5.925363540649414
864,initial,do,-6.226521968841553
865,initial,do,-8.179548263549805
866,initial,do,-5.847233295440674
867,initial,do,-6.256052017211914
868,initial,do,-7.4042067527771
869,initial,do,-6.226470947265625
870,initial,do,-8.662866592407227
871,initial,do,-5.841991901397705
872,initial,do,-6.328370094299316
873,initial,do,-6.707468032836914
874,initial,do,-6.569217681884766
875,initial,do,-6.687198162078857
876,initial,do,-6.620269775390625
877,initial,do,-7.675347805023193
878,initial,do,-6.753049373626709
879,initial,do,-5.690690994262695
880,initial,do,-8.559820175170898
881,initial,do,-7.740996837615967
882,initial,do,-6.716485500335693
883,initial,do,-7.039950370788574
884,initial,do,-6.3006181716918945
885,initial,do,-6.720816612243652
886,initial,do,-5.846748352050781
887,initial,do,-7.379190444946289
888,initial,do,-8.619261741638184
889,initial,do,-7.565764904022217
890,initial,do,-6.267978668212891
891,initial,pp,-6.57708215713501
892,initial,pp,-6.405992031097412
893,initial,pp,-6.4872589111328125
894,initial,pp,-8.302160263061523
895,initial,pp,-5.907671928405762
896,initial,pp,-7.585766315460205
897,initial,pp,-7.100980281829834
898,initial,pp,-6.106398105621338
899,initial,pp,-6.682658672332764
900,initial,pp,-6.706690311431885
901,initial,pp,-7.509824752807617
902,initial,pp,-6.242773056030273
903,initial,pp,-7.061293601989746
904,initial,pp,-5.298745632171631
905,initial,pp,-5.858112335205078
906,initial,pp,-5.879711627960205
907,initial,pp,-6.264918804168701
908,initial,pp,-7.879902362823486
909,initial,pp,-5.671908378601074
910,initial,pp,-6.190884113311768
911,initial,do,-7.080517768859863
912,initial,do,-7.447578430175781
913,initial,do,-6.634615421295166
914,initial,do,-7.379422664642334
915,initial,do,-6.438021183013916
916,initial,do,-6.584794998168945
917,initial,do,-7.116929531097412
918,initial,do,-7.399652481079102
919,initial,do,-6.793705463409424
920,initial,do,-7.421013832092285
921,initial,do,-6.7310686111450195
922,initial,do,-6.508249282836914
923,initial,do,-7.776601314544678
924,initial,do,-6.617903232574463
925,initial,do,-6.1875
926,initial,do,-6.980629920959473
927,initial,do,-7.085233688354492
928,initial,do,-7.3019304275512695
929,initial,do,-6.654590129852295
930,initial,do,-5.898796558380127
931,initial,do,-7.244241714477539
932,initial,do,-6.283463954925537
933,initial,do,-6.675875663757324
934,initial,do,-6.017722129821777
935,initial,do,-6.487347602844238
936,initial,do,-7.18806791305542
937,initial,do,-5.582448959350586
938,initial,do,-5.897261142730713
939,initial,do,-7.482287883758545
940,initial,do,-6.490931987762451
941,initial,do,-7.31749963760376
942,initial,do,-7.6641411781311035
943,initial,do,-6.739952087402344
944,initial,do,-6.890244960784912
945,initial,do,-6.561551094055176
946,initial,do,-7.568875789642334
947,initial,do,-6.662447929382324
948,initial,do,-6.849357604980469
949,initial,do,-7.421014785766602
950,initial,do,-6.841165542602539
951,initial,do,-7.5248870849609375
952,initial,do,-6.185131549835205
953,initial,do,-7.42320442199707
954,initial,pp,-6.843860149383545
955,initial,pp,-6.816169738769531
956,initial,pp,-6.680843830108643
957,initial,pp,-7.4016571044921875
958,initial,pp,-6.608858108520508
959,initial,pp,-6.57294225692749
960,initial,pp,-7.26685905456543
961,initial,pp,-7.5990095138549805
962,initial,pp,-6.982672691345215
963,initial,pp,-7.439321994781494
964,initial,pp,-6.7365593910217285
965,initial,pp,-6.4725823402404785
966,initial,pp,-7.395145416259766
967,initial,pp,-6.4684834480285645
968,initial,pp,-6.4785332679748535
969,initial,pp,-7.0056352615356445
970,initial,pp,-6.98238468170166
971,initial,pp,-7.390007495880127
972,initial,pp,-6.49751615524292
973,initial,pp,-5.949057102203369
974,initial,do,-8.04936695098877
975,initial,do,-7.8554887771606445
976,initial,do,-9.192047119140625
977,initial,do,-8.375834465026855
978,initial,do,-7.301063060760498
979,initial,do,-6.446341037750244
980,initial,do,-8.617308616638184
981,initial,do,-6.85377311706543
982,initial,do,-8.1267728805542
983,initial,do,-7.405099868774414
984,initial,do,-7.890997886657715
985,initial,do,-8.00473690032959
986,initial,do,-8.480097770690918
987,initial,do,-7.519876480102539
988,initial,do,-9.583598136901855
989,initial,do,-8.881242752075195
990,initial,do,-9.542448043823242
991,initial,do,-7.082186222076416
992,initial,do,-7.383589744567871
993,initial,do,-7.175156593322754
994,initial,do,-6.7659993171691895
995,initial,do,-8.58413028717041
996,initial,do,-7.759001731872559
997,initial,do,-7.797576904296875
998,initial,do,-7.752557754516602
999,initial,do,-6.203193187713623
1000,initial,do,-7.331642150878906
1001,initial,do,-6.258894920349121
1002,initial,do,-7.30772590637207
1003,initial,do,-7.175156593322754
1004,initial,do,-7.191288948059082
1005,initial,do,-6.633387088775635
1006,initial,do,-8.309494972229004
1007,initial,do,-7.207418441772461
1008,initial,do,-6.894170761108398
1009,initial,do,-6.705933570861816
1010,initial,do,-7.437164306640625
1011,initial,do,-8.75711727142334
1012,initial,do,-7.904014587402344
1013,initial,do,-8.362632751464844
1014,initial,do,-7.904014587402344
1015,initial,do,-6.768450736999512
1016,initial,do,-6.797806739807129
1017,initial,pp,-7.317975997924805
1018,initial,pp,-7.149701118469238
1019,initial,pp,-8.589859008789062
1020,initial,pp,-7.646684169769287
1021,initial,pp,-6.893697261810303
1022,initial,pp,-6.425172328948975
1023,initial,pp,-7.954917907714844
1024,initial,pp,-6.43479061126709
1025,initial,pp,-7.215709209442139
1026,initial,pp,-6.852535247802734
1027,initial,pp,-7.491168022155762
1028,initial,pp,-7.6633148193359375
1029,initial,pp,-7.650172710418701
1030,initial,pp,-7.026109218597412
1031,initial,pp,-8.545467376708984
1032,initial,pp,-8.285991668701172
1033,initial,pp,-8.71162223815918
1034,initial,pp,-6.586239337921143
1035,initial,pp,-6.762091159820557
1036,initial,pp,-6.847409248352051
1037,initial,pp,-6.504787445068359
1038,initial,pp,-6.04210090637207
1039,initial,pp,-6.78237771987915
1040,initial,pp,-6.810870170593262
1041,initial,pp,-5.568812370300293
1042,initial,pp,-6.954617023468018
1043,initial,pp,-7.922924995422363
1044,initial,pp,-5.249247074127197
1045,initial,pp,-7.100162506103516
1046,initial,pp,-6.243296146392822
1047,initial,pp,-8.124616622924805
1048,initial,pp,-5.853271007537842
1049,initial,pp,-6.021938800811768
1050,initial,pp,-5.634953022003174
1051,initial,pp,-5.717513561248779
1052,initial,pp,-6.9821295738220215
1053,initial,pp,-6.866403579711914
1054,initial,pp,-6.515499591827393
1055,initial,pp,-5.6138739585876465
1056,initial,pp,-6.170422554016113
1057,initial,pp,-6.546621322631836
1058,initial,pp,-6.352193832397461
1059,initial,pp,-7.0163960456848145
1060,initial,pp,-5.78732967376709
1061,initial,pp,-6.611380100250244
1062,initial,pp,-6.692961692810059
1063,initial,pp,-5.589607238769531
1064,initial,pp,-6.781970977783203
1065,initial,pp,-6.298224449157715
1066,initial,pp,-6.58015775680542
1067,initial,pp,-7.164182186126709
1068,initial,pp,-5.665441513061523
1069,initial,pp,-5.848083972930908
1070,initial,pp,-6.164019584655762
1071,initial,pp,-6.244383335113525
1072,initial,pp,-6.270258903503418
1073,initial,pp,-6.326463222503662
1074,initial,pp,-6.159727573394775
1075,initial,pp,-6.135871887207031
1076,initial,pp,-7.37154483795166
1077,initial,do,-8.499077796936035
1078,initial,do,-8.586760520935059
1079,initial,do,-8.250837326049805
1080,initial,do,-8.52017593383789
1081,initial,do,-6.8650431632995605
1082,initial,do,-7.8831353187561035
1083,initial,do,-7.884438991546631
1084,initial,do,-7.81549072265625
1085,initial,do,-8.11408805847168
1086,initial,do,-6.865176677703857
1087,initial,do,-8.097770690917969
1088,initial,do,-8.009222984313965
1089,initial,do,-8.35985279083252
1090,initial,do,-9.61735725402832
1091,initial,do,-9.146714210510254
1092,initial,do,-7.823319911956787
1093,initial,do,-8.1798677444458
1094,initial,do,-8.557095527648926
1095,initial,do,-7.076363563537598
1096,initial,do,-8.21434497833252
1097,initial,do,-8.619397163391113
1098,initial,do,-8.167936325073242
1099,initial,do,-8.963654518127441
1100,initial,do,-8.747824668884277
1101,initial,do,-8.181340217590332
1102,initial,do,-8.109580993652344
1103,initial,do,-7.960169315338135
1104,initial,do,-7.514965057373047
1105,initial,do,-8.573160171508789
1106,initial,do,-7.497682094573975
1107,initial,do,-8.167936325073242
1108,initial,do,-8.837441444396973
1109,initial,do,-6.5161333084106445
1110,initial,do,-7.896204471588135
1111,initial,do,-7.23646879196167
1112,initial,do,-7.3854498863220215
1113,initial,do,-7.8899712562561035
1114,initial,do,-7.72292947769165
1115,initial,do,-7.9393134117126465
1116,initial,do,-8.062304496765137
1117,initial,do,-8.893012046813965
1118,initial,do,-9.230572700500488
1119,initial,do,-6.555211544036865
1120,initial,pp,-7.355170726776123
1121,initial,pp,-7.605701923370361
1122,initial,pp,-7.522704601287842
1123,initial,pp,-7.2274699211120605
1124,initial,pp,-6.0785298347473145
1125,initial,pp,-7.142275333404541
1126,initial,pp,-6.909018039703369
1127,initial,pp,-7.158120155334473
1128,initial,pp,-7.029251575469971
1129,initial,pp,-6.543484687805176
1130,initial,pp,-6.94420862197876
1131,initial,pp,-6.709603309631348
1132,initial,pp,-7.731226444244385
1133,initial,pp,-7.845943927764893
1134,initial,pp,-7.700214385986328
1135,initial,pp,-7.151072978973389
1136,initial,pp,-7.613569736480713
1137,initial,pp,-7.234346866607666
1138,initial,pp,-6.600058555603027
1139,initial,pp,-6.985465049743652
1140,initial,do,-8.071755409240723
1141,initial,do,-7.86979866027832
1142,initial,do,-6.454582214355469
1143,initial,do,-8.183619499206543
1144,initial,do,-6.834932804107666
1145,initial,do,-7.600405216217041
1146,initial,do,-8.071755409240723
1147,initial,do,-8.727705955505371
1148,initial,do,-8.258391380310059
1149,initial,do,-6.833139896392822
1150,initial,do,-7.6531596183776855
1151,initial,do,-9.116500854492188
1152,initial,do,-7.882280349731445
1153,initial,do,-8.185346603393555
1154,initial,do,-7.502309799194336
1155,initial,do,-6.825829982757568
1156,initial,do,-7.2691497802734375
1157,initial,do,-7.065896987915039
1158,initial,do,-8.156994819641113
1159,initial,do,-8.146326065063477
1160,initial,do,-8.728320121765137
1161,initial,do,-6.708223819732666
1162,initial,do,-7.350289344787598
1163,initial,do,-6.907861232757568
1164,initial,do,-7.86979866027832
1165,initial,do,-6.868945598602295
1166,initial,do,-8.398219108581543
1167,initial,do,-6.970462322235107
1168,initial,do,-8.338776588439941
1169,initial,do,-7.139736652374268
1170,initial,do,-6.699333667755127
1171,initial,do,-7.443513870239258
1172,initial,do,-7.2691497802734375
1173,initial,do,-8.316991806030273
1174,initial,do,-7.776007175445557
1175,initial,do,-7.776007175445557
1176,initial,do,-8.18117904663086
1177,initial,do,-8.589405059814453
1178,initial,do,-6.951266765594482
1179,initial,do,-6.825829982757568
1180,initial,do,-7.350289344787598
1181,initial,do,-8.223528861999512
1182,initial,do,-6.970462322235107
1183,initial,pp,-7.3210248947143555
1184,initial,pp,-7.313675403594971
1185,initial,pp,-6.03256368637085
1186,initial,pp,-7.425512790679932
1187,initial,pp,-6.636972904205322
1188,initial,pp,-7.030333518981934
1189,initial,pp,-7.321024417877197
1190,initial,pp,-7.8542280197143555
1191,initial,pp,-7.5529985427856445
1192,initial,pp,-6.390949249267578
1193,initial,pp,-7.269162654876709
1194,initial,pp,-8.234140396118164
1195,initial,pp,-7.129336357116699
1196,initial,pp,-7.445690631866455
1197,initial,pp,-7.159663677215576
1198,initial,pp,-6.40043306350708
1199,initial,pp,-6.900259971618652
1200,initial,pp,-6.56642484664917
1201,initial,pp,-7.7363739013671875
1202,initial,pp,-7.34818172454834
1203,initial,do,-7.50883674621582
1204,initial,do,-6.624919891357422
1205,initial,do,-7.947545528411865
1206,initial,do,-7.238321304321289
1207,initial,do,-7.957897663116455
1208,initial,do,-6.938642978668213
1209,initial,do,-7.499352931976318
1210,initial,do,-7.074955940246582
1211,initial,do,-6.75100040435791
1212,initial,do,-7.2987189292907715
1213,initial,do,-7.412923812866211
1214,initial,do,-6.512006759643555
1215,initial,do,-6.805445194244385
1216,initial,do,-7.007427215576172
1217,initial,do,-7.679998397827148
1218,initial,do,-6.9214863777160645
1219,initial,do,-7.308838367462158
1220,initial,do,-7.34359884262085
1221,initial,do,-6.389096736907959
1222,initial,do,-6.238138675689697
1223,initial,do,-8.648017883300781
1224,initial,do,-8.001971244812012
1225,initial,do,-7.956419944763184
1226,initial,do,-7.501938819885254
1227,initial,do,-8.01065444946289
1228,initial,do,-7.605421543121338
1229,initial,do,-7.178598403930664
1230,initial,do,-7.675310134887695
1231,initial,do,-7.567856788635254
1232,initial,do,-7.269896030426025
1233,initial,do,-7.664867877960205
1234,initial,do,-7.4787821769714355
1235,initial,do,-7.108066558837891
1236,initial,do,-7.041590690612793
1237,initial,do,-7.40869665145874
1238,initial,do,-7.723232746124268
1239,initial,do,-6.228677272796631
1240,initial,do,-7.355635166168213
1241,initial,do,-7.776888370513916
1242,initial,do,-5.927457809448242
1243,initial,do,-6.849302291870117
1244,initial,do,-7.869293689727783
1245,initial,do,-6.9383368492126465
1246,initial,pp,-7.376383304595947
1247,initial,pp,-6.3650054931640625
1248,initial,pp,-7.369365215301514
1249,initial,pp,-7.073269367218018
1250,initial,pp,-7.28873348236084
1251,initial,pp,-6.464942455291748
1252,initial,pp,-7.349255084991455
1253,initial,pp,-6.907350063323975
1254,initial,pp,-6.519151210784912
1255,initial,pp,-6.990435600280762
1256,initial,pp,-7.420918941497803
1257,initial,pp,-6.679983615875244
1258,initial,pp,-6.711386203765869
1259,initial,pp,-6.632260799407959
1260,initial,pp,-7.535127639770508
1261,initial,pp,-6.607919216156006
1262,initial,pp,-7.053842544555664
1263,initial,pp,-7.107099533081055
1264,initial,pp,-6.496407985687256
1265,initial,pp,-6.1252217292785645
1266,initial,do,-6.897228240966797
1267,initial,do,-7.257678985595703
1268,initial,do,-7.949018478393555
1269,initial,do,-8.15639877319336
1270,initial,do,-7.127960205078125
1271,initial,do,-8.787810325622559
1272,initial,do,-9.610177040100098
1273,initial,do,-9.256635665893555
1274,initial,do,-7.0623955726623535
1275,initial,do,-9.215606689453125
1276,initial,do,-9.17774486541748
1277,initial,do,-6.861968040466309
1278,initial,do,-8.996733665466309
1279,initial,do,-8.935088157653809
1280,initial,do,-7.91473913192749
1281,initial,do,-9.309353828430176
1282,initial,do,-8.663506507873535
1283,initial,do,-8.184402465820312
1284,initial,do,-7.928939342498779
1285,initial,do,-8.65661907196045
1286,initial,do,-6.253946304321289
1287,initial,do,-8.620559692382812
1288,initial,do,-8.746222496032715
1289,initial,do,-8.55501937866211
1290,initial,do,-8.63553524017334
1291,initial,do,-7.354176998138428
1292,initial,do,-8.4544677734375
1293,initial,do,-9.523694038391113
1294,initial,do,-8.862641334533691
1295,initial,do,-8.548722267150879
1296,initial,do,-7.7188639640808105
1297,initial,do,-8.655627250671387
1298,initial,do,-8.032641410827637
1299,initial,do,-6.372744083404541
1300,initial,do,-8.32027530670166
1301,initial,do,-9.374631881713867
1302,initial,do,-9.370770454406738
1303,initial,do,-7.959918975830078
1304,initial,do,-7.830952167510986
1305,initial,do,-9.346220970153809
1306,initial,do,-9.371386528015137
1307,initial,do,-7.772227764129639
1308,initial,do,-9.386393547058105
1309,initial,pp,-6.778417587280273
1310,initial,pp,-6.741828441619873
1311,initial,pp,-6.6999664306640625
1312,initial,pp,-7.020918369293213
1313,initial,pp,-5.660696029663086
1314,initial,pp,-7.83615779876709
1315,initial,pp,-8.766058921813965
1316,initial,pp,-8.610568046569824
1317,initial,pp,-5.89616584777832
1318,initial,pp,-8.43554401397705
1319,initial,pp,-8.260530471801758
1320,initial,pp,-6.678822040557861
1321,initial,pp,-8.11694622039795
1322,initial,pp,-7.675551414489746
1323,initial,pp,-7.456873416900635
1324,initial,pp,-8.08528995513916
1325,initial,pp,-7.516014099121094
1326,initial,pp,-7.909454345703125
1327,initial,pp,-6.95621919631958
1328,initial,pp,-7.715508460998535
1329,initial,pp,-6.074109077453613
1330,initial,pp,-5.821576118469238
1331,initial,pp,-7.311434268951416
1332,initial,pp,-7.607698440551758
1333,initial,pp,-8.133918762207031
1334,initial,pp,-6.48726224899292
1335,initial,pp,-5.913086891174316
1336,initial,pp,-5.975793361663818
1337,initial,pp,-6.417970180511475
1338,initial,pp,-6.931512832641602
1339,initial,pp,-5.936500549316406
1340,initial,pp,-7.083676815032959
1341,initial,pp,-7.114166736602783
1342,initial,pp,-7.936286926269531
1343,initial,pp,-7.567774295806885
1344,initial,pp,-6.978664875030518
1345,initial,pp,-7.328676223754883
1346,initial,pp,-5.72008752822876
1347,initial,pp,-7.250559329986572
1348,initial,pp,-6.732822895050049
1349,initial,pp,-6.604488372802734
1350,initial,pp,-7.056170463562012
1351,initial,pp,-7.286748886108398
1352,initial,pp,-6.572372913360596
1353,initial,pp,-7.105295181274414
1354,initial,pp,-5.99368953704834
1355,initial,pp,-6.048349380493164
1356,initial,pp,-6.118824005126953
1357,initial,pp,-6.40347957611084
1358,initial,pp,-6.889346122741699
1359,initial,pp,-6.559376239776611
1360,initial,pp,-7.169144630432129
1361,initial,pp,-6.257617950439453
1362,initial,pp,-6.378161430358887
1363,initial,pp,-6.841983795166016
1364,initial,pp,-6.843645095825195
1365,initial,pp,-7.27162504196167
1366,initial,pp,-6.57963752746582
1367,initial,pp,-6.401766777038574
1368,initial,pp,-6.681791305541992
1,final,pp,-4.804340362548828
2,final,pp,-5.645064830780029
3,final,pp,-4.3850789070129395
4,final,pp,-4.772122383117676
5,final,pp,-4.191365718841553
6,final,pp,-4.583436965942383
7,final,pp,-4.823729991912842
8,final,pp,-4.295438289642334
9,final,pp,-3.754225969314575
10,final,pp,-4.393317699432373
11,final,pp,-4.366575241088867
12,final,pp,-4.427629470825195
13,final,pp,-4.674156188964844
14,final,pp,-4.847262859344482
15,final,pp,-5.6915435791015625
16,final,pp,-4.295438289642334
17,final,pp,-4.931697845458984
18,final,pp,-4.043246269226074
19,final,pp,-5.4785380363464355
20,final,pp,-3.887235641479492
21,final,pp,-4.154394149780273
22,final,pp,-4.658658027648926
23,final,pp,-4.791018009185791
24,final,pp,-5.403282165527344
25,final,pp,-5.050857067108154
26,final,pp,-5.682016849517822
27,final,pp,-5.530733585357666
28,final,pp,-5.184924125671387
29,final,pp,-5.630928039550781
30,final,pp,-5.266128063201904
31,final,pp,-4.75634241104126
32,final,pp,-5.403282165527344
33,final,pp,-5.703651428222656
34,final,pp,-5.4120941162109375
35,final,pp,-4.9729084968566895
36,final,pp,-5.0641303062438965
37,final,pp,-5.630929470062256
38,final,pp,-3.7253007888793945
39,final,pp,-6.043165683746338
40,final,pp,-4.959718704223633
41,final,pp,-5.273980140686035
42,final,pp,-5.316295146942139
43,final,pp,-4.651108264923096
44,final,pp,-5.7198920249938965
45,final,pp,-6.1025004386901855
46,final,pp,-5.036537170410156
47,final,pp,-6.631208419799805
48,final,pp,-4.623414993286133
49,final,pp,-5.428622245788574
50,final,pp,-4.698014736175537
51,final,pp,-5.113472938537598
52,final,pp,-5.590487003326416
53,final,pp,-5.602158546447754
54,final,pp,-5.334254741668701
55,final,pp,-5.341601371765137
56,final,pp,-4.013765811920166
57,final,pp,-5.125918865203857
58,final,pp,-5.729529857635498
59,final,pp,-5.694619655609131
60,final,pp,-5.144620895385742
61,final,pp,-5.518121719360352
62,final,pp,-5.98126220703125
63,final,pp,-5.609166622161865
64,final,pp,-5.765602111816406
65,final,pp,-5.326056957244873
66,final,pp,-5.2843708992004395
67,final,pp,-5.0583086013793945
68,final,pp,-6.1974921226501465
69,final,pp,-6.744945526123047
70,final,pp,-6.056403636932373
71,final,pp,-4.910678386688232
72,final,pp,-5.959287643432617
73,final,pp,-5.6589274406433105
74,final,pp,-6.710732936859131
75,final,pp,-5.515649318695068
76,final,pp,-4.80424690246582
77,final,pp,-4.634551048278809
78,final,pp,-5.045729160308838
79,final,pp,-4.215176582336426
80,final,pp,-5.447149753570557
81,final,pp,-5.395609378814697
82,final,pp,-5.158609390258789
83,final,pp,-5.23495626449585
84,final,pp,-4.441611289978027
85,final,pp,-5.158609390258789
86,final,pp,-4.945127487182617
87,final,pp,-5.5413408279418945
88,final,pp,-4.34684419631958
89,final,pp,-5.194169998168945
90,final,pp,-4.20488977432251
91,final,pp,-4.70896053314209
92,final,pp,-5.945749282836914
93,final,pp,-4.884488105773926
94,final,pp,-5.176687240600586
95,final,pp,-4.33329963684082
96,final,pp,-5.063781261444092
97,final,pp,-5.722922325134277
98,final,pp,-5.820493698120117
99,final,pp,-5.621102333068848
100,final,pp,-5.689395427703857
101,final,pp,-4.651227951049805
102,final,pp,-5.275566101074219
103,final,pp,-4.338395595550537
104,final,pp,-4.966896057128906
105,final,pp,-5.153404235839844
106,final,pp,-5.326153755187988
107,final,pp,-4.585623741149902
108,final,pp,-5.75921106338501
109,final,pp,-5.463352680206299
110,final,pp,-5.163733959197998
111,final,pp,-4.658380031585693
112,final,pp,-4.410793781280518
113,final,pp,-4.969674110412598
114,final,pp,-4.444742679595947
115,final,pp,-5.274363994598389
116,final,pp,-4.1085710525512695
117,final,pp,-4.860966682434082
118,final,pp,-4.835801124572754
119,final,pp,-5.333967685699463
120,final,pp,-5.141136169433594
121,final,pp,-4.277846336364746
122,final,pp,-5.058791637420654
123,final,pp,-4.644911766052246
124,final,pp,-5.852820873260498
125,final,pp,-3.758427381515503
126,final,pp,-5.054508686065674
127,final,pp,-4.027796268463135
128,final,pp,-4.9842610359191895
129,final,pp,-4.098896026611328
130,final,pp,-3.8116257190704346
131,final,pp,-4.098896026611328
132,final,pp,-5.058791637420654
133,final,pp,-4.77865743637085
134,final,pp,-3.7138588428497314
135,final,pp,-5.058791637420654
136,final,pp,-5.054508686065674
137,final,pp,-4.129911422729492
138,final,pp,-4.367639064788818
139,final,pp,-4.596670150756836
140,final,pp,-4.336683750152588
141,final,pp,-5.377101421356201
142,final,pp,-5.17083740234375
143,final,pp,-4.38917875289917
144,final,pp,-5.029105186462402
145,final,pp,-4.592572212219238
146,final,pp,-4.806367874145508
147,final,pp,-4.885545253753662
148,final,pp,-4.890422821044922
149,final,pp,-4.455953598022461
150,final,pp,-4.9354753494262695
151,final,pp,-5.801648139953613
152,final,pp,-5.000302314758301
153,final,pp,-4.428079128265381
154,final,pp,-5.175261497497559
155,final,pp,-4.553570747375488
156,final,pp,-4.947512626647949
157,final,pp,-4.829151153564453
158,final,pp,-4.873733043670654
159,final,pp,-5.232959747314453
160,final,pp,-4.949159622192383
161,final,pp,-5.328813076019287
162,final,pp,-4.293161392211914
163,final,pp,-4.179783821105957
164,final,pp,-3.9960663318634033
165,final,pp,-4.361800193786621
166,final,pp,-3.8890581130981445
167,final,pp,-5.277922630310059
168,final,pp,-5.170528888702393
169,final,pp,-5.326024532318115
170,final,pp,-4.0894904136657715
171,final,pp,-4.179783821105957
172,final,pp,-3.805269241333008
173,final,pp,-4.863131523132324
174,final,pp,-5.224647045135498
175,final,pp,-4.994164943695068
176,final,pp,-4.361800193786621
177,final,pp,-5.384330749511719
178,final,pp,-5.407158374786377
179,final,pp,-4.189716339111328
180,final,pp,-5.677513122558594
181,final,pp,-4.717233180999756
182,final,pp,-5.527155876159668
183,final,pp,-4.497462749481201
184,final,pp,-5.403406620025635
185,final,pp,-4.964570045471191
186,final,pp,-5.09397554397583
187,final,pp,-4.970402240753174
188,final,pp,-4.413746356964111
189,final,pp,-4.719675064086914
190,final,pp,-4.414740562438965
191,final,pp,-5.254207611083984
192,final,pp,-5.026618003845215
193,final,pp,-5.239602088928223
194,final,pp,-4.520493030548096
195,final,pp,-4.90681791305542
196,final,pp,-4.484954833984375
197,final,pp,-4.795963287353516
198,final,pp,-5.046267032623291
199,final,pp,-4.883885860443115
200,final,pp,-5.845185279846191
201,final,pp,-3.796987771987915
202,final,pp,-3.5820729732513428
203,final,pp,-5.303372859954834
204,final,pp,-4.630133152008057
205,final,pp,-5.3366875648498535
206,final,pp,-4.374157905578613
207,final,pp,-5.158417701721191
208,final,pp,-5.1081862449646
209,final,pp,-4.908412933349609
210,final,pp,-3.9625134468078613
211,final,pp,-4.504652500152588
212,final,pp,-4.751863956451416
213,final,pp,-4.0651445388793945
214,final,pp,-6.097874164581299
215,final,pp,-4.667473316192627
216,final,pp,-3.6914029121398926
217,final,pp,-5.1335015296936035
218,final,pp,-4.10447883605957
219,final,pp,-4.101723670959473
220,final,pp,-5.106292724609375
221,final,do,-5.633481502532959
222,final,do,-5.242990016937256
223,final,do,-5.575893878936768
224,final,do,-4.785909652709961
225,final,do,-6.163628101348877
226,final,do,-5.159774303436279
227,final,do,-5.59077787399292
228,final,do,-6.8106231689453125
229,final,do,-6.035502910614014
230,final,do,-6.128088474273682
231,final,do,-4.9168620109558105
232,final,do,-6.1464104652404785
233,final,do,-5.614433765411377
234,final,do,-6.8106231689453125
235,final,do,-4.36262321472168
236,final,do,-4.970889568328857
237,final,do,-5.156713962554932
238,final,do,-5.583563804626465
239,final,do,-5.7809953689575195
240,final,do,-5.179884910583496
241,final,do,-5.614433765411377
242,final,do,-5.16237211227417
243,final,do,-6.578309535980225
244,final,do,-5.583563804626465
245,final,do,-5.5486578941345215
246,final,do,-5.793165683746338
247,final,do,-5.976836204528809
248,final,do,-5.925284385681152
249,final,do,-5.057762622833252
250,final,do,-4.986250877380371
251,final,do,-5.073268890380859
252,final,do,-5.64427375793457
253,final,do,-7.10131311416626
254,final,do,-5.695967674255371
255,final,do,-5.428275108337402
256,final,do,-5.81195068359375
257,final,do,-5.370061874389648
258,final,do,-5.695967674255371
259,final,do,-5.927240371704102
260,final,do,-5.073268890380859
261,final,do,-4.986250877380371
262,final,do,-5.625903129577637
263,final,do,-5.753804683685303
264,final,pp,-5.581067085266113
265,final,pp,-5.062323093414307
266,final,pp,-5.3941168785095215
267,final,pp,-4.58259391784668
268,final,pp,-6.247023105621338
269,final,pp,-4.953588485717773
270,final,pp,-5.630619049072266
271,final,pp,-6.504205226898193
272,final,pp,-6.1300554275512695
273,final,pp,-5.830877304077148
274,final,pp,-5.071952819824219
275,final,pp,-5.775153160095215
276,final,pp,-5.488177299499512
277,final,pp,-6.504205226898193
278,final,pp,-4.196294784545898
279,final,pp,-4.820584774017334
280,final,pp,-5.3820905685424805
281,final,pp,-5.654294490814209
282,final,pp,-5.8414306640625
283,final,pp,-4.900693893432617
284,final,do,-5.025074005126953
285,final,do,-5.392484188079834
286,final,do,-6.049357891082764
287,final,do,-5.22226619720459
288,final,do,-5.670276165008545
289,final,do,-4.854024887084961
290,final,do,-5.718613147735596
291,final,do,-6.518050193786621
292,final,do,-5.670276165008545
293,final,do,-5.627925872802734
294,final,do,-4.998254299163818
295,final,do,-4.620606422424316
296,final,do,-4.731960296630859
297,final,do,-5.718256950378418
298,final,do,-4.949016571044922
299,final,do,-5.179067134857178
300,final,do,-5.5476861000061035
301,final,do,-5.204805850982666
302,final,do,-4.9017014503479
303,final,do,-5.334619045257568
304,final,do,-4.844375133514404
305,final,do,-5.718613147735596
306,final,do,-6.235055446624756
307,final,do,-5.498053073883057
308,final,do,-5.22226619720459
309,final,do,-5.164428234100342
310,final,do,-5.52391242980957
311,final,do,-5.3676981925964355
312,final,do,-5.22226619720459
313,final,do,-6.726613521575928
314,final,do,-5.194883823394775
315,final,do,-5.508541107177734
316,final,do,-5.794022083282471
317,final,do,-7.284213542938232
318,final,do,-5.52391242980957
319,final,do,-5.204805850982666
320,final,do,-4.688742637634277
321,final,do,-5.23123025894165
322,final,do,-6.049358367919922
323,final,do,-6.223965167999268
324,final,do,-6.535878658294678
325,final,do,-7.298550605773926
326,final,do,-5.4402313232421875
327,final,pp,-5.140958309173584
328,final,pp,-5.5853166580200195
329,final,pp,-6.051329612731934
330,final,pp,-5.260829925537109
331,final,pp,-5.403097152709961
332,final,pp,-4.864049434661865
333,final,pp,-5.69609260559082
334,final,pp,-6.522827625274658
335,final,pp,-5.403097152709961
336,final,pp,-5.790284156799316
337,final,pp,-5.009983062744141
338,final,pp,-4.619394779205322
339,final,pp,-4.866590976715088
340,final,pp,-5.563046455383301
341,final,pp,-5.010252475738525
342,final,pp,-5.096603870391846
343,final,pp,-5.550422668457031
344,final,pp,-5.488380432128906
345,final,pp,-4.824153900146484
346,final,pp,-5.300390243530273
347,final,do,-5.937722206115723
348,final,do,-6.147343158721924
349,final,do,-6.262946128845215
350,final,do,-5.837430953979492
351,final,do,-6.1887359619140625
352,final,do,-5.339167594909668
353,final,do,-5.739675998687744
354,final,do,-5.998654842376709
355,final,do,-6.301455497741699
356,final,do,-6.663934707641602
357,final,do,-6.074936389923096
358,final,do,-7.1772613525390625
359,final,do,-5.334066867828369
360,final,do,-6.3984503746032715
361,final,do,-6.059945583343506
362,final,do,-6.238669395446777
363,final,do,-5.73098611831665
364,final,do,-6.682605266571045
365,final,do,-6.061551570892334
366,final,do,-6.26347541809082
367,final,do,-5.683032989501953
368,final,do,-5.104373931884766
369,final,do,-6.536563396453857
370,final,do,-4.956374168395996
371,final,do,-5.764824867248535
372,final,do,-7.311671733856201
373,final,do,-5.780538558959961
374,final,do,-7.404428482055664
375,final,do,-6.041348457336426
376,final,do,-6.098259925842285
377,final,do,-5.331116676330566
378,final,do,-5.767355442047119
379,final,do,-6.255222797393799
380,final,do,-5.688947677612305
381,final,do,-6.2162556648254395
382,final,do,-6.018118381500244
383,final,do,-5.4483466148376465
384,final,do,-5.764824867248535
385,final,do,-5.160484790802002
386,final,do,-5.780538558959961
387,final,do,-5.6533613204956055
388,final,do,-5.67018461227417
389,final,do,-6.127439498901367
390,final,pp,-5.466587543487549
391,final,pp,-5.667698383331299
392,final,pp,-6.0067033767700195
393,final,pp,-5.319272994995117
394,final,pp,-5.329733848571777
395,final,pp,-5.131102561950684
396,final,pp,-5.785679817199707
397,final,pp,-5.484595775604248
398,final,pp,-5.770069599151611
399,final,pp,-5.891319751739502
400,final,pp,-6.147436618804932
401,final,pp,-6.579217433929443
402,final,pp,-5.017761707305908
403,final,pp,-6.32424783706665
404,final,pp,-5.489409446716309
405,final,pp,-5.147239685058594
406,final,pp,-5.597922325134277
407,final,pp,-6.538634300231934
408,final,pp,-5.835282325744629
409,final,pp,-5.955704212188721
410,final,do,-5.942965984344482
411,final,do,-6.2925028800964355
412,final,do,-6.7301483154296875
413,final,do,-7.502880096435547
414,final,do,-7.458071231842041
415,final,do,-5.499154090881348
416,final,do,-6.370107650756836
417,final,do,-6.960777759552002
418,final,do,-5.390727519989014
419,final,do,-6.0666422843933105
420,final,do,-6.636941909790039
421,final,do,-6.913535118103027
422,final,do,-7.973141670227051
423,final,do,-6.400513648986816
424,final,do,-5.30533504486084
425,final,do,-6.83947229385376
426,final,do,-4.614536285400391
427,final,do,-5.657969951629639
428,final,do,-5.11398983001709
429,final,do,-6.1163330078125
430,final,do,-6.902806758880615
431,final,do,-5.527246952056885
432,final,do,-5.657969951629639
433,final,do,-5.743382930755615
434,final,do,-6.824392795562744
435,final,do,-6.054413795471191
436,final,do,-6.4143829345703125
437,final,do,-6.676417827606201
438,final,do,-5.289176940917969
439,final,do,-6.594419002532959
440,final,do,-6.48998498916626
441,final,do,-6.258355140686035
442,final,do,-7.441406726837158
443,final,do,-6.669816017150879
444,final,do,-6.126698017120361
445,final,do,-5.3801703453063965
446,final,do,-6.83947229385376
447,final,do,-6.961121082305908
448,final,do,-5.559637546539307
449,final,do,-5.643109321594238
450,final,do,-5.627995491027832
451,final,do,-6.488215446472168
452,final,do,-5.744664192199707
453,final,pp,-5.646378040313721
454,final,pp,-5.702010154724121
455,final,pp,-6.119176387786865
456,final,pp,-7.340078830718994
457,final,pp,-7.470833778381348
458,final,pp,-5.383090496063232
459,final,pp,-5.922386646270752
460,final,pp,-6.201437950134277
461,final,pp,-5.210402488708496
462,final,pp,-5.597553730010986
463,final,pp,-6.547690391540527
464,final,pp,-6.906592845916748
465,final,pp,-7.031505107879639
466,final,pp,-6.2439680099487305
467,final,pp,-5.302606582641602
468,final,pp,-6.670904159545898
469,final,pp,-4.698109149932861
470,final,pp,-5.595273971557617
471,final,pp,-4.948642253875732
472,final,pp,-6.129645347595215
473,final,pp,-5.991273403167725
474,final,pp,-6.801072120666504
475,final,pp,-5.570631980895996
476,final,pp,-6.382991790771484
477,final,pp,-5.875174045562744
478,final,pp,-5.405158996582031
479,final,pp,-5.678946018218994
480,final,pp,-5.21993350982666
481,final,pp,-6.893698215484619
482,final,pp,-5.977300643920898
483,final,pp,-5.100818634033203
484,final,pp,-6.049570083618164
485,final,pp,-7.207991600036621
486,final,pp,-5.720528602600098
487,final,pp,-6.335165500640869
488,final,pp,-5.628159523010254
489,final,pp,-5.836763381958008
490,final,pp,-6.342360019683838
491,final,pp,-4.904085636138916
492,final,pp,-5.799219608306885
493,final,do,-5.9019975662231445
494,final,do,-5.5574564933776855
495,final,do,-6.402056694030762
496,final,do,-5.131068229675293
497,final,do,-6.41757869720459
498,final,do,-5.543271541595459
499,final,do,-6.247840881347656
500,final,do,-6.579270839691162
501,final,do,-5.423624515533447
502,final,do,-5.547230243682861
503,final,do,-6.315524101257324
504,final,do,-6.137470245361328
505,final,do,-5.319815635681152
506,final,do,-6.502555847167969
507,final,do,-7.769780158996582
508,final,do,-6.735411167144775
509,final,do,-6.341027736663818
510,final,do,-5.612344264984131
511,final,do,-5.736029148101807
512,final,do,-7.2770094871521
513,final,do,-5.134912014007568
514,final,do,-5.131446838378906
515,final,do,-5.7283430099487305
516,final,do,-6.042063236236572
517,final,do,-6.1193084716796875
518,final,do,-7.147263526916504
519,final,do,-6.97623348236084
520,final,do,-5.937685966491699
521,final,do,-5.775701999664307
522,final,do,-5.431083679199219
523,final,do,-5.17614221572876
524,final,do,-5.706540584564209
525,final,do,-6.680123329162598
526,final,do,-5.84822940826416
527,final,do,-6.040611267089844
528,final,do,-6.7676849365234375
529,final,do,-6.7676849365234375
530,final,do,-6.111667156219482
531,final,do,-7.402535915374756
532,final,do,-6.18465518951416
533,final,do,-7.5471343994140625
534,final,do,-6.807386875152588
535,final,do,-4.600030422210693
536,final,pp,-5.847081661224365
537,final,pp,-5.437952041625977
538,final,pp,-6.050948619842529
539,final,pp,-5.0576043128967285
540,final,pp,-6.020701885223389
541,final,pp,-5.13874626159668
542,final,pp,-5.367640972137451
543,final,pp,-5.574190139770508
544,final,pp,-5.646892070770264
545,final,pp,-4.951387882232666
546,final,pp,-5.991188049316406
547,final,pp,-5.969313144683838
548,final,pp,-4.72682523727417
549,final,pp,-6.390456199645996
550,final,pp,-6.521141052246094
551,final,pp,-6.2591776847839355
552,final,pp,-5.69642448425293
553,final,pp,-5.113335609436035
554,final,pp,-5.432326793670654
555,final,pp,-6.044093608856201
556,final,do,-6.090170383453369
557,final,do,-5.765510559082031
558,final,do,-6.285048007965088
559,final,do,-5.868311882019043
560,final,do,-6.377856731414795
561,final,do,-6.3666911125183105
562,final,do,-5.315113544464111
563,final,do,-6.090764999389648
564,final,do,-5.765510559082031
565,final,do,-6.362931251525879
566,final,do,-4.560011386871338
567,final,do,-5.007131099700928
568,final,do,-5.325397491455078
569,final,do,-5.575217247009277
570,final,do,-5.3815178871154785
571,final,do,-5.440354347229004
572,final,do,-6.045069217681885
573,final,do,-6.417355537414551
574,final,do,-6.417355537414551
575,final,do,-6.2052483558654785
576,final,do,-6.429271697998047
577,final,do,-5.278197288513184
578,final,do,-6.045069217681885
579,final,do,-6.806931018829346
580,final,do,-5.753124237060547
581,final,do,-5.325397491455078
582,final,do,-5.4399213790893555
583,final,do,-5.090858459472656
584,final,do,-5.082359313964844
585,final,do,-5.949878692626953
586,final,do,-6.210073947906494
587,final,do,-5.493357181549072
588,final,do,-5.090858459472656
589,final,do,-4.969755172729492
590,final,do,-5.995886325836182
591,final,do,-5.656388282775879
592,final,do,-5.590010643005371
593,final,do,-5.656388282775879
594,final,do,-6.238312244415283
595,final,do,-6.285048007965088
596,final,do,-7.115653991699219
597,final,do,-5.325397491455078
598,final,do,-6.362931251525879
599,final,pp,-5.863258361816406
600,final,pp,-5.495779514312744
601,final,pp,-5.757509231567383
602,final,pp,-5.396401882171631
603,final,pp,-5.972166061401367
604,final,pp,-6.126574516296387
605,final,pp,-5.198179721832275
606,final,pp,-5.565080642700195
607,final,pp,-5.495779514312744
608,final,pp,-6.30604362487793
609,final,pp,-4.6351447105407715
610,final,pp,-4.722649097442627
611,final,pp,-5.014984130859375
612,final,pp,-5.282527446746826
613,final,pp,-5.467051982879639
614,final,pp,-5.179797172546387
615,final,pp,-5.878152370452881
616,final,pp,-5.945016384124756
617,final,pp,-5.945016384124756
618,final,pp,-5.309314250946045
619,final,do,-6.653990268707275
620,final,do,-6.422934055328369
621,final,do,-6.27770471572876
622,final,do,-6.242871284484863
623,final,do,-6.959055423736572
624,final,do,-6.158946514129639
625,final,do,-6.252264499664307
626,final,do,-6.877318859100342
627,final,do,-5.978636741638184
628,final,do,-6.480564594268799
629,final,do,-6.882731914520264
630,final,do,-5.654498100280762
631,final,do,-5.831060409545898
632,final,do,-6.55019474029541
633,final,do,-6.34820032119751
634,final,do,-6.39193058013916
635,final,do,-5.592313766479492
636,final,do,-6.5504608154296875
637,final,do,-5.831060409545898
638,final,do,-6.7279181480407715
639,final,do,-6.575782775878906
640,final,do,-7.5287184715271
641,final,do,-7.0713958740234375
642,final,do,-7.9160284996032715
643,final,do,-6.6271491050720215
644,final,do,-5.470894813537598
645,final,do,-7.504727840423584
646,final,do,-6.7449164390563965
647,final,do,-6.7227301597595215
648,final,do,-6.030606746673584
649,final,do,-6.686723709106445
650,final,do,-8.2593355178833
651,final,do,-7.330557346343994
652,final,do,-7.027042388916016
653,final,do,-7.037078380584717
654,final,do,-6.071798324584961
655,final,do,-6.081697463989258
656,final,do,-6.616020202636719
657,final,do,-6.985200881958008
658,final,do,-5.83105993270874
659,final,do,-8.10252571105957
660,final,do,-7.8485426902771
661,final,do,-6.074246883392334
662,final,pp,-6.226873874664307
663,final,pp,-5.4546918869018555
664,final,pp,-5.172093391418457
665,final,pp,-5.899885654449463
666,final,pp,-6.058866024017334
667,final,pp,-5.6107659339904785
668,final,pp,-5.786111831665039
669,final,pp,-5.605964660644531
670,final,pp,-5.361407279968262
671,final,pp,-5.652627944946289
672,final,pp,-5.769327640533447
673,final,pp,-5.3120574951171875
674,final,pp,-5.463082790374756
675,final,pp,-5.734062194824219
676,final,pp,-5.393916130065918
677,final,pp,-5.940465450286865
678,final,pp,-5.093297958374023
679,final,pp,-5.825390338897705
680,final,pp,-5.463082790374756
681,final,pp,-5.837901592254639
682,final,do,-7.544735908508301
683,final,do,-8.556745529174805
684,final,do,-5.737037658691406
685,final,do,-6.031402111053467
686,final,do,-6.6485209465026855
687,final,do,-6.472456455230713
688,final,do,-8.086614608764648
689,final,do,-6.837667942047119
690,final,do,-6.226027011871338
691,final,do,-7.464498996734619
692,final,do,-5.39199686050415
693,final,do,-5.796166896820068
694,final,do,-6.084111213684082
695,final,do,-6.332247257232666
696,final,do,-7.098893642425537
697,final,do,-6.9029059410095215
698,final,do,-5.344858646392822
699,final,do,-6.493546962738037
700,final,do,-6.333172798156738
701,final,do,-6.329319477081299
702,final,do,-7.994669437408447
703,final,do,-5.993544578552246
704,final,do,-7.128753662109375
705,final,do,-6.281838417053223
706,final,do,-6.105347633361816
707,final,do,-7.1459197998046875
708,final,do,-5.073161602020264
709,final,do,-6.955169677734375
710,final,do,-7.486971855163574
711,final,do,-6.231259822845459
712,final,do,-7.236539840698242
713,final,do,-7.353043556213379
714,final,do,-7.111840724945068
715,final,do,-7.105669975280762
716,final,do,-7.597959041595459
717,final,do,-6.905144691467285
718,final,do,-7.036075592041016
719,final,do,-7.027080535888672
720,final,do,-6.1276421546936035
721,final,do,-6.109629154205322
722,final,do,-6.809103012084961
723,final,do,-6.062692165374756
724,final,do,-6.477078914642334
725,final,pp,-6.050893306732178
726,final,pp,-7.216777324676514
727,final,pp,-4.956407070159912
728,final,pp,-5.554574966430664
729,final,pp,-5.328012943267822
730,final,pp,-5.085073947906494
731,final,pp,-7.271184921264648
732,final,pp,-5.958781719207764
733,final,pp,-5.752829551696777
734,final,pp,-6.858805179595947
735,final,pp,-5.187932968139648
736,final,pp,-5.538676738739014
737,final,pp,-5.69330358505249
738,final,pp,-5.9191131591796875
739,final,pp,-6.469381809234619
740,final,pp,-6.174830913543701
741,final,pp,-5.619439125061035
742,final,pp,-6.197803020477295
743,final,pp,-5.857712268829346
744,final,pp,-4.879533290863037
745,final,pp,-6.403729438781738
746,final,pp,-5.576871395111084
747,final,pp,-5.38938045501709
748,final,pp,-5.997344017028809
749,final,pp,-6.253067970275879
750,final,pp,-6.237672805786133
751,final,pp,-5.653047561645508
752,final,pp,-5.8315558433532715
753,final,pp,-5.609554767608643
754,final,pp,-6.233506679534912
755,final,pp,-5.402497291564941
756,final,pp,-4.642147064208984
757,final,pp,-5.636451721191406
758,final,pp,-4.988821029663086
759,final,pp,-6.042211055755615
760,final,pp,-5.896235942840576
761,final,pp,-7.166989326477051
762,final,pp,-6.8036789894104
763,final,pp,-5.393956184387207
764,final,pp,-5.280894756317139
765,final,pp,-5.881263732910156
766,final,pp,-5.333777904510498
767,final,pp,-5.7319841384887695
768,final,pp,-5.7076311111450195
769,final,pp,-5.942340850830078
770,final,pp,-5.810738563537598
771,final,pp,-5.521659851074219
772,final,pp,-5.937512397766113
773,final,pp,-5.783773422241211
774,final,pp,-4.0923333168029785
775,final,pp,-4.964058876037598
776,final,pp,-5.710163593292236
777,final,pp,-4.503360271453857
778,final,pp,-6.2658891677856445
779,final,pp,-6.467095375061035
780,final,pp,-5.804559230804443
781,final,pp,-5.847511291503906
782,final,pp,-5.431867599487305
783,final,pp,-5.6930437088012695
784,final,pp,-6.959095478057861
785,final,do,-5.524715900421143
786,final,do,-4.23165225982666
787,final,do,-5.829072952270508
788,final,do,-5.3205060958862305
789,final,do,-4.999316215515137
790,final,do,-4.568475723266602
791,final,do,-4.900672912597656
792,final,do,-4.629532814025879
793,final,do,-6.77847146987915
794,final,do,-5.505131244659424
795,final,do,-4.36146354675293
796,final,do,-3.77557110786438
797,final,do,-5.219242095947266
798,final,do,-5.996177673339844
799,final,do,-3.8857979774475098
800,final,do,-4.816930294036865
801,final,do,-5.42214822769165
802,final,do,-5.290075778961182
803,final,do,-5.874472618103027
804,final,do,-7.014349937438965
805,final,do,-6.7348127365112305
806,final,do,-3.8811097145080566
807,final,do,-5.309083461761475
808,final,do,-6.788285732269287
809,final,do,-5.177819728851318
810,final,do,-5.40873908996582
811,final,do,-5.781467914581299
812,final,do,-5.0188446044921875
813,final,do,-4.912834167480469
814,final,do,-5.460633754730225
815,final,do,-4.872589588165283
816,final,do,-5.041423320770264
817,final,do,-4.230439186096191
818,final,do,-4.766608238220215
819,final,do,-5.319512367248535
820,final,do,-4.816930294036865
821,final,do,-6.322932720184326
822,final,do,-5.236990451812744
823,final,do,-4.446940898895264
824,final,do,-5.990711688995361
825,final,do,-5.471611976623535
826,final,do,-4.669857025146484
827,final,do,-6.335520267486572
828,final,pp,-5.496645927429199
829,final,pp,-4.519314289093018
830,final,pp,-5.627804756164551
831,final,pp,-5.032674312591553
832,final,pp,-4.664268970489502
833,final,pp,-4.554167747497559
834,final,pp,-4.983633518218994
835,final,pp,-4.483649730682373
836,final,pp,-6.124951362609863
837,final,pp,-5.46169376373291
838,final,pp,-4.369798183441162
839,final,pp,-3.744950771331787
840,final,pp,-5.253586769104004
841,final,pp,-6.007613182067871
842,final,pp,-4.003818988800049
843,final,pp,-4.646857738494873
844,final,pp,-5.59354305267334
845,final,pp,-5.180764675140381
846,final,pp,-6.148183822631836
847,final,pp,-6.808906555175781
848,final,do,-5.530820846557617
849,final,do,-4.917202472686768
850,final,do,-4.778278350830078
851,final,do,-6.305835247039795
852,final,do,-4.517114162445068
853,final,do,-5.9175333976745605
854,final,do,-5.839897155761719
855,final,do,-4.844898700714111
856,final,do,-5.051653861999512
857,final,do,-4.719112873077393
858,final,do,-6.1989336013793945
859,final,do,-4.995826244354248
860,final,do,-5.487395286560059
861,final,do,-4.599510669708252
862,final,do,-4.521707057952881
863,final,do,-4.587252616882324
864,final,do,-4.301640510559082
865,final,do,-6.953213691711426
866,final,do,-4.247547149658203
867,final,do,-4.470316410064697
868,final,do,-5.690959453582764
869,final,do,-4.736146926879883
870,final,do,-6.540369987487793
871,final,do,-4.347391605377197
872,final,do,-4.865103721618652
873,final,do,-5.152853965759277
874,final,do,-5.051654815673828
875,final,do,-4.707710266113281
876,final,do,-5.072687149047852
877,final,do,-5.595621585845947
878,final,do,-4.84710168838501
879,final,do,-4.345453262329102
880,final,do,-6.370296955108643
881,final,do,-6.517467021942139
882,final,do,-4.731019973754883
883,final,do,-5.50734806060791
884,final,do,-5.530820846557617
885,final,do,-5.069435119628906
886,final,do,-4.373680591583252
887,final,do,-5.502653121948242
888,final,do,-6.676138401031494
889,final,do,-6.4401373863220215
890,final,do,-4.447096347808838
891,final,pp,-5.272003173828125
892,final,pp,-4.7374138832092285
893,final,pp,-4.667819023132324
894,final,pp,-6.378288269042969
895,final,pp,-4.358020782470703
896,final,pp,-5.932171821594238
897,final,pp,-5.757308483123779
898,final,pp,-4.809473514556885
899,final,pp,-4.9218645095825195
900,final,pp,-4.65090799331665
901,final,pp,-5.972506523132324
902,final,pp,-5.059037685394287
903,final,pp,-5.333540916442871
904,final,pp,-4.602978229522705
905,final,pp,-4.460817813873291
906,final,pp,-4.621143817901611
907,final,pp,-4.509828090667725
908,final,pp,-6.81141471862793
909,final,pp,-4.160399436950684
910,final,pp,-4.445997714996338
911,final,do,-6.3465986251831055
912,final,do,-5.882970809936523
913,final,do,-5.368786811828613
914,final,do,-6.2929911613464355
915,final,do,-5.681987285614014
916,final,do,-5.891645431518555
917,final,do,-6.550675868988037
918,final,do,-6.426098346710205
919,final,do,-5.46929931640625
920,final,do,-6.4671478271484375
921,final,do,-5.727872371673584
922,final,do,-6.692796230316162
923,final,do,-7.2218780517578125
924,final,do,-5.250685691833496
925,final,do,-5.240406513214111
926,final,do,-6.515322208404541
927,final,do,-6.07166862487793
928,final,do,-6.416946887969971
929,final,do,-5.621315956115723
930,final,do,-5.679396629333496
931,final,do,-6.050142288208008
932,final,do,-5.794529914855957
933,final,do,-5.295409679412842
934,final,do,-5.300856590270996
935,final,do,-5.095918655395508
936,final,do,-5.509037494659424
937,final,do,-4.404432773590088
938,final,do,-5.4606404304504395
939,final,do,-6.469277858734131
940,final,do,-5.484097003936768
941,final,do,-5.842763900756836
942,final,do,-6.850570201873779
943,final,do,-5.727372646331787
944,final,do,-5.91567850112915
945,final,do,-5.298821449279785
946,final,do,-7.061067581176758
947,final,do,-5.343502521514893
948,final,do,-5.423253536224365
949,final,do,-6.467146873474121
950,final,do,-5.791730880737305
951,final,do,-6.662696361541748
952,final,do,-5.061511993408203
953,final,do,-5.614727973937988
954,final,pp,-5.69325590133667
955,final,pp,-5.492138385772705
956,final,pp,-5.105216026306152
957,final,pp,-5.886907577514648
958,final,pp,-5.4744181632995605
959,final,pp,-5.359524250030518
960,final,pp,-5.975221633911133
961,final,pp,-6.048678398132324
962,final,pp,-5.268555641174316
963,final,pp,-6.0829758644104
964,final,pp,-5.343282222747803
965,final,pp,-6.1542067527771
966,final,pp,-6.420164585113525
967,final,pp,-5.112502574920654
968,final,pp,-5.288815021514893
969,final,pp,-6.08487606048584
970,final,pp,-5.834225177764893
971,final,pp,-5.816080570220947
972,final,pp,-5.332244396209717
973,final,pp,-5.2540812492370605
974,final,do,-5.322072505950928
975,final,do,-5.245692253112793
976,final,do,-6.787933826446533
977,final,do,-6.249451160430908
978,final,do,-5.364432334899902
979,final,do,-5.424578666687012
980,final,do,-7.014834403991699
981,final,do,-4.810290336608887
982,final,do,-6.4582624435424805
983,final,do,-4.994410037994385
984,final,do,-6.385249614715576
985,final,do,-6.394886016845703
986,final,do,-5.999611854553223
987,final,do,-5.835262298583984
988,final,do,-7.488778114318848
989,final,do,-6.337498664855957
990,final,do,-6.9189019203186035
991,final,do,-5.6533403396606445
992,final,do,-5.794605731964111
993,final,do,-5.761228561401367
994,final,do,-5.305919647216797
995,final,do,-6.056326389312744
996,final,do,-5.595523357391357
997,final,do,-5.896351337432861
998,final,do,-5.969110488891602
999,final,do,-4.879336357116699
1000,final,do,-5.333646774291992
1001,final,do,-4.790377140045166
1002,final,do,-5.18000602722168
1003,final,do,-5.761228561401367
1004,final,do,-6.276857376098633
1005,final,do,-5.4990057945251465
1006,final,do,-6.60514497756958
1007,final,do,-5.125539779663086
1008,final,do,-4.777534008026123
1009,final,do,-4.691141128540039
1010,final,do,-5.6784467697143555
1011,final,do,-6.135125637054443
1012,final,do,-5.720979690551758
1013,final,do,-7.046054363250732
1014,final,do,-5.720979690551758
1015,final,do,-4.9797797203063965
1016,final,do,-4.394736289978027
1017,final,pp,-5.323295593261719
1018,final,pp,-5.030954360961914
1019,final,pp,-6.446355819702148
1020,final,pp,-5.594470500946045
1021,final,pp,-5.338192462921143
1022,final,pp,-4.896756172180176
1023,final,pp,-6.477020740509033
1024,final,pp,-4.701688289642334
1025,final,pp,-6.1118574142456055
1026,final,pp,-4.9339165687561035
1027,final,pp,-6.219056129455566
1028,final,pp,-5.875787258148193
1029,final,pp,-5.571775436401367
1030,final,pp,-5.402532577514648
1031,final,pp,-6.995650768280029
1032,final,pp,-6.54824161529541
1033,final,pp,-6.570643424987793
1034,final,pp,-5.129069805145264
1035,final,pp,-5.514498710632324
1036,final,pp,-5.798523902893066
1037,final,pp,-5.364243030548096
1038,final,pp,-4.536815166473389
1039,final,pp,-5.481006622314453
1040,final,pp,-5.6849446296691895
1041,final,pp,-4.243441104888916
1042,final,pp,-5.50352144241333
1043,final,pp,-6.838502407073975
1044,final,pp,-3.921980381011963
1045,final,pp,-5.971019268035889
1046,final,pp,-5.175556182861328
1047,final,pp,-6.501840114593506
1048,final,pp,-4.564642906188965
1049,final,pp,-4.921031951904297
1050,final,pp,-4.910552978515625
1051,final,pp,-4.521065711975098
1052,final,pp,-5.915931701660156
1053,final,pp,-5.344062328338623
1054,final,pp,-4.761856555938721
1055,final,pp,-4.85120153427124
1056,final,pp,-4.956505298614502
1057,final,pp,-5.448478698730469
1058,final,pp,-5.0147175788879395
1059,final,pp,-5.614245414733887
1060,final,pp,-4.337939739227295
1061,final,pp,-5.263537883758545
1062,final,pp,-5.016878128051758
1063,final,pp,-3.8144302368164062
1064,final,pp,-5.024618148803711
1065,final,pp,-5.035027027130127
1066,final,pp,-4.849827289581299
1067,final,pp,-6.514345169067383
1068,final,pp,-4.292139053344727
1069,final,pp,-5.297257900238037
1070,final,pp,-4.642737865447998
1071,final,pp,-4.8619184494018555
1072,final,pp,-4.7320332527160645
1073,final,pp,-4.59250545501709
1074,final,pp,-4.237320423126221
1075,final,pp,-4.9119110107421875
1076,final,pp,-6.208524703979492
1077,final,do,-6.596219539642334
1078,final,do,-5.776804447174072
1079,final,do,-5.474056720733643
1080,final,do,-5.2919087409973145
1081,final,do,-3.6452243328094482
1082,final,do,-4.399315357208252
1083,final,do,-4.869129657745361
1084,final,do,-4.273500442504883
1085,final,do,-5.274477481842041
1086,final,do,-4.496197700500488
1087,final,do,-5.109528064727783
1088,final,do,-4.433492183685303
1089,final,do,-5.6747517585754395
1090,final,do,-5.850454330444336
1091,final,do,-5.381432056427002
1092,final,do,-5.039872646331787
1093,final,do,-5.2854390144348145
1094,final,do,-5.219803333282471
1095,final,do,-6.213351249694824
1096,final,do,-5.139007568359375
1097,final,do,-4.736316680908203
1098,final,do,-4.797152519226074
1099,final,do,-5.467288970947266
1100,final,do,-5.3436970710754395
1101,final,do,-5.587785720825195
1102,final,do,-5.087683200836182
1103,final,do,-5.224266529083252
1104,final,do,-3.8681862354278564
1105,final,do,-5.113405704498291
1106,final,do,-4.485060214996338
1107,final,do,-4.797152519226074
1108,final,do,-6.4238433837890625
1109,final,do,-4.760055065155029
1110,final,do,-6.169013500213623
1111,final,do,-5.280065059661865
1112,final,do,-4.240179538726807
1113,final,do,-4.65662145614624
1114,final,do,-4.64861536026001
1115,final,do,-4.740993976593018
1116,final,do,-5.289493083953857
1117,final,do,-5.380292892456055
1118,final,do,-6.448888301849365
1119,final,do,-4.034134864807129
1120,final,pp,-5.826539039611816
1121,final,pp,-5.351032257080078
1122,final,pp,-4.926522254943848
1123,final,pp,-4.944869041442871
1124,final,pp,-3.5209999084472656
1125,final,pp,-4.249800682067871
1126,final,pp,-4.448770999908447
1127,final,pp,-4.238831043243408
1128,final,pp,-5.075199604034424
1129,final,pp,-4.407939910888672
1130,final,pp,-4.88628625869751
1131,final,pp,-4.481507301330566
1132,final,pp,-5.493759632110596
1133,final,pp,-5.7717061042785645
1134,final,pp,-5.1819939613342285
1135,final,pp,-4.632201671600342
1136,final,pp,-5.133673667907715
1137,final,pp,-5.288031578063965
1138,final,pp,-5.898460388183594
1139,final,pp,-4.596861839294434
1140,final,do,-5.050666809082031
1141,final,do,-5.663834095001221
1142,final,do,-5.350285530090332
1143,final,do,-5.589888095855713
1144,final,do,-5.014458656311035
1145,final,do,-4.822668075561523
1146,final,do,-5.050666809082031
1147,final,do,-6.874331951141357
1148,final,do,-5.076911449432373
1149,final,do,-4.615821838378906
1150,final,do,-5.300230026245117
1151,final,do,-6.244482517242432
1152,final,do,-5.05093240737915
1153,final,do,-5.861796855926514
1154,final,do,-4.8662848472595215
1155,final,do,-4.340288162231445
1156,final,do,-4.832793712615967
1157,final,do,-6.027956008911133
1158,final,do,-5.459259033203125
1159,final,do,-5.213143825531006
1160,final,do,-5.131568431854248
1161,final,do,-4.456841945648193
1162,final,do,-5.483075141906738
1163,final,do,-4.795489311218262
1164,final,do,-5.663834095001221
1165,final,do,-4.809114933013916
1166,final,do,-5.851139068603516
1167,final,do,-4.548508167266846
1168,final,do,-4.6374053955078125
1169,final,do,-5.200817584991455
1170,final,do,-4.271918296813965
1171,final,do,-4.986123561859131
1172,final,do,-4.832793712615967
1173,final,do,-4.887351036071777
1174,final,do,-4.609523296356201
1175,final,do,-4.609523296356201
1176,final,do,-5.1095967292785645
1177,final,do,-5.394962310791016
1178,final,do,-4.124844551086426
1179,final,do,-4.340288162231445
1180,final,do,-5.483075141906738
1181,final,do,-5.2238616943359375
1182,final,do,-4.548508167266846
1183,final,pp,-4.9498701095581055
1184,final,pp,-5.396683692932129
1185,final,pp,-5.15430212020874
1186,final,pp,-5.222238063812256
1187,final,pp,-4.799956798553467
1188,final,pp,-4.6894659996032715
1189,final,pp,-4.949870586395264
1190,final,pp,-6.5018486976623535
1191,final,pp,-4.826550006866455
1192,final,pp,-4.208167552947998
1193,final,pp,-5.175728797912598
1194,final,pp,-5.920451641082764
1195,final,pp,-4.498955249786377
1196,final,pp,-5.495110511779785
1197,final,pp,-5.063258647918701
1198,final,pp,-3.9917285442352295
1199,final,pp,-4.753853797912598
1200,final,pp,-5.889852523803711
1201,final,pp,-5.303991794586182
1202,final,pp,-5.089701175689697
1203,final,do,-6.1798882484436035
1204,final,do,-4.7023210525512695
1205,final,do,-6.083721160888672
1206,final,do,-5.69791316986084
1207,final,do,-7.570584297180176
1208,final,do,-5.500368595123291
1209,final,do,-6.318203449249268
1210,final,do,-5.894045829772949
1211,final,do,-5.727176666259766
1212,final,do,-6.160299777984619
1213,final,do,-5.764874458312988
1214,final,do,-5.331613540649414
1215,final,do,-5.627383232116699
1216,final,do,-5.171141147613525
1217,final,do,-6.271023273468018
1218,final,do,-6.028007507324219
1219,final,do,-5.78817892074585
1220,final,do,-6.100188255310059
1221,final,do,-6.208820343017578
1222,final,do,-5.944477081298828
1223,final,do,-8.052536010742188
1224,final,do,-7.0887298583984375
1225,final,do,-7.047130584716797
1226,final,do,-6.378445625305176
1227,final,do,-6.665523529052734
1228,final,do,-6.6373677253723145
1229,final,do,-5.672562599182129
1230,final,do,-6.588482856750488
1231,final,do,-6.491729736328125
1232,final,do,-5.93381404876709
1233,final,do,-5.875424861907959
1234,final,do,-6.336877822875977
1235,final,do,-5.861720561981201
1236,final,do,-6.82340669631958
1237,final,do,-5.651020050048828
1238,final,do,-6.390625953674316
1239,final,do,-4.728851795196533
1240,final,do,-6.3931732177734375
1241,final,do,-6.822422981262207
1242,final,do,-5.611505031585693
1243,final,do,-5.66132926940918
1244,final,do,-6.853112697601318
1245,final,do,-5.965087890625
1246,final,pp,-5.356619358062744
1247,final,pp,-4.111766338348389
1248,final,pp,-5.146334171295166
1249,final,pp,-4.888193607330322
1250,final,pp,-6.20029354095459
1251,final,pp,-5.068310260772705
1252,final,pp,-5.500339508056641
1253,final,pp,-5.4815778732299805
1254,final,pp,-4.672919273376465
1255,final,pp,-5.6820969581604
1256,final,pp,-5.08695125579834
1257,final,pp,-4.86932373046875
1258,final,pp,-4.693147659301758
1259,final,pp,-4.234899520874023
1260,final,pp,-5.26202917098999
1261,final,pp,-4.781498432159424
1262,final,pp,-5.24444055557251
1263,final,pp,-5.2803168296813965
1264,final,pp,-5.693875789642334
1265,final,pp,-5.41685676574707
1266,final,do,-5.038570880889893
1267,final,do,-5.773445129394531
1268,final,do,-4.799726486206055
1269,final,do,-5.468591213226318
1270,final,do,-4.976207256317139
1271,final,do,-5.6930832862854
1272,final,do,-6.977400302886963
1273,final,do,-6.616685390472412
1274,final,do,-4.7408623695373535
1275,final,do,-6.100800037384033
1276,final,do,-6.828498363494873
1277,final,do,-5.803123474121094
1278,final,do,-6.756453990936279
1279,final,do,-5.929866313934326
1280,final,do,-5.296443462371826
1281,final,do,-6.464290142059326
1282,final,do,-6.416294097900391
1283,final,do,-6.038907527923584
1284,final,do,-5.532731056213379
1285,final,do,-5.613836765289307
1286,final,do,-4.903848648071289
1287,final,do,-5.77936315536499
1288,final,do,-6.1824049949646
1289,final,do,-6.62421178817749
1290,final,do,-5.9336771965026855
1291,final,do,-6.054459571838379
1292,final,do,-6.758420944213867
1293,final,do,-6.318576335906982
1294,final,do,-6.337240695953369
1295,final,do,-5.389089107513428
1296,final,do,-4.648632049560547
1297,final,do,-5.194833755493164
1298,final,do,-5.702395915985107
1299,final,do,-6.177643299102783
1300,final,do,-5.880283355712891
1301,final,do,-6.15918493270874
1302,final,do,-6.066198825836182
1303,final,do,-6.119722843170166
1304,final,do,-6.393500328063965
1305,final,do,-6.5989603996276855
1306,final,do,-6.504615783691406
1307,final,do,-5.487707138061523
1308,final,do,-6.3190741539001465
1309,final,pp,-4.455557346343994
1310,final,pp,-4.850239276885986
1311,final,pp,-4.632450103759766
1312,final,pp,-4.500660419464111
1313,final,pp,-4.017086029052734
1314,final,pp,-5.070472240447998
1315,final,pp,-6.451687812805176
1316,final,pp,-6.135799884796143
1317,final,pp,-4.184719562530518
1318,final,pp,-6.1683125495910645
1319,final,pp,-6.344089508056641
1320,final,pp,-4.961338996887207
1321,final,pp,-6.338069915771484
1322,final,pp,-5.3867034912109375
1323,final,pp,-4.665336608886719
1324,final,pp,-5.410184383392334
1325,final,pp,-5.074459552764893
1326,final,pp,-5.381720066070557
1327,final,pp,-4.89223051071167
1328,final,pp,-5.129023551940918
1329,final,pp,-5.104630947113037
1330,final,pp,-4.261794567108154
1331,final,pp,-5.8088202476501465
1332,final,pp,-5.402278423309326
1333,final,pp,-6.433869361877441
1334,final,pp,-4.7412428855896
1335,final,pp,-4.474435329437256
1336,final,pp,-4.9225172996521
1337,final,pp,-4.965677261352539
1338,final,pp,-5.265842437744141
1339,final,pp,-4.643465518951416
1340,final,pp,-4.833970069885254
1341,final,pp,-5.288568496704102
1342,final,pp,-6.035325050354004
1343,final,pp,-5.757268905639648
1344,final,pp,-5.68793249130249
1345,final,pp,-5.940486431121826
1346,final,pp,-4.376842021942139
1347,final,pp,-6.222145080566406
1348,final,pp,-6.039772033691406
1349,final,pp,-4.800714492797852
1350,final,pp,-5.386631011962891
1351,final,pp,-6.198594093322754
1352,final,pp,-4.306443214416504
1353,final,pp,-4.8067827224731445
1354,final,pp,-4.053499698638916
1355,final,pp,-3.9486753940582275
1356,final,pp,-5.311600685119629
1357,final,pp,-4.7987189292907715
1358,final,pp,-5.233070373535156
1359,final,pp,-4.470480442047119
1360,final,pp,-4.929815292358398
1361,final,pp,-4.6588239669799805
1362,final,pp,-4.717334747314453
1363,final,pp,-5.060049057006836
1364,final,pp,-4.885530471801758
1365,final,pp,-5.887638092041016
1366,final,pp,-4.540141582489014
1367,final,pp,-4.565070629119873
1368,final,pp,-4.275082588195801
1,best,pp,-4.323549747467041
2,best,pp,-4.877017498016357
3,best,pp,-4.13254976272583
4,best,pp,-4.301806926727295
5,best,pp,-4.242007732391357
6,best,pp,-4.357799530029297
7,best,pp,-4.109133243560791
8,best,pp,-4.0652899742126465
9,best,pp,-3.28145432472229
10,best,pp,-4.199260234832764
11,best,pp,-4.854552745819092
12,best,pp,-4.298708438873291
13,best,pp,-4.23480749130249
14,best,pp,-4.56328821182251
15,best,pp,-4.8437652587890625
16,best,pp,-4.0652899742126465
17,best,pp,-4.365261554718018
18,best,pp,-3.808032989501953
19,best,pp,-5.09735631942749
20,best,pp,-3.5026795864105225
21,best,pp,-4.015649795532227
22,best,pp,-5.219228267669678
23,best,pp,-4.407224655151367
24,best,pp,-4.917564868927002
25,best,pp,-4.69463586807251
26,best,pp,-5.185150146484375
27,best,pp,-4.805553913116455
28,best,pp,-4.810151100158691
29,best,pp,-5.306312561035156
30,best,pp,-4.874821186065674
31,best,pp,-4.690876483917236
32,best,pp,-4.917564868927002
33,best,pp,-5.1149210929870605
34,best,pp,-4.800817012786865
35,best,pp,-4.812626361846924
36,best,pp,-4.932143688201904
37,best,pp,-5.306312561035156
38,best,pp,-3.472346544265747
39,best,pp,-5.3929619789123535
40,best,pp,-4.674099445343018
41,best,pp,-4.79229736328125
42,best,pp,-4.858680725097656
43,best,pp,-4.315473556518555
44,best,pp,-5.1914963722229
45,best,pp,-5.6797285079956055
46,best,pp,-4.514354705810547
47,best,pp,-6.028740406036377
48,best,pp,-4.379609107971191
49,best,pp,-4.970891952514648
50,best,pp,-4.660882949829102
51,best,pp,-4.84865140914917
52,best,pp,-5.414580345153809
53,best,pp,-5.2577924728393555
54,best,pp,-4.9859938621521
55,best,pp,-4.963501930236816
56,best,pp,-4.109289169311523
57,best,pp,-4.9082536697387695
58,best,pp,-5.1936187744140625
59,best,pp,-5.2402663230896
60,best,pp,-4.881826877593994
61,best,pp,-4.522041320800781
62,best,pp,-5.377053737640381
63,best,pp,-5.177999019622803
64,best,pp,-5.200551509857178
65,best,pp,-5.726417541503906
66,best,pp,-4.848485469818115
67,best,pp,-4.810661315917969
68,best,pp,-5.674352169036865
69,best,pp,-5.8322978019714355
70,best,pp,-5.14347505569458
71,best,pp,-4.722568511962891
72,best,pp,-5.056150436401367
73,best,pp,-5.010105609893799
74,best,pp,-5.874012470245361
75,best,pp,-4.449239730834961
76,best,pp,-4.07329797744751
77,best,pp,-5.043598175048828
78,best,pp,-4.179226875305176
79,best,pp,-4.019672870635986
80,best,pp,-4.847686290740967
81,best,pp,-5.512141704559326
82,best,pp,-5.056195259094238
83,best,pp,-5.149697780609131
84,best,pp,-4.399060249328613
85,best,pp,-5.056195259094238
86,best,pp,-4.780402183532715
87,best,pp,-5.513350963592529
88,best,pp,-4.45913028717041
89,best,pp,-4.642319679260254
90,best,pp,-4.198296546936035
91,best,pp,-4.410200119018555
92,best,pp,-5.972851276397705
93,best,pp,-4.757425308227539
94,best,pp,-4.634552955627441
95,best,pp,-4.184473991394043
96,best,pp,-4.703344345092773
97,best,pp,-5.2460103034973145
98,best,pp,-5.734904766082764
99,best,pp,-5.353731632232666
100,best,pp,-5.358786582946777
101,best,pp,-5.005254745483398
102,best,pp,-4.528584957122803
103,best,pp,-4.0461273193359375
104,best,pp,-4.498956203460693
105,best,pp,-4.8029937744140625
106,best,pp,-4.809817790985107
107,best,pp,-4.086247444152832
108,best,pp,-4.9327392578125
109,best,pp,-4.871592998504639
110,best,pp,-4.749095439910889
111,best,pp,-4.39280366897583
112,best,pp,-4.294925212860107
113,best,pp,-4.466370105743408
114,best,pp,-4.849056243896484
115,best,pp,-4.698748588562012
116,best,pp,-3.897238254547119
117,best,pp,-4.759772300720215
118,best,pp,-5.174126625061035
119,best,pp,-4.7685065269470215
120,best,pp,-4.792938232421875
121,best,pp,-4.116855144500732
122,best,pp,-4.711073398590088
123,best,pp,-5.301016807556152
124,best,pp,-5.517300128936768
125,best,pp,-3.9864907264709473
126,best,pp,-4.663920879364014
127,best,pp,-3.676701784133911
128,best,pp,-4.84246826171875
129,best,pp,-3.8204538822174072
130,best,pp,-3.5316083431243896
131,best,pp,-3.8204538822174072
132,best,pp,-4.711073875427246
133,best,pp,-4.7136759757995605
134,best,pp,-3.5704944133758545
135,best,pp,-4.711073875427246
136,best,pp,-4.663921356201172
137,best,pp,-4.1547932624816895
138,best,pp,-4.31003475189209
139,best,pp,-4.3383355140686035
140,best,pp,-4.031013011932373
141,best,pp,-5.110720157623291
142,best,pp,-4.8310441970825195
143,best,pp,-4.485133171081543
144,best,pp,-4.953514099121094
145,best,pp,-4.613766193389893
146,best,pp,-4.736819744110107
147,best,pp,-4.83922004699707
148,best,pp,-4.6933698654174805
149,best,pp,-4.500085830688477
150,best,pp,-4.8747429847717285
151,best,pp,-5.323639392852783
152,best,pp,-4.819713115692139
153,best,pp,-4.3259992599487305
154,best,pp,-4.927597999572754
155,best,pp,-4.540041923522949
156,best,pp,-5.455709934234619
157,best,pp,-5.088158130645752
158,best,pp,-5.098747730255127
159,best,pp,-5.102657794952393
160,best,pp,-4.943192481994629
161,best,pp,-5.197681903839111
162,best,pp,-4.088366985321045
163,best,pp,-3.8439865112304688
164,best,pp,-3.7306337356567383
165,best,pp,-3.9199836254119873
166,best,pp,-4.038432598114014
167,best,pp,-5.844769477844238
168,best,pp,-5.078010082244873
169,best,pp,-4.714486122131348
170,best,pp,-4.481732368469238
171,best,pp,-3.8439865112304688
172,best,pp,-4.015227794647217
173,best,pp,-4.80032205581665
174,best,pp,-4.924976825714111
175,best,pp,-4.463535785675049
176,best,pp,-3.9199836254119873
177,best,pp,-5.04229211807251
178,best,pp,-5.273989200592041
179,best,pp,-4.563719272613525
180,best,pp,-5.148372173309326
181,best,pp,-4.50621223449707
182,best,pp,-5.485507488250732
183,best,pp,-4.594573497772217
184,best,pp,-5.868812561035156
185,best,pp,-4.920487403869629
186,best,pp,-5.069876670837402
187,best,pp,-5.002776622772217
188,best,pp,-4.332681655883789
189,best,pp,-4.588990211486816
190,best,pp,-4.662204742431641
191,best,pp,-5.048088073730469
192,best,pp,-4.688109874725342
193,best,pp,-5.007729530334473
194,best,pp,-4.630237579345703
195,best,pp,-4.740738391876221
196,best,pp,-4.273112773895264
197,best,pp,-4.789761066436768
198,best,pp,-4.872244834899902
199,best,pp,-5.32483434677124
200,best,pp,-5.580079078674316
201,best,pp,-4.132340431213379
202,best,pp,-3.692046880722046
203,best,pp,-5.295295238494873
204,best,pp,-4.592178821563721
205,best,pp,-5.129422664642334
206,best,pp,-4.406703472137451
207,best,pp,-4.777245044708252
208,best,pp,-5.129975318908691
209,best,pp,-4.512777328491211
210,best,pp,-3.719359874725342
211,best,pp,-4.3130292892456055
212,best,pp,-5.255665302276611
213,best,pp,-4.259032726287842
214,best,pp,-5.608169078826904
215,best,pp,-4.4917311668396
216,best,pp,-4.089613437652588
217,best,pp,-4.840877532958984
218,best,pp,-4.215636253356934
219,best,pp,-3.9994332790374756
220,best,pp,-4.644506931304932
221,best,do,-5.6373467445373535
222,best,do,-5.184581756591797
223,best,do,-5.300467014312744
224,best,do,-4.744507789611816
225,best,do,-5.25191593170166
226,best,do,-4.863900184631348
227,best,do,-5.186005115509033
228,best,do,-6.218275547027588
229,best,do,-5.686747074127197
230,best,do,-5.993798732757568
231,best,do,-4.943592548370361
232,best,do,-5.367811679840088
233,best,do,-5.553696155548096
234,best,do,-6.218275547027588
235,best,do,-4.360347747802734
236,best,do,-4.802238941192627
237,best,do,-4.789775848388672
238,best,do,-5.026871681213379
239,best,do,-5.644265651702881
240,best,do,-5.401693820953369
241,best,do,-5.553696155548096
242,best,do,-4.579296588897705
243,best,do,-6.091927528381348
244,best,do,-5.026871681213379
245,best,do,-5.019606113433838
246,best,do,-5.706425189971924
247,best,do,-5.80739164352417
248,best,do,-5.390376091003418
249,best,do,-4.351283550262451
250,best,do,-4.642465114593506
251,best,do,-4.861729145050049
252,best,do,-6.120915412902832
253,best,do,-6.369959354400635
254,best,do,-5.304842472076416
255,best,do,-5.294750690460205
256,best,do,-4.99820613861084
257,best,do,-5.9903459548950195
258,best,do,-5.304842472076416
259,best,do,-5.725375175476074
260,best,do,-4.861729145050049
261,best,do,-4.642465114593506
262,best,do,-5.391049861907959
263,best,do,-5.312874794006348
264,best,pp,-5.605833053588867
265,best,pp,-5.035397529602051
266,best,pp,-5.209764003753662
267,best,pp,-4.745519161224365
268,best,pp,-5.373834609985352
269,best,pp,-4.598465919494629
270,best,pp,-5.371089935302734
271,best,pp,-5.969470977783203
272,best,pp,-5.634807109832764
273,best,pp,-5.720156669616699
274,best,pp,-4.945720195770264
275,best,pp,-5.219850063323975
276,best,pp,-5.395825386047363
277,best,pp,-5.969470977783203
278,best,pp,-4.146571636199951
279,best,pp,-4.664356708526611
280,best,pp,-4.954749584197998
281,best,pp,-5.154365539550781
282,best,pp,-5.715246200561523
283,best,pp,-5.0533857345581055
284,best,do,-5.036224365234375
285,best,do,-5.308896064758301
286,best,do,-6.077340126037598
287,best,do,-5.078155994415283
288,best,do,-5.37485933303833
289,best,do,-4.987617492675781
290,best,do,-5.817686557769775
291,best,do,-6.227406978607178
292,best,do,-5.37485933303833
293,best,do,-5.588864803314209
294,best,do,-5.142891883850098
295,best,do,-4.69845724105835
296,best,do,-5.162751197814941
297,best,do,-5.7663679122924805
298,best,do,-5.143870830535889
299,best,do,-4.986156940460205
300,best,do,-5.354286193847656
301,best,do,-5.21875
302,best,do,-4.92285680770874
303,best,do,-5.556611061096191
304,best,do,-5.127690315246582
305,best,do,-5.817686557769775
306,best,do,-5.920886039733887
307,best,do,-5.266108512878418
308,best,do,-5.078155994415283
309,best,do,-5.668576717376709
310,best,do,-5.402202129364014
311,best,do,-5.526196002960205
312,best,do,-5.078155994415283
313,best,do,-6.40614652633667
314,best,do,-5.683480739593506
315,best,do,-5.7839508056640625
316,best,do,-5.500051021575928
317,best,do,-6.577824592590332
318,best,do,-5.402202129364014
319,best,do,-5.21875
320,best,do,-4.85313606262207
321,best,do,-5.723499774932861
322,best,do,-6.0773396492004395
323,best,do,-6.208799839019775
324,best,do,-6.166941165924072
325,best,do,-6.863428592681885
326,best,do,-6.2272210121154785
327,best,pp,-4.945534706115723
328,best,pp,-5.441128730773926
329,best,pp,-5.827365398406982
330,best,pp,-4.945302963256836
331,best,pp,-5.055123805999756
332,best,pp,-5.008274078369141
333,best,pp,-5.9445576667785645
334,best,pp,-6.088693618774414
335,best,pp,-5.055123805999756
336,best,pp,-5.600414752960205
337,best,pp,-5.10053825378418
338,best,pp,-4.526558876037598
339,best,pp,-5.01950216293335
340,best,pp,-5.497223377227783
341,best,pp,-4.886388301849365
342,best,pp,-4.904171466827393
343,best,pp,-5.200684547424316
344,best,pp,-5.52215576171875
345,best,pp,-4.77471923828125
346,best,pp,-5.448576927185059
347,best,do,-5.320436477661133
348,best,do,-5.660433292388916
349,best,do,-5.737880706787109
350,best,do,-5.558259010314941
351,best,do,-5.865108966827393
352,best,do,-4.9424848556518555
353,best,do,-5.7618513107299805
354,best,do,-5.206178665161133
355,best,do,-5.795267105102539
356,best,do,-5.853012561798096
357,best,do,-6.09932804107666
358,best,do,-6.393855571746826
359,best,do,-5.706223487854004
360,best,do,-6.228700637817383
361,best,do,-5.530858993530273
362,best,do,-6.060191631317139
363,best,do,-5.461432456970215
364,best,do,-6.236513137817383
365,best,do,-5.6917877197265625
366,best,do,-6.027381420135498
367,best,do,-5.632988929748535
368,best,do,-5.29229736328125
369,best,do,-6.105409622192383
370,best,do,-4.736691474914551
371,best,do,-5.12567663192749
372,best,do,-6.358847141265869
373,best,do,-5.593409061431885
374,best,do,-6.265149116516113
375,best,do,-5.559747695922852
376,best,do,-5.882252216339111
377,best,do,-5.370231628417969
378,best,do,-5.657297134399414
379,best,do,-5.714489459991455
380,best,do,-5.122086524963379
381,best,do,-6.728545665740967
382,best,do,-5.682422637939453
383,best,do,-5.355871200561523
384,best,do,-5.12567663192749
385,best,do,-5.2079901695251465
386,best,do,-5.593409061431885
387,best,do,-5.230494022369385
388,best,do,-5.306787014007568
389,best,do,-6.351805210113525
390,best,pp,-5.222375869750977
391,best,pp,-5.4553351402282715
392,best,pp,-5.589689254760742
393,best,pp,-5.384090423583984
394,best,pp,-5.1483845710754395
395,best,pp,-4.800885200500488
396,best,pp,-5.651172161102295
397,best,pp,-5.186644077301025
398,best,pp,-5.506396770477295
399,best,pp,-5.659369468688965
400,best,pp,-5.859031677246094
401,best,pp,-6.054194450378418
402,best,pp,-5.505053997039795
403,best,pp,-5.840606689453125
404,best,pp,-5.481020927429199
405,best,pp,-5.449132442474365
406,best,pp,-5.470427513122559
407,best,pp,-6.022701740264893
408,best,pp,-5.320436477661133
409,best,pp,-5.666708469390869
410,best,do,-5.839694499969482
411,best,do,-5.505358695983887
412,best,do,-6.086849212646484
413,best,do,-6.737370014190674
414,best,do,-7.079117298126221
415,best,do,-6.112384796142578
416,best,do,-5.907238006591797
417,best,do,-6.442963600158691
418,best,do,-5.381025314331055
419,best,do,-5.758758544921875
420,best,do,-7.1955132484436035
421,best,do,-6.802333354949951
422,best,do,-6.867858409881592
423,best,do,-6.117613315582275
424,best,do,-4.89009952545166
425,best,do,-6.023322582244873
426,best,do,-5.059238433837891
427,best,do,-6.162911891937256
428,best,do,-5.750307559967041
429,best,do,-5.804829120635986
430,best,do,-6.542516231536865
431,best,do,-5.924592971801758
432,best,do,-6.162911891937256
433,best,do,-5.915579319000244
434,best,do,-6.49147367477417
435,best,do,-5.441905498504639
436,best,do,-5.809780120849609
437,best,do,-6.158943176269531
438,best,do,-5.47826623916626
439,best,do,-6.280257225036621
440,best,do,-6.279715061187744
441,best,do,-5.833864688873291
442,best,do,-6.847762107849121
443,best,do,-5.934360504150391
444,best,do,-5.742305755615234
445,best,do,-4.818255424499512
446,best,do,-6.023322582244873
447,best,do,-6.750748634338379
448,best,do,-5.582793712615967
449,best,do,-5.294200420379639
450,best,do,-5.166233062744141
451,best,do,-6.062408447265625
452,best,do,-5.4334330558776855
453,best,pp,-5.217783451080322
454,best,pp,-5.29511833190918
455,best,pp,-5.490611553192139
456,best,pp,-6.758511543273926
457,best,pp,-6.71174430847168
458,best,pp,-5.606963634490967
459,best,pp,-5.38380241394043
460,best,pp,-5.665803909301758
461,best,pp,-4.952906608581543
462,best,pp,-5.333199977874756
463,best,pp,-6.9781646728515625
464,best,pp,-6.313065052032471
465,best,pp,-6.294966697692871
466,best,pp,-5.932939052581787
467,best,pp,-4.661317825317383
468,best,pp,-6.068868637084961
469,best,pp,-4.592889308929443
470,best,pp,-5.341790676116943
471,best,pp,-5.277766227722168
472,best,pp,-5.645854949951172
473,best,pp,-5.805360794067383
474,best,pp,-6.38918399810791
475,best,pp,-5.485450267791748
476,best,pp,-5.880125999450684
477,best,pp,-5.512997627258301
478,best,pp,-5.129838943481445
479,best,pp,-5.2831573486328125
480,best,pp,-5.580510139465332
481,best,pp,-6.358005523681641
482,best,pp,-5.712560176849365
483,best,pp,-5.185915946960449
484,best,pp,-6.01303768157959
485,best,pp,-6.692037582397461
486,best,pp,-5.442695617675781
487,best,pp,-6.086400508880615
488,best,pp,-5.66532564163208
489,best,pp,-5.487448692321777
490,best,pp,-5.882749080657959
491,best,pp,-5.10885763168335
492,best,pp,-5.460790634155273
493,best,do,-6.2871294021606445
494,best,do,-5.978668689727783
495,best,do,-5.476428985595703
496,best,do,-4.452787399291992
497,best,do,-6.073878765106201
498,best,do,-5.378706932067871
499,best,do,-5.674561977386475
500,best,do,-5.77978515625
501,best,do,-4.7661004066467285
502,best,do,-5.441455364227295
503,best,do,-5.731721878051758
504,best,do,-4.906305313110352
505,best,do,-5.1115007400512695
506,best,do,-5.76178503036499
507,best,do,-6.878114223480225
508,best,do,-5.972591400146484
509,best,do,-5.332453727722168
510,best,do,-5.942349433898926
511,best,do,-5.168301105499268
512,best,do,-6.864626884460449
513,best,do,-5.59753942489624
514,best,do,-5.06039571762085
515,best,do,-5.158513069152832
516,best,do,-5.192807674407959
517,best,do,-5.372325897216797
518,best,do,-6.227787494659424
519,best,do,-6.047999382019043
520,best,do,-5.44389533996582
521,best,do,-5.8055267333984375
522,best,do,-5.440946102142334
523,best,do,-5.63246488571167
524,best,do,-4.8402099609375
525,best,do,-6.5979180335998535
526,best,do,-5.975645542144775
527,best,do,-4.85497522354126
528,best,do,-6.510485649108887
529,best,do,-6.510485649108887
530,best,do,-5.206215858459473
531,best,do,-6.3636274337768555
532,best,do,-5.363227844238281
533,best,do,-7.165191650390625
534,best,do,-5.927318096160889
535,best,do,-4.035133361816406
536,best,pp,-6.022067546844482
537,best,pp,-5.759274005889893
538,best,pp,-5.414185047149658
539,best,pp,-4.515171051025391
540,best,pp,-5.58447790145874
541,best,pp,-4.86231803894043
542,best,pp,-4.927612781524658
543,best,pp,-5.27314567565918
544,best,pp,-5.051811218261719
545,best,pp,-4.968092918395996
546,best,pp,-5.367466449737549
547,best,pp,-5.229261875152588
548,best,pp,-4.577700138092041
549,best,pp,-5.795433521270752
550,best,pp,-6.051054000854492
551,best,pp,-5.545679569244385
552,best,pp,-4.779516220092773
553,best,pp,-5.656747341156006
554,best,pp,-4.885791301727295
555,best,pp,-5.8465728759765625
556,best,do,-5.290929317474365
557,best,do,-5.792764663696289
558,best,do,-6.745979309082031
559,best,do,-5.468152046203613
560,best,do,-6.469688415527344
561,best,do,-5.31315803527832
562,best,do,-6.222428798675537
563,best,do,-5.626526355743408
564,best,do,-5.792764663696289
565,best,do,-6.3735761642456055
566,best,do,-4.2223968505859375
567,best,do,-5.395997524261475
568,best,do,-5.979104518890381
569,best,do,-6.3324689865112305
570,best,do,-5.568542003631592
571,best,do,-5.34490442276001
572,best,do,-5.704531669616699
573,best,do,-5.895112037658691
574,best,do,-5.895112037658691
575,best,do,-5.6865339279174805
576,best,do,-5.898937702178955
577,best,do,-5.269261360168457
578,best,do,-5.704531669616699
579,best,do,-6.429615020751953
580,best,do,-5.357217311859131
581,best,do,-5.979104518890381
582,best,do,-6.103941917419434
583,best,do,-5.597277641296387
584,best,do,-4.509162425994873
585,best,do,-5.778915882110596
586,best,do,-5.7064337730407715
587,best,do,-5.522618770599365
588,best,do,-5.597277641296387
589,best,do,-4.855045795440674
590,best,do,-5.932435512542725
591,best,do,-4.944075107574463
592,best,do,-5.749609470367432
593,best,do,-4.944075107574463
594,best,do,-6.209799766540527
595,best,do,-6.745979309082031
596,best,do,-6.949982643127441
597,best,do,-5.979104518890381
598,best,do,-6.3735761642456055
599,best,pp,-5.1816182136535645
600,best,pp,-5.457982540130615
601,best,pp,-6.004548072814941
602,best,pp,-5.0053324699401855
603,best,pp,-5.935866832733154
604,best,pp,-5.339466571807861
605,best,pp,-5.921491622924805
606,best,pp,-4.938998699188232
607,best,pp,-5.457982540130615
608,best,pp,-6.279102802276611
609,best,pp,-4.307628154754639
610,best,pp,-4.945910930633545
611,best,pp,-5.556512832641602
612,best,pp,-5.670947074890137
613,best,pp,-5.588893413543701
614,best,pp,-4.793251991271973
615,best,pp,-5.135353088378906
616,best,pp,-5.404689788818359
617,best,pp,-5.404689788818359
618,best,pp,-4.701953411102295
619,best,do,-6.137618064880371
620,best,do,-5.489514350891113
621,best,do,-6.471789360046387
622,best,do,-5.7228684425354
623,best,do,-6.4837565422058105
624,best,do,-5.526443004608154
625,best,do,-5.696892738342285
626,best,do,-6.090244293212891
627,best,do,-6.014296531677246
628,best,do,-6.314968585968018
629,best,do,-6.207414150238037
630,best,do,-5.259323596954346
631,best,do,-5.865914344787598
632,best,do,-5.823057651519775
633,best,do,-5.889792442321777
634,best,do,-6.0621514320373535
635,best,do,-5.30777645111084
636,best,do,-6.242213249206543
637,best,do,-5.865914344787598
638,best,do,-6.073208332061768
639,best,do,-5.751189231872559
640,best,do,-6.6265692710876465
641,best,do,-6.305939197540283
642,best,do,-7.175051212310791
643,best,do,-6.518601417541504
644,best,do,-5.488804340362549
645,best,do,-6.982250690460205
646,best,do,-5.6763458251953125
647,best,do,-5.936441898345947
648,best,do,-6.20015811920166
649,best,do,-5.8023762702941895
650,best,do,-7.54062557220459
651,best,do,-6.8232102394104
652,best,do,-6.646660804748535
653,best,do,-6.669711589813232
654,best,do,-5.534567356109619
655,best,do,-6.567494869232178
656,best,do,-6.213778018951416
657,best,do,-7.647919654846191
658,best,do,-5.865914344787598
659,best,do,-7.570803165435791
660,best,do,-7.435952186584473
661,best,do,-5.545322895050049
662,best,pp,-5.8145928382873535
663,best,pp,-5.038068771362305
664,best,pp,-5.259737014770508
665,best,pp,-5.4752583503723145
666,best,pp,-5.323907852172852
667,best,pp,-4.828954696655273
668,best,pp,-5.336976051330566
669,best,pp,-5.348374366760254
670,best,pp,-5.711825370788574
671,best,pp,-5.937182426452637
672,best,pp,-5.621058464050293
673,best,pp,-5.008678436279297
674,best,pp,-5.595053672790527
675,best,pp,-5.381592273712158
676,best,pp,-5.306178092956543
677,best,pp,-6.015068054199219
678,best,pp,-4.978590965270996
679,best,pp,-5.624146461486816
680,best,pp,-5.595053672790527
681,best,pp,-5.534571170806885
682,best,do,-5.743860244750977
683,best,do,-7.741635799407959
684,best,do,-5.091283321380615
685,best,do,-5.526167869567871
686,best,do,-6.229966640472412
687,best,do,-5.664445400238037
688,best,do,-7.122516632080078
689,best,do,-6.286038398742676
690,best,do,-6.770998954772949
691,best,do,-6.597527980804443
692,best,do,-5.872001647949219
693,best,do,-6.631214141845703
694,best,do,-6.949660778045654
695,best,do,-5.610740661621094
696,best,do,-6.240262031555176
697,best,do,-5.875608444213867
698,best,do,-4.802822113037109
699,best,do,-5.81112813949585
700,best,do,-5.33396053314209
701,best,do,-5.901025772094727
702,best,do,-6.429372310638428
703,best,do,-5.495602607727051
704,best,do,-6.8231520652771
705,best,do,-5.258882999420166
706,best,do,-5.116171836853027
707,best,do,-6.675799369812012
708,best,do,-5.539303302764893
709,best,do,-5.655661106109619
710,best,do,-7.083531379699707
711,best,do,-5.492886066436768
712,best,do,-6.052120208740234
713,best,do,-6.80588436126709
714,best,do,-6.952279567718506
715,best,do,-7.038687229156494
716,best,do,-6.879453182220459
717,best,do,-6.136910915374756
718,best,do,-6.199924945831299
719,best,do,-6.0822625160217285
720,best,do,-5.423662185668945
721,best,do,-5.169347286224365
722,best,do,-5.980058670043945
723,best,do,-5.332862377166748
724,best,do,-5.606619358062744
725,best,pp,-4.892416000366211
726,best,pp,-6.412578582763672
727,best,pp,-4.525169849395752
728,best,pp,-5.332291126251221
729,best,pp,-5.331589698791504
730,best,pp,-4.51832914352417
731,best,pp,-6.669029235839844
732,best,pp,-5.127876281738281
733,best,pp,-6.293710231781006
734,best,pp,-6.1886796951293945
735,best,pp,-5.505204200744629
736,best,pp,-6.128141403198242
737,best,pp,-6.312798023223877
738,best,pp,-5.24074125289917
739,best,pp,-5.986898899078369
740,best,pp,-5.669086933135986
741,best,pp,-5.149810314178467
742,best,pp,-5.704466342926025
743,best,pp,-5.164693355560303
744,best,pp,-4.96492338180542
745,best,pp,-6.046158790588379
746,best,pp,-5.598699569702148
747,best,pp,-6.035362720489502
748,best,pp,-5.4745097160339355
749,best,pp,-6.4602813720703125
750,best,pp,-5.73394775390625
751,best,pp,-5.515956401824951
752,best,pp,-5.840928554534912
753,best,pp,-6.157691955566406
754,best,pp,-5.644629001617432
755,best,pp,-4.7860002517700195
756,best,pp,-4.408883094787598
757,best,pp,-5.280542373657227
758,best,pp,-5.127767562866211
759,best,pp,-5.640721321105957
760,best,pp,-6.036463260650635
761,best,pp,-6.830023765563965
762,best,pp,-6.483860015869141
763,best,pp,-5.992964744567871
764,best,pp,-5.203561305999756
765,best,pp,-5.178929328918457
766,best,pp,-4.621969699859619
767,best,pp,-5.842335224151611
768,best,pp,-5.129230499267578
769,best,pp,-5.4782538414001465
770,best,pp,-5.43930721282959
771,best,pp,-4.9591498374938965
772,best,pp,-5.529659748077393
773,best,pp,-5.1822638511657715
774,best,pp,-4.3695573806762695
775,best,pp,-4.357460021972656
776,best,pp,-5.155404090881348
777,best,pp,-4.515177249908447
778,best,pp,-5.840451717376709
779,best,pp,-5.745158672332764
780,best,pp,-5.157839298248291
781,best,pp,-5.52833890914917
782,best,pp,-4.960115432739258
783,best,pp,-5.896656513214111
784,best,pp,-6.4783501625061035
785,best,do,-5.178310871124268
786,best,do,-4.281065464019775
787,best,do,-5.555274963378906
788,best,do,-5.019633769989014
789,best,do,-4.7855224609375
790,best,do,-4.368408203125
791,best,do,-5.389986991882324
792,best,do,-4.702276706695557
793,best,do,-6.619641304016113
794,best,do,-5.0183000564575195
795,best,do,-4.087984085083008
796,best,do,-3.687488079071045
797,best,do,-4.932675838470459
798,best,do,-5.802097320556641
799,best,do,-3.5331716537475586
800,best,do,-4.756367206573486
801,best,do,-5.434172630310059
802,best,do,-4.916429042816162
803,best,do,-6.129390716552734
804,best,do,-6.835705280303955
805,best,do,-6.361430644989014
806,best,do,-3.7382888793945312
807,best,do,-5.221255779266357
808,best,do,-6.747719764709473
809,best,do,-4.878722667694092
810,best,do,-5.240784168243408
811,best,do,-6.421972274780273
812,best,do,-4.773617267608643
813,best,do,-4.902259349822998
814,best,do,-5.184681415557861
815,best,do,-4.294617652893066
816,best,do,-4.84520149230957
817,best,do,-4.493003845214844
818,best,do,-4.6936726570129395
819,best,do,-5.462019443511963
820,best,do,-4.756367206573486
821,best,do,-5.98756742477417
822,best,do,-4.884220600128174
823,best,do,-4.325963020324707
824,best,do,-5.836155414581299
825,best,do,-5.401915550231934
826,best,do,-4.1594133377075195
827,best,do,-5.869529724121094
828,best,pp,-5.362753868103027
829,best,pp,-4.7591681480407715
830,best,pp,-5.541831016540527
831,best,pp,-4.792630672454834
832,best,pp,-4.800006866455078
833,best,pp,-4.276737213134766
834,best,pp,-5.732335567474365
835,best,pp,-4.629389762878418
836,best,pp,-6.102907180786133
837,best,pp,-5.31707763671875
838,best,pp,-4.3643693923950195
839,best,pp,-3.6743743419647217
840,best,pp,-4.943553447723389
841,best,pp,-5.935688495635986
842,best,pp,-3.70987868309021
843,best,pp,-4.51665735244751
844,best,pp,-5.454581260681152
845,best,pp,-5.024472713470459
846,best,pp,-6.195070266723633
847,best,pp,-6.579598903656006
848,best,do,-4.924898147583008
849,best,do,-5.073294639587402
850,best,do,-5.2213826179504395
851,best,do,-6.5759992599487305
852,best,do,-4.415449142456055
853,best,do,-5.9085211753845215
854,best,do,-6.576812267303467
855,best,do,-5.410798072814941
856,best,do,-4.9698662757873535
857,best,do,-4.887373924255371
858,best,do,-5.848855495452881
859,best,do,-5.582744121551514
860,best,do,-5.283196926116943
861,best,do,-4.666970729827881
862,best,do,-4.997450828552246
863,best,do,-5.015408992767334
864,best,do,-4.598275661468506
865,best,do,-6.547635078430176
866,best,do,-4.608477592468262
867,best,do,-4.474820613861084
868,best,do,-6.22838830947876
869,best,do,-4.498156547546387
870,best,do,-6.633445739746094
871,best,do,-4.332958221435547
872,best,do,-4.838595867156982
873,best,do,-5.3644914627075195
874,best,do,-4.9698662757873535
875,best,do,-4.7031779289245605
876,best,do,-5.084867477416992
877,best,do,-5.426781177520752
878,best,do,-4.862737655639648
879,best,do,-4.629012107849121
880,best,do,-6.4096360206604
881,best,do,-6.2975568771362305
882,best,do,-4.919039726257324
883,best,do,-5.732542514801025
884,best,do,-4.924898147583008
885,best,do,-4.98728609085083
886,best,do,-4.47550106048584
887,best,do,-5.777853012084961
888,best,do,-6.484947204589844
889,best,do,-5.8887739181518555
890,best,do,-4.600996017456055
891,best,pp,-4.900193214416504
892,best,pp,-4.920620918273926
893,best,pp,-5.218570709228516
894,best,pp,-6.541234970092773
895,best,pp,-4.405991077423096
896,best,pp,-6.005657196044922
897,best,pp,-6.428521156311035
898,best,pp,-5.494489669799805
899,best,pp,-4.799946308135986
900,best,pp,-4.945148468017578
901,best,pp,-5.803728103637695
902,best,pp,-5.724819660186768
903,best,pp,-5.177199363708496
904,best,pp,-4.517577171325684
905,best,pp,-4.859301567077637
906,best,pp,-4.939056396484375
907,best,pp,-4.804171085357666
908,best,pp,-6.500992774963379
909,best,pp,-4.574475288391113
910,best,pp,-4.547932147979736
911,best,do,-5.917510032653809
912,best,do,-6.2219390869140625
913,best,do,-5.24786376953125
914,best,do,-5.721306324005127
915,best,do,-5.123967170715332
916,best,do,-6.013710021972656
917,best,do,-6.255781650543213
918,best,do,-6.309088230133057
919,best,do,-5.222049713134766
920,best,do,-5.955616474151611
921,best,do,-5.711246013641357
922,best,do,-6.339195728302002
923,best,do,-6.5238189697265625
924,best,do,-5.1882195472717285
925,best,do,-4.925364017486572
926,best,do,-5.955663681030273
927,best,do,-5.9293904304504395
928,best,do,-6.1751251220703125
929,best,do,-6.004307746887207
930,best,do,-5.472101211547852
931,best,do,-5.906616687774658
932,best,do,-5.382732391357422
933,best,do,-5.478825092315674
934,best,do,-5.242973804473877
935,best,do,-5.11151123046875
936,best,do,-5.43123197555542
937,best,do,-4.349495887756348
938,best,do,-5.4248199462890625
939,best,do,-6.446939468383789
940,best,do,-4.995086193084717
941,best,do,-5.515315055847168
942,best,do,-6.5350165367126465
943,best,do,-5.4393510818481445
944,best,do,-5.724425315856934
945,best,do,-5.063235282897949
946,best,do,-6.4727559089660645
947,best,do,-5.336974143981934
948,best,do,-5.515072345733643
949,best,do,-5.955616474151611
950,best,do,-5.637588977813721
951,best,do,-6.338325500488281
952,best,do,-4.763735771179199
953,best,do,-5.674173355102539
954,best,pp,-5.446960926055908
955,best,pp,-6.0027618408203125
956,best,pp,-4.868911266326904
957,best,pp,-5.845740795135498
958,best,pp,-5.179150104522705
959,best,pp,-5.842290878295898
960,best,pp,-5.993088245391846
961,best,pp,-5.971570014953613
962,best,pp,-5.263031959533691
963,best,pp,-5.97067403793335
964,best,pp,-5.501983642578125
965,best,pp,-6.037080764770508
966,best,pp,-6.313462257385254
967,best,pp,-4.978074550628662
968,best,pp,-5.2322096824646
969,best,pp,-5.825833797454834
970,best,pp,-5.6997456550598145
971,best,pp,-5.9504828453063965
972,best,pp,-5.947136878967285
973,best,pp,-5.164085865020752
974,best,do,-5.481574058532715
975,best,do,-5.341175556182861
976,best,do,-7.11505651473999
977,best,do,-5.974503040313721
978,best,do,-5.420141220092773
979,best,do,-4.72096061706543
980,best,do,-6.783168792724609
981,best,do,-4.838994979858398
982,best,do,-6.3351287841796875
983,best,do,-5.127899169921875
984,best,do,-6.572784423828125
985,best,do,-6.389791011810303
986,best,do,-6.296585559844971
987,best,do,-5.363658428192139
988,best,do,-7.296908855438232
989,best,do,-6.289188861846924
990,best,do,-6.632883548736572
991,best,do,-5.5556793212890625
992,best,do,-5.3953375816345215
993,best,do,-5.605123043060303
994,best,do,-4.951928615570068
995,best,do,-5.9974589347839355
996,best,do,-5.853847980499268
997,best,do,-6.078239440917969
998,best,do,-5.914154529571533
999,best,do,-5.4496049880981445
1000,best,do,-5.523848533630371
1001,best,do,-5.051773548126221
1002,best,do,-5.018362045288086
1003,best,do,-5.605123043060303
1004,best,do,-5.767189025878906
1005,best,do,-4.951660633087158
1006,best,do,-6.034912109375
1007,best,do,-5.532876968383789
1008,best,do,-4.58787727355957
1009,best,do,-4.405812740325928
1010,best,do,-5.680115699768066
1011,best,do,-6.305473804473877
1012,best,do,-5.750947952270508
1013,best,do,-6.54997444152832
1014,best,do,-5.750947952270508
1015,best,do,-5.1457719802856445
1016,best,do,-4.27248477935791
1017,best,pp,-5.383786201477051
1018,best,pp,-5.178249835968018
1019,best,pp,-6.512825965881348
1020,best,pp,-5.499943733215332
1021,best,pp,-4.966798782348633
1022,best,pp,-4.66221284866333
1023,best,pp,-6.161060333251953
1024,best,pp,-4.960660934448242
1025,best,pp,-5.88454532623291
1026,best,pp,-5.2751665115356445
1027,best,pp,-6.297873497009277
1028,best,pp,-6.073272228240967
1029,best,pp,-5.589949607849121
1030,best,pp,-5.007195949554443
1031,best,pp,-6.8234758377075195
1032,best,pp,-6.324399471282959
1033,best,pp,-6.534614086151123
1034,best,pp,-5.229707717895508
1035,best,pp,-5.414395332336426
1036,best,pp,-5.631181240081787
1037,best,pp,-5.328599452972412
1038,best,pp,-4.6988115310668945
1039,best,pp,-5.625946521759033
1040,best,pp,-5.632318496704102
1041,best,pp,-4.342894554138184
1042,best,pp,-5.761621952056885
1043,best,pp,-6.825047492980957
1044,best,pp,-4.076618671417236
1045,best,pp,-6.538514614105225
1046,best,pp,-5.609233856201172
1047,best,pp,-6.784762382507324
1048,best,pp,-4.704577445983887
1049,best,pp,-4.911427974700928
1050,best,pp,-4.857161521911621
1051,best,pp,-4.797686576843262
1052,best,pp,-6.046505451202393
1053,best,pp,-5.4382004737854
1054,best,pp,-4.948311805725098
1055,best,pp,-4.8077802658081055
1056,best,pp,-4.8930535316467285
1057,best,pp,-5.695749282836914
1058,best,pp,-4.718989372253418
1059,best,pp,-5.4524335861206055
1060,best,pp,-4.756742477416992
1061,best,pp,-5.281354904174805
1062,best,pp,-4.83591365814209
1063,best,pp,-3.8948652744293213
1064,best,pp,-5.099244117736816
1065,best,pp,-5.6981048583984375
1066,best,pp,-4.919925212860107
1067,best,pp,-6.309854030609131
1068,best,pp,-4.275543212890625
1069,best,pp,-5.210485458374023
1070,best,pp,-4.73488187789917
1071,best,pp,-4.833090782165527
1072,best,pp,-4.934832572937012
1073,best,pp,-4.731443405151367
1074,best,pp,-4.438143253326416
1075,best,pp,-4.661032676696777
1076,best,pp,-6.0391764640808105
1077,best,do,-6.115854740142822
1078,best,do,-5.641895294189453
1079,best,do,-5.480709552764893
1080,best,do,-4.797817707061768
1081,best,do,-3.523188829421997
1082,best,do,-4.35333776473999
1083,best,do,-4.628914833068848
1084,best,do,-4.391504287719727
1085,best,do,-4.7374749183654785
1086,best,do,-4.541358947753906
1087,best,do,-4.81373405456543
1088,best,do,-3.9848759174346924
1089,best,do,-5.4513163566589355
1090,best,do,-5.720122814178467
1091,best,do,-5.199570178985596
1092,best,do,-4.717807292938232
1093,best,do,-5.292121410369873
1094,best,do,-4.675621032714844
1095,best,do,-6.145628452301025
1096,best,do,-4.91363000869751
1097,best,do,-4.622190475463867
1098,best,do,-4.871456623077393
1099,best,do,-5.63213586807251
1100,best,do,-5.5790534019470215
1101,best,do,-5.286670207977295
1102,best,do,-4.9151763916015625
1103,best,do,-4.820255279541016
1104,best,do,-3.7114665508270264
1105,best,do,-4.723216533660889
1106,best,do,-4.177979946136475
1107,best,do,-4.871456623077393
1108,best,do,-6.235228061676025
1109,best,do,-4.694149494171143
1110,best,do,-5.7066426277160645
1111,best,do,-6.010868072509766
1112,best,do,-4.241064071655273
1113,best,do,-4.673696041107178
1114,best,do,-4.59364652633667
1115,best,do,-4.379764080047607
1116,best,do,-5.135695457458496
1117,best,do,-5.03134822845459
1118,best,do,-6.377623081207275
1119,best,do,-4.1710405349731445
1120,best,pp,-5.250658988952637
1121,best,pp,-5.3824896812438965
1122,best,pp,-5.042281150817871
1123,best,pp,-4.6125898361206055
1124,best,pp,-3.1544125080108643
1125,best,pp,-4.342951774597168
1126,best,pp,-4.158534049987793
1127,best,pp,-4.102109432220459
1128,best,pp,-4.556890964508057
1129,best,pp,-4.475163459777832
1130,best,pp,-4.475646495819092
1131,best,pp,-4.002500057220459
1132,best,pp,-5.124576568603516
1133,best,pp,-5.688319683074951
1134,best,pp,-4.973210334777832
1135,best,pp,-4.522220611572266
1136,best,pp,-5.014236927032471
1137,best,pp,-4.801533222198486
1138,best,pp,-5.626846790313721
1139,best,pp,-4.376835346221924
1140,best,do,-5.231032848358154
1141,best,do,-5.597660541534424
1142,best,do,-5.471841335296631
1143,best,do,-5.380152225494385
1144,best,do,-5.5003886222839355
1145,best,do,-4.684745788574219
1146,best,do,-5.231032848358154
1147,best,do,-6.834636211395264
1148,best,do,-5.256716251373291
1149,best,do,-4.9124979972839355
1150,best,do,-5.557323455810547
1151,best,do,-6.314271926879883
1152,best,do,-5.009572505950928
1153,best,do,-5.847599506378174
1154,best,do,-4.797845840454102
1155,best,do,-4.457653522491455
1156,best,do,-5.265204429626465
1157,best,do,-6.1524248123168945
1158,best,do,-5.5623779296875
1159,best,do,-5.040827751159668
1160,best,do,-5.507079601287842
1161,best,do,-4.637779712677002
1162,best,do,-6.386996746063232
1163,best,do,-5.665571689605713
1164,best,do,-5.597660541534424
1165,best,do,-5.401969909667969
1166,best,do,-5.91903829574585
1167,best,do,-4.788387775421143
1168,best,do,-4.760948181152344
1169,best,do,-5.476321220397949
1170,best,do,-4.799595355987549
1171,best,do,-4.9991583824157715
1172,best,do,-5.265204429626465
1173,best,do,-5.094717979431152
1174,best,do,-4.675231456756592
1175,best,do,-4.675231456756592
1176,best,do,-5.2856831550598145
1177,best,do,-5.505311489105225
1178,best,do,-4.017709255218506
1179,best,do,-4.457653522491455
1180,best,do,-6.386996746063232
1181,best,do,-5.209903717041016
1182,best,do,-4.788387775421143
1183,best,pp,-5.164878845214844
1184,best,pp,-5.4579949378967285
1185,best,pp,-4.860116958618164
1186,best,pp,-4.792074680328369
1187,best,pp,-5.278408527374268
1188,best,pp,-4.366029262542725
1189,best,pp,-5.164877891540527
1190,best,pp,-6.496645450592041
1191,best,pp,-4.807153224945068
1192,best,pp,-4.509974479675293
1193,best,pp,-5.450157165527344
1194,best,pp,-5.93572473526001
1195,best,pp,-4.523955345153809
1196,best,pp,-5.543468952178955
1197,best,pp,-4.6189188957214355
1198,best,pp,-4.104413032531738
1199,best,pp,-5.122259140014648
1200,best,pp,-5.727865695953369
1201,best,pp,-5.45410680770874
1202,best,pp,-4.641269683837891
1203,best,do,-6.0496978759765625
1204,best,do,-4.5775346755981445
1205,best,do,-6.170439720153809
1206,best,do,-5.711966514587402
1207,best,do,-7.497954368591309
1208,best,do,-6.080580711364746
1209,best,do,-6.037478446960449
1210,best,do,-6.219430446624756
1211,best,do,-5.606294631958008
1212,best,do,-6.692686557769775
1213,best,do,-5.655333042144775
1214,best,do,-5.4828619956970215
1215,best,do,-5.334547996520996
1216,best,do,-5.182394981384277
1217,best,do,-6.001481533050537
1218,best,do,-5.805753707885742
1219,best,do,-5.851022720336914
1220,best,do,-6.131382942199707
1221,best,do,-6.152585506439209
1222,best,do,-5.868714332580566
1223,best,do,-7.738968372344971
1224,best,do,-6.904462814331055
1225,best,do,-6.693023681640625
1226,best,do,-6.059769153594971
1227,best,do,-6.77376127243042
1228,best,do,-6.253594398498535
1229,best,do,-5.5326690673828125
1230,best,do,-6.344045639038086
1231,best,do,-6.090162754058838
1232,best,do,-5.620291233062744
1233,best,do,-5.582853317260742
1234,best,do,-6.154730796813965
1235,best,do,-6.452319145202637
1236,best,do,-6.320817947387695
1237,best,do,-5.637673377990723
1238,best,do,-6.4127516746521
1239,best,do,-4.75861930847168
1240,best,do,-6.095834255218506
1241,best,do,-6.7274394035339355
1242,best,do,-5.235184192657471
1243,best,do,-5.845917701721191
1244,best,do,-6.658668041229248
1245,best,do,-5.998264312744141
1246,best,pp,-5.473817825317383
1247,best,pp,-3.974503517150879
1248,best,pp,-5.397050857543945
1249,best,pp,-4.778714179992676
1250,best,pp,-5.993224143981934
1251,best,pp,-5.4795331954956055
1252,best,pp,-5.6334943771362305
1253,best,pp,-5.477560997009277
1254,best,pp,-4.615862846374512
1255,best,pp,-6.1026835441589355
1256,best,pp,-5.04680061340332
1257,best,pp,-4.994278430938721
1258,best,pp,-4.8010735511779785
1259,best,pp,-4.331445693969727
1260,best,pp,-5.180363178253174
1261,best,pp,-4.721020221710205
1262,best,pp,-5.135751247406006
1263,best,pp,-5.250335216522217
1264,best,pp,-5.604092121124268
1265,best,pp,-5.20013427734375
1266,best,do,-4.808557987213135
1267,best,do,-5.431973934173584
1268,best,do,-5.085811138153076
1269,best,do,-5.027681827545166
1270,best,do,-5.08380651473999
1271,best,do,-5.687418460845947
1272,best,do,-6.9667792320251465
1273,best,do,-7.144550323486328
1274,best,do,-4.846755027770996
1275,best,do,-5.764450550079346
1276,best,do,-6.324343204498291
1277,best,do,-5.785168170928955
1278,best,do,-6.309181213378906
1279,best,do,-5.462131500244141
1280,best,do,-5.581387042999268
1281,best,do,-6.056042194366455
1282,best,do,-5.544364929199219
1283,best,do,-6.275020599365234
1284,best,do,-5.336740970611572
1285,best,do,-5.250740051269531
1286,best,do,-5.459255218505859
1287,best,do,-5.589632511138916
1288,best,do,-6.67704963684082
1289,best,do,-6.248713970184326
1290,best,do,-5.734879970550537
1291,best,do,-5.737517356872559
1292,best,do,-6.268501281738281
1293,best,do,-6.535281658172607
1294,best,do,-5.926567077636719
1295,best,do,-4.980458736419678
1296,best,do,-5.232175350189209
1297,best,do,-5.306442737579346
1298,best,do,-6.004974365234375
1299,best,do,-5.820689678192139
1300,best,do,-6.0313849449157715
1301,best,do,-5.901736736297607
1302,best,do,-5.680293560028076
1303,best,do,-6.907230377197266
1304,best,do,-5.658811092376709
1305,best,do,-6.190124034881592
1306,best,do,-5.987244129180908
1307,best,do,-5.942903995513916
1308,best,do,-6.346290588378906
1309,best,pp,-4.280195713043213
1310,best,pp,-4.609205722808838
1311,best,pp,-4.765532970428467
1312,best,pp,-4.241030216217041
1313,best,pp,-4.159418106079102
1314,best,pp,-4.914878845214844
1315,best,pp,-6.291280269622803
1316,best,pp,-6.0302839279174805
1317,best,pp,-4.211298942565918
1318,best,pp,-6.0629754066467285
1319,best,pp,-5.717190265655518
1320,best,pp,-5.185476303100586
1321,best,pp,-5.958678722381592
1322,best,pp,-4.866947174072266
1323,best,pp,-4.5729475021362305
1324,best,pp,-5.099416255950928
1325,best,pp,-4.4780354499816895
1326,best,pp,-5.509835720062256
1327,best,pp,-4.519848823547363
1328,best,pp,-4.934062957763672
1329,best,pp,-4.937150478363037
1330,best,pp,-3.9571096897125244
1331,best,pp,-5.888052463531494
1332,best,pp,-5.640929222106934
1333,best,pp,-6.243751049041748
1334,best,pp,-4.974773406982422
1335,best,pp,-4.726085662841797
1336,best,pp,-5.276335716247559
1337,best,pp,-4.714534282684326
1338,best,pp,-5.86187744140625
1339,best,pp,-4.523209095001221
1340,best,pp,-5.015835285186768
1341,best,pp,-5.330952167510986
1342,best,pp,-6.201231002807617
1343,best,pp,-5.95579719543457
1344,best,pp,-5.429559230804443
1345,best,pp,-5.880279541015625
1346,best,pp,-4.381576061248779
1347,best,pp,-6.036818981170654
1348,best,pp,-5.8913469314575195
1349,best,pp,-4.4192023277282715
1350,best,pp,-4.967177391052246
1351,best,pp,-5.866548538208008
1352,best,pp,-4.112951278686523
1353,best,pp,-4.664175510406494
1354,best,pp,-4.0554890632629395
1355,best,pp,-4.03911828994751
1356,best,pp,-5.106025695800781
1357,best,pp,-4.852727890014648
1358,best,pp,-4.771477699279785
1359,best,pp,-4.218491554260254
1360,best,pp,-4.6909613609313965
1361,best,pp,-5.237368583679199
1362,best,pp,-5.185478210449219
1363,best,pp,-4.617961883544922
1364,best,pp,-4.652408599853516
1365,best,pp,-5.4286208152771
1366,best,pp,-4.6106109619140625
1367,best,pp,-4.764308929443359
1368,best,pp,-4.378380298614502
