item_id,model_state,do,pp
0,initial,-7.424708366394043,-6.018011093139648
1,initial,-7.931498050689697,-7.050443172454834
2,initial,-7.291952610015869,-6.83487606048584
3,initial,-8.827630996704102,-8.355544090270996
4,initial,-7.781761169433594,-5.942541122436523
5,initial,-8.075786590576172,-7.240869045257568
6,initial,-9.130213737487793,-7.562829494476318
7,initial,-8.213396072387695,-7.146730899810791
8,initial,-6.988063812255859,-6.0638628005981445
9,initial,-7.291952610015869,-6.83487606048584
10,initial,-9.398391723632812,-7.7234625816345215
11,initial,-7.136538982391357,-6.691824913024902
12,initial,-8.557027816772461,-6.442526340484619
13,initial,-9.484368324279785,-7.342727184295654
14,initial,-6.988063812255859,-6.0638628005981445
15,initial,-8.809488296508789,-8.002338409423828
16,initial,-7.5896501541137695,-6.939045429229736
17,initial,-7.443701267242432,-6.68922758102417
18,initial,-9.044501304626465,-8.133384704589844
19,initial,-7.335057735443115,-6.437200546264648
20,initial,-7.598222732543945,-6.15389347076416
21,initial,-8.378579139709473,-6.932192325592041
22,initial,-9.504316329956055,-7.973323345184326
23,initial,-8.43321704864502,-7.09910249710083
24,initial,-9.392424583435059,-7.426473617553711
25,initial,-8.43321704864502,-7.09910249710083
26,initial,-9.798883438110352,-7.918975353240967
27,initial,-9.576983451843262,-7.625324726104736
28,initial,-7.756510257720947,-7.116879463195801
29,initial,-10.014488220214844,-8.230156898498535
30,initial,-8.19758415222168,-6.8350677490234375
31,initial,-8.839767456054688,-6.967155933380127
32,initial,-9.504315376281738,-7.973323822021484
33,initial,-8.839766502380371,-6.967155456542969
34,initial,-8.576726913452148,-6.904979228973389
35,initial,-9.278036117553711,-7.678965091705322
36,initial,-7.756511688232422,-7.116878986358643
37,initial,-8.839766502380371,-6.967155456542969
38,initial,-7.557974338531494,-6.419291973114014
39,initial,-7.46222448348999,-6.136542797088623
40,initial,-7.770833969116211,-6.40895414352417
41,initial,-7.7731404304504395,-6.889398097991943
42,initial,-8.078238487243652,-7.470479965209961
43,initial,-8.714025497436523,-8.029741287231445
44,initial,-8.304217338562012,-6.36205530166626
45,initial,-7.923852920532227,-6.5604448318481445
46,initial,-8.338471412658691,-6.405439376831055
47,initial,-8.007145881652832,-7.338189125061035
48,initial,-9.078632354736328,-7.835304260253906
49,initial,-7.909151554107666,-6.9912495613098145
50,initial,-8.303003311157227,-7.418952465057373
51,initial,-9.361594200134277,-8.226985931396484
52,initial,-8.096935272216797,-7.294164180755615
53,initial,-8.7972412109375,-7.1086554527282715
54,initial,-8.439817428588867,-7.664226531982422
55,initial,-8.396193504333496,-6.746009349822998
56,initial,-7.855813503265381,-6.220280647277832
57,initial,-7.5031538009643555,-6.898050308227539
58,initial,-8.272109985351562,-6.7776970863342285
59,initial,-7.819512844085693,-6.803779602050781
60,initial,-8.559565544128418,-7.562396049499512
61,initial,-9.168761253356934,-8.454146385192871
62,initial,-10.456706047058105,-8.427639961242676
63,initial,-10.450555801391602,-8.877652168273926
64,initial,-8.159520149230957,-8.118729591369629
65,initial,-8.332530975341797,-7.010895252227783
66,initial,-8.701805114746094,-7.989393711090088
67,initial,-10.692710876464844,-9.022536277770996
68,initial,-8.46013069152832,-6.386714458465576
69,initial,-8.77721118927002,-7.362274169921875
70,initial,-8.686562538146973,-7.129051685333252
71,initial,-10.647674560546875,-8.742270469665527
72,initial,-7.529755115509033,-6.163106441497803
73,initial,-8.45678997039795,-6.661377906799316
74,initial,-8.177273750305176,-6.755975246429443
75,initial,-9.990808486938477,-7.76186990737915
76,initial,-9.026745796203613,-7.926571846008301
77,initial,-10.089828491210938,-8.39413833618164
78,initial,-7.9610724449157715,-7.543506622314453
79,initial,-7.998231887817383,-7.875186443328857
80,initial,-6.453684329986572,-5.608686923980713
81,initial,-6.475110054016113,-5.661588668823242
82,initial,-8.183499336242676,-7.1099982261657715
83,initial,-7.088114261627197,-6.481382846832275
84,initial,-7.093227386474609,-6.624380111694336
85,initial,-8.348512649536133,-7.424894332885742
86,initial,-8.037200927734375,-7.14346981048584
87,initial,-7.237579345703125,-6.824207782745361
88,initial,-7.121979713439941,-6.548242568969727
89,initial,-6.230953693389893,-6.06924295425415
90,initial,-6.956135272979736,-5.899270057678223
91,initial,-9.0241060256958,-7.976070404052734
92,initial,-6.326872825622559,-5.905420303344727
93,initial,-7.259711265563965,-6.500878810882568
94,initial,-7.5638532638549805,-6.547113418579102
95,initial,-7.372411727905273,-6.880984783172607
96,initial,-6.760148525238037,-5.7783284187316895
97,initial,-7.051111698150635,-6.034496784210205
98,initial,-8.395631790161133,-7.63722038269043
99,initial,-6.515817642211914,-5.575456619262695
100,initial,-8.122832298278809,-5.744827747344971
101,initial,-8.046980857849121,-6.730036735534668
102,initial,-8.972739219665527,-7.114345550537109
103,initial,-8.05158519744873,-6.356781005859375
104,initial,-8.05158519744873,-6.356781005859375
105,initial,-7.548158168792725,-6.437952041625977
106,initial,-8.663982391357422,-6.948943138122559
107,initial,-7.928563594818115,-6.094779968261719
108,initial,-7.630406379699707,-5.491786956787109
109,initial,-9.664131164550781,-7.877388954162598
110,initial,-8.750598907470703,-7.158440113067627
111,initial,-8.22690486907959,-6.490460395812988
112,initial,-9.0141019821167,-7.781702995300293
113,initial,-8.968085289001465,-7.222442626953125
114,initial,-7.889161586761475,-6.585193634033203
115,initial,-8.208760261535645,-7.044947147369385
116,initial,-9.243642807006836,-7.7242021560668945
117,initial,-8.934842109680176,-6.61113977432251
118,initial,-8.663982391357422,-6.948943138122559
119,initial,-9.61042308807373,-7.564507007598877
120,initial,-7.063205242156982,-6.587066173553467
121,initial,-6.899686336517334,-6.502471923828125
122,initial,-7.652061462402344,-7.010164737701416
123,initial,-6.83331823348999,-5.968433856964111
124,initial,-7.509906768798828,-6.822800159454346
125,initial,-8.722867965698242,-7.748903751373291
126,initial,-9.483431816101074,-8.543874740600586
127,initial,-8.942949295043945,-7.595893859863281
128,initial,-7.658535480499268,-7.16225004196167
129,initial,-9.731817245483398,-8.502568244934082
130,initial,-7.475214958190918,-6.115540981292725
131,initial,-7.168346405029297,-6.362739562988281
132,initial,-7.191694259643555,-6.804642677307129
133,initial,-9.508131980895996,-8.124229431152344
134,initial,-9.731817245483398,-8.502568244934082
135,initial,-7.334969520568848,-6.534646987915039
136,initial,-7.508707523345947,-6.593104839324951
137,initial,-7.334969520568848,-6.534646987915039
138,initial,-8.722867012023926,-7.748903751373291
139,initial,-7.991804599761963,-7.221549987792969
140,initial,-7.563791751861572,-6.890020370483398
141,initial,-8.192658424377441,-7.386012077331543
142,initial,-7.799973487854004,-7.190334796905518
143,initial,-7.125811576843262,-6.227085113525391
144,initial,-8.707114219665527,-8.147361755371094
145,initial,-7.53775691986084,-6.26138973236084
146,initial,-8.994202613830566,-7.971429824829102
147,initial,-8.483205795288086,-7.803794860839844
148,initial,-7.845125198364258,-7.195438861846924
149,initial,-8.122291564941406,-7.124288558959961
150,initial,-8.381027221679688,-7.477547645568848
151,initial,-8.24562931060791,-7.578611850738525
152,initial,-9.085831642150879,-8.024613380432129
153,initial,-8.537117004394531,-8.00302791595459
154,initial,-7.563791751861572,-6.890020370483398
155,initial,-8.994202613830566,-7.971429824829102
156,initial,-9.03666877746582,-8.447676658630371
157,initial,-8.694544792175293,-8.205168724060059
158,initial,-8.046380996704102,-6.916423320770264
159,initial,-8.994202613830566,-7.971429824829102
160,initial,-9.540855407714844,-8.195526123046875
161,initial,-9.542312622070312,-6.8338494300842285
162,initial,-8.623005867004395,-7.530208587646484
163,initial,-10.346121788024902,-8.933649063110352
164,initial,-10.9502534866333,-9.395511627197266
165,initial,-7.717747211456299,-6.730329990386963
166,initial,-9.058602333068848,-7.932587623596191
167,initial,-10.346121788024902,-8.933649063110352
168,initial,-8.658193588256836,-7.988799571990967
169,initial,-8.835785865783691,-8.357649803161621
170,initial,-10.3749361038208,-8.39830493927002
171,initial,-9.986138343811035,-7.789909839630127
172,initial,-8.438654899597168,-7.54964017868042
173,initial,-9.650338172912598,-8.454855918884277
174,initial,-10.35163402557373,-8.855229377746582
175,initial,-8.915532112121582,-8.447118759155273
176,initial,-10.630012512207031,-8.75224494934082
177,initial,-8.655304908752441,-7.257744312286377
178,initial,-8.58259105682373,-7.330124855041504
179,initial,-8.969223022460938,-7.52610445022583
180,initial,-7.445749282836914,-6.822502613067627
181,initial,-6.164852619171143,-5.844484806060791
182,initial,-6.678596496582031,-6.30463981628418
183,initial,-6.780026435852051,-6.7076616287231445
184,initial,-6.755855560302734,-5.942440986633301
185,initial,-8.12421989440918,-7.266763687133789
186,initial,-7.453402042388916,-7.0287933349609375
187,initial,-8.619912147521973,-7.670803070068359
188,initial,-6.255019664764404,-6.129310607910156
189,initial,-7.678253173828125,-7.139837741851807
190,initial,-8.074023246765137,-6.898072719573975
191,initial,-7.445749282836914,-6.822502613067627
192,initial,-6.928879737854004,-6.774960994720459
193,initial,-8.043217658996582,-7.306371688842773
194,initial,-7.072592258453369,-6.653677463531494
195,initial,-7.660106182098389,-7.073918342590332
196,initial,-7.33617639541626,-6.872861385345459
197,initial,-7.70139741897583,-6.364415168762207
198,initial,-8.075431823730469,-7.679831504821777
199,initial,-6.930722713470459,-6.542330265045166
200,initial,-7.1675639152526855,-6.0036301612854
201,initial,-8.583486557006836,-7.253532409667969
202,initial,-8.125454902648926,-6.959590435028076
203,initial,-7.701812744140625,-6.140727519989014
204,initial,-7.701812744140625,-6.140727519989014
205,initial,-7.89044713973999,-6.645773887634277
206,initial,-9.228550910949707,-8.031417846679688
207,initial,-9.009806632995605,-8.023385047912598
208,initial,-7.701812744140625,-6.140727519989014
209,initial,-7.89044713973999,-6.645773887634277
210,initial,-8.430562973022461,-7.181957721710205
211,initial,-7.882300853729248,-6.433362007141113
212,initial,-7.882300853729248,-6.433362007141113
213,initial,-8.394511222839355,-7.480059623718262
214,initial,-8.430562973022461,-7.181957721710205
215,initial,-8.718571662902832,-7.699031829833984
216,initial,-8.970044136047363,-7.369308948516846
217,initial,-9.405735969543457,-7.827638149261475
218,initial,-8.165239334106445,-6.637739181518555
219,initial,-7.479572296142578,-5.993911266326904
220,initial,-6.686666011810303,-6.630912780761719
221,initial,-7.039449214935303,-7.077770709991455
222,initial,-7.006109714508057,-6.777584552764893
223,initial,-6.903452396392822,-7.123832702636719
224,initial,-7.984461784362793,-7.891696453094482
225,initial,-7.731127738952637,-7.317598342895508
226,initial,-7.226536273956299,-7.343511581420898
227,initial,-7.359606742858887,-7.1926140785217285
228,initial,-7.471249103546143,-7.067621231079102
229,initial,-7.731127738952637,-7.317598342895508
230,initial,-8.10937213897705,-7.679178237915039
231,initial,-6.823905944824219,-6.949807167053223
232,initial,-7.773011207580566,-7.202953338623047
233,initial,-8.59084415435791,-8.36120319366455
234,initial,-8.42667007446289,-8.018362998962402
235,initial,-7.606285095214844,-7.078751564025879
236,initial,-7.094052314758301,-7.200550556182861
237,initial,-7.224452495574951,-7.326589107513428
238,initial,-8.8936185836792,-8.562067985534668
239,initial,-7.568239212036133,-7.756853103637695
240,initial,-7.08588981628418,-7.189079284667969
241,initial,-7.968596458435059,-7.382997989654541
242,initial,-8.577729225158691,-7.673293113708496
243,initial,-7.574766159057617,-7.375306129455566
244,initial,-8.215868949890137,-7.72650146484375
245,initial,-8.715680122375488,-7.97709321975708
246,initial,-7.432838439941406,-7.116481304168701
247,initial,-8.745248794555664,-8.458166122436523
248,initial,-9.051335334777832,-8.782312393188477
249,initial,-8.32314682006836,-7.875240802764893
250,initial,-8.504213333129883,-8.064947128295898
251,initial,-7.016744136810303,-6.994765758514404
252,initial,-6.958702087402344,-6.969143867492676
253,initial,-7.428010940551758,-7.28917121887207
254,initial,-7.0856242179870605,-6.989688396453857
255,initial,-7.77176570892334,-7.3645148277282715
256,initial,-8.79720401763916,-8.295283317565918
257,initial,-8.450884819030762,-8.050217628479004
258,initial,-6.94708776473999,-6.884088516235352
259,initial,-6.3735198974609375,-6.650703430175781
260,initial,-6.986566543579102,-7.331246376037598
261,initial,-6.809309959411621,-7.296413421630859
262,initial,-6.671641826629639,-6.521178245544434
263,initial,-7.370083332061768,-7.537448883056641
264,initial,-7.58673095703125,-7.946508884429932
265,initial,-7.143806457519531,-7.16473388671875
266,initial,-6.803865909576416,-6.81712007522583
267,initial,-6.878915786743164,-6.778689384460449
268,initial,-6.820763111114502,-6.919477939605713
269,initial,-7.264591693878174,-7.302913665771484
270,initial,-7.317994594573975,-7.51694917678833
271,initial,-6.754853248596191,-6.981497287750244
272,initial,-6.881368160247803,-6.9548726081848145
273,initial,-6.65504264831543,-6.5109052658081055
274,initial,-7.772810935974121,-7.90554666519165
275,initial,-6.420355796813965,-6.587997913360596
276,initial,-6.804357051849365,-6.812098026275635
277,initial,-6.469441890716553,-6.989748477935791
278,initial,-7.140728950500488,-7.621467113494873
279,initial,-7.2921142578125,-7.502603054046631
280,initial,-9.151895523071289,-8.857982635498047
281,initial,-8.658293724060059,-8.358084678649902
282,initial,-8.158620834350586,-8.439537048339844
283,initial,-7.85321044921875,-8.123568534851074
284,initial,-7.445893287658691,-7.222797870635986
285,initial,-7.240073204040527,-6.967443466186523
286,initial,-9.034518241882324,-8.469425201416016
287,initial,-8.584068298339844,-8.057622909545898
288,initial,-7.64469575881958,-7.782814979553223
289,initial,-7.073821067810059,-6.835770606994629
290,initial,-8.125544548034668,-7.822305679321289
291,initial,-9.151936531066895,-8.80770206451416
292,initial,-8.057496070861816,-7.769768714904785
293,initial,-9.326716423034668,-8.726775169372559
294,initial,-7.4656219482421875,-7.216357707977295
295,initial,-8.2806978225708,-8.059069633483887
296,initial,-7.29917573928833,-7.371011257171631
297,initial,-9.428709030151367,-9.204313278198242
298,initial,-7.819197654724121,-7.699105262756348
299,initial,-8.627678871154785,-8.484432220458984
300,initial,-7.251106262207031,-6.651150703430176
301,initial,-7.582646369934082,-7.4332275390625
302,initial,-6.664829730987549,-6.102655410766602
303,initial,-7.546239852905273,-7.046148777008057
304,initial,-6.620602130889893,-6.341964244842529
305,initial,-7.39923095703125,-7.3282623291015625
306,initial,-8.766668319702148,-7.9367475509643555
307,initial,-6.9669599533081055,-6.647918701171875
308,initial,-7.128672122955322,-6.961826801300049
309,initial,-6.585607051849365,-6.358860492706299
310,initial,-8.263236999511719,-7.665718078613281
311,initial,-7.394570827484131,-7.354639053344727
312,initial,-7.027205944061279,-6.736021518707275
313,initial,-7.009976387023926,-6.385838031768799
314,initial,-6.5356245040893555,-6.498154163360596
315,initial,-6.910579204559326,-6.664507865905762
316,initial,-6.299839019775391,-5.997499942779541
317,initial,-7.232915878295898,-7.421910762786865
318,initial,-6.587347030639648,-6.37195348739624
319,initial,-8.15445613861084,-7.596499443054199
320,initial,-6.30906867980957,-5.934811592102051
321,initial,-7.459978103637695,-6.942163467407227
322,initial,-7.759249210357666,-7.190114498138428
323,initial,-7.5436506271362305,-6.892448425292969
324,initial,-7.280038833618164,-7.169832706451416
325,initial,-7.25205135345459,-6.877192497253418
326,initial,-7.483982086181641,-7.572225570678711
327,initial,-8.158757209777832,-7.40532112121582
328,initial,-6.355947494506836,-6.310863971710205
329,initial,-7.953861236572266,-7.458184242248535
330,initial,-6.6375298500061035,-6.359421730041504
331,initial,-7.921300888061523,-7.343759536743164
332,initial,-7.780947208404541,-7.609891414642334
333,initial,-6.910482406616211,-6.55841588973999
334,initial,-6.798716068267822,-6.386626243591309
335,initial,-7.206415176391602,-6.854147911071777
336,initial,-7.8062920570373535,-7.278036594390869
337,initial,-6.983316421508789,-6.428294658660889
338,initial,-5.890924453735352,-5.848926544189453
339,initial,-7.213295936584473,-6.99757719039917
340,initial,-7.031392574310303,-6.802750587463379
341,initial,-10.532522201538086,-9.709050178527832
342,initial,-9.309127807617188,-8.7587308883667
343,initial,-9.774711608886719,-9.015201568603516
344,initial,-7.981895446777344,-7.85105562210083
345,initial,-8.032036781311035,-7.578579902648926
346,initial,-9.50950813293457,-8.925966262817383
347,initial,-8.002339363098145,-7.63612174987793
348,initial,-9.820302963256836,-9.187700271606445
349,initial,-8.586925506591797,-8.245430946350098
350,initial,-8.56461238861084,-7.905677795410156
351,initial,-11.04021167755127,-9.313536643981934
352,initial,-8.636229515075684,-8.00989055633545
353,initial,-9.921197891235352,-8.990981101989746
354,initial,-7.515370845794678,-7.2402729988098145
355,initial,-8.402717590332031,-8.06669807434082
356,initial,-10.32755184173584,-9.10973834991455
357,initial,-9.877202033996582,-9.697001457214355
358,initial,-7.89804220199585,-7.510190486907959
359,initial,-8.298131942749023,-7.960872173309326
360,initial,-9.009540557861328,-8.266451835632324
361,initial,-9.632081031799316,-8.572056770324707
362,initial,-8.358592987060547,-7.870242595672607
363,initial,-7.876525402069092,-7.822634220123291
364,initial,-7.972170829772949,-8.039166450500488
365,initial,-7.431849479675293,-7.279021739959717
366,initial,-8.08415699005127,-8.212260246276855
367,initial,-9.53320598602295,-8.682753562927246
368,initial,-9.998857498168945,-8.991272926330566
369,initial,-10.776609420776367,-9.624665260314941
370,initial,-7.925352573394775,-7.776435852050781
371,initial,-10.584527969360352,-9.499268531799316
372,initial,-10.100296974182129,-8.727088928222656
373,initial,-10.639711380004883,-9.175797462463379
374,initial,-9.005796432495117,-8.732441902160645
375,initial,-7.325841426849365,-6.785604476928711
376,initial,-8.403007507324219,-8.438188552856445
377,initial,-9.632081031799316,-8.572056770324707
378,initial,-7.876525402069092,-7.822634220123291
379,initial,-8.407608032226562,-8.353982925415039
380,initial,-7.320394515991211,-7.551937580108643
381,initial,-9.163688659667969,-8.190752029418945
382,initial,-7.713075637817383,-7.831517696380615
383,initial,-8.87971019744873,-8.923115730285645
384,initial,-6.881899356842041,-6.9526472091674805
385,initial,-8.56923770904541,-8.296965599060059
386,initial,-7.8943963050842285,-7.550375938415527
387,initial,-8.79012393951416,-8.60558795928955
388,initial,-7.873019695281982,-7.998477458953857
389,initial,-7.96463680267334,-7.833621025085449
390,initial,-7.366361141204834,-7.635574817657471
391,initial,-7.8774614334106445,-7.772348403930664
392,initial,-8.466588020324707,-8.103507041931152
393,initial,-8.357354164123535,-8.35688591003418
394,initial,-8.001791000366211,-7.4840521812438965
395,initial,-8.789769172668457,-8.908924102783203
396,initial,-8.042791366577148,-7.927618980407715
397,initial,-7.22947359085083,-6.8860063552856445
398,initial,-7.412185192108154,-7.009798049926758
399,initial,-7.740347385406494,-7.522833824157715
400,initial,-8.873515129089355,-8.535650253295898
401,initial,-10.261048316955566,-9.639212608337402
402,initial,-10.636713027954102,-10.893970489501953
403,initial,-8.266535758972168,-7.706641674041748
404,initial,-9.815023422241211,-8.538320541381836
405,initial,-9.084915161132812,-8.50990104675293
406,initial,-9.218573570251465,-8.848369598388672
407,initial,-8.766093254089355,-8.494263648986816
408,initial,-7.996946811676025,-7.227484703063965
409,initial,-8.795578002929688,-8.205078125
410,initial,-8.370218276977539,-7.223448276519775
411,initial,-9.312634468078613,-8.852767944335938
412,initial,-9.595003128051758,-8.916348457336426
413,initial,-8.283507347106934,-8.157795906066895
414,initial,-8.979959487915039,-8.669089317321777
415,initial,-9.675993919372559,-8.821405410766602
416,initial,-9.000473022460938,-9.397712707519531
417,initial,-9.783153533935547,-9.402312278747559
418,initial,-8.955785751342773,-7.92742395401001
419,initial,-8.266535758972168,-7.706641674041748
420,initial,-8.260015487670898,-7.769176959991455
421,initial,-7.004986763000488,-6.897088050842285
422,initial,-7.440555572509766,-7.104217052459717
423,initial,-7.128486633300781,-7.15316104888916
424,initial,-7.122366905212402,-6.836431980133057
425,initial,-8.921954154968262,-8.577482223510742
426,initial,-8.762618064880371,-8.331052780151367
427,initial,-9.55377197265625,-8.942934036254883
428,initial,-8.502902030944824,-8.056221008300781
429,initial,-6.59356689453125,-6.697493076324463
430,initial,-9.250259399414062,-8.40627670288086
431,initial,-6.946284294128418,-6.516486167907715
432,initial,-6.968470573425293,-6.678469657897949
433,initial,-9.180862426757812,-8.469183921813965
434,initial,-7.81443452835083,-7.889190673828125
435,initial,-7.034999847412109,-6.895606994628906
436,initial,-6.6471734046936035,-6.538871765136719
437,initial,-6.800400257110596,-6.5069780349731445
438,initial,-6.982922077178955,-6.965314865112305
439,initial,-7.050535678863525,-6.9889726638793945
440,initial,-7.615400314331055,-7.180857181549072
441,initial,-7.065066814422607,-6.480733394622803
442,initial,-8.395901679992676,-7.558522701263428
443,initial,-7.591602802276611,-7.217647552490234
444,initial,-7.55096435546875,-6.475879192352295
445,initial,-8.350228309631348,-7.6194000244140625
446,initial,-8.937460899353027,-8.259317398071289
447,initial,-9.57471752166748,-8.643769264221191
448,initial,-8.395559310913086,-7.305400848388672
449,initial,-7.6867780685424805,-6.84907341003418
450,initial,-8.518292427062988,-7.70983362197876
451,initial,-8.879220962524414,-8.009509086608887
452,initial,-9.587279319763184,-8.429864883422852
453,initial,-8.08112907409668,-7.069032192230225
454,initial,-8.064685821533203,-7.060214042663574
455,initial,-7.843780517578125,-7.485098838806152
456,initial,-7.698988914489746,-7.033628463745117
457,initial,-7.8109660148620605,-6.499965667724609
458,initial,-8.249879837036133,-7.506402015686035
459,initial,-7.789964199066162,-7.115329742431641
460,initial,-8.0271577835083,-7.706777572631836
461,initial,-5.896318435668945,-6.339097499847412
462,initial,-5.689208984375,-6.2348551750183105
463,initial,-6.8845744132995605,-7.093273639678955
464,initial,-6.706247329711914,-6.773468971252441
465,initial,-6.454244613647461,-6.625799655914307
466,initial,-6.267962455749512,-6.47633171081543
467,initial,-6.8863420486450195,-6.9025397300720215
468,initial,-7.297023296356201,-7.51141881942749
469,initial,-6.5309834480285645,-6.4830217361450195
470,initial,-6.838284969329834,-7.288059234619141
471,initial,-8.610157012939453,-7.977135181427002
472,initial,-6.8389739990234375,-6.5356340408325195
473,initial,-6.844261646270752,-7.036211967468262
474,initial,-6.6471333503723145,-6.866432189941406
475,initial,-6.716099739074707,-7.307894229888916
476,initial,-5.446827411651611,-5.7783122062683105
477,initial,-6.494971752166748,-6.220170497894287
478,initial,-6.17865514755249,-6.426793098449707
479,initial,-6.173154354095459,-6.512107849121094
480,initial,-5.679773330688477,-5.964206695556641
481,initial,-6.756572246551514,-6.495898246765137
482,initial,-6.938904762268066,-7.213737964630127
483,initial,-6.101452827453613,-6.169826030731201
484,initial,-5.891970634460449,-5.908782958984375
485,initial,-6.3233232498168945,-6.274706840515137
486,initial,-6.3233232498168945,-6.274706840515137
487,initial,-6.813222885131836,-6.799990177154541
488,initial,-5.821924686431885,-5.663588523864746
489,initial,-6.906765460968018,-6.73873233795166
490,initial,-7.444148540496826,-7.1470255851745605
491,initial,-8.955432891845703,-8.536735534667969
492,initial,-6.3233232498168945,-6.274706840515137
493,initial,-5.90961217880249,-5.694147109985352
494,initial,-6.822673797607422,-6.502242088317871
495,initial,-7.338292121887207,-7.244709491729736
496,initial,-5.938546180725098,-5.850522041320801
497,initial,-6.368675708770752,-6.280100345611572
498,initial,-5.90961217880249,-5.694147109985352
499,initial,-7.2715678215026855,-7.231113910675049
500,initial,-6.358480453491211,-6.7203264236450195
501,initial,-6.453618049621582,-6.280704498291016
502,initial,-7.082944393157959,-7.113220691680908
503,initial,-8.146841049194336,-8.398519515991211
504,initial,-6.175209045410156,-5.952892780303955
505,initial,-6.7022247314453125,-6.696917533874512
506,initial,-7.098841190338135,-7.149340629577637
507,initial,-8.042926788330078,-8.143108367919922
508,initial,-6.892543315887451,-6.7732110023498535
509,initial,-6.471481800079346,-6.171679973602295
510,initial,-7.893620014190674,-8.024757385253906
511,initial,-8.172441482543945,-8.05107307434082
512,initial,-6.5845513343811035,-6.617182731628418
513,initial,-6.930699348449707,-6.915240287780762
514,initial,-6.584399700164795,-6.820549488067627
515,initial,-6.736217021942139,-6.69966983795166
516,initial,-6.991892337799072,-6.681982517242432
517,initial,-6.050703525543213,-5.994684219360352
518,initial,-7.1607346534729,-7.150833606719971
519,initial,-8.118946075439453,-8.432859420776367
520,initial,-7.225383281707764,-7.002122402191162
521,initial,-7.354465484619141,-7.148744583129883
522,initial,-8.306312561035156,-7.807618618011475
523,initial,-7.138664245605469,-6.931556701660156
524,initial,-6.226809501647949,-6.164785385131836
525,initial,-7.469057559967041,-7.384819984436035
526,initial,-5.921185493469238,-5.793710708618164
527,initial,-6.332919120788574,-6.0280375480651855
528,initial,-9.419718742370605,-8.968378067016602
529,initial,-7.197721004486084,-6.9665069580078125
530,initial,-6.646890163421631,-6.273322105407715
531,initial,-8.18067455291748,-8.261744499206543
532,initial,-8.139012336730957,-8.007497787475586
533,initial,-7.479427337646484,-7.0262322425842285
534,initial,-8.007142066955566,-8.290699005126953
535,initial,-6.437770843505859,-6.5804901123046875
536,initial,-6.356884002685547,-6.533233642578125
537,initial,-8.18067455291748,-8.261744499206543
538,initial,-6.155248641967773,-6.274200439453125
539,initial,-6.471673488616943,-6.636001110076904
540,initial,-5.559156894683838,-5.6564226150512695
541,initial,-6.002011299133301,-5.930972099304199
542,initial,-6.176750183105469,-6.133823394775391
543,initial,-6.068552494049072,-6.057596683502197
544,initial,-5.583488464355469,-5.664778232574463
545,initial,-6.308366298675537,-6.096203804016113
546,initial,-6.417629241943359,-6.083115100860596
547,initial,-6.153021335601807,-6.070854663848877
548,initial,-5.806495189666748,-5.841806888580322
549,initial,-6.111330986022949,-6.093973636627197
550,initial,-5.964267730712891,-6.120921611785889
551,initial,-6.632884502410889,-6.75822639465332
552,initial,-6.26666259765625,-6.207613945007324
553,initial,-7.537683010101318,-7.183876037597656
554,initial,-7.202274799346924,-6.8636155128479
555,initial,-7.107931613922119,-7.248661994934082
556,initial,-5.5867204666137695,-5.8762640953063965
557,initial,-6.1909379959106445,-6.300804138183594
558,initial,-5.852652072906494,-5.9006524085998535
559,initial,-5.664799213409424,-5.887998104095459
560,initial,-7.8118109703063965,-6.804359436035156
561,initial,-7.542555809020996,-7.000743865966797
562,initial,-7.691154479980469,-7.136933326721191
563,initial,-6.3339996337890625,-6.283649444580078
564,initial,-7.959897994995117,-7.73908805847168
565,initial,-6.149908065795898,-5.805826663970947
566,initial,-6.562601089477539,-6.394120216369629
567,initial,-7.241611003875732,-6.843360900878906
568,initial,-6.44467306137085,-6.68363094329834
569,initial,-7.103952884674072,-6.848787784576416
570,initial,-7.364045143127441,-7.248769283294678
571,initial,-6.966391086578369,-6.711694240570068
572,initial,-6.65343713760376,-6.531702518463135
573,initial,-8.236246109008789,-7.716495990753174
574,initial,-5.908619403839111,-5.6254353523254395
575,initial,-6.155912399291992,-5.925485134124756
576,initial,-6.2336859703063965,-5.9501800537109375
577,initial,-5.467165946960449,-5.195410251617432
578,initial,-5.888923168182373,-5.823678493499756
579,initial,-6.123847961425781,-5.5860772132873535
580,initial,-7.121901035308838,-7.367395401000977
581,initial,-7.94690465927124,-7.7881364822387695
582,initial,-7.43140172958374,-6.82918643951416
583,initial,-7.98756742477417,-7.529250621795654
584,initial,-7.693422317504883,-7.666605472564697
585,initial,-6.792152404785156,-6.3738555908203125
586,initial,-6.934937953948975,-6.63780403137207
587,initial,-8.171577453613281,-7.577262878417969
588,initial,-7.749322414398193,-7.516507148742676
589,initial,-7.581145763397217,-7.24532413482666
590,initial,-8.311684608459473,-7.416295528411865
591,initial,-8.89939022064209,-7.776053428649902
592,initial,-8.259543418884277,-7.534068584442139
593,initial,-7.617379665374756,-6.850900650024414
594,initial,-6.337291240692139,-6.444455146789551
595,initial,-8.247187614440918,-7.526775360107422
596,initial,-6.7026472091674805,-6.252713680267334
597,initial,-7.558023452758789,-7.369736671447754
598,initial,-8.154232025146484,-7.385519981384277
599,initial,-7.527429103851318,-6.7066192626953125
600,initial,-7.3312225341796875,-7.057271480560303
601,initial,-8.951807022094727,-8.392311096191406
602,initial,-9.414084434509277,-8.813223838806152
603,initial,-9.366209983825684,-7.9404296875
604,initial,-7.3312225341796875,-7.057271480560303
605,initial,-7.471645355224609,-7.028087139129639
606,initial,-9.038511276245117,-7.858596324920654
607,initial,-8.091137886047363,-7.890669345855713
608,initial,-8.466069221496582,-7.472516059875488
609,initial,-8.801719665527344,-7.695099830627441
610,initial,-7.51120662689209,-6.887402534484863
611,initial,-9.414084434509277,-8.813223838806152
612,initial,-7.360823631286621,-6.8229146003723145
613,initial,-7.966963291168213,-7.135709285736084
614,initial,-6.993400573730469,-6.721809387207031
615,initial,-7.663211822509766,-7.51077938079834
616,initial,-7.519094944000244,-6.676499843597412
617,initial,-8.239629745483398,-7.483259677886963
618,initial,-7.63226318359375,-7.071373462677002
619,initial,-8.660904884338379,-7.954312324523926
620,initial,-7.668419361114502,-7.305393695831299
621,initial,-7.5115580558776855,-7.290338516235352
622,initial,-9.051130294799805,-8.35720443725586
623,initial,-7.219149112701416,-6.975791931152344
624,initial,-7.749483108520508,-7.034064292907715
625,initial,-7.696534156799316,-7.440044403076172
626,initial,-8.308371543884277,-8.11691951751709
627,initial,-7.216424942016602,-6.641313076019287
628,initial,-7.153783321380615,-6.689196586608887
629,initial,-8.417251586914062,-7.864992618560791
630,initial,-8.097049713134766,-7.541364669799805
631,initial,-7.9573445320129395,-7.346737384796143
632,initial,-7.153115272521973,-7.044184684753418
633,initial,-6.475881576538086,-6.0557990074157715
634,initial,-7.329153060913086,-7.15607213973999
635,initial,-6.44403600692749,-6.137269020080566
636,initial,-7.325039863586426,-7.451629638671875
637,initial,-6.9796342849731445,-6.886014461517334
638,initial,-8.02462387084961,-7.858278751373291
639,initial,-6.904162883758545,-6.438719749450684
640,initial,-7.749141693115234,-7.2529096603393555
641,initial,-8.09086799621582,-7.763710975646973
642,initial,-7.643250465393066,-6.510913848876953
643,initial,-8.164835929870605,-7.707535743713379
644,initial,-7.512665271759033,-7.404979228973389
645,initial,-8.859591484069824,-8.85344409942627
646,initial,-9.261348724365234,-8.948858261108398
647,initial,-7.633887767791748,-6.476666450500488
648,initial,-8.833468437194824,-8.691093444824219
649,initial,-8.175260543823242,-8.385772705078125
650,initial,-8.593941688537598,-8.124046325683594
651,initial,-7.562592029571533,-6.8021321296691895
652,initial,-7.5311479568481445,-6.740860462188721
653,initial,-7.9185099601745605,-7.443437099456787
654,initial,-7.072723388671875,-6.5376482009887695
655,initial,-8.812973022460938,-8.459320068359375
656,initial,-9.201884269714355,-8.438336372375488
657,initial,-9.013833045959473,-9.084206581115723
658,initial,-8.515658378601074,-8.352560997009277
659,initial,-8.26927375793457,-7.260639667510986
660,initial,-7.4398651123046875,-7.131536483764648
661,initial,-5.85518217086792,-5.662912368774414
662,initial,-7.911684989929199,-7.63287353515625
663,initial,-7.822216510772705,-7.352826118469238
664,initial,-6.136085510253906,-5.928167819976807
665,initial,-6.521451473236084,-6.787713527679443
666,initial,-6.040577411651611,-6.425693035125732
667,initial,-6.599370956420898,-6.423830032348633
668,initial,-6.000760078430176,-5.626359462738037
669,initial,-5.6774468421936035,-5.864945888519287
670,initial,-7.710971832275391,-7.613755226135254
671,initial,-6.674656391143799,-6.4423394203186035
672,initial,-6.9665117263793945,-6.911263465881348
673,initial,-6.322331428527832,-5.970451354980469
674,initial,-7.710971832275391,-7.6137542724609375
675,initial,-7.174134731292725,-7.0961594581604
676,initial,-8.048458099365234,-7.915336608886719
677,initial,-6.548480033874512,-6.465905666351318
678,initial,-6.789807319641113,-6.583002090454102
679,initial,-7.090989589691162,-6.749359130859375
680,initial,-7.038041114807129,-6.51141881942749
681,initial,-7.207337856292725,-6.961997985839844
682,initial,-7.23488712310791,-6.820878982543945
683,initial,-7.624083518981934,-6.692436218261719
684,initial,-7.49737548828125,-6.442571640014648
685,initial,-6.537460803985596,-5.600761890411377
686,initial,-7.367394924163818,-6.903042316436768
687,initial,-6.57996940612793,-6.244639873504639
688,initial,-6.953304767608643,-6.481998443603516
689,initial,-8.076242446899414,-7.341222286224365
690,initial,-7.125542640686035,-6.463665962219238
691,initial,-6.796565055847168,-6.221717357635498
692,initial,-7.240321636199951,-6.68672513961792
693,initial,-7.20819091796875,-6.472459316253662
694,initial,-7.656578540802002,-7.13371467590332
695,initial,-7.621135234832764,-7.163638591766357
696,initial,-7.829391002655029,-7.395314693450928
697,initial,-7.101231098175049,-6.33698844909668
698,initial,-7.825578689575195,-7.21916389465332
699,initial,-6.764094352722168,-6.00410270690918
0,final,-5.775173187255859,-4.789947032928467
1,final,-5.341471195220947,-4.42654275894165
2,final,-4.588487148284912,-3.634748697280884
3,final,-5.481705665588379,-4.258401870727539
4,final,-6.258791923522949,-4.255096912384033
5,final,-5.149710178375244,-4.023754596710205
6,final,-6.035963535308838,-4.8558220863342285
7,final,-5.289896011352539,-3.8990585803985596
8,final,-5.5055766105651855,-3.88423490524292
9,final,-4.588487148284912,-3.634748697280884
10,final,-5.972134590148926,-3.857645273208618
11,final,-4.981347560882568,-4.006336212158203
12,final,-5.987531661987305,-4.083309650421143
13,final,-5.532874584197998,-3.5539000034332275
14,final,-5.5055766105651855,-3.88423490524292
15,final,-5.956117630004883,-4.306689739227295
16,final,-5.889803409576416,-4.334908962249756
17,final,-6.057272434234619,-5.262112140655518
18,final,-6.1006364822387695,-5.354334354400635
19,final,-6.014352798461914,-4.670258045196533
20,final,-5.528452396392822,-4.936509132385254
21,final,-6.435557842254639,-4.780819892883301
22,final,-5.426971435546875,-4.1729044914245605
23,final,-5.562930583953857,-4.212615489959717
24,final,-5.619479179382324,-3.9219863414764404
25,final,-5.562930583953857,-4.212615489959717
26,final,-6.0779523849487305,-4.47234582901001
27,final,-6.0900115966796875,-5.147215366363525
28,final,-4.9922776222229,-4.312949180603027
29,final,-6.333270072937012,-4.286519527435303
30,final,-5.450703144073486,-4.843541145324707
31,final,-5.7722086906433105,-4.120577335357666
32,final,-5.426972389221191,-4.1729044914245605
33,final,-5.772206783294678,-4.120576858520508
34,final,-5.45122766494751,-4.473593235015869
35,final,-5.663485527038574,-4.694411754608154
36,final,-4.992276668548584,-4.312948703765869
37,final,-5.772206783294678,-4.120576858520508
38,final,-5.146125316619873,-4.573415279388428
39,final,-5.768789768218994,-4.903355121612549
40,final,-5.151019096374512,-4.764852523803711
41,final,-6.014637470245361,-4.815219879150391
42,final,-5.495582103729248,-4.547142028808594
43,final,-5.844789981842041,-4.790233612060547
44,final,-5.847331523895264,-5.2458109855651855
45,final,-6.028582572937012,-4.73349666595459
46,final,-5.632068634033203,-4.846999168395996
47,final,-5.445959091186523,-5.154447078704834
48,final,-6.4421706199646,-5.8283185958862305
49,final,-5.1937947273254395,-4.705355644226074
50,final,-5.594703197479248,-4.307247161865234
51,final,-6.9412007331848145,-5.303188323974609
52,final,-5.523864269256592,-4.8537092208862305
53,final,-5.5326080322265625,-4.770944118499756
54,final,-5.532747745513916,-4.420290946960449
55,final,-5.793257713317871,-5.1868767738342285
56,final,-5.863725185394287,-5.103848934173584
57,final,-5.3546905517578125,-4.254629135131836
58,final,-5.957667827606201,-4.341059684753418
59,final,-5.78914737701416,-4.940545558929443
60,final,-7.042287349700928,-5.556194305419922
61,final,-8.05527114868164,-5.333035945892334
62,final,-7.978233337402344,-5.832800388336182
63,final,-7.956116676330566,-5.275608539581299
64,final,-6.246824264526367,-4.852708339691162
65,final,-5.716686725616455,-4.597140312194824
66,final,-6.853410243988037,-4.897049427032471
67,final,-7.857098579406738,-5.565455913543701
68,final,-7.4252166748046875,-5.4731621742248535
69,final,-6.689959526062012,-4.726776123046875
70,final,-6.54527473449707,-4.118102073669434
71,final,-7.087075710296631,-5.654782772064209
72,final,-6.068558216094971,-4.208088397979736
73,final,-5.715457916259766,-4.290038108825684
74,final,-6.475132942199707,-4.870479583740234
75,final,-7.446179389953613,-4.594905853271484
76,final,-7.262014389038086,-4.9507737159729
77,final,-7.286367893218994,-5.04193639755249
78,final,-5.4858078956604,-4.106120586395264
79,final,-5.971334934234619,-4.204708576202393
80,final,-5.005828857421875,-4.107395648956299
81,final,-5.120499610900879,-4.355637550354004
82,final,-6.087124347686768,-5.07591438293457
83,final,-5.198004245758057,-4.7047271728515625
84,final,-5.096611022949219,-4.251698970794678
85,final,-5.563438415527344,-4.581584453582764
86,final,-6.294903755187988,-5.142839431762695
87,final,-5.156484603881836,-4.3267292976379395
88,final,-5.282217025756836,-4.380936622619629
89,final,-4.470768928527832,-3.835763454437256
90,final,-6.071473121643066,-4.988499641418457
91,final,-6.867335319519043,-5.528116226196289
92,final,-5.33457612991333,-4.561483860015869
93,final,-4.975654602050781,-4.260313510894775
94,final,-5.191078186035156,-4.26311731338501
95,final,-5.575580596923828,-4.700210094451904
96,final,-5.48885440826416,-4.5832743644714355
97,final,-6.04110050201416,-5.202112674713135
98,final,-6.049232482910156,-4.926868438720703
99,final,-5.420053958892822,-4.347781181335449
100,final,-6.8450140953063965,-5.148319244384766
101,final,-5.853776454925537,-4.495591163635254
102,final,-6.107803821563721,-4.75838565826416
103,final,-5.399900913238525,-4.012240409851074
104,final,-5.399900913238525,-4.012240409851074
105,final,-4.849700450897217,-3.9015307426452637
106,final,-5.289625644683838,-3.7405641078948975
107,final,-6.32082986831665,-4.972640037536621
108,final,-5.227325439453125,-4.4105544090271
109,final,-6.334819793701172,-5.289307117462158
110,final,-5.830259323120117,-3.983654499053955
111,final,-5.932621002197266,-4.0754852294921875
112,final,-5.522000789642334,-4.1773295402526855
113,final,-6.028690814971924,-3.9844424724578857
114,final,-5.6932692527771,-4.5400776863098145
115,final,-5.2340474128723145,-4.304868698120117
116,final,-5.685495376586914,-4.1119890213012695
117,final,-6.475486755371094,-4.7825608253479
118,final,-5.289625644683838,-3.7405641078948975
119,final,-6.552043914794922,-4.428184509277344
120,final,-4.54951810836792,-3.3037986755371094
121,final,-4.937317371368408,-3.666799783706665
122,final,-5.689620494842529,-4.463107585906982
123,final,-5.4104437828063965,-3.802290678024292
124,final,-4.827653408050537,-3.4127578735351562
125,final,-5.5092949867248535,-3.9145095348358154
126,final,-5.377769947052002,-3.8704869747161865
127,final,-4.842950344085693,-3.2705414295196533
128,final,-4.899210453033447,-3.5786995887756348
129,final,-6.17671012878418,-4.4286208152771
130,final,-5.0438690185546875,-3.6331608295440674
131,final,-5.886406898498535,-4.314962863922119
132,final,-4.915449619293213,-3.729464292526245
133,final,-5.241406440734863,-3.6128222942352295
134,final,-6.17671012878418,-4.4286208152771
135,final,-4.9315080642700195,-3.300112724304199
136,final,-5.0766682624816895,-3.7896194458007812
137,final,-4.9315080642700195,-3.300112724304199
138,final,-5.509295463562012,-3.914508819580078
139,final,-4.331193923950195,-3.3057403564453125
140,final,-4.624361038208008,-4.03361177444458
141,final,-4.841359615325928,-4.104151725769043
142,final,-5.045634746551514,-4.37443733215332
143,final,-4.644880294799805,-3.9608469009399414
144,final,-5.4537506103515625,-4.338200569152832
145,final,-5.815686225891113,-4.761141300201416
146,final,-5.8322577476501465,-4.948342323303223
147,final,-5.621102333068848,-4.619109153747559
148,final,-4.85328483581543,-4.104761600494385
149,final,-5.888221263885498,-4.898602485656738
150,final,-6.156900882720947,-5.052631855010986
151,final,-5.116265296936035,-4.310400009155273
152,final,-5.549618721008301,-4.477546691894531
153,final,-5.6663408279418945,-4.82426643371582
154,final,-4.624361038208008,-4.03361177444458
155,final,-5.8322577476501465,-4.948342323303223
156,final,-6.179548740386963,-5.051291465759277
157,final,-6.039429187774658,-5.059225082397461
158,final,-5.362836837768555,-4.4292073249816895
159,final,-5.8322577476501465,-4.948342323303223
160,final,-6.016418933868408,-3.8131000995635986
161,final,-7.355759620666504,-5.044191837310791
162,final,-5.8413987159729,-4.203066825866699
163,final,-6.083340644836426,-4.293692111968994
164,final,-6.962052822113037,-4.967500686645508
165,final,-5.1660943031311035,-3.4215686321258545
166,final,-6.564706802368164,-4.547272682189941
167,final,-6.083340644836426,-4.293692111968994
168,final,-5.718681335449219,-3.843876361846924
169,final,-6.36374044418335,-4.580199241638184
170,final,-6.469482421875,-4.164740085601807
171,final,-6.388117790222168,-4.291808605194092
172,final,-6.188865661621094,-4.54240608215332
173,final,-6.251039028167725,-4.321813583374023
174,final,-6.669447422027588,-4.7946343421936035
175,final,-6.372934818267822,-4.29356575012207
176,final,-7.149359703063965,-4.918026447296143
177,final,-6.363948822021484,-4.6144795417785645
178,final,-5.507350444793701,-3.652702808380127
179,final,-7.324005126953125,-4.910714149475098
180,final,-5.482766628265381,-4.718253135681152
181,final,-4.511510848999023,-4.2310285568237305
182,final,-4.760684967041016,-4.291288375854492
183,final,-4.580001354217529,-4.283808708190918
184,final,-5.492125988006592,-4.803946495056152
185,final,-5.758637428283691,-5.062748432159424
186,final,-5.5569987297058105,-4.796499252319336
187,final,-5.36531400680542,-4.367115497589111
188,final,-4.476968288421631,-3.9902572631835938
189,final,-5.0949883460998535,-4.5133376121521
190,final,-5.284062385559082,-4.352137565612793
191,final,-5.482766628265381,-4.718253135681152
192,final,-4.915806770324707,-4.620876312255859
193,final,-6.3112592697143555,-5.3754496574401855
194,final,-5.914783477783203,-5.2712788581848145
195,final,-5.4576005935668945,-4.736845970153809
196,final,-5.1071882247924805,-4.6295857429504395
197,final,-5.60086727142334,-4.5086259841918945
198,final,-5.382230281829834,-4.616816520690918
199,final,-4.857499122619629,-4.274579048156738
200,final,-4.330617427825928,-3.4639713764190674
201,final,-6.1587653160095215,-5.0021281242370605
202,final,-4.219925880432129,-3.2570838928222656
203,final,-5.59572172164917,-4.172387599945068
204,final,-5.59572172164917,-4.172387599945068
205,final,-5.182544708251953,-3.906540870666504
206,final,-5.233148574829102,-4.041134834289551
207,final,-5.6001410484313965,-4.2685418128967285
208,final,-5.59572172164917,-4.172387599945068
209,final,-5.182544708251953,-3.906540870666504
210,final,-4.524434566497803,-3.288677215576172
211,final,-5.838287353515625,-4.5031914710998535
212,final,-5.838287353515625,-4.5031914710998535
213,final,-4.462244033813477,-3.519474506378174
214,final,-4.524434566497803,-3.288677215576172
215,final,-5.2916693687438965,-4.11414909362793
216,final,-5.339566707611084,-4.006967067718506
217,final,-5.812942028045654,-4.427820682525635
218,final,-5.3554606437683105,-4.144253730773926
219,final,-4.18315315246582,-2.9684507846832275
220,final,-5.0887861251831055,-4.106341361999512
221,final,-5.3134355545043945,-4.170113563537598
222,final,-6.197356224060059,-4.742337226867676
223,final,-5.784684181213379,-4.747342109680176
224,final,-5.646778106689453,-4.262260437011719
225,final,-5.033716201782227,-4.035070419311523
226,final,-5.8751020431518555,-4.803151607513428
227,final,-5.484737873077393,-4.236351013183594
228,final,-5.073329448699951,-3.9276645183563232
229,final,-5.033716201782227,-4.035070419311523
230,final,-5.728877067565918,-4.527164936065674
231,final,-5.186150550842285,-4.218000411987305
232,final,-5.012472629547119,-3.793529510498047
233,final,-5.8313751220703125,-4.711195468902588
234,final,-6.115725040435791,-4.931440353393555
235,final,-5.424699306488037,-4.106873035430908
236,final,-5.0000691413879395,-3.994175434112549
237,final,-5.2498979568481445,-4.106261730194092
238,final,-6.305731773376465,-4.945032119750977
239,final,-6.0050530433654785,-4.979015827178955
240,final,-5.091236114501953,-4.194945335388184
241,final,-5.901004791259766,-4.51964807510376
242,final,-6.146358013153076,-4.563042640686035
243,final,-6.294632911682129,-5.085896968841553
244,final,-5.417360782623291,-4.138604640960693
245,final,-6.167236328125,-4.7959489822387695
246,final,-5.891407012939453,-4.809982776641846
247,final,-6.211136817932129,-4.873513221740723
248,final,-6.163290977478027,-5.033994197845459
249,final,-5.321446895599365,-4.30607795715332
250,final,-5.754636287689209,-4.509159564971924
251,final,-6.259980201721191,-4.774110794067383
252,final,-5.960252285003662,-4.674694061279297
253,final,-5.760364532470703,-4.7917680740356445
254,final,-5.8334503173828125,-4.6966986656188965
255,final,-6.419670104980469,-5.2192792892456055
256,final,-6.255299091339111,-5.070659637451172
257,final,-5.723851203918457,-4.469671726226807
258,final,-5.584515571594238,-4.522516250610352
259,final,-4.850868225097656,-3.8948047161102295
260,final,-5.442532539367676,-4.968878746032715
261,final,-5.037717342376709,-4.669806480407715
262,final,-4.775186538696289,-3.803312301635742
263,final,-5.608713150024414,-4.884843349456787
264,final,-5.899216651916504,-5.180440902709961
265,final,-5.690981864929199,-5.214205265045166
266,final,-5.5535783767700195,-4.855030059814453
267,final,-5.60704231262207,-4.4504828453063965
268,final,-4.629004955291748,-4.071187973022461
269,final,-5.840909957885742,-4.575451850891113
270,final,-5.331781387329102,-4.741681098937988
271,final,-5.124287128448486,-4.355044364929199
272,final,-4.973555088043213,-4.118156433105469
273,final,-5.328198432922363,-4.306588649749756
274,final,-6.222588539123535,-5.2993083000183105
275,final,-4.364544868469238,-4.069859027862549
276,final,-5.277524948120117,-4.155930042266846
277,final,-5.009049415588379,-4.763722896575928
278,final,-5.869302272796631,-5.555373191833496
279,final,-5.611215114593506,-4.892219066619873
280,final,-7.299565315246582,-5.763864517211914
281,final,-6.350565433502197,-5.2630181312561035
282,final,-6.18441104888916,-4.879637241363525
283,final,-6.905452728271484,-5.656713962554932
284,final,-5.724466323852539,-4.566006183624268
285,final,-5.690959930419922,-4.408987998962402
286,final,-6.533249378204346,-5.064265251159668
287,final,-6.506208896636963,-4.67739200592041
288,final,-6.47221040725708,-5.211430549621582
289,final,-5.27720308303833,-4.349061489105225
290,final,-6.117988586425781,-4.844205856323242
291,final,-6.718569278717041,-5.553328990936279
292,final,-7.101783275604248,-5.795370101928711
293,final,-6.834723472595215,-5.327369689941406
294,final,-5.459025859832764,-4.329669952392578
295,final,-5.488528728485107,-4.4784345626831055
296,final,-6.5264739990234375,-4.890817642211914
297,final,-7.593979835510254,-5.8565192222595215
298,final,-6.914916038513184,-5.667843341827393
299,final,-6.721081256866455,-5.336156368255615
300,final,-5.7257466316223145,-4.668731212615967
301,final,-6.762916564941406,-5.249852180480957
302,final,-5.128951549530029,-4.207891464233398
303,final,-5.954156875610352,-5.01045036315918
304,final,-6.604907035827637,-5.231833457946777
305,final,-6.769152641296387,-5.589115619659424
306,final,-7.485381126403809,-5.633875370025635
307,final,-5.731377124786377,-4.499843120574951
308,final,-5.155358791351318,-4.098952770233154
309,final,-5.155041217803955,-4.193120002746582
310,final,-7.692831516265869,-6.022356986999512
311,final,-5.751421928405762,-4.85230016708374
312,final,-5.575229167938232,-4.835910320281982
313,final,-5.63500452041626,-4.606607913970947
314,final,-5.928445339202881,-4.915981769561768
315,final,-5.52592658996582,-4.479197978973389
316,final,-5.229322910308838,-4.04897928237915
317,final,-6.093054294586182,-5.26444673538208
318,final,-5.236827850341797,-4.2381157875061035
319,final,-7.81856632232666,-6.044402599334717
320,final,-4.8628153800964355,-3.541501522064209
321,final,-4.551573276519775,-3.6260647773742676
322,final,-6.987240314483643,-5.065903663635254
323,final,-5.694687843322754,-3.9688775539398193
324,final,-5.286012649536133,-4.2277021408081055
325,final,-5.939457416534424,-4.512515068054199
326,final,-5.030677795410156,-4.111181259155273
327,final,-6.495842933654785,-4.571405410766602
328,final,-4.772926330566406,-3.7669456005096436
329,final,-6.30817985534668,-4.676011085510254
330,final,-4.281430721282959,-3.429503917694092
331,final,-5.756631851196289,-4.31620454788208
332,final,-5.815424919128418,-4.334346294403076
333,final,-5.438962936401367,-4.33859920501709
334,final,-4.866941928863525,-3.606715440750122
335,final,-5.570310115814209,-3.900500535964966
336,final,-6.31879186630249,-4.735011100769043
337,final,-5.887142181396484,-4.340259075164795
338,final,-4.512431621551514,-3.35588002204895
339,final,-5.322969436645508,-3.87007999420166
340,final,-4.285399436950684,-4.099884510040283
341,final,-7.312934875488281,-5.516564846038818
342,final,-5.422089099884033,-4.453852653503418
343,final,-5.602179527282715,-5.040571212768555
344,final,-5.821051120758057,-5.316251277923584
345,final,-5.288774013519287,-4.260247230529785
346,final,-6.082036018371582,-4.51582670211792
347,final,-6.364718437194824,-4.788916110992432
348,final,-6.1627678871154785,-5.053449630737305
349,final,-5.539988040924072,-5.20388126373291
350,final,-7.224861145019531,-5.888500690460205
351,final,-7.565340995788574,-5.995279788970947
352,final,-6.571508884429932,-5.381618976593018
353,final,-6.034237861633301,-4.9827189445495605
354,final,-4.6901140213012695,-3.9996426105499268
355,final,-6.6265387535095215,-5.837807655334473
356,final,-7.249459743499756,-5.86386251449585
357,final,-6.876755714416504,-5.725543975830078
358,final,-6.117168426513672,-4.734653472900391
359,final,-6.645961761474609,-5.557347297668457
360,final,-5.58488130569458,-5.240181922912598
361,final,-5.76018762588501,-5.09902811050415
362,final,-5.125977039337158,-4.8353400230407715
363,final,-5.310716152191162,-4.914813041687012
364,final,-5.095978736877441,-4.706730365753174
365,final,-5.59775447845459,-5.039087295532227
366,final,-6.775777339935303,-5.9313812255859375
367,final,-5.815715312957764,-4.828573226928711
368,final,-5.659701347351074,-4.854788303375244
369,final,-7.450411319732666,-6.582167148590088
370,final,-5.664192199707031,-5.006763935089111
371,final,-7.054350852966309,-6.327621936798096
372,final,-5.5896759033203125,-4.951177597045898
373,final,-7.210529327392578,-6.132652282714844
374,final,-5.838686466217041,-5.2056660652160645
375,final,-4.9445929527282715,-4.386648178100586
376,final,-5.810052394866943,-5.278234958648682
377,final,-5.76018762588501,-5.09902811050415
378,final,-5.310716152191162,-4.914813041687012
379,final,-6.655609130859375,-5.965057373046875
380,final,-5.542459487915039,-5.0271897315979
381,final,-6.113387584686279,-5.129937171936035
382,final,-5.155269622802734,-5.549371242523193
383,final,-6.670327186584473,-6.200425148010254
384,final,-4.885960102081299,-4.922510623931885
385,final,-6.170833110809326,-5.762025833129883
386,final,-4.9257612228393555,-4.735396385192871
387,final,-6.132063865661621,-4.883024215698242
388,final,-5.616312503814697,-5.523012161254883
389,final,-5.7405219078063965,-5.349546909332275
390,final,-5.180393695831299,-5.201755523681641
391,final,-5.621291637420654,-5.263043403625488
392,final,-5.743279457092285,-5.262200355529785
393,final,-5.644979000091553,-5.323168754577637
394,final,-5.5813093185424805,-5.527225017547607
395,final,-6.650440692901611,-5.921084403991699
396,final,-5.51777982711792,-5.154656410217285
397,final,-5.716434955596924,-5.1235880851745605
398,final,-5.70993709564209,-4.803609371185303
399,final,-5.76960563659668,-4.843901634216309
400,final,-6.110282897949219,-4.964545249938965
401,final,-7.5681610107421875,-5.895471572875977
402,final,-7.430093288421631,-6.459146022796631
403,final,-5.733684539794922,-4.835771560668945
404,final,-8.275477409362793,-5.723364353179932
405,final,-7.450666904449463,-5.99394416809082
406,final,-7.55203104019165,-6.219749450683594
407,final,-6.121406078338623,-4.709949016571045
408,final,-5.9273810386657715,-4.762022972106934
409,final,-5.761727809906006,-4.585774898529053
410,final,-5.529454708099365,-4.032111644744873
411,final,-7.373530387878418,-5.599887371063232
412,final,-6.075945854187012,-5.141202926635742
413,final,-6.260004043579102,-5.475733280181885
414,final,-7.273008346557617,-6.189394474029541
415,final,-6.836358070373535,-5.771860599517822
416,final,-8.013895988464355,-6.555135250091553
417,final,-6.940141201019287,-5.306146144866943
418,final,-6.819025039672852,-5.458443641662598
419,final,-5.73368501663208,-4.835771560668945
420,final,-5.734556198120117,-5.050041198730469
421,final,-4.993981838226318,-4.603350639343262
422,final,-6.0893330574035645,-5.1963582038879395
423,final,-4.963541507720947,-4.875308036804199
424,final,-4.63330602645874,-4.706844329833984
425,final,-6.000105857849121,-5.112754821777344
426,final,-6.241610050201416,-5.7073822021484375
427,final,-7.300502777099609,-6.084963798522949
428,final,-6.20692253112793,-5.448404788970947
429,final,-4.933582782745361,-4.832056999206543
430,final,-6.958546161651611,-6.012247085571289
431,final,-6.004674434661865,-5.50321102142334
432,final,-5.26495361328125,-5.036788463592529
433,final,-6.217442512512207,-5.031379699707031
434,final,-5.9475603103637695,-5.198185443878174
435,final,-5.120297908782959,-4.699155807495117
436,final,-5.391411781311035,-5.119187355041504
437,final,-5.060553550720215,-4.498658180236816
438,final,-4.7444562911987305,-4.965694904327393
439,final,-5.221108913421631,-4.825231552124023
440,final,-6.286228179931641,-4.981844425201416
441,final,-4.630244255065918,-3.7734532356262207
442,final,-5.436990261077881,-4.649181365966797
443,final,-5.411876678466797,-4.617792129516602
444,final,-5.365570068359375,-4.31732177734375
445,final,-5.268573760986328,-4.431854724884033
446,final,-5.611573696136475,-5.155799388885498
447,final,-6.4362406730651855,-5.054166316986084
448,final,-5.899991512298584,-4.613526344299316
449,final,-4.614279747009277,-4.202733039855957
450,final,-5.224733829498291,-4.414349555969238
451,final,-6.018347263336182,-4.828816890716553
452,final,-5.793307781219482,-4.396514892578125
453,final,-5.392299175262451,-4.3025946617126465
454,final,-5.507209777832031,-4.994150638580322
455,final,-4.797545909881592,-4.292943477630615
456,final,-5.779706001281738,-4.851896286010742
457,final,-5.497564792633057,-4.633803367614746
458,final,-5.195357799530029,-4.66367769241333
459,final,-5.669162750244141,-4.480674743652344
460,final,-4.956171989440918,-4.271173477172852
461,final,-4.44670295715332,-4.525646209716797
462,final,-4.842884540557861,-4.764364719390869
463,final,-5.97086238861084,-5.375401973724365
464,final,-5.132480621337891,-4.821267127990723
465,final,-4.412905216217041,-4.335442543029785
466,final,-5.1685028076171875,-4.572847366333008
467,final,-4.536159515380859,-4.062158584594727
468,final,-5.507236480712891,-4.946811199188232
469,final,-4.393598556518555,-4.191443920135498
470,final,-6.029405117034912,-5.560822010040283
471,final,-5.964412689208984,-4.952185153961182
472,final,-4.715307235717773,-4.41813850402832
473,final,-4.828556537628174,-4.547674655914307
474,final,-4.551095962524414,-4.6483235359191895
475,final,-4.853506088256836,-4.691097259521484
476,final,-4.668407440185547,-4.52107572555542
477,final,-4.343648910522461,-3.912771224975586
478,final,-5.09135627746582,-4.92245626449585
479,final,-4.525300979614258,-4.606725215911865
480,final,-4.888368606567383,-4.734618186950684
481,final,-4.470846176147461,-4.207150459289551
482,final,-5.783410549163818,-5.5566229820251465
483,final,-4.733122825622559,-4.661757946014404
484,final,-4.502933025360107,-4.058807849884033
485,final,-4.445772647857666,-4.265662670135498
486,final,-4.445772647857666,-4.265662670135498
487,final,-4.937900066375732,-4.84503173828125
488,final,-4.106828212738037,-3.9550554752349854
489,final,-5.850964069366455,-4.946322441101074
490,final,-4.574704647064209,-4.19889497756958
491,final,-6.373267650604248,-5.973740100860596
492,final,-4.445772647857666,-4.265662670135498
493,final,-4.301875591278076,-4.070849895477295
494,final,-4.509132385253906,-4.083695888519287
495,final,-4.966351509094238,-4.181650161743164
496,final,-4.210360050201416,-3.9204936027526855
497,final,-5.26120138168335,-4.827885627746582
498,final,-4.301875591278076,-4.070849895477295
499,final,-5.08099365234375,-4.4013519287109375
500,final,-4.614500522613525,-5.144563674926758
501,final,-4.406486988067627,-4.551815032958984
502,final,-4.9194016456604,-5.324224472045898
503,final,-5.905179023742676,-6.076796054840088
504,final,-4.673599720001221,-4.635248184204102
505,final,-4.706087112426758,-4.43722677230835
506,final,-4.774540424346924,-4.524325370788574
507,final,-5.896859645843506,-5.968966484069824
508,final,-4.776814937591553,-4.78688907623291
509,final,-4.64654541015625,-4.936779499053955
510,final,-5.186493396759033,-5.243865013122559
511,final,-5.723570346832275,-5.722460746765137
512,final,-4.6072468757629395,-4.923202037811279
513,final,-4.56032133102417,-4.408441066741943
514,final,-4.928915500640869,-5.020541667938232
515,final,-5.044604778289795,-4.749133110046387
516,final,-5.416407585144043,-5.243988037109375
517,final,-4.164608478546143,-4.499434947967529
518,final,-5.269638538360596,-5.503927230834961
519,final,-6.328949451446533,-6.29603910446167
520,final,-6.035845756530762,-5.1555094718933105
521,final,-5.419392108917236,-4.591756820678711
522,final,-6.594583988189697,-5.504970550537109
523,final,-5.5181756019592285,-5.004866600036621
524,final,-4.6163506507873535,-4.00726842880249
525,final,-5.631433486938477,-5.2836785316467285
526,final,-4.460724353790283,-4.052270889282227
527,final,-5.095826148986816,-4.685120105743408
528,final,-6.473231792449951,-5.817379951477051
529,final,-4.655099391937256,-3.9738612174987793
530,final,-5.118507385253906,-4.667117595672607
531,final,-6.820618629455566,-6.38867712020874
532,final,-6.390769958496094,-5.034610748291016
533,final,-5.956406116485596,-5.134400844573975
534,final,-6.040216445922852,-4.854130268096924
535,final,-5.439546585083008,-5.041732311248779
536,final,-4.850552558898926,-4.2682204246521
537,final,-6.820618629455566,-6.38867712020874
538,final,-4.919039726257324,-4.7048139572143555
539,final,-5.164823532104492,-4.647259712219238
540,final,-4.475318431854248,-4.377747535705566
541,final,-4.787005424499512,-4.649906158447266
542,final,-5.4556427001953125,-4.9591546058654785
543,final,-5.123147010803223,-4.863284587860107
544,final,-4.556210517883301,-4.479827880859375
545,final,-5.353868007659912,-5.178187370300293
546,final,-4.98380708694458,-4.834129810333252
547,final,-5.591779708862305,-5.131622314453125
548,final,-4.651107311248779,-4.4676313400268555
549,final,-5.542356014251709,-4.9969305992126465
550,final,-4.673638820648193,-4.295718669891357
551,final,-5.50750207901001,-5.038112163543701
552,final,-5.664222240447998,-5.092292785644531
553,final,-6.130784511566162,-5.752934455871582
554,final,-5.72831392288208,-5.323140621185303
555,final,-5.190657138824463,-4.853709697723389
556,final,-3.977870225906372,-3.828432083129883
557,final,-5.150641918182373,-4.896823883056641
558,final,-4.639551162719727,-4.53156852722168
559,final,-4.3940749168396,-4.299907207489014
560,final,-5.721108436584473,-4.5842719078063965
561,final,-5.3956098556518555,-4.822774887084961
562,final,-5.325456619262695,-4.142202377319336
563,final,-5.213405132293701,-5.182847499847412
564,final,-5.5036139488220215,-4.969038009643555
565,final,-4.489505767822266,-4.027678489685059
566,final,-4.760335922241211,-4.333451747894287
567,final,-5.836816787719727,-5.120725154876709
568,final,-4.308238506317139,-3.669339418411255
569,final,-4.742794513702393,-4.2090888023376465
570,final,-5.509129047393799,-5.060159683227539
571,final,-4.8558855056762695,-4.426057815551758
572,final,-4.937288761138916,-4.372710227966309
573,final,-5.669537544250488,-5.252453327178955
574,final,-4.1429572105407715,-3.7159690856933594
575,final,-5.068321228027344,-4.7796950340271
576,final,-4.309524059295654,-3.6363868713378906
577,final,-3.9003448486328125,-3.5713348388671875
578,final,-4.3132004737854,-4.400777339935303
579,final,-4.8908843994140625,-4.330326080322266
580,final,-4.519148349761963,-4.250437259674072
581,final,-4.5436835289001465,-3.5296757221221924
582,final,-4.162404537200928,-3.052757978439331
583,final,-5.038119792938232,-3.663372278213501
584,final,-4.781163692474365,-4.321741580963135
585,final,-4.817159175872803,-3.771317481994629
586,final,-4.046773433685303,-3.4170725345611572
587,final,-4.728481769561768,-3.583031177520752
588,final,-5.097069263458252,-4.401435375213623
589,final,-4.300495147705078,-3.212503671646118
590,final,-4.910793304443359,-3.675584077835083
591,final,-5.636483669281006,-4.26762056350708
592,final,-4.843156814575195,-3.9711430072784424
593,final,-4.252410411834717,-3.3202590942382812
594,final,-4.065732002258301,-3.2858078479766846
595,final,-4.66990852355957,-3.585779905319214
596,final,-4.599646091461182,-3.571638822555542
597,final,-5.062224864959717,-4.0730299949646
598,final,-5.3917999267578125,-4.14569091796875
599,final,-4.365122318267822,-3.3162264823913574
600,final,-6.090915203094482,-5.189783573150635
601,final,-5.391479969024658,-4.477282524108887
602,final,-5.427523136138916,-4.606295108795166
603,final,-5.945247173309326,-4.405472755432129
604,final,-6.090915203094482,-5.189783573150635
605,final,-4.391093730926514,-3.4312756061553955
606,final,-5.129001617431641,-3.87255597114563
607,final,-5.2777180671691895,-4.667339324951172
608,final,-4.643794536590576,-3.397239923477173
609,final,-5.019378185272217,-3.767976999282837
610,final,-4.585345268249512,-3.570225715637207
611,final,-5.427523136138916,-4.606296062469482
612,final,-4.517001628875732,-3.44649076461792
613,final,-4.69440221786499,-3.5776946544647217
614,final,-4.309196472167969,-3.2135746479034424
615,final,-5.031562805175781,-4.340444087982178
616,final,-5.349654197692871,-4.046626091003418
617,final,-5.121421813964844,-4.077489376068115
618,final,-5.409844875335693,-4.588420391082764
619,final,-5.0460638999938965,-4.390017986297607
620,final,-5.111241817474365,-4.972373008728027
621,final,-5.519937992095947,-4.742371082305908
622,final,-5.971043586730957,-5.6244330406188965
623,final,-4.537727355957031,-4.326086521148682
624,final,-4.707988262176514,-4.386720657348633
625,final,-5.7672858238220215,-5.3030104637146
626,final,-5.310294151306152,-5.543709754943848
627,final,-4.872094631195068,-4.029921054840088
628,final,-4.799886703491211,-3.7869601249694824
629,final,-5.674178600311279,-5.340272903442383
630,final,-5.472012996673584,-4.704888820648193
631,final,-5.265040397644043,-4.483550071716309
632,final,-4.594633102416992,-4.594704627990723
633,final,-4.331911087036133,-3.952259063720703
634,final,-4.94795036315918,-4.636246204376221
635,final,-4.206191062927246,-3.7005252838134766
636,final,-5.062201976776123,-5.008066177368164
637,final,-4.603974342346191,-4.055359840393066
638,final,-5.175817012786865,-5.658188343048096
639,final,-4.845821857452393,-3.9258599281311035
640,final,-6.08581018447876,-4.250055313110352
641,final,-5.528344631195068,-4.272457122802734
642,final,-4.470142841339111,-3.433992385864258
643,final,-5.251275539398193,-4.293293476104736
644,final,-5.740777969360352,-5.049069404602051
645,final,-6.398252964019775,-5.140682220458984
646,final,-5.915802478790283,-4.222275733947754
647,final,-5.6538615226745605,-4.146571159362793
648,final,-6.27794075012207,-4.313294887542725
649,final,-5.980196475982666,-5.138542175292969
650,final,-7.010575771331787,-5.822521209716797
651,final,-5.868468284606934,-4.423791885375977
652,final,-4.533632278442383,-3.1392569541931152
653,final,-4.995538234710693,-3.4272236824035645
654,final,-5.211895942687988,-4.148515224456787
655,final,-5.724016189575195,-4.215534210205078
656,final,-6.2291035652160645,-5.190840244293213
657,final,-6.39089822769165,-5.37138032913208
658,final,-5.581466197967529,-3.835719585418701
659,final,-4.813514232635498,-3.264983654022217
660,final,-4.968508720397949,-4.026144981384277
661,final,-5.137650966644287,-4.376852512359619
662,final,-5.264158725738525,-4.823039531707764
663,final,-5.355887413024902,-4.51035737991333
664,final,-5.008514404296875,-4.545243740081787
665,final,-5.626591682434082,-5.169459819793701
666,final,-4.71538782119751,-4.458140850067139
667,final,-5.418415546417236,-4.223955154418945
668,final,-5.157382011413574,-4.329188346862793
669,final,-4.50692081451416,-4.059852123260498
670,final,-5.762984752655029,-5.2310404777526855
671,final,-4.684321880340576,-4.011195182800293
672,final,-4.9382710456848145,-4.392114639282227
673,final,-4.460133075714111,-3.7639787197113037
674,final,-5.762984752655029,-5.2310404777526855
675,final,-5.22819185256958,-4.791782855987549
676,final,-5.704100608825684,-5.131773948669434
677,final,-4.706320762634277,-4.107423782348633
678,final,-5.025055885314941,-4.07240629196167
679,final,-5.44802713394165,-4.493187427520752
680,final,-5.1637139320373535,-4.342102527618408
681,final,-4.520209789276123,-4.024703502655029
682,final,-4.3030242919921875,-3.612102508544922
683,final,-5.093050479888916,-3.776719093322754
684,final,-5.005944728851318,-3.3175911903381348
685,final,-4.458423614501953,-3.2670164108276367
686,final,-4.462124347686768,-3.0652318000793457
687,final,-4.493818283081055,-3.426398754119873
688,final,-5.442677974700928,-4.616419792175293
689,final,-5.284554481506348,-4.15388298034668
690,final,-5.614664554595947,-4.258611679077148
691,final,-4.258691787719727,-3.219696283340454
692,final,-5.645271301269531,-4.610859394073486
693,final,-4.395975589752197,-3.4372925758361816
694,final,-5.5394392013549805,-4.444707870483398
695,final,-5.187424182891846,-4.025864601135254
696,final,-5.379055976867676,-4.536109924316406
697,final,-4.41315221786499,-3.1552209854125977
698,final,-5.5577216148376465,-4.199717044830322
699,final,-4.814081192016602,-3.5856704711914062
0,best,-5.774727821350098,-4.775664806365967
1,best,-5.386948585510254,-4.392148494720459
2,best,-4.638275146484375,-3.610656499862671
3,best,-5.524357795715332,-4.227500915527344
4,best,-6.237588405609131,-4.201967716217041
5,best,-5.177745819091797,-3.9704220294952393
6,best,-6.038535118103027,-4.836607456207275
7,best,-5.285849571228027,-3.8536369800567627
8,best,-5.499885559082031,-3.8554611206054688
9,best,-4.638275146484375,-3.610656499862671
10,best,-5.953551292419434,-3.819425582885742
11,best,-5.0075812339782715,-3.9795849323272705
12,best,-6.006603240966797,-4.054067134857178
13,best,-5.547201156616211,-3.52942156791687
14,best,-5.499885559082031,-3.8554611206054688
15,best,-5.95269250869751,-4.281417369842529
16,best,-5.8951873779296875,-4.309762477874756
17,best,-6.1012444496154785,-5.226680278778076
18,best,-6.170428276062012,-5.327613353729248
19,best,-6.02306604385376,-4.627418041229248
20,best,-5.587333679199219,-4.9135661125183105
21,best,-6.4631805419921875,-4.744048118591309
22,best,-5.4750471115112305,-4.121454238891602
23,best,-5.624101638793945,-4.194035053253174
24,best,-5.672186851501465,-3.897796630859375
25,best,-5.624101638793945,-4.194035053253174
26,best,-6.130683898925781,-4.421456813812256
27,best,-6.119486331939697,-5.114931583404541
28,best,-5.042866230010986,-4.2817206382751465
29,best,-6.3701581954956055,-4.250892162322998
30,best,-5.533527851104736,-4.840072154998779
31,best,-5.794729709625244,-4.071448802947998
32,best,-5.4750471115112305,-4.121454238891602
33,best,-5.794729709625244,-4.071447372436523
34,best,-5.482480049133301,-4.440466403961182
35,best,-5.711066246032715,-4.678800106048584
36,best,-5.0428667068481445,-4.2817206382751465
37,best,-5.794729709625244,-4.071447372436523
38,best,-5.207196235656738,-4.553921222686768
39,best,-5.809786319732666,-4.894692420959473
40,best,-5.1807403564453125,-4.754436016082764
41,best,-6.036515712738037,-4.784820556640625
42,best,-5.505062580108643,-4.50119161605835
43,best,-5.851395606994629,-4.74351167678833
44,best,-5.852626323699951,-5.221383571624756
45,best,-6.041106224060059,-4.704459190368652
46,best,-5.643331050872803,-4.819086074829102
47,best,-5.458476543426514,-5.111515522003174
48,best,-6.472264766693115,-5.807891368865967
49,best,-5.209855556488037,-4.666464328765869
50,best,-5.603671550750732,-4.276290416717529
51,best,-6.985589027404785,-5.279674053192139
52,best,-5.538505554199219,-4.821186542510986
53,best,-5.5466718673706055,-4.742008686065674
54,best,-5.560466766357422,-4.390904903411865
55,best,-5.803992748260498,-5.1522932052612305
56,best,-5.886063098907471,-5.082521915435791
57,best,-5.402848243713379,-4.244269847869873
58,best,-5.952510356903076,-4.2957658767700195
59,best,-5.815203666687012,-4.888759613037109
60,best,-7.072514057159424,-5.513272285461426
61,best,-8.024881362915039,-5.2992262840271
62,best,-8.018068313598633,-5.840142726898193
63,best,-7.929765224456787,-5.237087249755859
64,best,-6.247209548950195,-4.844296932220459
65,best,-5.742448329925537,-4.57426118850708
66,best,-6.8776535987854,-4.9011030197143555
67,best,-7.847250938415527,-5.541711330413818
68,best,-7.4069623947143555,-5.4362945556640625
69,best,-6.662210941314697,-4.658735275268555
70,best,-6.511938571929932,-4.074055194854736
71,best,-7.063864231109619,-5.613596439361572
72,best,-6.0426201820373535,-4.152622699737549
73,best,-5.714944839477539,-4.234220027923584
74,best,-6.447105884552002,-4.825600624084473
75,best,-7.410336971282959,-4.5275797843933105
76,best,-7.255495548248291,-4.94329309463501
77,best,-7.244447231292725,-4.968409061431885
78,best,-5.504002094268799,-4.079544544219971
79,best,-5.9613566398620605,-4.208460330963135
80,best,-4.978236675262451,-4.069004058837891
81,best,-5.108880996704102,-4.310351371765137
82,best,-6.071349143981934,-5.028992652893066
83,best,-5.177253723144531,-4.657840251922607
84,best,-5.084825038909912,-4.216578960418701
85,best,-5.581081867218018,-4.548506736755371
86,best,-6.339528560638428,-5.106505870819092
87,best,-5.1559343338012695,-4.284306049346924
88,best,-5.281007766723633,-4.338146209716797
89,best,-4.478682041168213,-3.8012924194335938
90,best,-6.048543453216553,-4.940995216369629
91,best,-6.858611106872559,-5.4767913818359375
92,best,-5.326811790466309,-4.521220684051514
93,best,-4.999967575073242,-4.249314308166504
94,best,-5.214297771453857,-4.236761093139648
95,best,-5.594461441040039,-4.676434516906738
96,best,-5.482335090637207,-4.538013935089111
97,best,-5.988302230834961,-5.165480136871338
98,best,-6.03519868850708,-4.872647285461426
99,best,-5.405288219451904,-4.299208164215088
100,best,-6.833096027374268,-5.0950398445129395
101,best,-5.873699188232422,-4.447892189025879
102,best,-6.121692180633545,-4.735690116882324
103,best,-5.41192102432251,-3.9495790004730225
104,best,-5.41192102432251,-3.9495790004730225
105,best,-4.880678653717041,-3.8452086448669434
106,best,-5.27226448059082,-3.672050952911377
107,best,-6.2868428230285645,-4.9246134757995605
108,best,-5.235620021820068,-4.36505651473999
109,best,-6.32965087890625,-5.240172386169434
110,best,-5.8422980308532715,-3.9309403896331787
111,best,-5.976583003997803,-4.035139083862305
112,best,-5.554635524749756,-4.128490924835205
113,best,-6.057167053222656,-3.9374897480010986
114,best,-5.719718933105469,-4.4736762046813965
115,best,-5.244739055633545,-4.2543110847473145
116,best,-5.710727214813232,-4.0591583251953125
117,best,-6.469518184661865,-4.7195563316345215
118,best,-5.27226448059082,-3.672050952911377
119,best,-6.56386137008667,-4.378599643707275
120,best,-4.539906978607178,-3.289618968963623
121,best,-4.935410976409912,-3.6415858268737793
122,best,-5.662553787231445,-4.429112911224365
123,best,-5.389800548553467,-3.7639245986938477
124,best,-4.830017566680908,-3.3791425228118896
125,best,-5.499009132385254,-3.878999710083008
126,best,-5.419161319732666,-3.8367645740509033
127,best,-4.848562717437744,-3.251891851425171
128,best,-4.915289402008057,-3.5671772956848145
129,best,-6.206657886505127,-4.393962860107422
130,best,-5.042691707611084,-3.5970659255981445
131,best,-5.877562522888184,-4.258563041687012
132,best,-4.931483745574951,-3.7032558917999268
133,best,-5.242700099945068,-3.587503433227539
134,best,-6.206657886505127,-4.393962860107422
135,best,-4.922279357910156,-3.2632663249969482
136,best,-5.090245246887207,-3.785034656524658
137,best,-4.922279357910156,-3.2632663249969482
138,best,-5.499008655548096,-3.8789989948272705
139,best,-4.344409465789795,-3.2811148166656494
140,best,-4.669519901275635,-4.033601760864258
141,best,-4.858927249908447,-4.092986583709717
142,best,-5.048022747039795,-4.346330642700195
143,best,-4.658932209014893,-3.930759906768799
144,best,-5.487223148345947,-4.31851053237915
145,best,-5.818511962890625,-4.716435432434082
146,best,-5.812938213348389,-4.907289505004883
147,best,-5.617525577545166,-4.581316947937012
148,best,-4.872861385345459,-4.094272136688232
149,best,-5.926455497741699,-4.889296531677246
150,best,-6.180631637573242,-5.034524917602539
151,best,-5.134222984313965,-4.283256530761719
152,best,-5.583829402923584,-4.462874889373779
153,best,-5.700482368469238,-4.810143947601318
154,best,-4.669519901275635,-4.033601760864258
155,best,-5.812938213348389,-4.907289505004883
156,best,-6.2348456382751465,-5.039165019989014
157,best,-6.054152488708496,-5.027980804443359
158,best,-5.399343490600586,-4.41644811630249
159,best,-5.812938213348389,-4.907289505004883
160,best,-5.987422466278076,-3.764812469482422
161,best,-7.359860897064209,-4.9958062171936035
162,best,-5.82783842086792,-4.165731906890869
163,best,-6.109850883483887,-4.263998508453369
164,best,-6.976451873779297,-4.929282188415527
165,best,-5.17181921005249,-3.394942045211792
166,best,-6.559761047363281,-4.5405473709106445
167,best,-6.109850883483887,-4.263998508453369
168,best,-5.668515682220459,-3.820474863052368
169,best,-6.3877644538879395,-4.603829860687256
170,best,-6.473140716552734,-4.152586460113525
171,best,-6.375486373901367,-4.259718418121338
172,best,-6.187807559967041,-4.553443431854248
173,best,-6.269143581390381,-4.287656784057617
174,best,-6.661951541900635,-4.743223667144775
175,best,-6.373617649078369,-4.283839702606201
176,best,-7.129235744476318,-4.886271953582764
177,best,-6.358513355255127,-4.570435523986816
178,best,-5.473989009857178,-3.6393725872039795
179,best,-7.287545204162598,-4.846536636352539
180,best,-5.48065185546875,-4.717210292816162
181,best,-4.4954376220703125,-4.203742027282715
182,best,-4.732263565063477,-4.267348766326904
183,best,-4.581258773803711,-4.253718376159668
184,best,-5.464445114135742,-4.76377534866333
185,best,-5.727911949157715,-5.0540690422058105
186,best,-5.548737049102783,-4.78939151763916
187,best,-5.395442008972168,-4.343466281890869
188,best,-4.477614402770996,-3.96000337600708
189,best,-5.074920654296875,-4.486929893493652
190,best,-5.322941780090332,-4.348729610443115
191,best,-5.48065185546875,-4.717210292816162
192,best,-4.909664154052734,-4.587024211883545
193,best,-6.283224105834961,-5.3720903396606445
194,best,-5.889774322509766,-5.239424705505371
195,best,-5.4390997886657715,-4.702549934387207
196,best,-5.112253189086914,-4.608548164367676
197,best,-5.618633270263672,-4.478021621704102
198,best,-5.3645710945129395,-4.595532417297363
199,best,-4.826923847198486,-4.243096828460693
200,best,-4.3492937088012695,-3.4282946586608887
201,best,-6.198704242706299,-4.968801498413086
202,best,-4.243485450744629,-3.224560499191284
203,best,-5.621129512786865,-4.125985622406006
204,best,-5.621129512786865,-4.125985622406006
205,best,-5.230741024017334,-3.889756679534912
206,best,-5.23385763168335,-3.9982495307922363
207,best,-5.647183895111084,-4.253720283508301
208,best,-5.621129512786865,-4.125985622406006
209,best,-5.230741024017334,-3.889756679534912
210,best,-4.538866996765137,-3.2497711181640625
211,best,-5.82757043838501,-4.441394805908203
212,best,-5.82757043838501,-4.441394805908203
213,best,-4.494429588317871,-3.5081546306610107
214,best,-4.538866996765137,-3.2497711181640625
215,best,-5.313863754272461,-4.08220911026001
216,best,-5.368339538574219,-3.9898929595947266
217,best,-5.819234371185303,-4.3973259925842285
218,best,-5.394316673278809,-4.121374607086182
219,best,-4.172171115875244,-2.9288926124572754
220,best,-5.070601940155029,-4.084071159362793
221,best,-5.307566165924072,-4.167072296142578
222,best,-6.1612396240234375,-4.706896781921387
223,best,-5.760030269622803,-4.723854064941406
224,best,-5.623701572418213,-4.252097129821777
225,best,-5.043039321899414,-4.029994964599609
226,best,-5.8438520431518555,-4.791884422302246
227,best,-5.4986677169799805,-4.227197170257568
228,best,-5.043888568878174,-3.911428213119507
229,best,-5.043039321899414,-4.029994964599609
230,best,-5.694040775299072,-4.486501693725586
231,best,-5.165956974029541,-4.231134414672852
232,best,-4.9849629402160645,-3.7691731452941895
233,best,-5.803478717803955,-4.691807270050049
234,best,-6.076832294464111,-4.883808135986328
235,best,-5.384002208709717,-4.102556228637695
236,best,-5.016221046447754,-4.004728317260742
237,best,-5.269505500793457,-4.114015579223633
238,best,-6.2791008949279785,-4.9240264892578125
239,best,-6.013208389282227,-4.970736026763916
240,best,-5.148240089416504,-4.196786880493164
241,best,-5.889774799346924,-4.482802391052246
242,best,-6.158994197845459,-4.569270133972168
243,best,-6.279558181762695,-5.076793193817139
244,best,-5.4076457023620605,-4.121092319488525
245,best,-6.193835735321045,-4.808466911315918
246,best,-5.875302791595459,-4.79528284072876
247,best,-6.213140964508057,-4.862090110778809
248,best,-6.183849334716797,-5.014247417449951
249,best,-5.3596601486206055,-4.300709247589111
250,best,-5.760841369628906,-4.489943981170654
251,best,-6.240992546081543,-4.767581939697266
252,best,-5.9469780921936035,-4.673347473144531
253,best,-5.7815399169921875,-4.781891345977783
254,best,-5.840502738952637,-4.706871032714844
255,best,-6.406575679779053,-5.210318565368652
256,best,-6.265857696533203,-5.024158477783203
257,best,-5.738643169403076,-4.44999885559082
258,best,-5.592676162719727,-4.511050701141357
259,best,-4.870528221130371,-3.9043970108032227
260,best,-5.378948211669922,-4.908747673034668
261,best,-5.008333206176758,-4.642539024353027
262,best,-4.75629997253418,-3.7882513999938965
263,best,-5.594018936157227,-4.84345006942749
264,best,-5.862051010131836,-5.157179355621338
265,best,-5.683886528015137,-5.197986602783203
266,best,-5.522914409637451,-4.8321123123168945
267,best,-5.5898237228393555,-4.444812774658203
268,best,-4.625946521759033,-4.048245906829834
269,best,-5.856374740600586,-4.572780609130859
270,best,-5.319274425506592,-4.723709583282471
271,best,-5.132589340209961,-4.347725868225098
272,best,-4.953347682952881,-4.118439197540283
273,best,-5.311130046844482,-4.277515411376953
274,best,-6.215149402618408,-5.280234336853027
275,best,-4.349221706390381,-4.039748668670654
276,best,-5.2583489418029785,-4.155837059020996
277,best,-4.986092567443848,-4.737884998321533
278,best,-5.841408729553223,-5.528635025024414
279,best,-5.575212001800537,-4.86886739730835
280,best,-7.2503662109375,-5.709253787994385
281,best,-6.346072196960449,-5.258731842041016
282,best,-6.176468849182129,-4.911806583404541
283,best,-6.894431114196777,-5.681776523590088
284,best,-5.733903884887695,-4.553544998168945
285,best,-5.682042598724365,-4.39759635925293
286,best,-6.52630615234375,-5.065152168273926
287,best,-6.47153902053833,-4.65755033493042
288,best,-6.445802211761475,-5.1923508644104
289,best,-5.286377429962158,-4.330368995666504
290,best,-6.116291046142578,-4.845920085906982
291,best,-6.6868767738342285,-5.499849319458008
292,best,-7.068710803985596,-5.7804155349731445
293,best,-6.8316969871521,-5.331396102905273
294,best,-5.429816246032715,-4.288331508636475
295,best,-5.470553874969482,-4.466192245483398
296,best,-6.495530605316162,-4.880615234375
297,best,-7.5550336837768555,-5.810325622558594
298,best,-6.874524116516113,-5.658192157745361
299,best,-6.741058826446533,-5.3572306632995605
300,best,-5.687319278717041,-4.639766216278076
301,best,-6.765775203704834,-5.229442596435547
302,best,-5.109936714172363,-4.1794915199279785
303,best,-5.930087089538574,-4.96446418762207
304,best,-6.564047336578369,-5.215885639190674
305,best,-6.737495422363281,-5.569732189178467
306,best,-7.44087553024292,-5.603309154510498
307,best,-5.702202320098877,-4.485509872436523
308,best,-5.1799516677856445,-4.082785606384277
309,best,-5.141629219055176,-4.198976516723633
310,best,-7.642401695251465,-6.013659954071045
311,best,-5.722416400909424,-4.822409152984619
312,best,-5.555083751678467,-4.78828763961792
313,best,-5.597964286804199,-4.568838596343994
314,best,-5.88816499710083,-4.9014787673950195
315,best,-5.504720211029053,-4.458501815795898
316,best,-5.20657205581665,-4.046658515930176
317,best,-6.068844795227051,-5.220890998840332
318,best,-5.223349571228027,-4.224167346954346
319,best,-7.76405668258667,-6.043867588043213
320,best,-4.87010383605957,-3.498940944671631
321,best,-4.533432960510254,-3.6094045639038086
322,best,-6.999612808227539,-5.044912815093994
323,best,-5.702556610107422,-3.9347288608551025
324,best,-5.302694320678711,-4.208601474761963
325,best,-5.959657669067383,-4.493887901306152
326,best,-5.018885612487793,-4.088149547576904
327,best,-6.51255989074707,-4.564541339874268
328,best,-4.770075798034668,-3.7662079334259033
329,best,-6.337812423706055,-4.662257194519043
330,best,-4.266097545623779,-3.406390428543091
331,best,-5.74656867980957,-4.3131608963012695
332,best,-5.78701639175415,-4.314279079437256
333,best,-5.432778358459473,-4.3071160316467285
334,best,-4.884251117706299,-3.587066173553467
335,best,-5.597988605499268,-3.9011998176574707
336,best,-6.322237014770508,-4.7152910232543945
337,best,-5.892512321472168,-4.305665969848633
338,best,-4.528674602508545,-3.3495452404022217
339,best,-5.320786952972412,-3.8374524116516113
340,best,-4.292785167694092,-4.081101417541504
341,best,-7.307803153991699,-5.4725775718688965
342,best,-5.379094123840332,-4.440406322479248
343,best,-5.5843729972839355,-5.031219482421875
344,best,-5.856759548187256,-5.322412967681885
345,best,-5.275569438934326,-4.242944240570068
346,best,-6.038506507873535,-4.471229076385498
347,best,-6.296387672424316,-4.731016635894775
348,best,-6.135656833648682,-4.999745845794678
349,best,-5.581116199493408,-5.193141460418701
350,best,-7.148797512054443,-5.831177234649658
351,best,-7.521429538726807,-5.951719284057617
352,best,-6.5457377433776855,-5.3523945808410645
353,best,-6.033299446105957,-4.974921703338623
354,best,-4.674413204193115,-3.9932878017425537
355,best,-6.5871806144714355,-5.790141582489014
356,best,-7.219147682189941,-5.822881698608398
357,best,-6.860980033874512,-5.663862705230713
358,best,-6.108567714691162,-4.731258869171143
359,best,-6.593988418579102,-5.514861106872559
360,best,-5.644450664520264,-5.2046074867248535
361,best,-5.748610019683838,-5.058516979217529
362,best,-5.1382269859313965,-4.808964252471924
363,best,-5.31889009475708,-4.869148254394531
364,best,-5.055217742919922,-4.658888339996338
365,best,-5.551321506500244,-4.983372211456299
366,best,-6.761199951171875,-5.88337516784668
367,best,-5.809623718261719,-4.786731243133545
368,best,-5.673079013824463,-4.8306732177734375
369,best,-7.395302772521973,-6.513220310211182
370,best,-5.679107666015625,-4.984020233154297
371,best,-7.019765377044678,-6.2639689445495605
372,best,-5.643366813659668,-4.925734043121338
373,best,-7.188597202301025,-6.082874774932861
374,best,-5.843141555786133,-5.128414154052734
375,best,-4.960397243499756,-4.368681907653809
376,best,-5.799193859100342,-5.231680870056152
377,best,-5.748610019683838,-5.058516979217529
378,best,-5.31889009475708,-4.869148254394531
379,best,-6.653406620025635,-5.895848751068115
380,best,-5.56290340423584,-4.997110366821289
381,best,-6.106975078582764,-5.088613510131836
382,best,-5.188593864440918,-5.49805212020874
383,best,-6.6269636154174805,-6.127680778503418
384,best,-4.9080305099487305,-4.8844313621521
385,best,-6.1984076499938965,-5.7051920890808105
386,best,-4.933821201324463,-4.6879048347473145
387,best,-6.155115604400635,-4.873830795288086
388,best,-5.619668006896973,-5.448265552520752
389,best,-5.696930885314941,-5.2876176834106445
390,best,-5.170832633972168,-5.158151626586914
391,best,-5.605678558349609,-5.2005486488342285
392,best,-5.722949028015137,-5.184375762939453
393,best,-5.666544437408447,-5.290428638458252
394,best,-5.5807881355285645,-5.464990615844727
395,best,-6.687079429626465,-5.88060188293457
396,best,-5.476601600646973,-5.098711967468262
397,best,-5.679877281188965,-5.0656585693359375
398,best,-5.707714557647705,-4.767265796661377
399,best,-5.810018539428711,-4.827986717224121
400,best,-6.074493885040283,-4.892938137054443
401,best,-7.547127723693848,-5.870694637298584
402,best,-7.453909397125244,-6.421392917633057
403,best,-5.769064903259277,-4.816868782043457
404,best,-8.22674560546875,-5.675657749176025
405,best,-7.442342281341553,-5.980438232421875
406,best,-7.569818019866943,-6.20988130569458
407,best,-6.089862823486328,-4.671490669250488
408,best,-5.940153121948242,-4.728686332702637
409,best,-5.715847492218018,-4.5436625480651855
410,best,-5.518665790557861,-3.99760103225708
411,best,-7.334126949310303,-5.535752773284912
412,best,-6.080913066864014,-5.096419811248779
413,best,-6.283128261566162,-5.459484100341797
414,best,-7.248597621917725,-6.157434940338135
415,best,-6.82302713394165,-5.7129645347595215
416,best,-7.986410617828369,-6.507784366607666
417,best,-6.889286041259766,-5.262121200561523
418,best,-6.805121898651123,-5.421741485595703
419,best,-5.769063472747803,-4.816868782043457
420,best,-5.783051013946533,-5.03537654876709
421,best,-5.004804611206055,-4.569491863250732
422,best,-6.025701999664307,-5.142400741577148
423,best,-4.9466729164123535,-4.8212385177612305
424,best,-4.640888214111328,-4.660735607147217
425,best,-5.971909523010254,-5.082636833190918
426,best,-6.217073917388916,-5.65269136428833
427,best,-7.245534420013428,-6.02968168258667
428,best,-6.192924976348877,-5.396943092346191
429,best,-4.918613433837891,-4.7841105461120605
430,best,-6.9284868240356445,-5.965353965759277
431,best,-5.9681854248046875,-5.433987140655518
432,best,-5.239619255065918,-4.981898784637451
433,best,-6.192371368408203,-4.978010654449463
434,best,-5.935589790344238,-5.159487247467041
435,best,-5.100927352905273,-4.672271728515625
436,best,-5.373457908630371,-5.068441867828369
437,best,-5.051962375640869,-4.465855598449707
438,best,-4.727549076080322,-4.9086198806762695
439,best,-5.20931339263916,-4.7762980461120605
440,best,-6.257396697998047,-4.9160614013671875
441,best,-4.691397666931152,-3.7544217109680176
442,best,-5.441864013671875,-4.604125022888184
443,best,-5.431967258453369,-4.603787899017334
444,best,-5.343233585357666,-4.24137020111084
445,best,-5.284331321716309,-4.363995552062988
446,best,-5.641534328460693,-5.119117736816406
447,best,-6.417125701904297,-5.018171787261963
448,best,-5.897582530975342,-4.568696022033691
449,best,-4.643635272979736,-4.158487319946289
450,best,-5.182132720947266,-4.323241710662842
451,best,-6.012053489685059,-4.782571792602539
452,best,-5.760966777801514,-4.330769062042236
453,best,-5.402085781097412,-4.270955562591553
454,best,-5.538867950439453,-4.953836441040039
455,best,-4.796337604522705,-4.227233409881592
456,best,-5.821179389953613,-4.805049896240234
457,best,-5.477449893951416,-4.545365810394287
458,best,-5.239094257354736,-4.618854999542236
459,best,-5.661706447601318,-4.430938720703125
460,best,-4.948979377746582,-4.25095796585083
461,best,-4.403398036956787,-4.473095893859863
462,best,-4.787745475769043,-4.724700927734375
463,best,-5.8978095054626465,-5.325375556945801
464,best,-5.069533824920654,-4.793020248413086
465,best,-4.389142990112305,-4.318599700927734
466,best,-5.118021488189697,-4.531728267669678
467,best,-4.525552272796631,-4.034904956817627
468,best,-5.460856914520264,-4.921262741088867
469,best,-4.363887786865234,-4.144484996795654
470,best,-5.97246789932251,-5.515898704528809
471,best,-5.960662364959717,-4.939806938171387
472,best,-4.683093070983887,-4.393858432769775
473,best,-4.790724754333496,-4.50888729095459
474,best,-4.514865875244141,-4.618793487548828
475,best,-4.825242519378662,-4.651797294616699
476,best,-4.619162559509277,-4.4805006980896
477,best,-4.302342891693115,-3.887094020843506
478,best,-5.051383972167969,-4.871588230133057
479,best,-4.510077953338623,-4.589188098907471
480,best,-4.852840423583984,-4.70648193359375
481,best,-4.461172103881836,-4.1724534034729
482,best,-5.747921943664551,-5.506850719451904
483,best,-4.714612007141113,-4.626953125
484,best,-4.496478080749512,-4.018099784851074
485,best,-4.435957908630371,-4.243740558624268
486,best,-4.435957908630371,-4.243740558624268
487,best,-4.923484802246094,-4.821857929229736
488,best,-4.085443496704102,-3.914527177810669
489,best,-5.835695743560791,-4.930263996124268
490,best,-4.606548309326172,-4.1696248054504395
491,best,-6.375715732574463,-5.937266826629639
492,best,-4.435957908630371,-4.243740558624268
493,best,-4.2773942947387695,-4.025293350219727
494,best,-4.516844749450684,-4.056368827819824
495,best,-4.989898204803467,-4.1913299560546875
496,best,-4.179407119750977,-3.8922245502471924
497,best,-5.248258113861084,-4.785935401916504
498,best,-4.2773942947387695,-4.025293350219727
499,best,-5.092042922973633,-4.395513534545898
500,best,-4.610860347747803,-5.1176910400390625
501,best,-4.3859782218933105,-4.5038604736328125
502,best,-4.896806240081787,-5.260984897613525
503,best,-5.839885234832764,-6.01250696182251
504,best,-4.645673751831055,-4.594977855682373
505,best,-4.706657886505127,-4.418445110321045
506,best,-4.800522804260254,-4.524181365966797
507,best,-5.840689659118652,-5.911553382873535
508,best,-4.772439479827881,-4.731940269470215
509,best,-4.626715660095215,-4.884120464324951
510,best,-5.185633182525635,-5.201348304748535
511,best,-5.68745756149292,-5.665640830993652
512,best,-4.573517799377441,-4.8852739334106445
513,best,-4.575550079345703,-4.385871410369873
514,best,-4.874049663543701,-4.980356693267822
515,best,-5.024138450622559,-4.709646224975586
516,best,-5.387492656707764,-5.196928024291992
517,best,-4.123951435089111,-4.4340386390686035
518,best,-5.213928699493408,-5.457035064697266
519,best,-6.254025936126709,-6.236914157867432
520,best,-6.007671356201172,-5.1110734939575195
521,best,-5.404998779296875,-4.56209659576416
522,best,-6.552964687347412,-5.460738658905029
523,best,-5.465000629425049,-4.969709873199463
524,best,-4.587544918060303,-3.9547746181488037
525,best,-5.5821852684021,-5.240912914276123
526,best,-4.41273832321167,-3.996528387069702
527,best,-5.038506031036377,-4.635531902313232
528,best,-6.400230884552002,-5.761465549468994
529,best,-4.6774091720581055,-3.9767282009124756
530,best,-5.101459980010986,-4.6201171875
531,best,-6.776952266693115,-6.320910453796387
532,best,-6.368488788604736,-4.999164581298828
533,best,-5.9502177238464355,-5.095656871795654
534,best,-6.037965297698975,-4.851985931396484
535,best,-5.4046525955200195,-5.016485214233398
536,best,-4.793940544128418,-4.220254421234131
537,best,-6.776952266693115,-6.320910453796387
538,best,-4.881739616394043,-4.664708137512207
539,best,-5.1119866371154785,-4.617303848266602
540,best,-4.462365627288818,-4.356637477874756
541,best,-4.747123718261719,-4.6430792808532715
542,best,-5.419558525085449,-4.923149585723877
543,best,-5.085590839385986,-4.848611831665039
544,best,-4.531116008758545,-4.443209648132324
545,best,-5.3086957931518555,-5.1511149406433105
546,best,-4.946207046508789,-4.8056440353393555
547,best,-5.5714569091796875,-5.108074188232422
548,best,-4.605689525604248,-4.443690776824951
549,best,-5.517284870147705,-4.964444637298584
550,best,-4.657433032989502,-4.268364906311035
551,best,-5.487962245941162,-5.014585018157959
552,best,-5.636186599731445,-5.049842834472656
553,best,-6.134566783905029,-5.704483985900879
554,best,-5.683613300323486,-5.301401615142822
555,best,-5.211948394775391,-4.823112964630127
556,best,-3.9662468433380127,-3.8307507038116455
557,best,-5.10314416885376,-4.851995468139648
558,best,-4.599864482879639,-4.50299072265625
559,best,-4.370559215545654,-4.273451328277588
560,best,-5.703731536865234,-4.544282913208008
561,best,-5.395624160766602,-4.7723236083984375
562,best,-5.320212364196777,-4.111024379730225
563,best,-5.195722579956055,-5.122070789337158
564,best,-5.4813761711120605,-4.92094087600708
565,best,-4.451955318450928,-3.9866268634796143
566,best,-4.7471184730529785,-4.278448104858398
567,best,-5.830112457275391,-5.072286605834961
568,best,-4.346461772918701,-3.6507115364074707
569,best,-4.7584099769592285,-4.172916412353516
570,best,-5.470733642578125,-4.99962043762207
571,best,-4.820778846740723,-4.3908772468566895
572,best,-4.936028957366943,-4.3525071144104
573,best,-5.617757320404053,-5.200708389282227
574,best,-4.108704566955566,-3.6651437282562256
575,best,-5.042407512664795,-4.751120090484619
576,best,-4.339515686035156,-3.594456195831299
577,best,-3.8896536827087402,-3.5356080532073975
578,best,-4.295742988586426,-4.363427639007568
579,best,-4.86494779586792,-4.289433002471924
580,best,-4.527101039886475,-4.241967678070068
581,best,-4.511059761047363,-3.4872024059295654
582,best,-4.155965328216553,-3.0406670570373535
583,best,-5.008538722991943,-3.6278207302093506
584,best,-4.7497735023498535,-4.281857013702393
585,best,-4.831497669219971,-3.7591190338134766
586,best,-4.057865619659424,-3.421940803527832
587,best,-4.700009822845459,-3.539893627166748
588,best,-5.0629353523254395,-4.374804973602295
589,best,-4.303279399871826,-3.179575204849243
590,best,-4.900625705718994,-3.6588943004608154
591,best,-5.622242450714111,-4.231132507324219
592,best,-4.8065314292907715,-3.9294426441192627
593,best,-4.248407363891602,-3.312441825866699
594,best,-4.051441669464111,-3.268704891204834
595,best,-4.623144149780273,-3.5493290424346924
596,best,-4.589793682098389,-3.570554733276367
597,best,-5.016941547393799,-4.035890102386475
598,best,-5.350887775421143,-4.087169647216797
599,best,-4.325135231018066,-3.2778396606445312
600,best,-6.059908390045166,-5.1546478271484375
601,best,-5.368721008300781,-4.429986000061035
602,best,-5.421520709991455,-4.567102432250977
603,best,-5.950694561004639,-4.39211368560791
604,best,-6.059908390045166,-5.1546478271484375
605,best,-4.3682541847229,-3.4185192584991455
606,best,-5.150207042694092,-3.8541595935821533
607,best,-5.293205738067627,-4.652111053466797
608,best,-4.644320011138916,-3.389008045196533
609,best,-5.021237850189209,-3.745450973510742
610,best,-4.607835292816162,-3.572322130203247
611,best,-5.421520709991455,-4.567103385925293
612,best,-4.535271167755127,-3.4505105018615723
613,best,-4.679287433624268,-3.5675103664398193
614,best,-4.283650875091553,-3.196683883666992
615,best,-5.012931823730469,-4.309478759765625
616,best,-5.325193881988525,-4.030679702758789
617,best,-5.122226238250732,-4.046069622039795
618,best,-5.395297527313232,-4.56710147857666
619,best,-5.069421291351318,-4.3719916343688965
620,best,-5.102025985717773,-4.919027328491211
621,best,-5.465936183929443,-4.685312271118164
622,best,-5.959275245666504,-5.575191974639893
623,best,-4.530270576477051,-4.308543682098389
624,best,-4.702325820922852,-4.347803592681885
625,best,-5.7320075035095215,-5.261526584625244
626,best,-5.2828369140625,-5.4744343757629395
627,best,-4.886501789093018,-4.024171352386475
628,best,-4.777775764465332,-3.755082368850708
629,best,-5.621445655822754,-5.271749496459961
630,best,-5.435062408447266,-4.663754940032959
631,best,-5.286015033721924,-4.458280086517334
632,best,-4.583025932312012,-4.5611724853515625
633,best,-4.280511856079102,-3.9220714569091797
634,best,-4.923169136047363,-4.598665714263916
635,best,-4.240725994110107,-3.709406614303589
636,best,-5.022337913513184,-4.958427429199219
637,best,-4.573340892791748,-4.028218746185303
638,best,-5.158093452453613,-5.58496618270874
639,best,-4.836549282073975,-3.9096007347106934
640,best,-6.028164386749268,-4.213446617126465
641,best,-5.521962642669678,-4.259219169616699
642,best,-4.460572719573975,-3.4078750610351562
643,best,-5.264965534210205,-4.275326251983643
644,best,-5.719709396362305,-5.010191917419434
645,best,-6.3586602210998535,-5.112715721130371
646,best,-5.8674163818359375,-4.192305088043213
647,best,-5.5959930419921875,-4.103926658630371
648,best,-6.2165350914001465,-4.273762226104736
649,best,-5.985832214355469,-5.139676570892334
650,best,-6.979647159576416,-5.794416427612305
651,best,-5.863008975982666,-4.418188095092773
652,best,-4.500968933105469,-3.121788501739502
653,best,-4.966152667999268,-3.3909661769866943
654,best,-5.196462154388428,-4.112560749053955
655,best,-5.686653137207031,-4.17423152923584
656,best,-6.194815158843994,-5.1333513259887695
657,best,-6.347290515899658,-5.316975116729736
658,best,-5.540963649749756,-3.8050167560577393
659,best,-4.772211074829102,-3.2383689880371094
660,best,-4.939038276672363,-3.99685001373291
661,best,-5.10323429107666,-4.335289478302002
662,best,-5.271648406982422,-4.804031848907471
663,best,-5.342241287231445,-4.505807399749756
664,best,-4.9853434562683105,-4.493527412414551
665,best,-5.601494789123535,-5.155300617218018
666,best,-4.698849678039551,-4.454310894012451
667,best,-5.4173126220703125,-4.197368144989014
668,best,-5.13204288482666,-4.304407119750977
669,best,-4.498390197753906,-4.041172027587891
670,best,-5.7223615646362305,-5.200172424316406
671,best,-4.673515319824219,-4.013123512268066
672,best,-4.910163402557373,-4.362414360046387
673,best,-4.447273254394531,-3.7451088428497314
674,best,-5.7223615646362305,-5.200172424316406
675,best,-5.202942371368408,-4.768499374389648
676,best,-5.719640731811523,-5.11821174621582
677,best,-4.682981491088867,-4.078535556793213
678,best,-4.993532657623291,-4.053644180297852
679,best,-5.429568290710449,-4.482754707336426
680,best,-5.150960445404053,-4.286087512969971
681,best,-4.488671779632568,-3.956216812133789
682,best,-4.291426181793213,-3.5820438861846924
683,best,-5.059329986572266,-3.718078136444092
684,best,-4.996112823486328,-3.282905340194702
685,best,-4.400585651397705,-3.233086109161377
686,best,-4.45025634765625,-3.0225753784179688
687,best,-4.567391395568848,-3.4343137741088867
688,best,-5.416343688964844,-4.544597625732422
689,best,-5.277292728424072,-4.112524032592773
690,best,-5.653436660766602,-4.236541748046875
691,best,-4.26584529876709,-3.204249382019043
692,best,-5.627979755401611,-4.56121301651001
693,best,-4.385344505310059,-3.3929238319396973
694,best,-5.561378002166748,-4.4178643226623535
695,best,-5.188145637512207,-3.978846549987793
696,best,-5.358122825622559,-4.4685211181640625
697,best,-4.39763879776001,-3.12131667137146
698,best,-5.6036858558654785,-4.184354305267334
699,best,-4.847970485687256,-3.5885462760925293
