item_id,model_state,do,pp
0,initial,-8.097444534301758,-7.518930912017822
1,initial,-8.739086151123047,-8.345198631286621
2,initial,-7.704437255859375,-7.26738977432251
3,initial,-9.462419509887695,-8.8020601272583
4,initial,-8.032503128051758,-6.449949264526367
5,initial,-8.722818374633789,-7.975183963775635
6,initial,-9.775312423706055,-9.094273567199707
7,initial,-8.514488220214844,-7.763143539428711
8,initial,-7.8636956214904785,-6.634270668029785
9,initial,-7.704437255859375,-7.26738977432251
10,initial,-9.662697792053223,-8.220657348632812
11,initial,-7.403129577636719,-6.9258856773376465
12,initial,-8.46702766418457,-7.113556385040283
13,initial,-9.578457832336426,-8.234393119812012
14,initial,-7.8636956214904785,-6.634270668029785
15,initial,-9.57707405090332,-8.543123245239258
16,initial,-7.624970436096191,-6.995595455169678
17,initial,-8.247666358947754,-7.9228715896606445
18,initial,-9.835683822631836,-9.328700065612793
19,initial,-7.486901760101318,-7.0233845710754395
20,initial,-7.480077266693115,-7.333255290985107
21,initial,-8.286694526672363,-7.716727256774902
22,initial,-9.429348945617676,-8.549958229064941
23,initial,-7.933126926422119,-7.41581392288208
24,initial,-9.271754264831543,-8.43410587310791
25,initial,-7.933126926422119,-7.41581392288208
26,initial,-9.665608406066895,-8.86376667022705
27,initial,-9.385732650756836,-9.283766746520996
28,initial,-7.55305814743042,-7.5601019859313965
29,initial,-9.711357116699219,-8.682120323181152
30,initial,-7.7992119789123535,-7.641854763031006
31,initial,-8.88264274597168,-8.04565715789795
32,initial,-9.429347038269043,-8.549958229064941
33,initial,-8.882641792297363,-8.04565715789795
34,initial,-8.409871101379395,-8.116110801696777
35,initial,-9.25263786315918,-8.931833267211914
36,initial,-7.55305814743042,-7.5601019859313965
37,initial,-8.882641792297363,-8.04565715789795
38,initial,-7.605421543121338,-7.5809712409973145
39,initial,-7.34774923324585,-6.96738338470459
40,initial,-7.773758888244629,-7.3076300621032715
41,initial,-7.581362247467041,-6.833220481872559
42,initial,-7.33586311340332,-6.732084274291992
43,initial,-8.395641326904297,-8.111035346984863
44,initial,-8.447688102722168,-7.055946350097656
45,initial,-7.723057746887207,-7.224705219268799
46,initial,-8.174359321594238,-6.979425430297852
47,initial,-7.9948530197143555,-7.305049419403076
48,initial,-8.984064102172852,-8.280571937561035
49,initial,-7.936985969543457,-7.075292587280273
50,initial,-8.275430679321289,-7.812963008880615
51,initial,-8.96821117401123,-8.088120460510254
52,initial,-8.122835159301758,-7.362826824188232
53,initial,-8.500672340393066,-7.8194074630737305
54,initial,-8.071966171264648,-7.546807289123535
55,initial,-7.978468894958496,-7.0589919090271
56,initial,-7.836956977844238,-6.850945949554443
57,initial,-6.830767631530762,-6.50234842300415
58,initial,-8.027900695800781,-7.103549003601074
59,initial,-7.72953462600708,-6.709050178527832
60,initial,-8.632322311401367,-8.502684593200684
61,initial,-9.218527793884277,-8.200486183166504
62,initial,-10.866693496704102,-9.90705394744873
63,initial,-9.828446388244629,-9.174979209899902
64,initial,-8.425971031188965,-7.834977626800537
65,initial,-7.738227367401123,-7.9328484535217285
66,initial,-8.102828025817871,-7.61671781539917
67,initial,-10.853073120117188,-10.257661819458008
68,initial,-8.683903694152832,-8.217517852783203
69,initial,-8.300536155700684,-7.800696849822998
70,initial,-8.482431411743164,-7.922868251800537
71,initial,-9.349936485290527,-9.336472511291504
72,initial,-7.1487860679626465,-6.920623779296875
73,initial,-7.948650360107422,-7.846381664276123
74,initial,-7.2537641525268555,-7.327730655670166
75,initial,-9.702836036682129,-8.825624465942383
76,initial,-8.467114448547363,-7.732697486877441
77,initial,-9.681039810180664,-9.149153709411621
78,initial,-7.839359760284424,-7.507275104522705
79,initial,-8.322404861450195,-7.513675212860107
80,initial,-6.191285610198975,-6.1268110275268555
81,initial,-6.117942810058594,-5.969539642333984
82,initial,-8.632486343383789,-7.71279239654541
83,initial,-7.219481468200684,-6.572295665740967
84,initial,-6.799336910247803,-6.730302333831787
85,initial,-8.643829345703125,-8.083144187927246
86,initial,-8.00000286102295,-7.567380905151367
87,initial,-6.844289779663086,-6.732356071472168
88,initial,-7.188171863555908,-6.902257442474365
89,initial,-5.787550449371338,-5.817802429199219
90,initial,-7.214731693267822,-6.259554862976074
91,initial,-9.40773868560791,-8.830738067626953
92,initial,-6.404115676879883,-5.924086093902588
93,initial,-7.214035987854004,-7.251368045806885
94,initial,-7.140024185180664,-7.143704891204834
95,initial,-7.0271100997924805,-6.981325149536133
96,initial,-6.7589592933654785,-6.366482734680176
97,initial,-7.205971717834473,-6.580009460449219
98,initial,-8.644627571105957,-8.441912651062012
99,initial,-6.899542331695557,-6.521256446838379
100,initial,-8.537261962890625,-7.285547733306885
101,initial,-7.918118953704834,-6.936679840087891
102,initial,-8.988160133361816,-8.125866889953613
103,initial,-7.674668788909912,-6.591345310211182
104,initial,-7.674668788909912,-6.591345310211182
105,initial,-7.831857204437256,-6.938665390014648
106,initial,-8.600478172302246,-7.852447509765625
107,initial,-8.343960762023926,-7.3912434577941895
108,initial,-7.08794641494751,-6.427809715270996
109,initial,-9.525493621826172,-8.71757698059082
110,initial,-9.086222648620605,-8.117362022399902
111,initial,-7.919320583343506,-7.208861351013184
112,initial,-8.982549667358398,-7.997443199157715
113,initial,-8.801204681396484,-7.863632678985596
114,initial,-7.5667901039123535,-6.9988017082214355
115,initial,-8.150213241577148,-7.476065635681152
116,initial,-9.384836196899414,-8.19570255279541
117,initial,-9.050005912780762,-7.915599822998047
118,initial,-8.600478172302246,-7.852447509765625
119,initial,-9.541759490966797,-8.210431098937988
120,initial,-8.113337516784668,-6.771435737609863
121,initial,-7.9997382164001465,-6.618321418762207
122,initial,-8.704299926757812,-7.228169918060303
123,initial,-8.0091552734375,-6.339544773101807
124,initial,-8.078682899475098,-7.282630920410156
125,initial,-10.230334281921387,-8.079976081848145
126,initial,-9.822240829467773,-8.662721633911133
127,initial,-9.454059600830078,-7.189974308013916
128,initial,-8.321980476379395,-6.922024250030518
129,initial,-10.086104393005371,-8.158537864685059
130,initial,-8.220865249633789,-6.64862060546875
131,initial,-7.511216640472412,-6.780448913574219
132,initial,-7.947362422943115,-7.04069185256958
133,initial,-10.010784149169922,-8.101861000061035
134,initial,-10.086104393005371,-8.158537864685059
135,initial,-7.981284141540527,-6.81421422958374
136,initial,-7.608808994293213,-6.5865960121154785
137,initial,-7.981284141540527,-6.81421422958374
138,initial,-10.23033332824707,-8.079976081848145
139,initial,-8.093441009521484,-6.966098785400391
140,initial,-7.272531032562256,-6.772153854370117
141,initial,-8.135269165039062,-7.045208930969238
142,initial,-7.783548355102539,-6.814661502838135
143,initial,-6.945242881774902,-6.0992350578308105
144,initial,-8.689929962158203,-8.065750122070312
145,initial,-7.589828014373779,-6.431759834289551
146,initial,-8.886570930480957,-7.7451701164245605
147,initial,-9.053814888000488,-8.3037748336792
148,initial,-7.876998424530029,-6.784512996673584
149,initial,-7.684480667114258,-6.7164082527160645
150,initial,-8.26254653930664,-7.47526741027832
151,initial,-8.347482681274414,-7.594821929931641
152,initial,-8.908430099487305,-7.574120998382568
153,initial,-8.507367134094238,-7.611320495605469
154,initial,-7.272531032562256,-6.772153854370117
155,initial,-8.886570930480957,-7.7451701164245605
156,initial,-8.99345588684082,-7.838204860687256
157,initial,-8.851784706115723,-7.655794620513916
158,initial,-7.685842514038086,-6.743363857269287
159,initial,-8.886570930480957,-7.7451701164245605
160,initial,-9.085856437683105,-8.139418601989746
161,initial,-8.688741683959961,-7.201475143432617
162,initial,-8.176313400268555,-7.8780364990234375
163,initial,-9.639115333557129,-8.952771186828613
164,initial,-10.45820140838623,-9.32812213897705
165,initial,-7.317712783813477,-6.879907131195068
166,initial,-8.539055824279785,-7.78455114364624
167,initial,-9.639115333557129,-8.952771186828613
168,initial,-8.778725624084473,-7.396739959716797
169,initial,-8.030001640319824,-7.5543599128723145
170,initial,-9.97263240814209,-8.32015609741211
171,initial,-9.070898056030273,-7.901172637939453
172,initial,-8.001729011535645,-7.510763645172119
173,initial,-10.165300369262695,-9.221412658691406
174,initial,-9.857446670532227,-9.018580436706543
175,initial,-8.665008544921875,-7.940495014190674
176,initial,-10.09135627746582,-8.9556245803833
177,initial,-8.272021293640137,-7.4056878089904785
178,initial,-8.116486549377441,-6.950196266174316
179,initial,-9.50395393371582,-7.543283462524414
180,initial,-7.226578235626221,-6.856855392456055
181,initial,-6.113816261291504,-5.948346138000488
182,initial,-6.649757385253906,-6.444650173187256
183,initial,-7.0759992599487305,-6.625095367431641
184,initial,-7.056097507476807,-6.086366176605225
185,initial,-8.033596992492676,-7.633841514587402
186,initial,-7.434057235717773,-7.317403793334961
187,initial,-9.119009017944336,-8.059549331665039
188,initial,-6.438642501831055,-6.009084701538086
189,initial,-7.730216026306152,-7.016676902770996
190,initial,-8.093852043151855,-6.872139930725098
191,initial,-7.226578235626221,-6.856855392456055
192,initial,-7.513824462890625,-7.1092209815979
193,initial,-7.9580583572387695,-7.460775375366211
194,initial,-7.34157657623291,-6.9284210205078125
195,initial,-8.170452117919922,-7.611904144287109
196,initial,-7.694163799285889,-7.061387538909912
197,initial,-8.123885154724121,-6.817797660827637
198,initial,-8.684370994567871,-8.112248420715332
199,initial,-7.194448471069336,-6.540560722351074
200,initial,-7.048337459564209,-6.258543968200684
201,initial,-8.576216697692871,-7.586700439453125
202,initial,-8.286002159118652,-7.0592474937438965
203,initial,-7.961239337921143,-6.216456413269043
204,initial,-7.961239337921143,-6.216456413269043
205,initial,-7.920295238494873,-7.136362075805664
206,initial,-9.271492958068848,-8.18280029296875
207,initial,-9.536391258239746,-8.213488578796387
208,initial,-7.961239337921143,-6.216456413269043
209,initial,-7.920295238494873,-7.136362075805664
210,initial,-8.336051940917969,-7.529327392578125
211,initial,-8.4839448928833,-6.699836730957031
212,initial,-8.4839448928833,-6.699836730957031
213,initial,-8.703923225402832,-7.4060211181640625
214,initial,-8.336051940917969,-7.529327392578125
215,initial,-8.659029960632324,-7.5023956298828125
216,initial,-9.103407859802246,-7.748438358306885
217,initial,-9.460725784301758,-7.965425968170166
218,initial,-8.137541770935059,-7.120745658874512
219,initial,-7.5988078117370605,-6.443673610687256
220,initial,-7.1952385902404785,-6.7851762771606445
221,initial,-7.104209899902344,-7.084092617034912
222,initial,-7.177963733673096,-6.844147205352783
223,initial,-7.323421001434326,-7.172702789306641
224,initial,-8.225828170776367,-7.867464065551758
225,initial,-7.562713623046875,-7.375216960906982
226,initial,-7.204442501068115,-6.979337215423584
227,initial,-7.22660493850708,-6.890816688537598
228,initial,-7.634888648986816,-7.305708885192871
229,initial,-7.562713623046875,-7.375216960906982
230,initial,-8.39758586883545,-7.790168762207031
231,initial,-6.965144634246826,-6.401134967803955
232,initial,-8.133339881896973,-7.348372459411621
233,initial,-8.955378532409668,-8.175896644592285
234,initial,-8.983634948730469,-7.952474117279053
235,initial,-7.504812717437744,-7.074735641479492
236,initial,-6.826108932495117,-6.595803260803223
237,initial,-7.0013813972473145,-6.667978286743164
238,initial,-8.805668830871582,-8.095276832580566
239,initial,-7.294255256652832,-7.128123760223389
240,initial,-6.712966442108154,-6.6944074630737305
241,initial,-7.85738468170166,-7.636987686157227
242,initial,-8.353620529174805,-7.945810317993164
243,initial,-7.161459922790527,-7.113147258758545
244,initial,-8.097402572631836,-7.702711582183838
245,initial,-8.402647972106934,-8.146513938903809
246,initial,-7.514976501464844,-7.279536724090576
247,initial,-8.204028129577637,-8.15096664428711
248,initial,-8.337989807128906,-8.298386573791504
249,initial,-8.322212219238281,-7.943085670471191
250,initial,-7.9917778968811035,-7.774959564208984
251,initial,-6.789039611816406,-7.039076805114746
252,initial,-6.90791654586792,-7.109923362731934
253,initial,-7.156288146972656,-7.221685409545898
254,initial,-6.690543174743652,-6.718352794647217
255,initial,-7.710021495819092,-7.481969833374023
256,initial,-8.593436241149902,-8.26123332977295
257,initial,-8.725127220153809,-8.24276351928711
258,initial,-6.944155216217041,-6.925097942352295
259,initial,-6.258907318115234,-6.268660545349121
260,initial,-7.0625433921813965,-7.061430931091309
261,initial,-7.169754981994629,-7.0994133949279785
262,initial,-6.610265254974365,-6.487555027008057
263,initial,-7.492550373077393,-7.617592811584473
264,initial,-7.402711868286133,-7.450629234313965
265,initial,-6.835744380950928,-7.051408767700195
266,initial,-6.820376396179199,-6.737310409545898
267,initial,-6.557618141174316,-6.572571754455566
268,initial,-6.79720401763916,-7.016542911529541
269,initial,-7.533779621124268,-7.3127593994140625
270,initial,-6.844435214996338,-6.8236165046691895
271,initial,-6.437932968139648,-6.443350791931152
272,initial,-6.1816864013671875,-6.221395492553711
273,initial,-6.739161014556885,-6.530209541320801
274,initial,-7.58843469619751,-7.62680196762085
275,initial,-6.220844268798828,-6.181309700012207
276,initial,-7.032449722290039,-6.7502007484436035
277,initial,-6.6186418533325195,-6.643283843994141
278,initial,-6.557459831237793,-6.962278842926025
279,initial,-7.01672887802124,-6.991939544677734
280,initial,-9.632790565490723,-8.762677192687988
281,initial,-8.06252670288086,-8.14813232421875
282,initial,-8.050507545471191,-8.004066467285156
283,initial,-7.628841876983643,-7.590115070343018
284,initial,-7.291586875915527,-7.372249126434326
285,initial,-6.879852294921875,-7.131744384765625
286,initial,-8.748177528381348,-8.543625831604004
287,initial,-8.243423461914062,-7.877209186553955
288,initial,-8.096426963806152,-7.8668012619018555
289,initial,-6.457742691040039,-6.964661598205566
290,initial,-8.751873970031738,-8.597456932067871
291,initial,-8.901269912719727,-8.603402137756348
292,initial,-7.856165409088135,-8.014456748962402
293,initial,-8.847527503967285,-8.533649444580078
294,initial,-6.6344451904296875,-6.761362075805664
295,initial,-7.269638538360596,-7.392151832580566
296,initial,-7.942051410675049,-7.6869378089904785
297,initial,-9.898343086242676,-9.040868759155273
298,initial,-7.4510040283203125,-7.57208776473999
299,initial,-8.963397026062012,-8.813455581665039
300,initial,-7.16179895401001,-6.815654277801514
301,initial,-7.226855278015137,-6.931343078613281
302,initial,-6.769192695617676,-6.4473090171813965
303,initial,-7.557772636413574,-7.278364181518555
304,initial,-6.861809253692627,-6.458157062530518
305,initial,-7.633485794067383,-7.530058860778809
306,initial,-9.084379196166992,-8.523416519165039
307,initial,-6.9673261642456055,-6.606726169586182
308,initial,-7.161848545074463,-6.391296863555908
309,initial,-6.368118762969971,-6.312101364135742
310,initial,-7.984458923339844,-7.868691921234131
311,initial,-6.907491207122803,-6.868510723114014
312,initial,-7.242487907409668,-6.922909259796143
313,initial,-7.099493503570557,-6.714205265045166
314,initial,-6.441321849822998,-6.258298873901367
315,initial,-6.516901016235352,-6.309316158294678
316,initial,-5.973512172698975,-5.690006732940674
317,initial,-7.544102668762207,-7.343163013458252
318,initial,-6.488452911376953,-6.206628799438477
319,initial,-7.939859867095947,-7.762447357177734
320,initial,-5.970920085906982,-5.696715831756592
321,initial,-7.323613166809082,-6.9089035987854
322,initial,-7.010379314422607,-6.976349830627441
323,initial,-7.070183753967285,-6.579678535461426
324,initial,-7.474538326263428,-7.188894748687744
325,initial,-6.95550537109375,-6.69235897064209
326,initial,-7.357576370239258,-7.388223648071289
327,initial,-8.12579345703125,-7.675141334533691
328,initial,-5.869649887084961,-5.97540283203125
329,initial,-7.752991676330566,-7.46007776260376
330,initial,-6.814854145050049,-6.5808587074279785
331,initial,-7.580999374389648,-7.393217086791992
332,initial,-7.644084930419922,-7.669523239135742
333,initial,-6.927360534667969,-6.756600379943848
334,initial,-6.959989070892334,-6.571604251861572
335,initial,-6.84603214263916,-6.532088279724121
336,initial,-7.268970012664795,-7.378332614898682
337,initial,-6.995800971984863,-6.659830570220947
338,initial,-6.004377365112305,-5.886948585510254
339,initial,-7.330194473266602,-7.112546920776367
340,initial,-7.290956974029541,-6.20728874206543
341,initial,-10.417893409729004,-9.629599571228027
342,initial,-9.939562797546387,-9.065044403076172
343,initial,-9.986469268798828,-9.35594654083252
344,initial,-8.190702438354492,-7.547481060028076
345,initial,-8.138413429260254,-7.074985980987549
346,initial,-10.123758316040039,-8.416274070739746
347,initial,-7.672300815582275,-7.582447052001953
348,initial,-10.297830581665039,-9.288253784179688
349,initial,-8.307385444641113,-7.426670074462891
350,initial,-8.39838981628418,-8.750314712524414
351,initial,-10.540985107421875,-10.231639862060547
352,initial,-8.844399452209473,-7.754451751708984
353,initial,-10.265963554382324,-9.309969902038574
354,initial,-8.431408882141113,-7.69836950302124
355,initial,-8.8870267868042,-8.656908988952637
356,initial,-10.784406661987305,-10.348173141479492
357,initial,-10.418725967407227,-9.674981117248535
358,initial,-8.388903617858887,-7.250685214996338
359,initial,-8.72136116027832,-7.800009250640869
360,initial,-8.002931594848633,-7.562076568603516
361,initial,-9.92683219909668,-9.081536293029785
362,initial,-7.978137493133545,-7.5732903480529785
363,initial,-7.780982971191406,-7.864800930023193
364,initial,-8.121164321899414,-8.289046287536621
365,initial,-7.854034423828125,-7.885606288909912
366,initial,-7.771952152252197,-8.31177806854248
367,initial,-9.283846855163574,-8.409687995910645
368,initial,-9.7805757522583,-8.612730979919434
369,initial,-10.852294921875,-10.70057201385498
370,initial,-7.805188179016113,-7.747356414794922
371,initial,-10.418597221374512,-10.395873069763184
372,initial,-9.328227043151855,-8.762950897216797
373,initial,-10.64155101776123,-10.530198097229004
374,initial,-8.675492286682129,-8.64681625366211
375,initial,-6.949094295501709,-6.478067398071289
376,initial,-8.412511825561523,-8.663000106811523
377,initial,-9.92683219909668,-9.081536293029785
378,initial,-7.780982971191406,-7.864800930023193
379,initial,-8.373002052307129,-8.306413650512695
380,initial,-7.562778472900391,-7.639951705932617
381,initial,-9.238470077514648,-8.205460548400879
382,initial,-7.376195907592773,-7.081727027893066
383,initial,-8.7227201461792,-8.917181015014648
384,initial,-6.814839839935303,-6.274491786956787
385,initial,-8.318448066711426,-8.183563232421875
386,initial,-8.372579574584961,-7.760030746459961
387,initial,-8.67976188659668,-8.49614143371582
388,initial,-7.901547908782959,-7.77958869934082
389,initial,-7.677069187164307,-7.802824974060059
390,initial,-7.711643218994141,-8.103657722473145
391,initial,-7.78358793258667,-7.169442176818848
392,initial,-7.876833438873291,-7.610350608825684
393,initial,-8.764504432678223,-8.396631240844727
394,initial,-7.500263214111328,-7.81760835647583
395,initial,-9.175527572631836,-9.303910255432129
396,initial,-8.548304557800293,-8.218605995178223
397,initial,-7.145425319671631,-7.302677154541016
398,initial,-7.34274435043335,-7.656624794006348
399,initial,-7.156271934509277,-6.799097061157227
400,initial,-8.306279182434082,-7.85460901260376
401,initial,-9.610990524291992,-9.285821914672852
402,initial,-10.529289245605469,-10.707079887390137
403,initial,-7.148406982421875,-7.083203315734863
404,initial,-9.073907852172852,-8.12709903717041
405,initial,-9.146125793457031,-8.192974090576172
406,initial,-8.798834800720215,-8.487780570983887
407,initial,-8.331042289733887,-8.599340438842773
408,initial,-7.194110870361328,-7.14384126663208
409,initial,-8.839461326599121,-7.860549449920654
410,initial,-8.085670471191406,-7.752269744873047
411,initial,-8.930920600891113,-8.731973648071289
412,initial,-8.863051414489746,-8.757477760314941
413,initial,-7.7961812019348145,-7.741814613342285
414,initial,-9.142166137695312,-8.91105842590332
415,initial,-9.608603477478027,-9.040480613708496
416,initial,-10.190912246704102,-9.149174690246582
417,initial,-9.562809944152832,-9.244704246520996
418,initial,-8.957157135009766,-8.065018653869629
419,initial,-7.148406982421875,-7.083203315734863
420,initial,-8.13084602355957,-7.26841402053833
421,initial,-6.300546646118164,-6.439272403717041
422,initial,-7.335975646972656,-6.944528579711914
423,initial,-7.4269843101501465,-7.0767340660095215
424,initial,-6.918606758117676,-6.699293613433838
425,initial,-8.667959213256836,-8.1299409866333
426,initial,-8.800111770629883,-8.521781921386719
427,initial,-9.46367359161377,-9.049566268920898
428,initial,-8.329056739807129,-8.018210411071777
429,initial,-6.566773891448975,-6.479551792144775
430,initial,-9.550031661987305,-9.594382286071777
431,initial,-7.2054314613342285,-7.094239711761475
432,initial,-6.970442771911621,-7.030557632446289
433,initial,-8.797080039978027,-7.757331848144531
434,initial,-7.904625415802002,-7.676828861236572
435,initial,-6.811549186706543,-6.405588626861572
436,initial,-6.958903789520264,-6.879391670227051
437,initial,-6.691469192504883,-6.453341484069824
438,initial,-6.9693169593811035,-6.752853870391846
439,initial,-7.192601203918457,-6.9372477531433105
440,initial,-8.380642890930176,-7.615242958068848
441,initial,-6.360169887542725,-5.692399024963379
442,initial,-8.45421028137207,-7.703924655914307
443,initial,-7.549008369445801,-7.204826354980469
444,initial,-7.8310866355896,-7.088881015777588
445,initial,-8.177708625793457,-7.431563854217529
446,initial,-9.218401908874512,-8.82535457611084
447,initial,-9.381501197814941,-8.624183654785156
448,initial,-8.508384704589844,-7.5653581619262695
449,initial,-7.142596244812012,-6.850765228271484
450,initial,-8.520078659057617,-7.777351379394531
451,initial,-8.182903289794922,-7.293686866760254
452,initial,-8.817548751831055,-7.559372425079346
453,initial,-8.296792030334473,-7.042452812194824
454,initial,-7.857813358306885,-7.314730167388916
455,initial,-7.530400276184082,-6.982744216918945
456,initial,-7.465377330780029,-6.874897480010986
457,initial,-7.548769474029541,-7.065986633300781
458,initial,-8.099024772644043,-7.471242427825928
459,initial,-7.490952014923096,-7.295032978057861
460,initial,-8.524008750915527,-7.8705339431762695
461,initial,-6.458133697509766,-6.072688102722168
462,initial,-6.456600189208984,-6.2951436042785645
463,initial,-7.712632656097412,-7.3496294021606445
464,initial,-7.472400188446045,-7.3392181396484375
465,initial,-7.136277198791504,-7.091097831726074
466,initial,-6.6111741065979,-6.57675838470459
467,initial,-6.911076545715332,-6.669366836547852
468,initial,-7.7410783767700195,-7.396280288696289
469,initial,-7.458914756774902,-7.154196262359619
470,initial,-7.282686710357666,-7.0850749015808105
471,initial,-8.970097541809082,-8.213492393493652
472,initial,-7.502495765686035,-7.1893744468688965
473,initial,-7.384486675262451,-6.85187292098999
474,initial,-7.0897979736328125,-6.957405090332031
475,initial,-7.327536582946777,-7.052106857299805
476,initial,-6.3231048583984375,-6.276700496673584
477,initial,-7.281453609466553,-7.009413719177246
478,initial,-6.582313537597656,-6.219998359680176
479,initial,-6.594630241394043,-6.468189716339111
480,initial,-6.454758644104004,-6.411778450012207
481,initial,-7.222072124481201,-6.845162868499756
482,initial,-7.77094030380249,-7.320524215698242
483,initial,-6.508876800537109,-6.185362339019775
484,initial,-5.973154544830322,-5.543758869171143
485,initial,-6.4953413009643555,-6.560949802398682
486,initial,-6.4953413009643555,-6.560949802398682
487,initial,-7.309322834014893,-7.242927551269531
488,initial,-6.405727386474609,-6.041648864746094
489,initial,-7.255000114440918,-7.168342590332031
490,initial,-7.933738708496094,-7.509608268737793
491,initial,-9.236193656921387,-8.472716331481934
492,initial,-6.4953413009643555,-6.560949802398682
493,initial,-6.362977027893066,-6.022356986999512
494,initial,-7.017898082733154,-6.460788249969482
495,initial,-7.418691158294678,-7.155172348022461
496,initial,-6.4811530113220215,-6.5187835693359375
497,initial,-6.5939459800720215,-6.1177191734313965
498,initial,-6.362977027893066,-6.022356986999512
499,initial,-7.430088520050049,-7.2711005210876465
500,initial,-6.052875518798828,-6.4383111000061035
501,initial,-6.413160800933838,-6.50399923324585
502,initial,-6.630631446838379,-6.551194667816162
503,initial,-8.019753456115723,-7.9301042556762695
504,initial,-6.559722423553467,-6.430959224700928
505,initial,-6.466734409332275,-6.619955062866211
506,initial,-6.442751407623291,-6.751020908355713
507,initial,-8.274242401123047,-8.281523704528809
508,initial,-6.991623878479004,-6.8902177810668945
509,initial,-6.532623291015625,-6.475444316864014
510,initial,-8.169623374938965,-7.72964334487915
511,initial,-7.680689334869385,-7.470208644866943
512,initial,-6.612661838531494,-6.516960620880127
513,initial,-6.720059871673584,-6.6133341789245605
514,initial,-6.994535446166992,-7.064839839935303
515,initial,-6.914285659790039,-6.706780910491943
516,initial,-6.86603307723999,-6.939113140106201
517,initial,-5.436471462249756,-5.36161994934082
518,initial,-7.361907958984375,-7.320890426635742
519,initial,-8.258702278137207,-8.395258903503418
520,initial,-7.607117652893066,-7.475219249725342
521,initial,-7.357430934906006,-7.275144100189209
522,initial,-8.55724811553955,-8.06655502319336
523,initial,-7.482455730438232,-7.418055534362793
524,initial,-6.509561538696289,-6.682062149047852
525,initial,-8.105685234069824,-8.09623908996582
526,initial,-6.303030967712402,-6.105923175811768
527,initial,-5.680296897888184,-5.966845989227295
528,initial,-8.754557609558105,-8.17056941986084
529,initial,-7.59048318862915,-7.692783832550049
530,initial,-7.377338886260986,-7.2267937660217285
531,initial,-8.583540916442871,-8.552597999572754
532,initial,-9.003552436828613,-8.355144500732422
533,initial,-7.480202674865723,-7.497050762176514
534,initial,-8.088408470153809,-7.809689998626709
535,initial,-6.591797828674316,-6.64170503616333
536,initial,-6.133517265319824,-6.727779865264893
537,initial,-8.583540916442871,-8.552597999572754
538,initial,-6.331863880157471,-6.304983139038086
539,initial,-6.903586387634277,-6.79799222946167
540,initial,-5.705112934112549,-5.908075332641602
541,initial,-5.7194623947143555,-5.697420597076416
542,initial,-6.5515546798706055,-6.360654830932617
543,initial,-5.856964111328125,-5.950774192810059
544,initial,-6.010231018066406,-5.9578351974487305
545,initial,-6.245865345001221,-6.196609973907471
546,initial,-6.38755464553833,-6.422591209411621
547,initial,-6.540388107299805,-6.641371250152588
548,initial,-5.896745204925537,-5.700830459594727
549,initial,-6.085261344909668,-5.9754462242126465
550,initial,-6.586082458496094,-6.344178199768066
551,initial,-7.123599529266357,-6.998249053955078
552,initial,-6.365677356719971,-6.278452396392822
553,initial,-7.617950439453125,-7.034470081329346
554,initial,-7.6065449714660645,-7.615746974945068
555,initial,-7.505145072937012,-6.9941816329956055
556,initial,-5.50120210647583,-6.047677993774414
557,initial,-6.793668746948242,-6.443624019622803
558,initial,-6.097370624542236,-5.81160306930542
559,initial,-6.170282363891602,-5.999973773956299
560,initial,-7.388851642608643,-6.742636680603027
561,initial,-7.562154293060303,-6.631642818450928
562,initial,-7.974036693572998,-7.555563926696777
563,initial,-6.679542064666748,-6.420970916748047
564,initial,-8.09886360168457,-7.41591215133667
565,initial,-6.281569957733154,-5.650537490844727
566,initial,-6.726472854614258,-6.268631935119629
567,initial,-7.470603942871094,-6.758763790130615
568,initial,-6.875405788421631,-6.9200663566589355
569,initial,-7.358793258666992,-6.876023769378662
570,initial,-7.906179428100586,-7.362138748168945
571,initial,-7.114271640777588,-6.458831787109375
572,initial,-6.843121528625488,-6.759726047515869
573,initial,-8.310273170471191,-7.685434341430664
574,initial,-6.565016269683838,-6.271690845489502
575,initial,-6.409614086151123,-6.034273624420166
576,initial,-6.538113594055176,-6.150745391845703
577,initial,-5.828719615936279,-5.535585403442383
578,initial,-6.014047622680664,-5.9526238441467285
579,initial,-6.3822021484375,-5.99751091003418
580,initial,-7.628994464874268,-7.3001508712768555
581,initial,-8.475422859191895,-7.692010402679443
582,initial,-7.134705543518066,-6.502045154571533
583,initial,-8.869256019592285,-7.703400611877441
584,initial,-8.326788902282715,-7.913421630859375
585,initial,-6.844630718231201,-6.318826675415039
586,initial,-7.184898376464844,-6.740822792053223
587,initial,-8.729180335998535,-7.850503444671631
588,initial,-8.066359519958496,-7.425421714782715
589,initial,-8.137587547302246,-7.2078986167907715
590,initial,-8.508540153503418,-7.558749198913574
591,initial,-8.749831199645996,-7.877220630645752
592,initial,-8.689340591430664,-7.7828826904296875
593,initial,-7.68511962890625,-7.243382453918457
594,initial,-6.79311990737915,-6.135091304779053
595,initial,-8.77602481842041,-7.715370178222656
596,initial,-6.579808712005615,-6.082891464233398
597,initial,-7.916072368621826,-7.287206172943115
598,initial,-9.426470756530762,-8.174393653869629
599,initial,-8.395252227783203,-7.775111198425293
600,initial,-7.578392505645752,-7.510045051574707
601,initial,-9.117621421813965,-8.082313537597656
602,initial,-9.245997428894043,-8.232701301574707
603,initial,-8.778799057006836,-8.051726341247559
604,initial,-7.578392505645752,-7.510045051574707
605,initial,-7.541057586669922,-7.303345203399658
606,initial,-8.825495719909668,-7.965274333953857
607,initial,-7.939016819000244,-7.474972248077393
608,initial,-8.472162246704102,-7.657012939453125
609,initial,-8.85939884185791,-8.207249641418457
610,initial,-7.665313243865967,-7.180795669555664
611,initial,-9.245996475219727,-8.232701301574707
612,initial,-7.100679874420166,-6.6224141120910645
613,initial,-7.894672393798828,-7.389758586883545
614,initial,-7.220306396484375,-6.906123638153076
615,initial,-7.7698974609375,-7.533398151397705
616,initial,-7.33980131149292,-6.811163902282715
617,initial,-8.441667556762695,-7.6858811378479
618,initial,-7.467484474182129,-7.0073466300964355
619,initial,-8.771316528320312,-7.963547706604004
620,initial,-7.2869768142700195,-7.081728935241699
621,initial,-7.867970943450928,-7.629604816436768
622,initial,-8.510303497314453,-8.242607116699219
623,initial,-7.009551525115967,-6.90244197845459
624,initial,-7.320158958435059,-7.008001804351807
625,initial,-7.232561111450195,-7.324548244476318
626,initial,-8.20257568359375,-8.062337875366211
627,initial,-6.493195533752441,-6.362739086151123
628,initial,-7.237654209136963,-6.692077159881592
629,initial,-8.561112403869629,-7.941539287567139
630,initial,-7.947413444519043,-7.309563636779785
631,initial,-7.677261829376221,-7.074879169464111
632,initial,-6.509298324584961,-6.596953392028809
633,initial,-6.393979549407959,-6.3128509521484375
634,initial,-7.5129594802856445,-7.20253849029541
635,initial,-6.0062432289123535,-6.003716945648193
636,initial,-7.352252960205078,-7.3701019287109375
637,initial,-6.522126197814941,-6.407443046569824
638,initial,-7.686758518218994,-7.614212989807129
639,initial,-6.626630783081055,-6.1571784019470215
640,initial,-8.231287956237793,-7.357136249542236
641,initial,-7.615750789642334,-8.013737678527832
642,initial,-7.181396484375,-6.9151716232299805
643,initial,-8.830714225769043,-8.218390464782715
644,initial,-8.088263511657715,-8.334951400756836
645,initial,-8.286720275878906,-7.8776679039001465
646,initial,-9.334239959716797,-9.085476875305176
647,initial,-8.080228805541992,-7.160182952880859
648,initial,-10.003440856933594,-8.65295124053955
649,initial,-8.358888626098633,-8.106919288635254
650,initial,-8.070159912109375,-8.111674308776855
651,initial,-7.487300872802734,-7.358266353607178
652,initial,-7.580458641052246,-7.071918487548828
653,initial,-7.969747066497803,-7.204911231994629
654,initial,-7.986320495605469,-7.880471706390381
655,initial,-9.195744514465332,-8.669829368591309
656,initial,-9.0733060836792,-8.509736061096191
657,initial,-9.590764045715332,-8.871174812316895
658,initial,-8.968483924865723,-8.374411582946777
659,initial,-8.561842918395996,-7.788823127746582
660,initial,-7.9570136070251465,-7.296750545501709
661,initial,-5.920522689819336,-5.6647515296936035
662,initial,-8.11954402923584,-7.527013301849365
663,initial,-7.4440765380859375,-7.489854335784912
664,initial,-6.590117454528809,-6.380807399749756
665,initial,-6.545750617980957,-6.538993835449219
666,initial,-5.950149059295654,-5.939606189727783
667,initial,-7.068404674530029,-6.731587886810303
668,initial,-6.383766174316406,-6.328437328338623
669,initial,-5.680380821228027,-5.913848400115967
670,initial,-8.253467559814453,-7.947537899017334
671,initial,-6.753077983856201,-6.583402156829834
672,initial,-7.821544170379639,-7.335790634155273
673,initial,-6.412373065948486,-6.296966075897217
674,initial,-8.253466606140137,-7.947536945343018
675,initial,-7.114659309387207,-7.027041912078857
676,initial,-8.459633827209473,-7.85025691986084
677,initial,-7.060788631439209,-6.610629558563232
678,initial,-7.192259311676025,-7.1158857345581055
679,initial,-7.4004411697387695,-7.410130500793457
680,initial,-7.530825138092041,-6.583193778991699
681,initial,-7.412388801574707,-6.717498779296875
682,initial,-7.179670333862305,-6.552145481109619
683,initial,-8.263956069946289,-7.711740970611572
684,initial,-7.479386329650879,-6.7107086181640625
685,initial,-6.3787665367126465,-5.977784633636475
686,initial,-7.279819965362549,-6.824317455291748
687,initial,-6.860663414001465,-6.570241928100586
688,initial,-7.2888898849487305,-6.49260139465332
689,initial,-7.8234782218933105,-7.323458671569824
690,initial,-7.064273834228516,-6.639126777648926
691,initial,-6.760210990905762,-6.46937370300293
692,initial,-7.387669563293457,-7.229679107666016
693,initial,-7.364729881286621,-6.743016242980957
694,initial,-7.250678539276123,-7.2971649169921875
695,initial,-7.8147687911987305,-7.653965473175049
696,initial,-8.686151504516602,-7.9136199951171875
697,initial,-7.253692150115967,-6.521498680114746
698,initial,-7.38028621673584,-7.001699924468994
699,initial,-6.9856157302856445,-6.365481853485107
0,final,-7.210762023925781,-6.636744976043701
1,final,-7.196127414703369,-7.141207218170166
2,final,-5.269143581390381,-5.2404913902282715
3,final,-13.189476013183594,-11.966984748840332
4,final,-7.1496758460998535,-5.822015762329102
5,final,-7.224217414855957,-6.689388275146484
6,final,-12.71203327178955,-11.31222915649414
7,final,-7.51361083984375,-6.305671215057373
8,final,-4.067683696746826,-3.3216989040374756
9,final,-5.269143581390381,-5.2404913902282715
10,final,-14.200335502624512,-11.309126853942871
11,final,-3.2685792446136475,-3.6540448665618896
12,final,-6.942873954772949,-5.806265354156494
13,final,-10.503174781799316,-8.784383773803711
14,final,-4.067683696746826,-3.3216989040374756
15,final,-12.877659797668457,-10.68715763092041
16,final,-7.177391052246094,-6.065817356109619
17,final,-11.423619270324707,-10.814995765686035
18,final,-13.627240180969238,-12.82275676727295
19,final,-6.979474067687988,-6.463799953460693
20,final,-2.574387788772583,-4.08892297744751
21,final,-11.146403312683105,-10.285125732421875
22,final,-12.134599685668945,-11.544754981994629
23,final,-5.1728434562683105,-5.280420780181885
24,final,-9.427125930786133,-8.894546508789062
25,final,-5.1728434562683105,-5.280420780181885
26,final,-12.710367202758789,-11.711874961853027
27,final,-11.399386405944824,-11.635555267333984
28,final,-8.88448429107666,-9.696352005004883
29,final,-12.930293083190918,-11.594535827636719
30,final,-4.692349910736084,-5.877211570739746
31,final,-6.634840965270996,-6.496932506561279
32,final,-12.134599685668945,-11.544754981994629
33,final,-6.634840488433838,-6.496933460235596
34,final,-5.829929828643799,-6.914900302886963
35,final,-11.925736427307129,-12.128150939941406
36,final,-8.88448429107666,-9.69635009765625
37,final,-6.634840488433838,-6.496933460235596
38,final,-4.288691997528076,-5.509970664978027
39,final,-4.17072868347168,-5.295003414154053
40,final,-6.722124099731445,-6.126951694488525
41,final,-6.309257507324219,-5.436021327972412
42,final,-9.498602867126465,-8.258797645568848
43,final,-12.210777282714844,-10.370999336242676
44,final,-7.6095709800720215,-6.563136100769043
45,final,-10.707389831542969,-9.318605422973633
46,final,-5.176205158233643,-4.475761890411377
47,final,-9.896986961364746,-9.124504089355469
48,final,-9.41466236114502,-8.57029914855957
49,final,-9.851487159729004,-8.983185768127441
50,final,-12.01344108581543,-9.991097450256348
51,final,-9.787606239318848,-8.035080909729004
52,final,-10.144806861877441,-9.103357315063477
53,final,-9.50843620300293,-8.439647674560547
54,final,-11.738035202026367,-9.997185707092285
55,final,-4.8108320236206055,-4.351243019104004
56,final,-6.531284332275391,-5.715651035308838
57,final,-5.799825668334961,-4.989864826202393
58,final,-5.1123785972595215,-3.985478401184082
59,final,-7.144758701324463,-6.004679203033447
60,final,-12.966900825500488,-11.362460136413574
61,final,-9.09782886505127,-7.302083492279053
62,final,-12.165494918823242,-10.391281127929688
63,final,-14.319290161132812,-11.439332008361816
64,final,-11.342061042785645,-10.149348258972168
65,final,-6.698548793792725,-6.021569728851318
66,final,-6.994836330413818,-5.721276760101318
67,final,-14.927213668823242,-13.369172096252441
68,final,-8.706962585449219,-7.488728046417236
69,final,-8.320941925048828,-7.057013988494873
70,final,-13.371006965637207,-10.674835205078125
71,final,-14.571856498718262,-12.78393268585205
72,final,-7.72069787979126,-6.435488224029541
73,final,-7.8967509269714355,-7.027164459228516
74,final,-11.849152565002441,-10.258489608764648
75,final,-13.926237106323242,-10.963528633117676
76,final,-7.4044365882873535,-6.141014099121094
77,final,-14.309562683105469,-11.442397117614746
78,final,-10.812634468078613,-9.287280082702637
79,final,-11.183857917785645,-9.434699058532715
80,final,-4.660776615142822,-4.524299144744873
81,final,-4.543097972869873,-3.8804497718811035
82,final,-5.694815158843994,-5.016905784606934
83,final,-8.766729354858398,-8.320390701293945
84,final,-9.718772888183594,-9.099357604980469
85,final,-9.802014350891113,-8.708588600158691
86,final,-10.971619606018066,-9.966694831848145
87,final,-10.097941398620605,-9.19597053527832
88,final,-9.908594131469727,-8.952987670898438
89,final,-7.925864219665527,-7.389623165130615
90,final,-7.12938928604126,-6.420652866363525
91,final,-12.705656051635742,-11.124556541442871
92,final,-5.54884672164917,-5.011785984039307
93,final,-6.1271514892578125,-5.676449298858643
94,final,-6.176845073699951,-5.706010818481445
95,final,-7.984780311584473,-7.498724937438965
96,final,-5.456404685974121,-4.771554946899414
97,final,-6.2571821212768555,-5.898962020874023
98,final,-11.199361801147461,-10.016182899475098
99,final,-6.65826940536499,-6.224825859069824
100,final,-8.235077857971191,-7.149338245391846
101,final,-6.6546173095703125,-5.672062397003174
102,final,-9.1754732131958,-8.6515474319458
103,final,-6.523136138916016,-5.814133167266846
104,final,-6.523136138916016,-5.814133167266846
105,final,-9.528706550598145,-8.947359085083008
106,final,-11.943724632263184,-10.143320083618164
107,final,-8.056777954101562,-7.230694770812988
108,final,-3.9824931621551514,-3.981895923614502
109,final,-13.10818862915039,-12.013595581054688
110,final,-13.028756141662598,-10.98897647857666
111,final,-6.833591461181641,-5.8885602951049805
112,final,-12.756529808044434,-11.045720100402832
113,final,-12.808756828308105,-10.722102165222168
114,final,-10.797148704528809,-9.638301849365234
115,final,-10.165277481079102,-9.447389602661133
116,final,-11.022754669189453,-9.213347434997559
117,final,-8.478887557983398,-7.498741626739502
118,final,-11.943724632263184,-10.143320083618164
119,final,-13.953498840332031,-11.35533332824707
120,final,-5.247211456298828,-3.7862632274627686
121,final,-3.556596040725708,-2.3433878421783447
122,final,-11.672019958496094,-9.42445182800293
123,final,-6.813605308532715,-4.719921588897705
124,final,-3.189990520477295,-2.2131285667419434
125,final,-12.626849174499512,-9.374442100524902
126,final,-13.305379867553711,-10.47012710571289
127,final,-9.902792930603027,-7.218441009521484
128,final,-5.659442901611328,-4.2403669357299805
129,final,-10.041974067687988,-7.469274520874023
130,final,-6.586984157562256,-4.7396321296691895
131,final,-6.57974910736084,-4.90523624420166
132,final,-3.397494077682495,-2.5888912677764893
133,final,-13.696432113647461,-10.222027778625488
134,final,-10.041974067687988,-7.469274520874023
135,final,-3.3536744117736816,-1.930219054222107
136,final,-4.904149532318115,-3.6574368476867676
137,final,-3.3536744117736816,-1.930219054222107
138,final,-12.626849174499512,-9.374442100524902
139,final,-9.839119911193848,-8.010003089904785
140,final,-5.799444675445557,-4.694897174835205
141,final,-8.738929748535156,-6.9523749351501465
142,final,-9.438865661621094,-7.68834924697876
143,final,-4.072690010070801,-2.769822835922241
144,final,-11.589179992675781,-9.221549987792969
145,final,-6.694343566894531,-5.1876726150512695
146,final,-11.582636833190918,-9.27402114868164
147,final,-11.66822624206543,-9.394187927246094
148,final,-9.445240020751953,-7.637611389160156
149,final,-5.939789295196533,-4.479245185852051
150,final,-10.72216796875,-8.849376678466797
151,final,-10.988570213317871,-8.842384338378906
152,final,-9.263442993164062,-7.1357927322387695
153,final,-8.866019248962402,-7.1290388107299805
154,final,-5.799444675445557,-4.694897174835205
155,final,-11.582636833190918,-9.27402114868164
156,final,-9.066320419311523,-7.070040702819824
157,final,-8.958428382873535,-7.062771320343018
158,final,-4.632379055023193,-3.334526777267456
159,final,-11.582636833190918,-9.27402114868164
160,final,-13.216158866882324,-9.796732902526855
161,final,-7.888254642486572,-5.639993190765381
162,final,-12.1334867477417,-9.277076721191406
163,final,-10.800272941589355,-8.622786521911621
164,final,-14.173428535461426,-11.232311248779297
165,final,-5.4854817390441895,-3.7722933292388916
166,final,-6.714908599853516,-5.136566162109375
167,final,-10.800272941589355,-8.622786521911621
168,final,-11.1564302444458,-8.575562477111816
169,final,-6.388851642608643,-4.794883728027344
170,final,-11.3589506149292,-8.485910415649414
171,final,-8.184282302856445,-5.927928447723389
172,final,-4.420454978942871,-3.189096689224243
173,final,-14.108981132507324,-10.53775691986084
174,final,-13.648694038391113,-10.291409492492676
175,final,-6.96523904800415,-5.05302095413208
176,final,-13.468585014343262,-10.260212898254395
177,final,-11.870277404785156,-9.415148735046387
178,final,-10.736798286437988,-8.418981552124023
179,final,-8.268548965454102,-5.605226039886475
180,final,-6.089545249938965,-4.815630912780762
181,final,-4.065528869628906,-3.1912498474121094
182,final,-5.609546184539795,-4.875584125518799
183,final,-9.471925735473633,-8.04555892944336
184,final,-6.4587507247924805,-5.447149753570557
185,final,-5.794945240020752,-4.361455917358398
186,final,-10.541308403015137,-8.94373893737793
187,final,-11.789921760559082,-9.24955940246582
188,final,-5.783145427703857,-4.891403675079346
189,final,-9.722782135009766,-8.369180679321289
190,final,-5.144919395446777,-3.6632702350616455
191,final,-6.089545249938965,-4.815630912780762
192,final,-9.810145378112793,-8.435636520385742
193,final,-6.963588714599609,-5.5116777420043945
194,final,-9.479002952575684,-8.574901580810547
195,final,-9.81309986114502,-8.349961280822754
196,final,-10.070125579833984,-8.676508903503418
197,final,-7.235606670379639,-5.49570894241333
198,final,-11.693292617797852,-9.379791259765625
199,final,-6.45316219329834,-5.505221366882324
200,final,-3.5555691719055176,-2.652327060699463
201,final,-11.847307205200195,-9.734951972961426
202,final,-8.883541107177734,-6.9326701164245605
203,final,-7.1065673828125,-5.19326114654541
204,final,-7.1065673828125,-5.19326114654541
205,final,-6.475086688995361,-4.870027542114258
206,final,-12.79647159576416,-9.884178161621094
207,final,-10.0855131149292,-7.8364176750183105
208,final,-7.1065673828125,-5.19326114654541
209,final,-6.475086688995361,-4.870027542114258
210,final,-11.076430320739746,-8.919492721557617
211,final,-7.837947368621826,-5.688591957092285
212,final,-7.837947368621826,-5.688591957092285
213,final,-9.814249992370605,-7.411678314208984
214,final,-11.076430320739746,-8.919492721557617
215,final,-8.845963478088379,-6.944395542144775
216,final,-10.613753318786621,-8.148185729980469
217,final,-13.380135536193848,-10.362897872924805
218,final,-5.210737705230713,-3.772127151489258
219,final,-3.051954984664917,-2.141169786453247
220,final,-6.591722011566162,-5.910612106323242
221,final,-6.341098308563232,-5.827258586883545
222,final,-6.5099358558654785,-5.857365131378174
223,final,-6.50474214553833,-5.783384323120117
224,final,-10.885549545288086,-9.786751747131348
225,final,-9.256278038024902,-8.706432342529297
226,final,-9.959644317626953,-9.267669677734375
227,final,-5.681211471557617,-5.645907402038574
228,final,-9.310590744018555,-8.485508918762207
229,final,-9.256278038024902,-8.706432342529297
230,final,-10.669987678527832,-9.780009269714355
231,final,-5.2548089027404785,-4.956822872161865
232,final,-8.720686912536621,-7.829766750335693
233,final,-11.337483406066895,-9.815300941467285
234,final,-11.310589790344238,-9.863658905029297
235,final,-9.22446060180664,-8.455801963806152
236,final,-5.375050067901611,-5.169259548187256
237,final,-5.536075115203857,-5.510560035705566
238,final,-11.48471736907959,-10.077981948852539
239,final,-5.627932071685791,-5.542776107788086
240,final,-4.678144454956055,-5.065645694732666
241,final,-6.145819664001465,-6.4256510734558105
242,final,-8.176374435424805,-8.18484878540039
243,final,-9.479240417480469,-9.512683868408203
244,final,-10.29455280303955,-10.093679428100586
245,final,-8.191963195800781,-8.148859024047852
246,final,-9.801769256591797,-9.490764617919922
247,final,-10.296093940734863,-10.34354019165039
248,final,-10.3352632522583,-10.186931610107422
249,final,-8.254231452941895,-8.088520050048828
250,final,-10.204948425292969,-9.937202453613281
251,final,-5.862441062927246,-6.0643110275268555
252,final,-5.701094627380371,-6.182416915893555
253,final,-5.132046699523926,-5.531833171844482
254,final,-4.764028549194336,-5.335684299468994
255,final,-9.862061500549316,-9.729440689086914
256,final,-10.305697441101074,-10.089875221252441
257,final,-10.604138374328613,-10.238507270812988
258,final,-5.031386375427246,-5.339987754821777
259,final,-2.9386978149414062,-3.7083523273468018
260,final,-9.911001205444336,-9.155426025390625
261,final,-10.076043128967285,-8.893277168273926
262,final,-7.814701557159424,-7.219928741455078
263,final,-10.236519813537598,-9.199913024902344
264,final,-7.136765480041504,-6.592024803161621
265,final,-9.283291816711426,-8.928489685058594
266,final,-6.197369575500488,-5.567383289337158
267,final,-6.39738130569458,-5.985283851623535
268,final,-7.986032485961914,-7.612881660461426
269,final,-8.782674789428711,-7.47769832611084
270,final,-8.805907249450684,-8.097216606140137
271,final,-4.868776798248291,-3.999417543411255
272,final,-8.261548042297363,-7.732110977172852
273,final,-6.373178482055664,-5.957709312438965
274,final,-8.665177345275879,-7.751405239105225
275,final,-4.450684547424316,-4.055591106414795
276,final,-5.1974968910217285,-4.254029273986816
277,final,-6.523426532745361,-5.891858100891113
278,final,-9.318743705749512,-8.75998592376709
279,final,-4.999719142913818,-4.550473213195801
280,final,-12.248908042907715,-10.95511245727539
281,final,-7.540771484375,-6.703038215637207
282,final,-9.733452796936035,-8.644270896911621
283,final,-10.743720054626465,-10.05525016784668
284,final,-5.180011749267578,-4.885584354400635
285,final,-7.391827583312988,-6.198974609375
286,final,-9.877293586730957,-8.615160942077637
287,final,-12.115422248840332,-10.482146263122559
288,final,-7.884223461151123,-6.822276592254639
289,final,-5.192957401275635,-4.569309234619141
290,final,-9.803791999816895,-8.796723365783691
291,final,-11.903528213500977,-10.544807434082031
292,final,-11.405157089233398,-10.507198333740234
293,final,-9.860628128051758,-8.501420974731445
294,final,-4.618105411529541,-4.162464618682861
295,final,-9.75051498413086,-8.746021270751953
296,final,-7.924984931945801,-6.690260887145996
297,final,-12.331832885742188,-10.97475528717041
298,final,-10.968657493591309,-10.221778869628906
299,final,-9.840723037719727,-8.581403732299805
300,final,-9.188660621643066,-8.712735176086426
301,final,-9.85010051727295,-9.058720588684082
302,final,-4.955808639526367,-4.7870097160339355
303,final,-9.399815559387207,-8.815726280212402
304,final,-6.745262622833252,-6.44650411605835
305,final,-7.092130661010742,-6.710524082183838
306,final,-11.563755989074707,-10.446673393249512
307,final,-6.4744486808776855,-6.35066032409668
308,final,-4.928257942199707,-4.483081340789795
309,final,-5.676199913024902,-5.470879077911377
310,final,-10.539815902709961,-9.841940879821777
311,final,-9.014999389648438,-8.484770774841309
312,final,-9.184916496276855,-8.695337295532227
313,final,-6.658057689666748,-6.4343719482421875
314,final,-8.834872245788574,-8.149859428405762
315,final,-6.1550164222717285,-5.761744976043701
316,final,-4.499730587005615,-4.4789814949035645
317,final,-9.579900741577148,-9.104289054870605
318,final,-5.928464412689209,-5.67689323425293
319,final,-7.719278335571289,-7.241573333740234
320,final,-3.7541770935058594,-3.541463851928711
321,final,-10.18509292602539,-9.365304946899414
322,final,-10.328929901123047,-9.629803657531738
323,final,-4.774550914764404,-4.283383846282959
324,final,-9.46883773803711,-8.92808723449707
325,final,-10.002232551574707,-8.969943046569824
326,final,-8.238422393798828,-7.671713829040527
327,final,-8.990140914916992,-8.31230640411377
328,final,-4.892687797546387,-4.924661636352539
329,final,-7.059649467468262,-6.456917762756348
330,final,-8.495589256286621,-7.9792890548706055
331,final,-8.453686714172363,-7.897032737731934
332,final,-10.567216873168945,-9.714601516723633
333,final,-9.529383659362793,-8.855059623718262
334,final,-4.720829486846924,-4.372683525085449
335,final,-6.068981170654297,-5.5860443115234375
336,final,-6.659511089324951,-6.078298091888428
337,final,-6.821439743041992,-6.372396945953369
338,final,-4.9375762939453125,-4.631258964538574
339,final,-10.240811347961426,-9.03987979888916
340,final,-5.702340126037598,-5.692831993103027
341,final,-14.673541069030762,-12.865832328796387
342,final,-14.012260437011719,-12.188658714294434
343,final,-14.912737846374512,-13.064308166503906
344,final,-6.004125118255615,-5.760653972625732
345,final,-6.0804123878479,-5.04998779296875
346,final,-14.467867851257324,-12.114032745361328
347,final,-7.720108985900879,-6.945321559906006
348,final,-14.339973449707031,-11.77384090423584
349,final,-6.147445201873779,-6.062453746795654
350,final,-8.17673397064209,-7.4927239418029785
351,final,-15.177301406860352,-12.843062400817871
352,final,-12.507779121398926,-10.53357982635498
353,final,-10.932832717895508,-9.84310531616211
354,final,-6.304437637329102,-5.844967842102051
355,final,-12.597989082336426,-11.651690483093262
356,final,-11.295356750488281,-10.101187705993652
357,final,-14.565153121948242,-13.17959976196289
358,final,-7.821333408355713,-6.623172283172607
359,final,-12.434287071228027,-10.729253768920898
360,final,-5.2983317375183105,-5.968127727508545
361,final,-12.470867156982422,-11.742365837097168
362,final,-5.034265041351318,-5.936927318572998
363,final,-5.598352432250977,-6.3792853355407715
364,final,-2.8106820583343506,-3.999039888381958
365,final,-6.254419803619385,-6.848270893096924
366,final,-7.104669094085693,-7.50743293762207
367,final,-7.369941711425781,-6.970550060272217
368,final,-10.224340438842773,-9.399513244628906
369,final,-13.367810249328613,-12.502697944641113
370,final,-6.688455104827881,-6.868816375732422
371,final,-13.7282133102417,-13.147773742675781
372,final,-12.803303718566895,-12.039332389831543
373,final,-10.62149429321289,-10.451149940490723
374,final,-7.4821929931640625,-7.945150852203369
375,final,-4.978987693786621,-5.605279445648193
376,final,-3.957066059112549,-4.860814571380615
377,final,-12.470867156982422,-11.742365837097168
378,final,-5.598352432250977,-6.3792853355407715
379,final,-12.122588157653809,-11.752840995788574
380,final,-6.37296724319458,-6.39613151550293
381,final,-10.165647506713867,-8.955085754394531
382,final,-6.411262035369873,-5.8662919998168945
383,final,-12.34394359588623,-11.068666458129883
384,final,-5.600832462310791,-5.781785011291504
385,final,-5.4540629386901855,-5.232446670532227
386,final,-9.552726745605469,-8.887033462524414
387,final,-12.389908790588379,-10.477133750915527
388,final,-10.109893798828125,-9.60098648071289
389,final,-4.822981834411621,-4.815593242645264
390,final,-4.7924981117248535,-5.356804370880127
391,final,-9.972954750061035,-8.753274917602539
392,final,-11.26969051361084,-10.47923469543457
393,final,-12.428293228149414,-10.906414031982422
394,final,-6.64894437789917,-6.2951202392578125
395,final,-10.099406242370605,-9.632413864135742
396,final,-11.679959297180176,-10.503993034362793
397,final,-7.011180400848389,-6.8118577003479
398,final,-6.272773265838623,-6.100682258605957
399,final,-6.31402587890625,-5.2850565910339355
400,final,-12.73058795928955,-11.124075889587402
401,final,-15.852109909057617,-13.510306358337402
402,final,-15.627337455749512,-14.559988975524902
403,final,-7.262084007263184,-5.9799299240112305
404,final,-9.28792953491211,-7.8266167640686035
405,final,-8.962764739990234,-7.750331878662109
406,final,-13.109916687011719,-11.777727127075195
407,final,-11.500473022460938,-10.595321655273438
408,final,-7.94025993347168,-6.825168132781982
409,final,-13.499459266662598,-11.496979713439941
410,final,-5.759958744049072,-4.589959621429443
411,final,-8.934865951538086,-8.109187126159668
412,final,-8.965766906738281,-8.14816951751709
413,final,-6.905470371246338,-6.395565032958984
414,final,-8.20446491241455,-7.525248050689697
415,final,-14.450944900512695,-12.678627967834473
416,final,-9.62246036529541,-8.267011642456055
417,final,-14.295023918151855,-11.98141860961914
418,final,-13.207863807678223,-11.350617408752441
419,final,-7.2620849609375,-5.9799299240112305
420,final,-6.975002765655518,-6.159313678741455
421,final,-7.286909103393555,-7.608062744140625
422,final,-9.673094749450684,-9.482206344604492
423,final,-8.360488891601562,-8.316834449768066
424,final,-8.98803997039795,-9.303539276123047
425,final,-12.360596656799316,-11.556278228759766
426,final,-10.201980590820312,-9.877876281738281
427,final,-12.810585975646973,-12.032613754272461
428,final,-10.8060884475708,-9.609830856323242
429,final,-6.292125701904297,-7.001060485839844
430,final,-10.4823637008667,-9.710089683532715
431,final,-6.938222885131836,-6.825488090515137
432,final,-6.376845359802246,-6.375227451324463
433,final,-11.980704307556152,-10.723535537719727
434,final,-8.833579063415527,-8.827138900756836
435,final,-4.782729148864746,-5.037496089935303
436,final,-6.642319679260254,-6.677915096282959
437,final,-5.9463300704956055,-5.665611267089844
438,final,-9.624744415283203,-9.501290321350098
439,final,-9.159586906433105,-9.086050987243652
440,final,-8.226703643798828,-7.306009769439697
441,final,-5.385485649108887,-5.628153324127197
442,final,-4.994357585906982,-4.735711097717285
443,final,-6.541654109954834,-6.050731658935547
444,final,-7.40641975402832,-6.5373053550720215
445,final,-10.73377799987793,-9.188079833984375
446,final,-10.336938858032227,-9.568642616271973
447,final,-12.935431480407715,-10.606658935546875
448,final,-6.014321327209473,-5.226687908172607
449,final,-5.535881042480469,-5.64370584487915
450,final,-11.912017822265625,-10.958420753479004
451,final,-11.781021118164062,-10.583892822265625
452,final,-12.75818157196045,-11.246124267578125
453,final,-5.36629056930542,-4.886016368865967
454,final,-5.339893341064453,-5.222536563873291
455,final,-10.051202774047852,-8.813671112060547
456,final,-6.376485347747803,-5.666626453399658
457,final,-6.808317184448242,-6.4132561683654785
458,final,-7.415431976318359,-6.929862022399902
459,final,-6.714517593383789,-6.367332458496094
460,final,-11.127692222595215,-9.978033065795898
461,final,-4.331506729125977,-4.519118785858154
462,final,-4.67417049407959,-4.722779750823975
463,final,-7.26228666305542,-6.591196060180664
464,final,-9.276673316955566,-8.855966567993164
465,final,-8.089322090148926,-7.887953281402588
466,final,-5.36716890335083,-4.938248157501221
467,final,-5.430934906005859,-5.2799553871154785
468,final,-6.408203601837158,-6.102075576782227
469,final,-9.339262962341309,-9.14123821258545
470,final,-7.084227085113525,-6.48646879196167
471,final,-9.35966968536377,-8.397672653198242
472,final,-7.748688697814941,-7.6697516441345215
473,final,-9.428091049194336,-8.952733039855957
474,final,-9.653252601623535,-9.358012199401855
475,final,-5.786472797393799,-5.768761157989502
476,final,-5.825337886810303,-5.811527252197266
477,final,-7.72144889831543,-7.4996337890625
478,final,-8.723429679870605,-8.539178848266602
479,final,-5.7138214111328125,-5.861026287078857
480,final,-5.5474324226379395,-6.06552791595459
481,final,-8.916293144226074,-9.231926918029785
482,final,-6.643984794616699,-6.919516086578369
483,final,-4.115592002868652,-4.730865478515625
484,final,-3.056642532348633,-3.7126731872558594
485,final,-7.782689094543457,-7.993171215057373
486,final,-7.782689094543457,-7.993171215057373
487,final,-8.716565132141113,-8.986383438110352
488,final,-4.635728359222412,-5.132064342498779
489,final,-6.156550884246826,-6.153924942016602
490,final,-8.20812702178955,-8.241500854492188
491,final,-9.093708038330078,-9.077646255493164
492,final,-7.782689094543457,-7.993171215057373
493,final,-3.731632709503174,-4.349643230438232
494,final,-4.842863082885742,-5.291301250457764
495,final,-5.461065292358398,-5.626046180725098
496,final,-3.4406826496124268,-4.32562780380249
497,final,-8.49002456665039,-8.469389915466309
498,final,-3.731632709503174,-4.349643230438232
499,final,-3.9300594329833984,-4.3048553466796875
500,final,-5.494425296783447,-5.950787544250488
501,final,-6.057066440582275,-5.9988322257995605
502,final,-4.658391952514648,-4.643815994262695
503,final,-10.566972732543945,-10.127653121948242
504,final,-6.021284580230713,-5.870306491851807
505,final,-5.760186195373535,-5.7369465827941895
506,final,-6.134092807769775,-5.427661895751953
507,final,-10.596590042114258,-9.746581077575684
508,final,-6.6280293464660645,-6.1783599853515625
509,final,-5.900959491729736,-5.794008255004883
510,final,-10.897224426269531,-9.713948249816895
511,final,-10.364334106445312,-9.67963695526123
512,final,-7.899471759796143,-7.664914131164551
513,final,-8.453193664550781,-7.816493511199951
514,final,-6.573371410369873,-6.64569616317749
515,final,-6.848040580749512,-5.905148029327393
516,final,-9.220799446105957,-8.827373504638672
517,final,-3.5949552059173584,-3.803877830505371
518,final,-8.996434211730957,-8.692558288574219
519,final,-10.735401153564453,-9.9170503616333
520,final,-7.631460666656494,-6.670624732971191
521,final,-8.52889347076416,-7.493940353393555
522,final,-5.881693363189697,-5.351880073547363
523,final,-9.749773025512695,-9.033051490783691
524,final,-4.173134803771973,-3.5976057052612305
525,final,-9.69206428527832,-9.773902893066406
526,final,-5.6493120193481445,-5.11333703994751
527,final,-8.875070571899414,-8.226734161376953
528,final,-12.44804573059082,-10.738285064697266
529,final,-9.738391876220703,-8.764304161071777
530,final,-6.889296531677246,-6.34454345703125
531,final,-8.029608726501465,-7.848176956176758
532,final,-6.111739635467529,-4.984617233276367
533,final,-10.992193222045898,-9.660758972167969
534,final,-7.4361395835876465,-6.237262725830078
535,final,-6.198927879333496,-6.014389514923096
536,final,-3.8288450241088867,-3.828827381134033
537,final,-8.029608726501465,-7.848176956176758
538,final,-5.9090070724487305,-5.471008777618408
539,final,-8.897867202758789,-8.466947555541992
540,final,-7.38748836517334,-7.334671974182129
541,final,-5.482699394226074,-5.4202046394348145
542,final,-6.4881792068481445,-6.171632766723633
543,final,-5.960879325866699,-5.886105060577393
544,final,-7.468020915985107,-7.297976970672607
545,final,-5.515724182128906,-5.648354530334473
546,final,-5.744638919830322,-5.920840740203857
547,final,-6.687045574188232,-6.248739719390869
548,final,-5.713061809539795,-5.677430152893066
549,final,-8.683589935302734,-8.090126037597656
550,final,-8.330034255981445,-7.778473854064941
551,final,-8.152043342590332,-7.566744327545166
552,final,-6.085659027099609,-5.67531681060791
553,final,-6.745911598205566,-6.221858501434326
554,final,-9.190484046936035,-8.998551368713379
555,final,-9.148398399353027,-8.55152702331543
556,final,-7.236195087432861,-7.101081371307373
557,final,-6.8425092697143555,-6.480020046234131
558,final,-4.232345104217529,-4.398397445678711
559,final,-7.019147872924805,-6.792935371398926
560,final,-7.993218421936035,-7.341872215270996
561,final,-5.248660564422607,-4.8193464279174805
562,final,-9.136935234069824,-8.235424041748047
563,final,-8.600058555603027,-8.291065216064453
564,final,-11.263453483581543,-10.126592636108398
565,final,-4.793706893920898,-4.268879413604736
566,final,-7.134957313537598,-6.693429470062256
567,final,-6.740676403045654,-5.984180450439453
568,final,-6.588609218597412,-5.862254619598389
569,final,-9.291646003723145,-8.567322731018066
570,final,-5.505300998687744,-5.131473064422607
571,final,-9.248411178588867,-8.687949180603027
572,final,-6.047974586486816,-5.485367298126221
573,final,-8.901924133300781,-8.311881065368652
574,final,-5.755185604095459,-5.642372131347656
575,final,-5.858204364776611,-5.2743988037109375
576,final,-5.003791332244873,-5.09512186050415
577,final,-4.238380432128906,-4.103956699371338
578,final,-5.233278274536133,-5.249919891357422
579,final,-5.642218112945557,-5.179139137268066
580,final,-5.901341915130615,-5.537522315979004
581,final,-11.180134773254395,-9.804445266723633
582,final,-8.711775779724121,-7.888493537902832
583,final,-12.142135620117188,-10.264464378356934
584,final,-7.356679439544678,-6.695712566375732
585,final,-4.770548343658447,-4.6265034675598145
586,final,-5.255374431610107,-4.771598815917969
587,final,-11.802224159240723,-10.193315505981445
588,final,-7.177572727203369,-6.389034271240234
589,final,-8.562298774719238,-7.703593730926514
590,final,-8.40332317352295,-7.326611518859863
591,final,-9.201713562011719,-7.940563678741455
592,final,-11.025044441223145,-9.746968269348145
593,final,-9.513534545898438,-8.720087051391602
594,final,-3.051924467086792,-2.8980767726898193
595,final,-11.91589069366455,-9.952104568481445
596,final,-4.658041954040527,-4.297606468200684
597,final,-4.773064136505127,-4.107878684997559
598,final,-12.360645294189453,-10.426568031311035
599,final,-7.122019290924072,-6.268855094909668
600,final,-6.539498805999756,-6.456265926361084
601,final,-11.728290557861328,-10.917479515075684
602,final,-12.095162391662598,-11.202003479003906
603,final,-8.399235725402832,-8.151747703552246
604,final,-6.539498805999756,-6.456265926361084
605,final,-2.990442991256714,-3.519747495651245
606,final,-11.463629722595215,-10.552721977233887
607,final,-6.019739627838135,-6.206223964691162
608,final,-10.572408676147461,-9.868382453918457
609,final,-11.515061378479004,-10.850207328796387
610,final,-5.256943702697754,-5.539612770080566
611,final,-12.095165252685547,-11.20200252532959
612,final,-4.423436164855957,-4.684950828552246
613,final,-6.161485195159912,-6.2378668785095215
614,final,-2.3014042377471924,-2.8419909477233887
615,final,-3.7311315536499023,-4.0851826667785645
616,final,-9.384747505187988,-9.008123397827148
617,final,-10.228806495666504,-9.800415992736816
618,final,-5.392868995666504,-5.492153644561768
619,final,-9.559839248657227,-9.053754806518555
620,final,-5.309722900390625,-4.553829669952393
621,final,-10.654668807983398,-9.407747268676758
622,final,-11.749715805053711,-10.476335525512695
623,final,-4.712187767028809,-4.3768815994262695
624,final,-6.960453987121582,-6.2657856941223145
625,final,-10.131768226623535,-9.26634407043457
626,final,-11.3079833984375,-9.944964408874512
627,final,-5.449973106384277,-4.5065412521362305
628,final,-6.545841217041016,-5.627807140350342
629,final,-11.565741539001465,-10.012650489807129
630,final,-10.543180465698242,-9.06700325012207
631,final,-8.704691886901855,-7.386136531829834
632,final,-5.634679794311523,-5.129673957824707
633,final,-4.640379905700684,-3.9813239574432373
634,final,-5.537031173706055,-4.60368013381958
635,final,-5.261735916137695,-4.698389053344727
636,final,-5.519708633422852,-4.72355842590332
637,final,-5.64865255355835,-5.058609962463379
638,final,-7.575075626373291,-6.715139389038086
639,final,-4.382106304168701,-3.677342176437378
640,final,-7.486987590789795,-6.24099588394165
641,final,-6.577038764953613,-6.3510284423828125
642,final,-7.6670918464660645,-6.364990234375
643,final,-8.261838912963867,-6.832061767578125
644,final,-8.46750545501709,-7.264913082122803
645,final,-7.571059226989746,-6.530087471008301
646,final,-12.884857177734375,-11.542546272277832
647,final,-7.745491027832031,-5.918065547943115
648,final,-13.372547149658203,-10.946722030639648
649,final,-8.196135520935059,-7.246431827545166
650,final,-12.414481163024902,-11.013416290283203
651,final,-6.585001468658447,-5.960838794708252
652,final,-9.902105331420898,-8.514286994934082
653,final,-13.631632804870605,-9.381185531616211
654,final,-7.992467880249023,-6.795657157897949
655,final,-12.326264381408691,-11.109742164611816
656,final,-12.558491706848145,-10.871785163879395
657,final,-9.185811042785645,-7.695967197418213
658,final,-11.925747871398926,-10.649704933166504
659,final,-10.181464195251465,-8.354886054992676
660,final,-8.732667922973633,-7.685160160064697
661,final,-5.522202968597412,-5.035231113433838
662,final,-11.364270210266113,-9.930103302001953
663,final,-9.503238677978516,-8.76309585571289
664,final,-6.220434188842773,-6.182124614715576
665,final,-9.377180099487305,-8.599503517150879
666,final,-5.5788679122924805,-5.101141929626465
667,final,-6.783853530883789,-5.800344944000244
668,final,-6.33392858505249,-6.0102996826171875
669,final,-4.968815803527832,-4.853503227233887
670,final,-7.879849910736084,-7.299796104431152
671,final,-5.738698959350586,-5.119660377502441
672,final,-5.0521697998046875,-5.0420074462890625
673,final,-7.739993095397949,-7.401268482208252
674,final,-7.879849910736084,-7.299796104431152
675,final,-8.444811820983887,-7.849626541137695
676,final,-9.750462532043457,-8.588980674743652
677,final,-8.986001968383789,-8.404857635498047
678,final,-9.498505592346191,-8.828190803527832
679,final,-8.262476921081543,-7.826327323913574
680,final,-7.461043357849121,-6.459848403930664
681,final,-6.911862373352051,-6.0029215812683105
682,final,-9.5593900680542,-8.162532806396484
683,final,-11.375633239746094,-9.788747787475586
684,final,-4.711642742156982,-3.643866539001465
685,final,-5.692538261413574,-4.9812798500061035
686,final,-10.038969039916992,-8.732220649719238
687,final,-5.820964813232422,-5.237906455993652
688,final,-6.901597499847412,-5.949355602264404
689,final,-8.830389976501465,-7.734041690826416
690,final,-6.280458450317383,-5.573636531829834
691,final,-5.885952472686768,-5.2351250648498535
692,final,-8.132966041564941,-6.684774875640869
693,final,-6.749385833740234,-5.743407726287842
694,final,-10.579154968261719,-9.705455780029297
695,final,-10.789254188537598,-9.830506324768066
696,final,-11.866995811462402,-10.55020523071289
697,final,-6.3950371742248535,-5.395471096038818
698,final,-6.799170970916748,-6.164292335510254
699,final,-6.390219688415527,-5.338557243347168
0,best,-8.167830467224121,-6.835193157196045
1,best,-5.59358024597168,-5.101867198944092
2,best,-3.9561569690704346,-3.8490347862243652
3,best,-9.686162948608398,-8.842283248901367
4,best,-6.524912357330322,-5.124917984008789
5,best,-5.476010799407959,-4.834421634674072
6,best,-10.625643730163574,-9.037595748901367
7,best,-5.4688591957092285,-4.71631383895874
8,best,-3.9415714740753174,-3.0513916015625
9,best,-3.9561569690704346,-3.8490347862243652
10,best,-11.054104804992676,-8.67954158782959
11,best,-3.5742061138153076,-3.612243890762329
12,best,-8.050088882446289,-6.360276699066162
13,best,-5.699771881103516,-4.495727062225342
14,best,-3.9415714740753174,-3.0513916015625
15,best,-10.340965270996094,-8.65431022644043
16,best,-8.183877944946289,-7.0124359130859375
17,best,-7.908815860748291,-7.219419956207275
18,best,-10.273137092590332,-9.399230003356934
19,best,-6.563454627990723,-5.824472427368164
20,best,-3.1328318119049072,-3.819178342819214
21,best,-7.281057834625244,-6.6519598960876465
22,best,-11.26278018951416,-10.276272773742676
23,best,-3.5155608654022217,-3.493589401245117
24,best,-4.699863433837891,-4.480762958526611
25,best,-3.5155608654022217,-3.493589401245117
26,best,-8.92523193359375,-8.333157539367676
27,best,-9.436734199523926,-9.16765308380127
28,best,-5.226545333862305,-5.9093852043151855
29,best,-10.277158737182617,-8.945500373840332
30,best,-3.455860137939453,-4.111151695251465
31,best,-4.60225772857666,-4.394815921783447
32,best,-11.26278018951416,-10.27627182006836
33,best,-4.60225772857666,-4.394816875457764
34,best,-4.423205375671387,-4.855785369873047
35,best,-11.254294395446777,-10.473612785339355
36,best,-5.226545333862305,-5.909385681152344
37,best,-4.60225772857666,-4.394816875457764
38,best,-3.298321485519409,-3.892629623413086
39,best,-5.31109094619751,-5.499553680419922
40,best,-5.354948043823242,-4.731328010559082
41,best,-7.464071750640869,-5.813617706298828
42,best,-6.196450233459473,-5.342907428741455
43,best,-10.698854446411133,-8.536199569702148
44,best,-8.318511962890625,-6.93724250793457
45,best,-7.591045379638672,-6.531077861785889
46,best,-5.861634254455566,-4.818812370300293
47,best,-6.937161445617676,-6.072076320648193
48,best,-8.349457740783691,-7.303779125213623
49,best,-6.612667560577393,-5.862281799316406
50,best,-9.830291748046875,-8.181979179382324
51,best,-8.468249320983887,-6.842223644256592
52,best,-7.199876308441162,-6.102392673492432
53,best,-5.894586086273193,-4.987966060638428
54,best,-9.39746379852295,-8.086516380310059
55,best,-5.602936267852783,-4.635079860687256
56,best,-6.853917598724365,-5.7872138023376465
57,best,-4.202953338623047,-3.5901505947113037
58,best,-6.160919189453125,-4.433889865875244
59,best,-8.214359283447266,-6.34512186050415
60,best,-9.153403282165527,-8.011842727661133
61,best,-10.128313064575195,-7.930931568145752
62,best,-10.978133201599121,-9.043188095092773
63,best,-11.54374885559082,-9.283890724182129
64,best,-7.547969818115234,-6.480114459991455
65,best,-5.0959577560424805,-4.3970417976379395
66,best,-5.350579738616943,-3.9313671588897705
67,best,-14.432336807250977,-11.852020263671875
68,best,-9.188817977905273,-7.629989147186279
69,best,-8.197386741638184,-7.219130992889404
70,best,-10.300032615661621,-7.550477504730225
71,best,-10.432409286499023,-9.280503273010254
72,best,-7.8496880531311035,-6.415910243988037
73,best,-6.82005500793457,-5.1888251304626465
74,best,-8.311903953552246,-7.001924991607666
75,best,-11.2333984375,-8.795937538146973
76,best,-5.7014007568359375,-4.543835163116455
77,best,-11.25546932220459,-9.212434768676758
78,best,-6.565535068511963,-5.833611488342285
79,best,-7.173837184906006,-5.680659294128418
80,best,-4.340498924255371,-4.2192463874816895
81,best,-4.19481086730957,-3.4796783924102783
82,best,-6.615462779998779,-5.45961856842041
83,best,-6.040597438812256,-5.69996976852417
84,best,-7.481655120849609,-6.893060207366943
85,best,-6.539149761199951,-5.756480693817139
86,best,-8.024386405944824,-7.210621356964111
87,best,-8.328729629516602,-7.593193054199219
88,best,-9.033103942871094,-7.916495323181152
89,best,-5.004093170166016,-4.774188041687012
90,best,-6.419214248657227,-5.817694664001465
91,best,-11.841938972473145,-10.226114273071289
92,best,-5.837446212768555,-5.259520530700684
93,best,-5.133486747741699,-4.247035026550293
94,best,-5.207627296447754,-4.60185432434082
95,best,-7.2008514404296875,-6.5530171394348145
96,best,-4.918707847595215,-4.161426067352295
97,best,-6.397375583648682,-5.969386100769043
98,best,-9.51784610748291,-8.289581298828125
99,best,-6.485269069671631,-6.054992198944092
100,best,-8.29720687866211,-6.856454372406006
101,best,-7.103984355926514,-5.9363908767700195
102,best,-8.536816596984863,-7.446003437042236
103,best,-7.17593240737915,-6.235592842102051
104,best,-7.17593240737915,-6.235592842102051
105,best,-6.385338306427002,-5.6578593254089355
106,best,-10.485072135925293,-8.634474754333496
107,best,-8.059562683105469,-6.990405082702637
108,best,-3.8124067783355713,-3.6254312992095947
109,best,-9.89380931854248,-8.936849594116211
110,best,-9.93687915802002,-7.9914045333862305
111,best,-5.468827724456787,-4.4330291748046875
112,best,-9.835734367370605,-8.307263374328613
113,best,-9.580023765563965,-7.74332857131958
114,best,-7.1524577140808105,-6.436781406402588
115,best,-6.5051493644714355,-5.978590488433838
116,best,-7.061412811279297,-5.73464822769165
117,best,-6.845495700836182,-5.564112186431885
118,best,-10.485072135925293,-8.634474754333496
119,best,-11.488654136657715,-8.847610473632812
120,best,-3.5083675384521484,-2.443324565887451
121,best,-3.359288454055786,-2.311793565750122
122,best,-7.559619903564453,-5.9209747314453125
123,best,-6.8267621994018555,-5.117928504943848
124,best,-4.324018955230713,-3.2228622436523438
125,best,-9.798351287841797,-7.296182632446289
126,best,-10.342585563659668,-8.129498481750488
127,best,-4.7197699546813965,-3.3108320236206055
128,best,-3.742327928543091,-2.6599557399749756
129,best,-8.401071548461914,-6.438928127288818
130,best,-6.91448450088501,-5.040433406829834
131,best,-5.766185760498047,-4.2623772621154785
132,best,-3.321904182434082,-2.4817233085632324
133,best,-10.486960411071777,-7.909108638763428
134,best,-8.401071548461914,-6.438928127288818
135,best,-4.339576721191406,-3.093543767929077
136,best,-5.5766143798828125,-4.072202205657959
137,best,-4.339576721191406,-3.093543767929077
138,best,-9.798351287841797,-7.296183109283447
139,best,-5.676903247833252,-4.356583118438721
140,best,-4.2364501953125,-3.265258312225342
141,best,-5.000624656677246,-3.686875343322754
142,best,-6.385449409484863,-4.742857456207275
143,best,-5.0521697998046875,-2.449979782104492
144,best,-9.955421447753906,-7.594029426574707
145,best,-6.003790378570557,-4.693059921264648
146,best,-8.735298156738281,-6.72157096862793
147,best,-11.503426551818848,-8.390802383422852
148,best,-6.426478862762451,-4.746232509613037
149,best,-6.302567481994629,-4.625030517578125
150,best,-7.660004615783691,-6.010592937469482
151,best,-9.645055770874023,-7.784173011779785
152,best,-5.325618267059326,-3.8632194995880127
153,best,-7.752105236053467,-6.168768405914307
154,best,-4.2364501953125,-3.265258312225342
155,best,-8.735298156738281,-6.72157096862793
156,best,-7.839958190917969,-6.077932834625244
157,best,-7.7468976974487305,-6.008910179138184
158,best,-5.012471675872803,-3.081346273422241
159,best,-8.735298156738281,-6.72157096862793
160,best,-12.594965934753418,-8.65528392791748
161,best,-6.9365997314453125,-4.991710186004639
162,best,-10.49800968170166,-7.1900739669799805
163,best,-6.106315612792969,-4.507333278656006
164,best,-10.48427963256836,-7.957805633544922
165,best,-3.7291061878204346,-2.346731424331665
166,best,-4.818605899810791,-3.4332847595214844
167,best,-6.106315612792969,-4.507333278656006
168,best,-6.8244452476501465,-4.822605133056641
169,best,-4.597866058349609,-3.066903829574585
170,best,-6.173130989074707,-4.365476131439209
171,best,-5.883769512176514,-4.084535598754883
172,best,-4.409958362579346,-3.0267889499664307
173,best,-12.311782836914062,-9.418807029724121
174,best,-10.459758758544922,-8.101655006408691
175,best,-5.071469783782959,-3.2394769191741943
176,best,-10.499201774597168,-8.09129524230957
177,best,-7.61942720413208,-5.821537971496582
178,best,-6.334249973297119,-4.681185722351074
179,best,-7.248824119567871,-4.901546001434326
180,best,-6.561917781829834,-5.041861534118652
181,best,-3.858731985092163,-2.9206748008728027
182,best,-4.408766746520996,-3.6934378147125244
183,best,-8.631683349609375,-7.169677734375
184,best,-5.799779415130615,-4.837526798248291
185,best,-5.742629051208496,-4.167644023895264
186,best,-7.601737022399902,-6.104154586791992
187,best,-10.647976875305176,-8.366040229797363
188,best,-4.420629024505615,-3.514709234237671
189,best,-7.494211196899414,-6.351492881774902
190,best,-4.941737174987793,-3.4870808124542236
191,best,-6.561917781829834,-5.041861534118652
192,best,-8.651809692382812,-7.5173749923706055
193,best,-7.515627861022949,-5.764364242553711
194,best,-6.776719093322754,-5.9477763175964355
195,best,-8.203058242797852,-6.894835472106934
196,best,-7.594638347625732,-6.503470420837402
197,best,-7.131827354431152,-5.569997787475586
198,best,-10.723824501037598,-8.53354549407959
199,best,-4.993444919586182,-4.250673294067383
200,best,-3.2136332988739014,-2.386681079864502
201,best,-8.293112754821777,-6.358731269836426
202,best,-4.427415370941162,-3.2715983390808105
203,best,-6.284067153930664,-4.519904136657715
204,best,-6.284067153930664,-4.519904136657715
205,best,-4.9075188636779785,-3.357832193374634
206,best,-11.543411254882812,-8.752362251281738
207,best,-8.959320068359375,-6.7936110496521
208,best,-6.284067153930664,-4.519904136657715
209,best,-4.9075188636779785,-3.357832193374634
210,best,-10.18671703338623,-7.920967102050781
211,best,-7.041633605957031,-4.95597505569458
212,best,-7.041633605957031,-4.95597505569458
213,best,-5.524728298187256,-3.9101595878601074
214,best,-10.18671703338623,-7.920967102050781
215,best,-7.540866374969482,-5.8249192237854
216,best,-6.355021953582764,-4.4488935470581055
217,best,-10.102818489074707,-7.4007697105407715
218,best,-4.927538871765137,-3.393495798110962
219,best,-4.285456657409668,-3.0673060417175293
220,best,-6.841946125030518,-6.003176689147949
221,best,-6.8751540184021,-6.382773399353027
222,best,-6.04591703414917,-6.128190994262695
223,best,-5.899383544921875,-5.177125930786133
224,best,-9.519081115722656,-9.186946868896484
225,best,-6.163650989532471,-5.967073440551758
226,best,-6.804186820983887,-6.769054412841797
227,best,-4.966800212860107,-5.050662994384766
228,best,-6.172422409057617,-5.795656681060791
229,best,-6.163650989532471,-5.967073440551758
230,best,-8.59434700012207,-7.99418830871582
231,best,-3.7502100467681885,-3.9697389602661133
232,best,-5.850962162017822,-5.245173931121826
233,best,-9.905827522277832,-9.033868789672852
234,best,-9.110360145568848,-8.021322250366211
235,best,-6.016391754150391,-5.759060859680176
236,best,-3.720791816711426,-4.057588577270508
237,best,-4.038674354553223,-4.294510841369629
238,best,-8.408130645751953,-7.530409336090088
239,best,-5.970956802368164,-5.796833038330078
240,best,-3.1263158321380615,-3.6515986919403076
241,best,-5.52560567855835,-5.728334426879883
242,best,-7.220802307128906,-7.281217575073242
243,best,-6.586423397064209,-6.9239044189453125
244,best,-7.559478282928467,-7.577356338500977
245,best,-7.146250247955322,-7.606189727783203
246,best,-6.821702480316162,-6.7690300941467285
247,best,-7.374537467956543,-7.775236129760742
248,best,-7.417445182800293,-7.5922675132751465
249,best,-5.341930866241455,-5.440522193908691
250,best,-7.305650234222412,-7.509667873382568
251,best,-5.080857276916504,-5.384000778198242
252,best,-6.064422607421875,-6.672431945800781
253,best,-6.323866844177246,-6.398916721343994
254,best,-6.056943893432617,-6.355082988739014
255,best,-7.828935623168945,-7.660406112670898
256,best,-8.316871643066406,-8.289642333984375
257,best,-10.17396068572998,-9.974555969238281
258,best,-5.629039287567139,-5.62500524520874
259,best,-4.3061065673828125,-4.642257213592529
260,best,-8.204036712646484,-7.485899448394775
261,best,-9.848791122436523,-7.883111000061035
262,best,-5.493303298950195,-4.541612148284912
263,best,-8.292573928833008,-7.6687188148498535
264,best,-6.410321235656738,-5.130377769470215
265,best,-6.855826377868652,-6.493098258972168
266,best,-8.132726669311523,-5.701475143432617
267,best,-6.366549968719482,-6.511735439300537
268,best,-5.907743453979492,-5.323317527770996
269,best,-8.014183044433594,-6.622122287750244
270,best,-6.739121913909912,-5.568192005157471
271,best,-4.769471168518066,-4.368565559387207
272,best,-5.526608467102051,-5.208160877227783
273,best,-7.6212334632873535,-7.079766750335693
274,best,-8.149072647094727,-6.755070686340332
275,best,-6.069282054901123,-3.9707841873168945
276,best,-5.642425537109375,-4.6716108322143555
277,best,-6.974977970123291,-6.105000019073486
278,best,-6.994571685791016,-6.213895797729492
279,best,-6.201188087463379,-4.791592121124268
280,best,-10.447671890258789,-9.101643562316895
281,best,-7.617246150970459,-7.015042304992676
282,best,-5.832285404205322,-5.8856096267700195
283,best,-7.581860542297363,-7.529781818389893
284,best,-6.27490234375,-4.906240463256836
285,best,-7.454119682312012,-6.480321884155273
286,best,-8.749860763549805,-8.087311744689941
287,best,-11.399540901184082,-9.036033630371094
288,best,-8.12631607055664,-6.969770431518555
289,best,-6.599460124969482,-5.332301139831543
290,best,-8.48493766784668,-7.992581844329834
291,best,-9.40349292755127,-8.692840576171875
292,best,-9.183243751525879,-8.388988494873047
293,best,-8.31645679473877,-7.380392551422119
294,best,-6.323837757110596,-5.698466777801514
295,best,-6.0985283851623535,-5.682557582855225
296,best,-7.686272144317627,-6.601537227630615
297,best,-10.133302688598633,-9.0883150100708
298,best,-7.9580206871032715,-7.535511493682861
299,best,-8.309090614318848,-7.54025411605835
300,best,-9.070000648498535,-8.5193452835083
301,best,-7.8625168800354,-6.926948547363281
302,best,-5.206696033477783,-5.058842658996582
303,best,-8.01113224029541,-7.632457256317139
304,best,-5.960024833679199,-5.6768646240234375
305,best,-6.599236011505127,-6.059660911560059
306,best,-10.86960220336914,-10.262601852416992
307,best,-5.220528602600098,-5.19916296005249
308,best,-5.046504020690918,-4.405243873596191
309,best,-5.616953372955322,-4.748207092285156
310,best,-8.61076831817627,-8.166130065917969
311,best,-7.1241044998168945,-6.493000507354736
312,best,-7.721165657043457,-7.332259654998779
313,best,-5.468204021453857,-5.852529048919678
314,best,-6.443853378295898,-5.943584442138672
315,best,-4.971113681793213,-4.745983600616455
316,best,-4.176934242248535,-4.881325721740723
317,best,-8.681644439697266,-8.37386417388916
318,best,-4.725534915924072,-4.595291614532471
319,best,-7.0736165046691895,-6.610721588134766
320,best,-6.671021938323975,-4.871771335601807
321,best,-8.15156078338623,-7.528265953063965
322,best,-7.281302452087402,-7.1100263595581055
323,best,-6.100826263427734,-5.500251770019531
324,best,-6.721214294433594,-6.203511714935303
325,best,-6.940394401550293,-6.349064826965332
326,best,-4.6232218742370605,-4.557038307189941
327,best,-8.15667724609375,-7.460733890533447
328,best,-3.4574382305145264,-3.92167592048645
329,best,-7.30960750579834,-6.716340065002441
330,best,-5.593602657318115,-5.404943466186523
331,best,-7.595297813415527,-6.999694347381592
332,best,-9.885116577148438,-9.121389389038086
333,best,-7.957895755767822,-6.33379602432251
334,best,-4.776435852050781,-4.332592487335205
335,best,-4.518958568572998,-4.428048133850098
336,best,-6.83222770690918,-6.751883506774902
337,best,-7.5922064781188965,-7.277403831481934
338,best,-5.128413677215576,-3.8592751026153564
339,best,-10.313840866088867,-8.138287544250488
340,best,-4.084308624267578,-4.331243991851807
341,best,-10.739097595214844,-9.317687034606934
342,best,-12.434206008911133,-10.656570434570312
343,best,-11.99447250366211,-10.520772933959961
344,best,-6.752927780151367,-6.370325565338135
345,best,-4.466409206390381,-4.023244380950928
346,best,-12.753372192382812,-10.802227020263672
347,best,-6.882320404052734,-5.752565860748291
348,best,-12.705785751342773,-11.168927192687988
349,best,-4.552676677703857,-4.665074825286865
350,best,-7.2630743980407715,-6.754565715789795
351,best,-11.103927612304688,-9.589254379272461
352,best,-8.406196594238281,-7.471189022064209
353,best,-9.496562957763672,-8.535271644592285
354,best,-4.831725597381592,-4.4124908447265625
355,best,-8.673052787780762,-8.17444133758545
356,best,-9.611337661743164,-9.128372192382812
357,best,-10.630295753479004,-9.54980182647705
358,best,-8.236858367919922,-7.133518695831299
359,best,-8.39449691772461,-7.662254333496094
360,best,-3.8780009746551514,-4.525153636932373
361,best,-9.975927352905273,-9.164250373840332
362,best,-3.610095977783203,-4.267080783843994
363,best,-4.047390460968018,-4.827237606048584
364,best,-4.38659143447876,-4.876643180847168
365,best,-6.903552055358887,-6.622035980224609
366,best,-6.493833065032959,-6.759319305419922
367,best,-5.166024208068848,-5.544844150543213
368,best,-5.1488938331604,-5.6224822998046875
369,best,-10.656265258789062,-10.457186698913574
370,best,-7.445986747741699,-7.195085048675537
371,best,-9.63979721069336,-9.857604026794434
372,best,-11.686819076538086,-10.761478424072266
373,best,-8.97611141204834,-9.341206550598145
374,best,-5.3486008644104,-6.014780521392822
375,best,-5.683770179748535,-6.035050868988037
376,best,-5.255468845367432,-5.717632293701172
377,best,-9.975927352905273,-9.164250373840332
378,best,-4.047390460968018,-4.827237606048584
379,best,-8.082480430603027,-8.202868461608887
380,best,-5.494579315185547,-5.324836730957031
381,best,-6.229248523712158,-5.364551067352295
382,best,-5.143176078796387,-4.614534378051758
383,best,-10.035393714904785,-9.124034881591797
384,best,-6.195130348205566,-4.5529913902282715
385,best,-5.851296901702881,-5.656933784484863
386,best,-5.679753303527832,-5.271636962890625
387,best,-10.77068042755127,-8.869603157043457
388,best,-6.98904275894165,-6.546655178070068
389,best,-6.491790771484375,-5.350534439086914
390,best,-5.427859783172607,-5.963493347167969
391,best,-6.954278945922852,-6.021188735961914
392,best,-8.348244667053223,-7.650043964385986
393,best,-10.906025886535645,-9.198923110961914
394,best,-5.207310199737549,-4.90364408493042
395,best,-9.55400276184082,-8.582268714904785
396,best,-9.416383743286133,-8.447651863098145
397,best,-7.064560890197754,-7.0219292640686035
398,best,-5.249902725219727,-5.106179237365723
399,best,-4.704257488250732,-4.226253986358643
400,best,-10.164955139160156,-9.697206497192383
401,best,-12.60265064239502,-10.877791404724121
402,best,-12.988313674926758,-11.987378120422363
403,best,-5.522294521331787,-4.724926948547363
404,best,-8.259847640991211,-6.704755783081055
405,best,-9.679152488708496,-8.982885360717773
406,best,-9.163016319274902,-8.21180534362793
407,best,-7.585874080657959,-6.747966766357422
408,best,-7.969168186187744,-7.013311862945557
409,best,-11.513198852539062,-9.364343643188477
410,best,-6.860309600830078,-5.088517665863037
411,best,-9.443168640136719,-7.817290782928467
412,best,-6.442555904388428,-6.527775287628174
413,best,-5.100966930389404,-5.11330509185791
414,best,-6.001440525054932,-5.9123101234436035
415,best,-12.687052726745605,-12.158421516418457
416,best,-8.815244674682617,-7.626976013183594
417,best,-14.12854290008545,-11.345417976379395
418,best,-9.066691398620605,-7.876533031463623
419,best,-5.522294044494629,-4.724926948547363
420,best,-5.6779398918151855,-5.071788787841797
421,best,-6.664473056793213,-7.023280143737793
422,best,-7.030821800231934,-6.905056953430176
423,best,-5.596624851226807,-5.6122822761535645
424,best,-6.976301670074463,-7.430567741394043
425,best,-10.509450912475586,-9.534461975097656
426,best,-6.826998233795166,-6.599031448364258
427,best,-13.02938175201416,-10.910320281982422
428,best,-7.772027015686035,-7.000784873962402
429,best,-5.001725673675537,-5.87080717086792
430,best,-9.443934440612793,-8.960323333740234
431,best,-6.187471389770508,-6.1089372634887695
432,best,-4.997127056121826,-5.127609729766846
433,best,-9.10029125213623,-8.004831314086914
434,best,-8.94210147857666,-8.350109100341797
435,best,-6.6401519775390625,-5.725834846496582
436,best,-6.546397686004639,-6.405021667480469
437,best,-4.666077613830566,-4.339088439941406
438,best,-9.348252296447754,-9.083841323852539
439,best,-7.647862434387207,-8.094483375549316
440,best,-7.508357524871826,-6.5815839767456055
441,best,-5.251538276672363,-4.2668867111206055
442,best,-6.147941589355469,-5.779101371765137
443,best,-7.105667591094971,-6.39207124710083
444,best,-7.189765930175781,-6.357601165771484
445,best,-7.165092945098877,-6.1887593269348145
446,best,-9.30709457397461,-8.411981582641602
447,best,-10.678544044494629,-9.14258861541748
448,best,-6.096684455871582,-5.0137939453125
449,best,-4.1465911865234375,-4.211223125457764
450,best,-9.083756446838379,-8.00328540802002
451,best,-7.979580402374268,-7.286341667175293
452,best,-9.462895393371582,-8.044271469116211
453,best,-5.425572395324707,-4.6120100021362305
454,best,-5.2279558181762695,-4.882669448852539
455,best,-6.532482147216797,-5.892155647277832
456,best,-7.348974704742432,-6.2555131912231445
457,best,-6.565158843994141,-6.040709495544434
458,best,-8.052678108215332,-7.237179756164551
459,best,-6.909173488616943,-6.809252738952637
460,best,-8.11295223236084,-7.311310768127441
461,best,-4.12800931930542,-4.22199821472168
462,best,-4.123623847961426,-4.266604900360107
463,best,-7.393265247344971,-6.757246494293213
464,best,-7.408702373504639,-7.185479164123535
465,best,-5.061596393585205,-5.186572074890137
466,best,-5.761556625366211,-5.49262809753418
467,best,-4.118412017822266,-4.310754776000977
468,best,-5.0412421226501465,-5.140108108520508
469,best,-8.249136924743652,-8.157670021057129
470,best,-6.5548224449157715,-5.926231384277344
471,best,-8.222166061401367,-7.397865295410156
472,best,-6.7134599685668945,-6.662858009338379
473,best,-6.9737372398376465,-6.848819732666016
474,best,-7.707322120666504,-7.546915531158447
475,best,-4.745728492736816,-4.934886455535889
476,best,-5.240187644958496,-5.117637634277344
477,best,-4.640283584594727,-4.836766242980957
478,best,-6.005156993865967,-5.8983845710754395
479,best,-4.223704814910889,-4.4874267578125
480,best,-5.366357803344727,-5.69678258895874
481,best,-7.181891441345215,-7.3087873458862305
482,best,-7.00876522064209,-6.887209892272949
483,best,-3.705139636993408,-4.27543306350708
484,best,-2.953016996383667,-3.416537046432495
485,best,-4.928645610809326,-5.415922164916992
486,best,-4.928645610809326,-5.415922164916992
487,best,-6.961820125579834,-7.296004295349121
488,best,-3.4706523418426514,-3.9983444213867188
489,best,-5.609748840332031,-5.397335052490234
490,best,-4.768744468688965,-5.1293463706970215
491,best,-8.25277042388916,-8.234973907470703
492,best,-4.928645610809326,-5.415922164916992
493,best,-3.48713755607605,-4.00022029876709
494,best,-3.749415397644043,-4.212646007537842
495,best,-4.077675819396973,-4.301626205444336
496,best,-3.969470500946045,-4.495428085327148
497,best,-5.6808180809021,-5.758322238922119
498,best,-3.48713755607605,-4.00022029876709
499,best,-3.9676103591918945,-4.1891913414001465
500,best,-4.132266998291016,-4.783932209014893
501,best,-4.683290004730225,-4.811226844787598
502,best,-5.492958068847656,-4.653543472290039
503,best,-8.22134780883789,-8.184112548828125
504,best,-6.262279987335205,-5.922646999359131
505,best,-4.455687522888184,-4.866092681884766
506,best,-4.640698432922363,-4.325165271759033
507,best,-8.987533569335938,-8.371614456176758
508,best,-5.141445159912109,-5.028326511383057
509,best,-6.353074550628662,-5.790192127227783
510,best,-9.040918350219727,-8.047294616699219
511,best,-8.032398223876953,-7.731507778167725
512,best,-5.813264846801758,-5.544983386993408
513,best,-5.623708248138428,-5.559147834777832
514,best,-5.432522296905518,-5.561474323272705
515,best,-6.849518299102783,-5.76713228225708
516,best,-7.363467216491699,-6.945641994476318
517,best,-4.2821149826049805,-3.5097687244415283
518,best,-7.679190158843994,-7.3860931396484375
519,best,-9.01279067993164,-8.498611450195312
520,best,-7.570854663848877,-6.813711166381836
521,best,-7.208876609802246,-6.806363582611084
522,best,-6.612673282623291,-6.0643839836120605
523,best,-7.925038814544678,-7.379556179046631
524,best,-4.621878623962402,-4.41210412979126
525,best,-8.2862548828125,-8.141012191772461
526,best,-4.422255516052246,-4.016558647155762
527,best,-6.121947765350342,-5.727746486663818
528,best,-9.257721900939941,-8.395065307617188
529,best,-6.238421440124512,-6.098409652709961
530,best,-7.021840572357178,-6.514930725097656
531,best,-8.471714973449707,-7.947369575500488
532,best,-6.855180263519287,-5.525599956512451
533,best,-7.925223350524902,-7.192134380340576
534,best,-5.857364654541016,-4.917413711547852
535,best,-4.727427959442139,-4.761761665344238
536,best,-4.578330039978027,-4.567559242248535
537,best,-8.471714973449707,-7.947369575500488
538,best,-4.563416481018066,-4.3133697509765625
539,best,-5.8268561363220215,-5.79362678527832
540,best,-5.228858947753906,-5.3762335777282715
541,best,-4.335491180419922,-4.256354331970215
542,best,-6.32969856262207,-6.165635585784912
543,best,-4.830951690673828,-4.816576957702637
544,best,-5.453043460845947,-5.388014316558838
545,best,-5.927534580230713,-5.6672563552856445
546,best,-5.13613748550415,-4.879868030548096
547,best,-5.934976100921631,-5.639405727386475
548,best,-4.717630863189697,-4.415042400360107
549,best,-6.291895866394043,-6.028417587280273
550,best,-5.958244323730469,-5.703164100646973
551,best,-7.247926235198975,-6.912298202514648
552,best,-6.166778087615967,-5.981801509857178
553,best,-6.953121185302734,-6.592444896697998
554,best,-8.090371131896973,-7.584471225738525
555,best,-6.582678318023682,-6.273855209350586
556,best,-4.71236515045166,-4.907045364379883
557,best,-5.487002849578857,-5.341396331787109
558,best,-4.804805278778076,-4.421006679534912
559,best,-4.7347025871276855,-4.837430953979492
560,best,-7.197582721710205,-6.548058986663818
561,best,-5.313914775848389,-4.859259128570557
562,best,-6.257847785949707,-5.530472755432129
563,best,-7.123527526855469,-6.0464348793029785
564,best,-8.909647941589355,-7.913981914520264
565,best,-4.606792449951172,-4.001132965087891
566,best,-6.448344707489014,-5.956766128540039
567,best,-6.892172813415527,-6.29254674911499
568,best,-4.9682722091674805,-4.5387091636657715
569,best,-6.5110182762146,-5.999011039733887
570,best,-6.386780738830566,-5.550962448120117
571,best,-7.244078636169434,-6.698853015899658
572,best,-6.261823654174805,-5.47822380065918
573,best,-8.078105926513672,-7.438291072845459
574,best,-4.81802225112915,-4.4498701095581055
575,best,-5.718056678771973,-5.286442756652832
576,best,-4.573529243469238,-4.152185916900635
577,best,-3.965376138687134,-3.7405683994293213
578,best,-3.9618661403656006,-4.082470417022705
579,best,-5.680304050445557,-5.22088623046875
580,best,-4.413738250732422,-4.175183296203613
581,best,-9.611681938171387,-8.633038520812988
582,best,-4.873116970062256,-4.651162147521973
583,best,-8.82116413116455,-7.680601596832275
584,best,-5.489879608154297,-5.182253837585449
585,best,-4.977896690368652,-4.934784412384033
586,best,-3.8030264377593994,-3.352489471435547
587,best,-10.486689567565918,-9.19948673248291
588,best,-7.91084098815918,-6.999655723571777
589,best,-4.092391490936279,-4.069410800933838
590,best,-7.332883358001709,-6.518957614898682
591,best,-7.863958358764648,-6.98308801651001
592,best,-8.7388277053833,-7.8284149169921875
593,best,-5.7798662185668945,-5.456177711486816
594,best,-2.8856942653656006,-2.672278881072998
595,best,-10.446883201599121,-9.035207748413086
596,best,-4.9723076820373535,-4.577324390411377
597,best,-5.5076584815979,-4.914392948150635
598,best,-9.950821876525879,-8.612207412719727
599,best,-5.0845160484313965,-4.801026344299316
600,best,-5.870262145996094,-5.732324123382568
601,best,-10.526820182800293,-9.871954917907715
602,best,-9.6270170211792,-9.057284355163574
603,best,-7.185472011566162,-7.119167804718018
604,best,-5.870262145996094,-5.732324123382568
605,best,-4.042247772216797,-4.2742133140563965
606,best,-9.02219009399414,-8.38196086883545
607,best,-4.481593132019043,-4.724096298217773
608,best,-8.336860656738281,-7.874793529510498
609,best,-8.266672134399414,-8.00526237487793
610,best,-3.771559476852417,-4.017964839935303
611,best,-9.6270170211792,-9.05728530883789
612,best,-3.031402587890625,-3.349397897720337
613,best,-4.316843509674072,-4.49119234085083
614,best,-3.1350724697113037,-3.468148708343506
615,best,-4.671046257019043,-4.880126476287842
616,best,-6.504476070404053,-7.104635238647461
617,best,-7.863088130950928,-7.786798000335693
618,best,-5.754607200622559,-5.631118297576904
619,best,-5.295614719390869,-5.417685508728027
620,best,-5.530271530151367,-5.04960823059082
621,best,-8.69465160369873,-7.827060222625732
622,best,-8.922511100769043,-8.18383502960205
623,best,-4.618220806121826,-4.208812713623047
624,best,-5.208828926086426,-4.800569534301758
625,best,-7.968408584594727,-6.500216484069824
626,best,-10.592150688171387,-9.02824592590332
627,best,-4.019124507904053,-3.8281846046447754
628,best,-4.92522668838501,-4.231784343719482
629,best,-9.655916213989258,-8.359697341918945
630,best,-8.470450401306152,-7.43477201461792
631,best,-7.583372116088867,-6.477523326873779
632,best,-4.570499897003174,-3.8090572357177734
633,best,-6.050952434539795,-3.6287155151367188
634,best,-5.879134654998779,-5.27821159362793
635,best,-4.194509983062744,-3.3780224323272705
636,best,-6.762508869171143,-5.282140731811523
637,best,-4.900842666625977,-3.677778720855713
638,best,-5.976583003997803,-5.327215194702148
639,best,-5.213375568389893,-3.4422240257263184
640,best,-7.288794994354248,-5.986196041107178
641,best,-5.248831748962402,-4.78791618347168
642,best,-6.425568103790283,-4.694971084594727
643,best,-6.397284030914307,-5.410689353942871
644,best,-8.40092945098877,-7.380094051361084
645,best,-5.96303653717041,-5.003561973571777
646,best,-12.063895225524902,-10.369482040405273
647,best,-6.307729244232178,-5.407164573669434
648,best,-11.971491813659668,-9.858488082885742
649,best,-9.104168891906738,-7.8289995193481445
650,best,-8.800408363342285,-7.738990783691406
651,best,-7.5907111167907715,-6.6385016441345215
652,best,-6.0404205322265625,-5.287757873535156
653,best,-11.109211921691895,-8.617520332336426
654,best,-7.932828903198242,-6.896876335144043
655,best,-9.335192680358887,-8.333699226379395
656,best,-10.202157020568848,-8.984421730041504
657,best,-7.136850357055664,-6.098903179168701
658,best,-11.144640922546387,-9.772526741027832
659,best,-5.555176258087158,-4.683125972747803
660,best,-5.737651824951172,-5.125025272369385
661,best,-5.16490364074707,-4.680007457733154
662,best,-8.791387557983398,-7.667820453643799
663,best,-6.6569085121154785,-6.101792335510254
664,best,-6.035269737243652,-5.974649429321289
665,best,-6.6520094871521,-6.139258861541748
666,best,-4.394764423370361,-3.856281042098999
667,best,-6.787830352783203,-6.046645641326904
668,best,-5.960511684417725,-5.687000274658203
669,best,-5.156503200531006,-4.856350898742676
670,best,-6.612621784210205,-6.111361980438232
671,best,-4.766247272491455,-4.531062126159668
672,best,-5.805516242980957,-5.562436580657959
673,best,-5.252818584442139,-5.240964412689209
674,best,-6.612621307373047,-6.111361503601074
675,best,-5.725673675537109,-5.594170570373535
676,best,-8.817532539367676,-7.729333877563477
677,best,-8.155556678771973,-7.825634479522705
678,best,-8.561446189880371,-8.156759262084961
679,best,-7.248865604400635,-7.012150287628174
680,best,-7.412629127502441,-6.255838394165039
681,best,-5.533665657043457,-4.555946350097656
682,best,-6.2985382080078125,-5.234707355499268
683,best,-9.481164932250977,-8.07888126373291
684,best,-5.605449199676514,-4.470751762390137
685,best,-5.553671836853027,-5.030484676361084
686,best,-9.019250869750977,-7.626834392547607
687,best,-4.441486358642578,-3.847175121307373
688,best,-6.471319675445557,-5.319000720977783
689,best,-7.924471378326416,-6.785495758056641
690,best,-6.646235466003418,-5.712420463562012
691,best,-4.603341102600098,-3.8332812786102295
692,best,-7.963765621185303,-6.542977333068848
693,best,-4.889039516448975,-4.205197334289551
694,best,-7.531198501586914,-6.673133373260498
695,best,-8.980921745300293,-8.014459609985352
696,best,-10.011604309082031,-8.761176109313965
697,best,-4.77840518951416,-4.17411470413208
698,best,-5.53834342956543,-4.664073467254639
699,best,-6.78737211227417,-5.829720973968506
