item_id,model_state,do,pp
0,initial,-8.461575508117676,-6.640092372894287
1,initial,-8.126694679260254,-7.3372673988342285
2,initial,-7.276065826416016,-6.7924604415893555
3,initial,-8.882597923278809,-7.841829776763916
4,initial,-8.519454956054688,-6.304680347442627
5,initial,-8.073453903198242,-7.153278350830078
6,initial,-9.725442886352539,-7.664666652679443
7,initial,-8.23893928527832,-6.789292812347412
8,initial,-7.05743932723999,-5.667758941650391
9,initial,-7.276065826416016,-6.7924604415893555
10,initial,-9.336174011230469,-7.654421329498291
11,initial,-6.8406662940979,-6.356135368347168
12,initial,-8.8584566116333,-6.9444050788879395
13,initial,-9.747118949890137,-7.3315582275390625
14,initial,-7.05743932723999,-5.667758941650391
15,initial,-9.069253921508789,-7.404623031616211
16,initial,-7.853344917297363,-6.588539123535156
17,initial,-7.43742036819458,-6.943325996398926
18,initial,-9.113702774047852,-8.207119941711426
19,initial,-7.316943168640137,-6.72863245010376
20,initial,-6.34769868850708,-6.192347049713135
21,initial,-7.662146091461182,-6.7581706047058105
22,initial,-8.708246231079102,-7.748885631561279
23,initial,-7.937036037445068,-6.830663204193115
24,initial,-8.98585033416748,-7.486446857452393
25,initial,-7.937036037445068,-6.830663204193115
26,initial,-9.370789527893066,-7.93393087387085
27,initial,-8.82441520690918,-7.90002965927124
28,initial,-7.040874004364014,-6.5961833000183105
29,initial,-9.296038627624512,-8.176594734191895
30,initial,-7.246987819671631,-6.8245415687561035
31,initial,-7.9728851318359375,-6.916021823883057
32,initial,-8.708247184753418,-7.748885631561279
33,initial,-7.9728851318359375,-6.916021823883057
34,initial,-7.369473457336426,-7.022979259490967
35,initial,-8.381831169128418,-8.157031059265137
36,initial,-7.040873050689697,-6.596183776855469
37,initial,-7.9728851318359375,-6.916021823883057
38,initial,-6.8007965087890625,-6.537067413330078
39,initial,-6.473075866699219,-6.288525104522705
40,initial,-6.828712463378906,-6.482839107513428
41,initial,-7.510855674743652,-6.902334213256836
42,initial,-7.198333263397217,-6.590163707733154
43,initial,-8.189291000366211,-7.683889389038086
44,initial,-7.805388450622559,-6.894497871398926
45,initial,-7.4004034996032715,-6.722235679626465
46,initial,-7.336826324462891,-6.712127208709717
47,initial,-6.945996284484863,-6.64229154586792
48,initial,-8.398131370544434,-7.452951908111572
49,initial,-7.100175857543945,-6.419835090637207
50,initial,-8.312499046325684,-7.361025810241699
51,initial,-9.023844718933105,-7.707094192504883
52,initial,-7.4019775390625,-6.844377517700195
53,initial,-8.20590877532959,-7.445462226867676
54,initial,-8.032742500305176,-7.522243022918701
55,initial,-7.287557125091553,-6.705178737640381
56,initial,-7.566281318664551,-6.8321852684021
57,initial,-6.757625579833984,-6.39146089553833
58,initial,-7.9074811935424805,-6.814644813537598
59,initial,-7.6748504638671875,-6.800453186035156
60,initial,-8.693316459655762,-7.702493190765381
61,initial,-9.569190979003906,-8.163365364074707
62,initial,-9.772537231445312,-8.118369102478027
63,initial,-9.960050582885742,-8.15160846710205
64,initial,-8.558238983154297,-7.838083744049072
65,initial,-7.792923450469971,-6.982956886291504
66,initial,-9.06676197052002,-7.683791160583496
67,initial,-10.797236442565918,-9.320211410522461
68,initial,-8.933714866638184,-7.104833602905273
69,initial,-8.43187427520752,-7.405765533447266
70,initial,-8.64194393157959,-7.551249980926514
71,initial,-9.88858413696289,-8.482487678527832
72,initial,-7.345809459686279,-6.66408109664917
73,initial,-8.363957405090332,-7.414367198944092
74,initial,-7.287713527679443,-7.0127105712890625
75,initial,-10.059062957763672,-7.86523962020874
76,initial,-8.57425594329834,-7.551891803741455
77,initial,-10.12780475616455,-8.089292526245117
78,initial,-7.841556072235107,-6.855669975280762
79,initial,-8.48569393157959,-7.384955883026123
80,initial,-5.962913990020752,-5.448697090148926
81,initial,-6.002099990844727,-5.368206024169922
82,initial,-7.84290075302124,-7.272019386291504
83,initial,-6.890820503234863,-6.059964179992676
84,initial,-7.094912052154541,-6.382729530334473
85,initial,-8.63747501373291,-7.584205627441406
86,initial,-8.120698928833008,-7.5611748695373535
87,initial,-7.046390533447266,-6.943499565124512
88,initial,-7.131531238555908,-6.762307643890381
89,initial,-5.811671733856201,-5.55499792098999
90,initial,-6.97292423248291,-5.916703224182129
91,initial,-9.104289054870605,-8.331650733947754
92,initial,-6.068094253540039,-5.700397968292236
93,initial,-7.277010440826416,-6.647309303283691
94,initial,-7.318356513977051,-6.748964309692383
95,initial,-7.10714054107666,-6.580780029296875
96,initial,-6.1967315673828125,-5.468928813934326
97,initial,-6.535120964050293,-6.028087139129639
98,initial,-8.422932624816895,-7.543228626251221
99,initial,-6.534633159637451,-5.681097984313965
100,initial,-7.605566501617432,-6.560060024261475
101,initial,-7.6761393547058105,-6.976142406463623
102,initial,-8.78010082244873,-7.19602108001709
103,initial,-7.456165790557861,-6.325226306915283
104,initial,-7.456165790557861,-6.325226306915283
105,initial,-7.019702911376953,-6.2264933586120605
106,initial,-8.730520248413086,-7.485484600067139
107,initial,-8.299850463867188,-7.18424129486084
108,initial,-6.639622211456299,-5.503072261810303
109,initial,-9.21762752532959,-8.209999084472656
110,initial,-8.746100425720215,-7.602760314941406
111,initial,-7.316945552825928,-6.594925880432129
112,initial,-8.836597442626953,-7.470866680145264
113,initial,-8.971843719482422,-7.604007244110107
114,initial,-7.190624713897705,-6.610185623168945
115,initial,-7.532817840576172,-6.995254993438721
116,initial,-9.246418952941895,-8.146090507507324
117,initial,-8.114322662353516,-7.251431465148926
118,initial,-8.730520248413086,-7.485484600067139
119,initial,-9.027396202087402,-8.045648574829102
120,initial,-7.085086822509766,-5.6989006996154785
121,initial,-6.711818695068359,-5.105900287628174
122,initial,-7.586267948150635,-6.11298131942749
123,initial,-7.169658660888672,-5.676902770996094
124,initial,-7.251065731048584,-6.0167412757873535
125,initial,-9.156044006347656,-6.900282382965088
126,initial,-9.063362121582031,-7.849141597747803
127,initial,-8.692472457885742,-6.5277533531188965
128,initial,-7.430713653564453,-5.886842250823975
129,initial,-8.630776405334473,-6.613291263580322
130,initial,-7.6234331130981445,-5.981564044952393
131,initial,-6.927936553955078,-5.887813568115234
132,initial,-6.70880126953125,-5.730774879455566
133,initial,-9.114869117736816,-7.060391902923584
134,initial,-8.630776405334473,-6.613291263580322
135,initial,-7.489672660827637,-5.456459045410156
136,initial,-7.2253570556640625,-5.815314769744873
137,initial,-7.489672660827637,-5.456459045410156
138,initial,-9.156045913696289,-6.900282382965088
139,initial,-7.307809352874756,-6.210563659667969
140,initial,-6.971009254455566,-6.025541305541992
141,initial,-8.207578659057617,-7.084222316741943
142,initial,-7.093122482299805,-6.069408893585205
143,initial,-6.481874942779541,-5.337407112121582
144,initial,-8.431879997253418,-7.485357284545898
145,initial,-7.282731056213379,-5.873348712921143
146,initial,-8.663125038146973,-7.09205436706543
147,initial,-8.672768592834473,-7.309139251708984
148,initial,-7.449766635894775,-6.418485641479492
149,initial,-7.890880107879639,-6.727231979370117
150,initial,-7.852716445922852,-7.097940444946289
151,initial,-8.115861892700195,-7.030002593994141
152,initial,-8.836678504943848,-7.538508415222168
153,initial,-8.130785942077637,-6.845231056213379
154,initial,-6.971009254455566,-6.025541305541992
155,initial,-8.663125038146973,-7.09205436706543
156,initial,-8.66962718963623,-7.178537368774414
157,initial,-8.322693824768066,-6.795544624328613
158,initial,-7.662935733795166,-6.272914409637451
159,initial,-8.663125038146973,-7.09205436706543
160,initial,-8.816630363464355,-6.961432933807373
161,initial,-8.657682418823242,-6.176477909088135
162,initial,-8.788775444030762,-7.307347774505615
163,initial,-9.814919471740723,-8.29983901977539
164,initial,-10.267229080200195,-8.057417869567871
165,initial,-7.154260158538818,-6.04854679107666
166,initial,-8.623390197753906,-7.088465213775635
167,initial,-9.814919471740723,-8.29983901977539
168,initial,-8.789512634277344,-7.073615074157715
169,initial,-8.605067253112793,-7.221595764160156
170,initial,-9.7711763381958,-7.917108058929443
171,initial,-8.865684509277344,-6.773954391479492
172,initial,-7.849732875823975,-6.580314636230469
173,initial,-9.48341178894043,-7.780853748321533
174,initial,-9.711910247802734,-7.643853664398193
175,initial,-8.853655815124512,-7.1219892501831055
176,initial,-9.947616577148438,-7.782186031341553
177,initial,-8.231828689575195,-6.6868977546691895
178,initial,-8.100446701049805,-6.4454827308654785
179,initial,-8.830204010009766,-6.720530033111572
180,initial,-6.8601837158203125,-6.114709854125977
181,initial,-5.711626052856445,-5.0220441818237305
182,initial,-6.205949306488037,-5.858105659484863
183,initial,-6.780195236206055,-6.285256862640381
184,initial,-6.7211809158325195,-5.539996147155762
185,initial,-7.380282402038574,-6.504918575286865
186,initial,-7.117925643920898,-6.624502182006836
187,initial,-8.95794677734375,-7.578701019287109
188,initial,-6.285341262817383,-5.40989875793457
189,initial,-7.499939918518066,-6.341397285461426
190,initial,-7.704122066497803,-6.1997833251953125
191,initial,-6.8601837158203125,-6.114709854125977
192,initial,-7.327418804168701,-6.4614667892456055
193,initial,-7.423836708068848,-6.737844467163086
194,initial,-6.522065162658691,-6.075945854187012
195,initial,-7.667417049407959,-6.5930986404418945
196,initial,-7.621336936950684,-6.386292457580566
197,initial,-7.756882667541504,-6.5903730392456055
198,initial,-8.348821640014648,-7.314365386962891
199,initial,-6.835198402404785,-5.854192733764648
200,initial,-6.162415504455566,-4.974207401275635
201,initial,-7.518383026123047,-6.72641658782959
202,initial,-8.05904483795166,-6.685690402984619
203,initial,-7.317874431610107,-5.771403789520264
204,initial,-7.317874431610107,-5.771403789520264
205,initial,-6.984339237213135,-6.1823320388793945
206,initial,-9.10731029510498,-7.7869343757629395
207,initial,-8.469208717346191,-7.061637878417969
208,initial,-7.317874431610107,-5.771403789520264
209,initial,-6.984339237213135,-6.1823320388793945
210,initial,-8.050716400146484,-6.573700428009033
211,initial,-7.551604747772217,-6.341136455535889
212,initial,-7.551604747772217,-6.341136455535889
213,initial,-8.335814476013184,-7.069745063781738
214,initial,-8.050716400146484,-6.573700428009033
215,initial,-7.919698238372803,-6.425473690032959
216,initial,-8.540995597839355,-7.245446681976318
217,initial,-9.01880931854248,-7.445526599884033
218,initial,-7.035837650299072,-5.692688465118408
219,initial,-6.9710869789123535,-5.443226337432861
220,initial,-7.166472434997559,-6.613577842712402
221,initial,-7.425770282745361,-6.940349578857422
222,initial,-7.1970672607421875,-6.5697431564331055
223,initial,-7.282517910003662,-6.939986228942871
224,initial,-8.05935001373291,-7.286865711212158
225,initial,-7.22813081741333,-7.0673627853393555
226,initial,-7.42648983001709,-6.880453586578369
227,initial,-6.882970809936523,-6.644410610198975
228,initial,-7.093753337860107,-6.84980583190918
229,initial,-7.22813081741333,-7.0673627853393555
230,initial,-7.992991924285889,-7.146292686462402
231,initial,-6.639467239379883,-6.079743385314941
232,initial,-7.8392181396484375,-7.08633279800415
233,initial,-8.771666526794434,-8.016435623168945
234,initial,-8.676318168640137,-8.073002815246582
235,initial,-6.817191123962402,-6.411629676818848
236,initial,-6.961605548858643,-6.287674903869629
237,initial,-6.756685256958008,-6.496315002441406
238,initial,-8.42475414276123,-8.079160690307617
239,initial,-7.710993766784668,-7.455166339874268
240,initial,-6.494889259338379,-6.625538349151611
241,initial,-7.161521911621094,-7.062350273132324
242,initial,-7.683969974517822,-7.2945990562438965
243,initial,-7.089695453643799,-6.98300313949585
244,initial,-7.753615379333496,-7.441339492797852
245,initial,-7.927531719207764,-7.81826639175415
246,initial,-6.989506721496582,-6.936892509460449
247,initial,-7.727581024169922,-7.560523986816406
248,initial,-8.099152565002441,-8.079790115356445
249,initial,-8.043232917785645,-7.857057094573975
250,initial,-7.751049041748047,-7.512243270874023
251,initial,-6.661803722381592,-6.580756664276123
252,initial,-6.7875261306762695,-6.66102409362793
253,initial,-7.188694953918457,-7.158634662628174
254,initial,-6.66658878326416,-6.496280193328857
255,initial,-7.258612632751465,-7.035417556762695
256,initial,-8.46474552154541,-8.119062423706055
257,initial,-8.304792404174805,-8.17146110534668
258,initial,-6.922293186187744,-6.820607662200928
259,initial,-5.934351921081543,-5.938772201538086
260,initial,-6.714406967163086,-6.636389255523682
261,initial,-6.715964317321777,-6.89288330078125
262,initial,-6.453460693359375,-6.39047908782959
263,initial,-7.517839431762695,-7.373997688293457
264,initial,-7.32619047164917,-7.245347023010254
265,initial,-7.016404628753662,-6.907657146453857
266,initial,-6.657706260681152,-6.656406879425049
267,initial,-6.622954368591309,-6.5282793045043945
268,initial,-6.846746444702148,-6.690094947814941
269,initial,-6.943886756896973,-7.002866268157959
270,initial,-6.535185813903809,-6.666627407073975
271,initial,-6.191873550415039,-6.483752250671387
272,initial,-6.045339107513428,-6.019957065582275
273,initial,-6.630647659301758,-6.193572998046875
274,initial,-7.53476619720459,-7.318105220794678
275,initial,-6.038300514221191,-5.945388317108154
276,initial,-6.374883651733398,-6.491037845611572
277,initial,-6.428356170654297,-6.561212062835693
278,initial,-6.8980560302734375,-6.996389389038086
279,initial,-6.887397289276123,-6.763444423675537
280,initial,-9.180604934692383,-8.605683326721191
281,initial,-8.638413429260254,-8.209012031555176
282,initial,-8.323310852050781,-8.485447883605957
283,initial,-7.65277099609375,-7.927351951599121
284,initial,-7.466961860656738,-7.007907390594482
285,initial,-7.108854293823242,-7.018144607543945
286,initial,-8.834639549255371,-8.195155143737793
287,initial,-8.068586349487305,-7.595020294189453
288,initial,-8.276516914367676,-7.836439609527588
289,initial,-6.912656784057617,-6.843625068664551
290,initial,-8.091805458068848,-7.82207727432251
291,initial,-9.143272399902344,-8.495416641235352
292,initial,-7.768340110778809,-7.676980972290039
293,initial,-8.917588233947754,-8.34815502166748
294,initial,-7.030383586883545,-6.409998416900635
295,initial,-7.906227111816406,-7.4422783851623535
296,initial,-7.765510082244873,-7.457110404968262
297,initial,-9.5157470703125,-8.968303680419922
298,initial,-7.523766994476318,-7.611664772033691
299,initial,-8.495423316955566,-8.383049011230469
300,initial,-7.030095100402832,-6.754952907562256
301,initial,-7.224276542663574,-7.339493274688721
302,initial,-6.027915954589844,-5.8344855308532715
303,initial,-7.2355852127075195,-6.6554856300354
304,initial,-6.292771816253662,-6.020595073699951
305,initial,-7.206871032714844,-7.054826259613037
306,initial,-8.569940567016602,-8.241190910339355
307,initial,-6.457409381866455,-6.10365629196167
308,initial,-6.594922065734863,-6.443658828735352
309,initial,-6.377804756164551,-6.044660568237305
310,initial,-7.931857109069824,-7.5054121017456055
311,initial,-7.071769714355469,-6.964474678039551
312,initial,-6.964521884918213,-6.512526035308838
313,initial,-6.460452556610107,-6.208735942840576
314,initial,-6.494332790374756,-6.4737114906311035
315,initial,-6.3363356590271,-5.926592826843262
316,initial,-5.574316024780273,-5.468010425567627
317,initial,-7.298594951629639,-7.223270893096924
318,initial,-6.03687047958374,-5.740603923797607
319,initial,-7.805208206176758,-7.259354591369629
320,initial,-5.821279525756836,-5.314608573913574
321,initial,-7.258697986602783,-6.550173282623291
322,initial,-6.91160774230957,-6.886043548583984
323,initial,-6.933770179748535,-6.3921122550964355
324,initial,-7.050383567810059,-6.868096828460693
325,initial,-6.984117031097412,-6.9096198081970215
326,initial,-7.688817977905273,-7.362398147583008
327,initial,-7.633355140686035,-7.191799640655518
328,initial,-5.815213680267334,-5.608636379241943
329,initial,-7.572786331176758,-7.358051776885986
330,initial,-6.26302433013916,-5.844189643859863
331,initial,-7.365393161773682,-6.894960880279541
332,initial,-7.663832187652588,-7.22400426864624
333,initial,-6.652076244354248,-6.423806667327881
334,initial,-6.403585433959961,-6.005344390869141
335,initial,-6.438698768615723,-6.259552955627441
336,initial,-7.6668243408203125,-7.389919281005859
337,initial,-6.6487507820129395,-6.318583011627197
338,initial,-5.804549217224121,-5.58310604095459
339,initial,-7.376033306121826,-6.8551483154296875
340,initial,-7.02964448928833,-6.433227062225342
341,initial,-9.81834602355957,-8.864822387695312
342,initial,-9.727543830871582,-8.219878196716309
343,initial,-9.957148551940918,-8.974044799804688
344,initial,-8.275897026062012,-7.655334949493408
345,initial,-7.828163146972656,-7.047632694244385
346,initial,-9.527535438537598,-8.34151554107666
347,initial,-7.806377410888672,-8.179486274719238
348,initial,-10.01883316040039,-8.398662567138672
349,initial,-8.58077335357666,-8.104935646057129
350,initial,-8.303709030151367,-8.855562210083008
351,initial,-9.857495307922363,-9.342750549316406
352,initial,-8.376513481140137,-7.65103816986084
353,initial,-9.44231128692627,-8.057266235351562
354,initial,-7.795167446136475,-6.873754024505615
355,initial,-8.408404350280762,-8.376042366027832
356,initial,-9.928547859191895,-9.517699241638184
357,initial,-9.439677238464355,-9.339056015014648
358,initial,-8.845100402832031,-7.603519916534424
359,initial,-8.33131217956543,-7.332881450653076
360,initial,-8.021529197692871,-8.00364875793457
361,initial,-8.962449073791504,-8.328227043151855
362,initial,-7.436961650848389,-7.496007442474365
363,initial,-7.052635192871094,-7.466860294342041
364,initial,-7.107386589050293,-7.391031742095947
365,initial,-7.273497104644775,-7.466489315032959
366,initial,-7.084231376647949,-8.00484848022461
367,initial,-7.88607931137085,-7.937784194946289
368,initial,-8.954190254211426,-8.610291481018066
369,initial,-9.865119934082031,-9.732325553894043
370,initial,-8.077056884765625,-7.896851062774658
371,initial,-9.585990905761719,-9.606328010559082
372,initial,-9.312472343444824,-8.836010932922363
373,initial,-9.286701202392578,-9.515896797180176
374,initial,-7.5781569480896,-8.174225807189941
375,initial,-6.99910306930542,-6.679986000061035
376,initial,-7.283969879150391,-7.838216304779053
377,initial,-8.962449073791504,-8.328227043151855
378,initial,-7.052635192871094,-7.466860294342041
379,initial,-7.525522708892822,-7.840205669403076
380,initial,-7.219298362731934,-7.367367267608643
381,initial,-8.82758617401123,-8.146483421325684
382,initial,-7.3718671798706055,-7.441309452056885
383,initial,-8.603246688842773,-8.400678634643555
384,initial,-6.638335704803467,-6.265259742736816
385,initial,-7.959327220916748,-7.935197830200195
386,initial,-8.174922943115234,-7.709063529968262
387,initial,-8.81458854675293,-8.39813232421875
388,initial,-7.207685470581055,-7.124643325805664
389,initial,-7.253319263458252,-7.358277797698975
390,initial,-7.064082145690918,-7.403525352478027
391,initial,-7.406777858734131,-7.224636554718018
392,initial,-7.816821098327637,-7.691420078277588
393,initial,-8.79940128326416,-8.72065544128418
394,initial,-7.39380407333374,-7.703761577606201
395,initial,-8.851161003112793,-8.439311981201172
396,initial,-7.969564914703369,-7.903235912322998
397,initial,-6.960063457489014,-7.2731733322143555
398,initial,-7.251662254333496,-7.695008277893066
399,initial,-7.396345138549805,-7.096235275268555
400,initial,-9.369243621826172,-7.955538749694824
401,initial,-9.462132453918457,-9.266915321350098
402,initial,-10.286314010620117,-10.256279945373535
403,initial,-7.727173328399658,-7.324876308441162
404,initial,-9.386292457580566,-8.378439903259277
405,initial,-9.227682113647461,-8.21268367767334
406,initial,-8.895426750183105,-8.634631156921387
407,initial,-8.403286933898926,-7.9777092933654785
408,initial,-8.083929061889648,-7.809671878814697
409,initial,-9.14635944366455,-7.900179862976074
410,initial,-7.824595928192139,-7.479942321777344
411,initial,-9.639509201049805,-9.150498390197754
412,initial,-9.906749725341797,-9.113268852233887
413,initial,-8.41106128692627,-8.058435440063477
414,initial,-9.16740894317627,-9.234810829162598
415,initial,-9.220309257507324,-8.641018867492676
416,initial,-9.97983455657959,-9.260165214538574
417,initial,-9.610810279846191,-8.770302772521973
418,initial,-8.787861824035645,-7.643280982971191
419,initial,-7.7271728515625,-7.324876308441162
420,initial,-8.018304824829102,-7.510226726531982
421,initial,-6.637170791625977,-6.608536720275879
422,initial,-6.953965187072754,-6.85878324508667
423,initial,-7.4928107261657715,-6.969926357269287
424,initial,-6.956599235534668,-6.502169609069824
425,initial,-8.683465003967285,-8.363903045654297
426,initial,-9.281716346740723,-8.654518127441406
427,initial,-9.51605224609375,-9.297935485839844
428,initial,-8.32627010345459,-8.070323944091797
429,initial,-6.751534461975098,-6.6531572341918945
430,initial,-9.280214309692383,-9.18949031829834
431,initial,-6.989664554595947,-6.895934104919434
432,initial,-6.840447902679443,-7.050465106964111
433,initial,-9.057194709777832,-8.652843475341797
434,initial,-7.833242893218994,-7.38038969039917
435,initial,-6.9210591316223145,-6.531563758850098
436,initial,-6.793354511260986,-6.5570855140686035
437,initial,-6.442757606506348,-6.156942844390869
438,initial,-6.766078948974609,-6.913628578186035
439,initial,-7.228726387023926,-6.782952785491943
440,initial,-8.044877052307129,-7.452805519104004
441,initial,-6.623286724090576,-6.083945274353027
442,initial,-7.964433193206787,-7.755897045135498
443,initial,-7.355824947357178,-6.728273391723633
444,initial,-7.72238302230835,-6.879956245422363
445,initial,-8.09398365020752,-7.68531608581543
446,initial,-8.553495407104492,-8.229934692382812
447,initial,-9.07647705078125,-8.635744094848633
448,initial,-7.769416809082031,-7.01589298248291
449,initial,-7.070698261260986,-6.908904075622559
450,initial,-8.282179832458496,-7.642394065856934
451,initial,-8.153356552124023,-7.834392070770264
452,initial,-9.03100872039795,-8.653239250183105
453,initial,-7.467967510223389,-6.524717330932617
454,initial,-7.106647968292236,-6.6894121170043945
455,initial,-7.425492763519287,-7.178686141967773
456,initial,-7.221928119659424,-7.004169940948486
457,initial,-7.204566478729248,-6.928069114685059
458,initial,-7.721593379974365,-7.343441963195801
459,initial,-7.799373149871826,-7.429104328155518
460,initial,-8.56116008758545,-7.710893154144287
461,initial,-5.989521503448486,-5.716129302978516
462,initial,-5.53860330581665,-5.513735294342041
463,initial,-7.2884440422058105,-6.984920024871826
464,initial,-6.841464996337891,-6.814024448394775
465,initial,-6.816834449768066,-6.826542854309082
466,initial,-6.291766166687012,-6.060850143432617
467,initial,-7.093025207519531,-6.703354358673096
468,initial,-7.135948181152344,-6.844480514526367
469,initial,-6.762266159057617,-6.712740898132324
470,initial,-7.194267749786377,-6.831441879272461
471,initial,-8.48112964630127,-7.705501079559326
472,initial,-6.7075982093811035,-6.723433017730713
473,initial,-6.937516689300537,-6.9658522605896
474,initial,-6.8180389404296875,-6.852311611175537
475,initial,-7.297743320465088,-6.816701412200928
476,initial,-5.705094337463379,-5.894558906555176
477,initial,-6.610886096954346,-6.597570896148682
478,initial,-6.354436874389648,-6.217911243438721
479,initial,-6.1323065757751465,-5.929251194000244
480,initial,-5.740277290344238,-5.942228317260742
481,initial,-6.354274272918701,-6.497227668762207
482,initial,-7.311229705810547,-7.146247863769531
483,initial,-5.383012771606445,-5.500030040740967
484,initial,-5.301063060760498,-5.268895626068115
485,initial,-5.791338920593262,-5.870165824890137
486,initial,-5.791338920593262,-5.870165824890137
487,initial,-6.640131950378418,-6.793651580810547
488,initial,-5.571933269500732,-5.52482795715332
489,initial,-7.01495361328125,-6.809082984924316
490,initial,-7.719764709472656,-7.40084981918335
491,initial,-8.355696678161621,-8.077018737792969
492,initial,-5.791338920593262,-5.870165824890137
493,initial,-5.236649513244629,-5.310998916625977
494,initial,-6.736246109008789,-6.54572057723999
495,initial,-7.1814470291137695,-6.939493656158447
496,initial,-5.388984680175781,-5.752226829528809
497,initial,-6.268500328063965,-6.180291175842285
498,initial,-5.236649513244629,-5.310998916625977
499,initial,-7.037848472595215,-6.843018531799316
500,initial,-5.865833759307861,-6.063232421875
501,initial,-6.153857707977295,-6.120410919189453
502,initial,-6.756789207458496,-6.261136054992676
503,initial,-8.234599113464355,-7.77996301651001
504,initial,-5.990409851074219,-5.745680332183838
505,initial,-6.34580659866333,-6.480533123016357
506,initial,-6.664670467376709,-6.678853988647461
507,initial,-8.017144203186035,-7.649384498596191
508,initial,-6.899151802062988,-6.774723052978516
509,initial,-6.235188007354736,-5.930386066436768
510,initial,-7.770793437957764,-7.410564422607422
511,initial,-7.8976311683654785,-7.550851345062256
512,initial,-6.063068866729736,-6.194379806518555
513,initial,-6.686675071716309,-6.329643726348877
514,initial,-6.52935791015625,-6.7326579093933105
515,initial,-7.0089945793151855,-6.930344581604004
516,initial,-6.6983795166015625,-6.697591781616211
517,initial,-5.617044448852539,-5.308499813079834
518,initial,-6.979827880859375,-7.17483377456665
519,initial,-8.107187271118164,-7.8852691650390625
520,initial,-7.917494773864746,-7.083394527435303
521,initial,-7.088479518890381,-6.877553939819336
522,initial,-7.9865899085998535,-7.328314304351807
523,initial,-7.094118118286133,-6.870060920715332
524,initial,-6.234982490539551,-6.034980297088623
525,initial,-7.698762893676758,-7.484917640686035
526,initial,-5.903173446655273,-5.631783962249756
527,initial,-6.1400041580200195,-6.251640796661377
528,initial,-9.398635864257812,-8.148794174194336
529,initial,-7.47155237197876,-7.177037715911865
530,initial,-6.8324456214904785,-6.330076694488525
531,initial,-8.762465476989746,-8.257290840148926
532,initial,-8.857678413391113,-7.784283638000488
533,initial,-7.671987056732178,-6.977776527404785
534,initial,-8.517339706420898,-7.628719806671143
535,initial,-6.452055931091309,-6.202781677246094
536,initial,-6.350230693817139,-6.1689043045043945
537,initial,-8.762465476989746,-8.257290840148926
538,initial,-6.071549415588379,-5.8146138191223145
539,initial,-6.397884845733643,-6.271835803985596
540,initial,-5.007091522216797,-5.160061836242676
541,initial,-5.4033918380737305,-5.4168314933776855
542,initial,-6.315225124359131,-6.095194339752197
543,initial,-5.622282981872559,-5.473571300506592
544,initial,-5.266342639923096,-5.448130130767822
545,initial,-5.849874496459961,-5.775574684143066
546,initial,-6.294278621673584,-6.021347999572754
547,initial,-6.1966776847839355,-6.101650714874268
548,initial,-5.582115173339844,-5.598275184631348
549,initial,-6.129892349243164,-6.030858516693115
550,initial,-5.924001693725586,-5.815180778503418
551,initial,-6.894643783569336,-6.7262282371521
552,initial,-5.916568756103516,-5.804642200469971
553,initial,-7.456449031829834,-6.844322681427002
554,initial,-7.277090549468994,-7.06776237487793
555,initial,-7.185973167419434,-6.870852947235107
556,initial,-5.495177745819092,-5.764743804931641
557,initial,-6.411291122436523,-6.211715221405029
558,initial,-5.581298828125,-5.75915002822876
559,initial,-6.147481441497803,-6.0671868324279785
560,initial,-7.24238395690918,-6.699110507965088
561,initial,-7.061286926269531,-6.303435325622559
562,initial,-7.817373275756836,-7.809598922729492
563,initial,-5.93516731262207,-5.87814474105835
564,initial,-8.114921569824219,-7.468026161193848
565,initial,-5.527770519256592,-5.313657760620117
566,initial,-6.653415679931641,-6.177700519561768
567,initial,-6.932037830352783,-6.408721923828125
568,initial,-6.698746681213379,-6.591407775878906
569,initial,-6.746955871582031,-6.421996116638184
570,initial,-6.991617202758789,-6.75468635559082
571,initial,-6.876812934875488,-6.6252121925354
572,initial,-6.752077102661133,-6.397328853607178
573,initial,-7.933864593505859,-7.314842224121094
574,initial,-5.631901264190674,-5.4940714836120605
575,initial,-5.7637038230896,-5.497381210327148
576,initial,-6.358572483062744,-6.213581085205078
577,initial,-5.2060017585754395,-4.897791385650635
578,initial,-5.6591033935546875,-5.437662601470947
579,initial,-5.773356914520264,-5.294227123260498
580,initial,-7.34553861618042,-6.251559257507324
581,initial,-8.176217079162598,-7.437504291534424
582,initial,-6.336596488952637,-5.893266201019287
583,initial,-8.144668579101562,-7.197862148284912
584,initial,-7.830397129058838,-6.734511375427246
585,initial,-6.302154541015625,-5.836872577667236
586,initial,-7.421714782714844,-6.25394868850708
587,initial,-8.286110877990723,-7.610204219818115
588,initial,-8.188582420349121,-7.152955055236816
589,initial,-7.602960586547852,-7.108850955963135
590,initial,-7.890474319458008,-7.106971263885498
591,initial,-7.923065662384033,-6.987109184265137
592,initial,-8.398778915405273,-7.093912601470947
593,initial,-6.651114463806152,-6.167418956756592
594,initial,-6.349758625030518,-5.278129577636719
595,initial,-8.578230857849121,-7.189677715301514
596,initial,-6.553204536437988,-5.722257614135742
597,initial,-7.703122615814209,-6.372920513153076
598,initial,-8.613998413085938,-7.248134613037109
599,initial,-7.43774938583374,-6.325167179107666
600,initial,-6.575226306915283,-6.092031955718994
601,initial,-8.713190078735352,-7.7904486656188965
602,initial,-8.908977508544922,-8.03226089477539
603,initial,-7.922644138336182,-7.359388828277588
604,initial,-6.575226306915283,-6.092031955718994
605,initial,-7.014066219329834,-6.646331787109375
606,initial,-8.370722770690918,-7.726528644561768
607,initial,-7.352114200592041,-6.6331562995910645
608,initial,-7.789342403411865,-7.118954181671143
609,initial,-8.105831146240234,-7.351343631744385
610,initial,-6.9264726638793945,-6.343727111816406
611,initial,-8.908977508544922,-8.032259941101074
612,initial,-6.805378437042236,-6.449987888336182
613,initial,-7.55064058303833,-7.1022796630859375
614,initial,-6.280050277709961,-6.06024694442749
615,initial,-6.798461437225342,-6.368415832519531
616,initial,-6.517851829528809,-6.217569828033447
617,initial,-7.98757791519165,-7.2360453605651855
618,initial,-7.144536018371582,-6.505304336547852
619,initial,-8.114949226379395,-7.351157188415527
620,initial,-6.86814022064209,-6.405569076538086
621,initial,-7.388609886169434,-7.00496244430542
622,initial,-8.174595832824707,-7.833717346191406
623,initial,-6.51167106628418,-6.180970668792725
624,initial,-7.52007532119751,-6.956149578094482
625,initial,-7.14561128616333,-7.144421577453613
626,initial,-8.075695991516113,-7.416892051696777
627,initial,-6.631162643432617,-6.251791954040527
628,initial,-6.8794474601745605,-6.40865421295166
629,initial,-8.137554168701172,-7.4361090660095215
630,initial,-7.795727729797363,-7.434098243713379
631,initial,-7.369998455047607,-6.953253269195557
632,initial,-6.359238624572754,-6.216671943664551
633,initial,-5.961399078369141,-5.533376693725586
634,initial,-6.862363338470459,-6.443768501281738
635,initial,-5.92172908782959,-5.884825706481934
636,initial,-7.115372657775879,-6.594971179962158
637,initial,-6.0880608558654785,-5.852932929992676
638,initial,-7.555697441101074,-6.902667045593262
639,initial,-6.227935791015625,-5.793389320373535
640,initial,-8.044573783874512,-7.023621559143066
641,initial,-7.606387138366699,-7.0998125076293945
642,initial,-7.8431830406188965,-7.324784278869629
643,initial,-8.454915046691895,-7.510624885559082
644,initial,-8.022123336791992,-7.105953216552734
645,initial,-8.730937957763672,-7.440025806427002
646,initial,-9.42379093170166,-8.824292182922363
647,initial,-7.54774284362793,-6.1439995765686035
648,initial,-9.568510055541992,-8.420807838439941
649,initial,-9.07934856414795,-8.262343406677246
650,initial,-7.828105926513672,-7.1853742599487305
651,initial,-7.336413383483887,-6.558077335357666
652,initial,-6.946986675262451,-6.080404281616211
653,initial,-7.592235088348389,-6.742341041564941
654,initial,-7.880262851715088,-7.0167622566223145
655,initial,-8.904888153076172,-7.972102642059326
656,initial,-8.788933753967285,-7.545665264129639
657,initial,-8.954794883728027,-7.960591793060303
658,initial,-8.449162483215332,-7.723844051361084
659,initial,-8.323887825012207,-7.166720867156982
660,initial,-7.857192039489746,-7.052441120147705
661,initial,-5.711541652679443,-5.355391025543213
662,initial,-8.008413314819336,-7.489019393920898
663,initial,-7.313741207122803,-6.958815574645996
664,initial,-6.105584144592285,-5.91079568862915
665,initial,-6.24947452545166,-6.053468704223633
666,initial,-5.785088539123535,-5.70237922668457
667,initial,-6.845531940460205,-6.581945896148682
668,initial,-5.89849853515625,-5.6409711837768555
669,initial,-4.991415500640869,-5.456640720367432
670,initial,-7.749363899230957,-6.912443161010742
671,initial,-6.719518661499023,-6.1263957023620605
672,initial,-6.941328048706055,-6.619883060455322
673,initial,-5.750799179077148,-5.366238117218018
674,initial,-7.749363899230957,-6.912443161010742
675,initial,-7.169339179992676,-6.628894329071045
676,initial,-8.140625953674316,-7.640942096710205
677,initial,-6.393106937408447,-6.201632499694824
678,initial,-6.819212436676025,-6.587619304656982
679,initial,-7.047152519226074,-6.54444694519043
680,initial,-7.095426082611084,-6.351893901824951
681,initial,-7.390097618103027,-6.475093841552734
682,initial,-6.567549228668213,-5.970964431762695
683,initial,-7.564609050750732,-6.824726581573486
684,initial,-7.054133892059326,-6.584510803222656
685,initial,-6.294515132904053,-5.563748359680176
686,initial,-7.034027576446533,-6.723542213439941
687,initial,-6.320237636566162,-6.237482070922852
688,initial,-7.172375679016113,-6.0672125816345215
689,initial,-7.868162631988525,-7.240887641906738
690,initial,-6.500463008880615,-6.37944221496582
691,initial,-6.435219764709473,-5.765757083892822
692,initial,-7.070938587188721,-6.742905616760254
693,initial,-7.076406955718994,-6.432107448577881
694,initial,-7.326521396636963,-7.47826623916626
695,initial,-7.7737202644348145,-7.349918365478516
696,initial,-8.08272647857666,-7.442726135253906
697,initial,-6.593924522399902,-6.219984531402588
698,initial,-6.7985148429870605,-6.846444129943848
699,initial,-6.178651809692383,-5.868039608001709
0,final,-4.960890293121338,-4.699405670166016
1,final,-3.1219828128814697,-3.7401092052459717
2,final,-3.1910762786865234,-3.5484604835510254
3,final,-6.647145748138428,-6.187135219573975
4,final,-5.626641273498535,-4.955790996551514
5,final,-3.1383259296417236,-3.5698444843292236
6,final,-5.450262546539307,-5.120389461517334
7,final,-3.272263765335083,-2.859208106994629
8,final,-4.541347980499268,-3.9742584228515625
9,final,-3.1910762786865234,-3.5484604835510254
10,final,-5.5106000900268555,-4.467864990234375
11,final,-4.09766149520874,-4.272011756896973
12,final,-3.6590328216552734,-3.4030227661132812
13,final,-4.462460517883301,-3.836782455444336
14,final,-4.541347980499268,-3.9742584228515625
15,final,-5.476744651794434,-4.652884006500244
16,final,-3.1274659633636475,-2.931074857711792
17,final,-6.251020431518555,-6.360159397125244
18,final,-6.785088539123535,-6.663506984710693
19,final,-5.1422438621521,-5.1272873878479
20,final,-3.9451868534088135,-4.4937520027160645
21,final,-6.766177654266357,-6.680257320404053
22,final,-4.560129165649414,-4.825349807739258
23,final,-5.668697834014893,-5.469727516174316
24,final,-4.688515663146973,-4.362678050994873
25,final,-5.668697834014893,-5.469727516174316
26,final,-7.539698600769043,-6.6008219718933105
27,final,-5.733358860015869,-5.762685775756836
28,final,-5.503891468048096,-5.8818464279174805
29,final,-5.64725399017334,-5.237350940704346
30,final,-5.030825138092041,-5.428553104400635
31,final,-3.8189728260040283,-3.900892972946167
32,final,-4.560128211975098,-4.825348854064941
33,final,-3.8189735412597656,-3.9008922576904297
34,final,-2.8829407691955566,-3.7379391193389893
35,final,-4.2827863693237305,-4.989504814147949
36,final,-5.50389289855957,-5.881847381591797
37,final,-3.8189735412597656,-3.9008922576904297
38,final,-3.1661479473114014,-3.8091912269592285
39,final,-4.457709789276123,-4.801882266998291
40,final,-5.878725051879883,-5.1933488845825195
41,final,-6.259873390197754,-5.559114456176758
42,final,-6.6746697425842285,-6.250770568847656
43,final,-7.175225257873535,-5.353930950164795
44,final,-5.45969820022583,-4.4267168045043945
45,final,-7.237610816955566,-6.335441589355469
46,final,-5.303833484649658,-4.128201484680176
47,final,-7.0730509757995605,-6.1761603355407715
48,final,-9.244138717651367,-7.053935527801514
49,final,-6.256176948547363,-5.874020576477051
50,final,-6.551410675048828,-5.0934906005859375
51,final,-8.655763626098633,-7.302803039550781
52,final,-6.8307366371154785,-6.273916244506836
53,final,-5.805173397064209,-4.773066997528076
54,final,-6.967644691467285,-5.3071208000183105
55,final,-5.56528902053833,-4.408416271209717
56,final,-6.195930480957031,-5.441431045532227
57,final,-5.673531532287598,-5.378780841827393
58,final,-5.4183454513549805,-4.277836799621582
59,final,-6.4031524658203125,-4.603442192077637
60,final,-7.88390588760376,-7.2694597244262695
61,final,-4.7952446937561035,-4.32784366607666
62,final,-9.524955749511719,-7.495752811431885
63,final,-8.649575233459473,-5.7115631103515625
64,final,-9.3372220993042,-7.042200565338135
65,final,-6.117637634277344,-4.6250152587890625
66,final,-7.810581684112549,-6.420538902282715
67,final,-7.520122528076172,-6.225810527801514
68,final,-7.236901760101318,-6.005603313446045
69,final,-8.110034942626953,-5.617096424102783
70,final,-9.433979034423828,-6.868809700012207
71,final,-9.697732925415039,-7.091541290283203
72,final,-7.182092666625977,-5.5873703956604
73,final,-6.209602355957031,-4.602431774139404
74,final,-8.820392608642578,-6.961124420166016
75,final,-8.566828727722168,-5.615982532501221
76,final,-7.338108062744141,-5.95110559463501
77,final,-8.437663078308105,-5.826852798461914
78,final,-7.056114196777344,-6.4034552574157715
79,final,-9.29074764251709,-6.922175407409668
80,final,-4.781014919281006,-4.307478904724121
81,final,-4.752508163452148,-4.477081775665283
82,final,-4.9345903396606445,-5.120338439941406
83,final,-6.020454406738281,-5.5814738273620605
84,final,-6.010922431945801,-5.524177551269531
85,final,-5.146204471588135,-5.033653736114502
86,final,-8.11787223815918,-7.27437686920166
87,final,-4.970090866088867,-4.741971015930176
88,final,-4.8414306640625,-4.928432464599609
89,final,-5.279220104217529,-5.254106521606445
90,final,-6.277125835418701,-5.260185241699219
91,final,-6.401162147521973,-6.1614766120910645
92,final,-5.036898136138916,-4.650664329528809
93,final,-4.672842979431152,-4.6209187507629395
94,final,-4.468197822570801,-4.4378156661987305
95,final,-6.450833320617676,-6.15622091293335
96,final,-5.236756801605225,-4.727535724639893
97,final,-5.47036600112915,-4.924989700317383
98,final,-5.9151458740234375,-5.855972766876221
99,final,-5.450925350189209,-4.747004985809326
100,final,-7.280590534210205,-6.291325569152832
101,final,-6.6094183921813965,-5.809446334838867
102,final,-10.113158226013184,-6.632596015930176
103,final,-5.75233793258667,-3.856602907180786
104,final,-5.75233793258667,-3.856602907180786
105,final,-7.498610019683838,-5.627261161804199
106,final,-5.567563533782959,-5.1516571044921875
107,final,-7.680797576904297,-6.429376125335693
108,final,-4.658371448516846,-4.4268341064453125
109,final,-8.225883483886719,-7.256350040435791
110,final,-9.369778633117676,-6.935885429382324
111,final,-5.233665943145752,-4.73996639251709
112,final,-7.989604473114014,-6.33388090133667
113,final,-8.685408592224121,-6.7924909591674805
114,final,-7.1833672523498535,-6.434612274169922
115,final,-6.942253589630127,-6.717354774475098
116,final,-6.54133415222168,-5.495015621185303
117,final,-5.349296569824219,-4.956604957580566
118,final,-5.567563533782959,-5.1516571044921875
119,final,-7.011599063873291,-6.190386772155762
120,final,-3.2678897380828857,-2.795726776123047
121,final,-4.096952438354492,-3.459951639175415
122,final,-6.456294536590576,-5.623048305511475
123,final,-5.173405170440674,-4.110569000244141
124,final,-3.317596435546875,-2.91756272315979
125,final,-5.837561130523682,-4.701124668121338
126,final,-5.461993217468262,-4.765442371368408
127,final,-3.968371629714966,-3.188678026199341
128,final,-5.2159905433654785,-4.393592357635498
129,final,-7.535270690917969,-5.946640491485596
130,final,-5.284765720367432,-4.356627941131592
131,final,-5.749547004699707,-5.03878116607666
132,final,-4.414540767669678,-4.035475730895996
133,final,-5.1935882568359375,-4.036243438720703
134,final,-7.535270690917969,-5.946640491485596
135,final,-3.1414856910705566,-2.3118293285369873
136,final,-4.6681437492370605,-4.2309160232543945
137,final,-3.1414856910705566,-2.3118293285369873
138,final,-5.837561130523682,-4.701125144958496
139,final,-6.045314311981201,-5.598453521728516
140,final,-5.787642002105713,-5.125804424285889
141,final,-5.922475337982178,-4.629302024841309
142,final,-7.274199962615967,-5.670604228973389
143,final,-6.022038459777832,-4.509546279907227
144,final,-6.265063762664795,-5.23958158493042
145,final,-8.013887405395508,-5.132143020629883
146,final,-8.747453689575195,-6.222020149230957
147,final,-7.351245403289795,-5.340849876403809
148,final,-6.831476211547852,-5.9499101638793945
149,final,-6.7324981689453125,-5.680147171020508
150,final,-7.202812194824219,-6.536348342895508
151,final,-6.471216678619385,-5.102184295654297
152,final,-5.846428871154785,-5.106306076049805
153,final,-8.388859748840332,-6.531955242156982
154,final,-5.787642002105713,-5.125804424285889
155,final,-8.747453689575195,-6.222020149230957
156,final,-8.15638542175293,-6.957851409912109
157,final,-9.258179664611816,-6.762483596801758
158,final,-6.511599540710449,-5.165456771850586
159,final,-8.747453689575195,-6.222020149230957
160,final,-8.027153015136719,-4.296804428100586
161,final,-8.183586120605469,-5.543759822845459
162,final,-8.789412498474121,-5.722229957580566
163,final,-6.485677242279053,-5.236409664154053
164,final,-9.082064628601074,-7.006595611572266
165,final,-4.759764194488525,-3.310128927230835
166,final,-7.671382904052734,-5.659496307373047
167,final,-6.485677242279053,-5.236409664154053
168,final,-8.073531150817871,-6.053504467010498
169,final,-7.424823760986328,-5.935920238494873
170,final,-7.642132759094238,-4.736107349395752
171,final,-5.710442543029785,-3.9982082843780518
172,final,-6.633119583129883,-5.196814060211182
173,final,-6.515355110168457,-5.307444095611572
174,final,-8.320119857788086,-5.44307279586792
175,final,-6.969938278198242,-5.371407985687256
176,final,-9.09385871887207,-5.711607456207275
177,final,-7.551046848297119,-6.268185138702393
178,final,-8.462973594665527,-5.940554618835449
179,final,-7.362436771392822,-5.5307936668396
180,final,-7.419824600219727,-5.180657863616943
181,final,-4.381573677062988,-4.0802812576293945
182,final,-4.341714382171631,-3.9982504844665527
183,final,-4.661481857299805,-4.592706680297852
184,final,-6.190622329711914,-5.250199317932129
185,final,-6.04224157333374,-5.496450901031494
186,final,-7.981667518615723,-6.335196018218994
187,final,-7.404231548309326,-5.9791998863220215
188,final,-3.717475652694702,-3.580535411834717
189,final,-6.402980327606201,-5.547668933868408
190,final,-6.729528427124023,-5.447328090667725
191,final,-7.419824600219727,-5.180657863616943
192,final,-5.451630592346191,-4.82102108001709
193,final,-7.377444267272949,-5.9245991706848145
194,final,-6.8131818771362305,-5.793093204498291
195,final,-5.922974109649658,-5.237245082855225
196,final,-6.62246036529541,-5.72646427154541
197,final,-7.807435035705566,-5.931450843811035
198,final,-6.360401630401611,-5.423011779785156
199,final,-4.4138360023498535,-3.9358298778533936
200,final,-4.925604820251465,-4.005653381347656
201,final,-7.876159191131592,-7.227956771850586
202,final,-4.7194108963012695,-4.250743389129639
203,final,-7.654123783111572,-5.513378620147705
204,final,-7.654123783111572,-5.513378620147705
205,final,-4.8224663734436035,-4.567019939422607
206,final,-6.721253871917725,-5.948023319244385
207,final,-9.525357246398926,-7.136649131774902
208,final,-7.654123783111572,-5.513378620147705
209,final,-4.8224663734436035,-4.567019939422607
210,final,-7.039403915405273,-4.434327125549316
211,final,-8.068732261657715,-6.180206298828125
212,final,-8.068732261657715,-6.180206298828125
213,final,-5.299604415893555,-4.229887962341309
214,final,-7.039403915405273,-4.434327125549316
215,final,-7.637189865112305,-6.264854431152344
216,final,-5.693672180175781,-5.268764495849609
217,final,-8.015523910522461,-7.028738498687744
218,final,-5.628329277038574,-5.048234462738037
219,final,-5.174570083618164,-2.976161479949951
220,final,-5.679476261138916,-5.824717998504639
221,final,-4.524216175079346,-4.891340255737305
222,final,-6.49123477935791,-7.35701847076416
223,final,-5.791576862335205,-6.394619464874268
224,final,-5.753194332122803,-5.637249946594238
225,final,-6.466556549072266,-6.498254776000977
226,final,-7.011890888214111,-6.789561748504639
227,final,-6.490225791931152,-5.817689895629883
228,final,-6.277676582336426,-6.090273380279541
229,final,-6.466556549072266,-6.498254776000977
230,final,-6.416903972625732,-5.766995429992676
231,final,-4.742363929748535,-4.388174057006836
232,final,-4.909797668457031,-4.465432643890381
233,final,-5.9400153160095215,-5.393596649169922
234,final,-6.6642022132873535,-6.012181758880615
235,final,-6.9939775466918945,-6.407482147216797
236,final,-5.583703994750977,-5.169869899749756
237,final,-6.198606491088867,-5.559917449951172
238,final,-7.144272327423096,-6.649335861206055
239,final,-6.485593795776367,-6.394083023071289
240,final,-5.615028381347656,-5.56614875793457
241,final,-5.028412818908691,-5.18039608001709
242,final,-7.31859827041626,-7.227660179138184
243,final,-7.470025062561035,-7.074605941772461
244,final,-6.91046142578125,-6.5525360107421875
245,final,-7.4151387214660645,-7.365807056427002
246,final,-6.540823936462402,-6.526952743530273
247,final,-7.995810508728027,-7.2949371337890625
248,final,-7.482804775238037,-7.002612113952637
249,final,-5.15732479095459,-5.323263645172119
250,final,-7.259368896484375,-6.676171779632568
251,final,-6.132769584655762,-6.934980392456055
252,final,-6.924891471862793,-6.702850341796875
253,final,-5.932039737701416,-6.038137912750244
254,final,-6.619901180267334,-6.272821426391602
255,final,-7.603013038635254,-7.283294677734375
256,final,-6.937413692474365,-6.4401445388793945
257,final,-5.76898193359375,-5.912447929382324
258,final,-5.77947998046875,-5.708005905151367
259,final,-5.756227970123291,-5.441246032714844
260,final,-7.123743057250977,-6.178890228271484
261,final,-6.08676815032959,-5.906616687774658
262,final,-5.11570405960083,-5.007823944091797
263,final,-6.828393936157227,-6.043356895446777
264,final,-6.27619743347168,-5.270500183105469
265,final,-6.786734580993652,-6.438197612762451
266,final,-7.014961242675781,-5.876052379608154
267,final,-5.993588924407959,-5.706514358520508
268,final,-5.496614456176758,-4.855171203613281
269,final,-6.985002517700195,-7.184955596923828
270,final,-7.409964561462402,-6.218231201171875
271,final,-4.646888732910156,-5.005291938781738
272,final,-6.896119117736816,-6.1605000495910645
273,final,-5.9300947189331055,-5.61785364151001
274,final,-8.677227020263672,-6.995652675628662
275,final,-6.0829691886901855,-5.363320350646973
276,final,-4.724364280700684,-4.901096343994141
277,final,-6.097095012664795,-5.508070468902588
278,final,-7.309210300445557,-6.618851184844971
279,final,-6.053658485412598,-4.917525291442871
280,final,-8.231073379516602,-6.858316421508789
281,final,-6.636298656463623,-6.026727676391602
282,final,-7.710049152374268,-6.399526596069336
283,final,-7.943703651428223,-7.908345699310303
284,final,-6.997114181518555,-5.911810398101807
285,final,-6.255047798156738,-5.753762245178223
286,final,-9.541523933410645,-7.67189359664917
287,final,-8.868035316467285,-6.6034650802612305
288,final,-8.088968276977539,-6.703700065612793
289,final,-7.096602916717529,-6.218521595001221
290,final,-8.200440406799316,-7.795620441436768
291,final,-8.435160636901855,-6.617092132568359
292,final,-8.930880546569824,-7.9249420166015625
293,final,-9.771499633789062,-7.740850448608398
294,final,-7.383803367614746,-6.156404495239258
295,final,-8.103050231933594,-6.736557960510254
296,final,-8.299256324768066,-6.806369781494141
297,final,-8.463568687438965,-6.988387584686279
298,final,-8.559502601623535,-7.665843486785889
299,final,-8.765280723571777,-7.69242000579834
300,final,-5.513550758361816,-5.753581523895264
301,final,-8.246374130249023,-7.454285144805908
302,final,-4.021544456481934,-4.230245113372803
303,final,-5.813628196716309,-5.534711837768555
304,final,-6.324533462524414,-6.632328033447266
305,final,-6.185330390930176,-6.988119602203369
306,final,-7.396486282348633,-7.071170806884766
307,final,-4.619096755981445,-4.527028560638428
308,final,-5.9019269943237305,-5.9442138671875
309,final,-5.447824954986572,-5.092107772827148
310,final,-8.45702838897705,-7.726147651672363
311,final,-6.195393085479736,-6.186131477355957
312,final,-5.492435455322266,-5.413563251495361
313,final,-4.580646514892578,-4.752063751220703
314,final,-6.247801303863525,-6.068755626678467
315,final,-5.422306060791016,-5.244705677032471
316,final,-5.149600505828857,-4.998366832733154
317,final,-5.734333515167236,-5.727851867675781
318,final,-5.261140823364258,-5.039062023162842
319,final,-7.5453362464904785,-7.862840175628662
320,final,-7.380570411682129,-5.498109340667725
321,final,-5.415213584899902,-5.3668036460876465
322,final,-8.145777702331543,-7.441397190093994
323,final,-5.861909866333008,-5.2645344734191895
324,final,-6.784267425537109,-6.808498382568359
325,final,-7.3352532386779785,-6.804008483886719
326,final,-5.535068511962891,-5.272599220275879
327,final,-10.157569885253906,-8.076343536376953
328,final,-5.731344223022461,-4.5583391189575195
329,final,-7.628838539123535,-5.762306213378906
330,final,-5.759851455688477,-5.697699546813965
331,final,-7.708119869232178,-7.1446685791015625
332,final,-6.797999382019043,-6.05842399597168
333,final,-7.943925857543945,-6.517056941986084
334,final,-5.955667495727539,-5.315967082977295
335,final,-7.211233139038086,-5.626858234405518
336,final,-7.05255126953125,-6.5463547706604
337,final,-8.49830150604248,-6.841670513153076
338,final,-6.413157939910889,-4.815127849578857
339,final,-7.399211883544922,-5.569399356842041
340,final,-4.677710056304932,-5.458113670349121
341,final,-10.154913902282715,-8.636483192443848
342,final,-5.966654300689697,-5.92695426940918
343,final,-7.112579345703125,-6.849515438079834
344,final,-7.011923313140869,-6.929835319519043
345,final,-4.372201919555664,-4.5313568115234375
346,final,-8.667288780212402,-7.483667850494385
347,final,-8.853670120239258,-7.977186679840088
348,final,-6.15369176864624,-5.565788269042969
349,final,-7.215245723724365,-7.048286437988281
350,final,-7.340847015380859,-7.472275257110596
351,final,-9.2286958694458,-8.360630989074707
352,final,-7.690988540649414,-7.3026933670043945
353,final,-8.43245792388916,-7.87877082824707
354,final,-4.048798084259033,-4.43291711807251
355,final,-7.7809014320373535,-7.738274574279785
356,final,-9.24047565460205,-9.04577350616455
357,final,-10.081098556518555,-9.215056419372559
358,final,-8.285822868347168,-6.957633972167969
359,final,-7.749120235443115,-7.153945446014404
360,final,-6.576425075531006,-7.003143310546875
361,final,-6.750813961029053,-6.631597995758057
362,final,-6.250889301300049,-6.012845039367676
363,final,-4.340770244598389,-5.9790167808532715
364,final,-4.736420631408691,-4.913991451263428
365,final,-6.99343729019165,-6.7197794914245605
366,final,-6.894221305847168,-7.5450758934021
367,final,-4.668203830718994,-4.956265926361084
368,final,-5.530843257904053,-5.671919345855713
369,final,-6.780632972717285,-7.999876499176025
370,final,-7.062699317932129,-7.6432647705078125
371,final,-7.499647617340088,-8.915860176086426
372,final,-7.130723476409912,-8.086140632629395
373,final,-8.138348579406738,-9.38477897644043
374,final,-4.7249298095703125,-5.623683452606201
375,final,-7.426537036895752,-7.542638778686523
376,final,-4.9171905517578125,-5.73307466506958
377,final,-6.750813961029053,-6.631597995758057
378,final,-4.340770244598389,-5.9790167808532715
379,final,-7.502223491668701,-8.291056632995605
380,final,-5.908380031585693,-6.408334732055664
381,final,-6.591556072235107,-6.3454813957214355
382,final,-7.115361213684082,-6.771127700805664
383,final,-9.588973999023438,-7.806268692016602
384,final,-6.351881980895996,-5.632752895355225
385,final,-6.9747700691223145,-6.4718918800354
386,final,-7.341612815856934,-5.833419322967529
387,final,-7.17940092086792,-6.670744895935059
388,final,-9.013513565063477,-7.705061912536621
389,final,-7.755351543426514,-5.400025844573975
390,final,-6.55106258392334,-5.71067476272583
391,final,-8.084973335266113,-6.752715110778809
392,final,-9.527280807495117,-7.4320759773254395
393,final,-7.184704780578613,-7.764880657196045
394,final,-6.736338138580322,-6.939100742340088
395,final,-9.819535255432129,-9.2991943359375
396,final,-7.6351165771484375,-6.492532730102539
397,final,-8.774301528930664,-6.493910789489746
398,final,-6.0216827392578125,-6.350289344787598
399,final,-5.994472503662109,-5.687961578369141
400,final,-9.400065422058105,-8.279436111450195
401,final,-11.211737632751465,-7.992763519287109
402,final,-10.090893745422363,-9.631523132324219
403,final,-7.758615970611572,-6.699891090393066
404,final,-11.822439193725586,-8.632533073425293
405,final,-7.237902641296387,-5.859598159790039
406,final,-8.864450454711914,-8.232767105102539
407,final,-8.540852546691895,-7.703541278839111
408,final,-8.441866874694824,-7.778318881988525
409,final,-9.036507606506348,-7.471958637237549
410,final,-6.695037841796875,-5.427898406982422
411,final,-9.582361221313477,-9.203242301940918
412,final,-9.983057022094727,-6.801553726196289
413,final,-7.877071380615234,-6.389003276824951
414,final,-8.78671646118164,-7.808868885040283
415,final,-8.048450469970703,-7.531684875488281
416,final,-10.243978500366211,-8.829922676086426
417,final,-8.628654479980469,-6.181293964385986
418,final,-8.455272674560547,-7.656276702880859
419,final,-7.7586164474487305,-6.699891090393066
420,final,-7.370900630950928,-7.257713317871094
421,final,-6.628846168518066,-7.390448093414307
422,final,-7.101248741149902,-6.686861991882324
423,final,-5.71267032623291,-5.533997535705566
424,final,-6.105380058288574,-6.740991592407227
425,final,-7.5325927734375,-7.8361496925354
426,final,-7.340503215789795,-7.202297687530518
427,final,-9.021602630615234,-9.008951187133789
428,final,-7.525692462921143,-7.610715866088867
429,final,-4.842219352722168,-5.53293514251709
430,final,-10.957831382751465,-9.44270133972168
431,final,-6.163612365722656,-6.084104061126709
432,final,-5.890105247497559,-5.98486328125
433,final,-9.640151023864746,-8.828243255615234
434,final,-7.79049015045166,-8.419950485229492
435,final,-6.503331661224365,-6.308650016784668
436,final,-6.639756679534912,-6.06162166595459
437,final,-5.4940948486328125,-5.614266395568848
438,final,-5.545314311981201,-5.9616923332214355
439,final,-5.9075822830200195,-6.848162651062012
440,final,-9.2180814743042,-6.834784984588623
441,final,-6.784603118896484,-5.634241104125977
442,final,-6.167187213897705,-5.990632057189941
443,final,-8.024073600769043,-6.326733589172363
444,final,-7.321793079376221,-6.2199578285217285
445,final,-7.929751873016357,-7.541342258453369
446,final,-12.562862396240234,-9.124451637268066
447,final,-7.743947505950928,-7.040501594543457
448,final,-7.794807434082031,-6.388901233673096
449,final,-9.625296592712402,-5.982706546783447
450,final,-12.201834678649902,-7.337211608886719
451,final,-9.972594261169434,-7.982266426086426
452,final,-10.620068550109863,-8.719385147094727
453,final,-6.990236759185791,-6.0207624435424805
454,final,-7.747786998748779,-6.34816837310791
455,final,-7.115970134735107,-6.779214382171631
456,final,-8.521435737609863,-7.37091064453125
457,final,-8.629538536071777,-6.55289888381958
458,final,-8.387478828430176,-5.2439470291137695
459,final,-8.87769603729248,-6.246700763702393
460,final,-7.33420991897583,-6.755617618560791
461,final,-4.365849494934082,-4.540645122528076
462,final,-4.457357883453369,-4.383264541625977
463,final,-5.909382343292236,-5.463222503662109
464,final,-5.039819240570068,-4.7994914054870605
465,final,-4.278537273406982,-4.357812404632568
466,final,-5.265765190124512,-5.225651264190674
467,final,-5.221707820892334,-5.13134241104126
468,final,-5.79043436050415,-5.420277118682861
469,final,-4.505156993865967,-4.544270992279053
470,final,-6.455655097961426,-5.858124732971191
471,final,-7.95729923248291,-7.412060737609863
472,final,-5.7376508712768555,-5.717972755432129
473,final,-5.868673801422119,-5.661494731903076
474,final,-4.854872226715088,-4.837357521057129
475,final,-4.343219757080078,-4.455389022827148
476,final,-4.650831699371338,-4.945830345153809
477,final,-3.8227479457855225,-3.871387481689453
478,final,-5.93800687789917,-5.834868431091309
479,final,-5.035710334777832,-4.936392784118652
480,final,-5.096323013305664,-5.155778884887695
481,final,-4.435815811157227,-4.49174165725708
482,final,-6.415465354919434,-6.0008039474487305
483,final,-4.510527610778809,-4.556621551513672
484,final,-4.170389652252197,-4.2437028884887695
485,final,-5.389176368713379,-5.156027317047119
486,final,-5.389176368713379,-5.156027317047119
487,final,-5.19551420211792,-4.983090400695801
488,final,-3.7558605670928955,-3.802777051925659
489,final,-6.532938480377197,-7.275163173675537
490,final,-4.998503684997559,-4.8191046714782715
491,final,-8.047270774841309,-7.423802375793457
492,final,-5.389176368713379,-5.156027317047119
493,final,-4.216522693634033,-4.246727466583252
494,final,-4.207298755645752,-4.353256702423096
495,final,-6.315464496612549,-6.0458221435546875
496,final,-3.2258753776550293,-3.420119047164917
497,final,-5.893075942993164,-5.89928674697876
498,final,-4.216522693634033,-4.246727466583252
499,final,-5.862040042877197,-5.737400531768799
500,final,-5.2693915367126465,-5.23608922958374
501,final,-4.367019176483154,-4.12489652633667
502,final,-6.237677097320557,-5.363635063171387
503,final,-8.219672203063965,-6.96121883392334
504,final,-4.637904644012451,-4.266697406768799
505,final,-5.715939044952393,-5.260593891143799
506,final,-6.077853202819824,-5.97630500793457
507,final,-6.7545342445373535,-6.073636531829834
508,final,-5.053991317749023,-4.715028762817383
509,final,-5.450179576873779,-4.6049981117248535
510,final,-7.30729866027832,-6.260073661804199
511,final,-7.376561641693115,-6.668525695800781
512,final,-6.239307880401611,-5.5639448165893555
513,final,-6.278487682342529,-6.0002760887146
514,final,-4.855967044830322,-4.8532395362854
515,final,-6.754899978637695,-6.44815731048584
516,final,-7.607994079589844,-7.041798114776611
517,final,-5.252951622009277,-4.562114238739014
518,final,-6.152888774871826,-5.783641338348389
519,final,-7.362826824188232,-6.34016227722168
520,final,-7.016297817230225,-5.961458683013916
521,final,-7.174269199371338,-6.207756042480469
522,final,-6.30750036239624,-4.969386100769043
523,final,-6.435497760772705,-4.922930717468262
524,final,-4.372060298919678,-3.6810662746429443
525,final,-6.10664176940918,-5.609475135803223
526,final,-4.569908142089844,-3.9428794384002686
527,final,-7.26138973236084,-6.1572265625
528,final,-9.533506393432617,-7.086888313293457
529,final,-7.473862648010254,-7.177284240722656
530,final,-4.699934482574463,-4.755035877227783
531,final,-7.692288875579834,-7.0262885093688965
532,final,-6.9404802322387695,-5.305828094482422
533,final,-7.8350677490234375,-7.37699031829834
534,final,-7.528258323669434,-6.360971450805664
535,final,-5.615034580230713,-4.634907245635986
536,final,-4.350606441497803,-3.9452641010284424
537,final,-7.692288875579834,-7.0262885093688965
538,final,-4.872697353363037,-4.2330169677734375
539,final,-6.785325527191162,-5.535122394561768
540,final,-4.447493553161621,-4.714831829071045
541,final,-4.706594944000244,-4.925514221191406
542,final,-5.443010330200195,-5.379403591156006
543,final,-4.837543487548828,-4.904015064239502
544,final,-4.782333850860596,-5.059895038604736
545,final,-4.785752296447754,-5.023514747619629
546,final,-4.461924076080322,-4.624565601348877
547,final,-6.155055522918701,-6.195977687835693
548,final,-3.85296893119812,-4.156500339508057
549,final,-6.317107677459717,-6.218363285064697
550,final,-5.2729811668396,-5.305205821990967
551,final,-6.254663467407227,-6.046315670013428
552,final,-5.7196221351623535,-5.283151626586914
553,final,-7.081442832946777,-6.066755771636963
554,final,-5.583719730377197,-5.5474467277526855
555,final,-7.061304569244385,-6.481058120727539
556,final,-5.4689106941223145,-5.763981342315674
557,final,-4.551176071166992,-4.50874662399292
558,final,-3.8866233825683594,-4.159322261810303
559,final,-4.173253536224365,-4.354740619659424
560,final,-7.221621036529541,-6.372007369995117
561,final,-6.01724910736084,-5.266483306884766
562,final,-5.918556213378906,-5.639004230499268
563,final,-6.8843278884887695,-5.759273529052734
564,final,-8.65253734588623,-6.794856071472168
565,final,-4.648183345794678,-4.547709941864014
566,final,-7.655994892120361,-5.726349830627441
567,final,-6.721722602844238,-5.6470112800598145
568,final,-4.94240665435791,-5.140921592712402
569,final,-6.441544532775879,-5.847099781036377
570,final,-5.343420028686523,-4.935454845428467
571,final,-6.343541145324707,-5.762385368347168
572,final,-7.271406173706055,-6.5540876388549805
573,final,-7.564568996429443,-6.832486629486084
574,final,-4.33989953994751,-3.476065158843994
575,final,-5.402746200561523,-4.82988977432251
576,final,-5.53381872177124,-4.673014163970947
577,final,-4.947107315063477,-4.145860195159912
578,final,-4.338803768157959,-4.165236949920654
579,final,-6.417784214019775,-5.3099493980407715
580,final,-4.377295017242432,-4.32829475402832
581,final,-5.066367149353027,-5.113773822784424
582,final,-5.560418605804443,-5.448558807373047
583,final,-7.5205512046813965,-7.463485240936279
584,final,-4.494669437408447,-4.199389457702637
585,final,-5.52913761138916,-5.422208309173584
586,final,-4.011283874511719,-4.0272345542907715
587,final,-5.538562297821045,-5.552969455718994
588,final,-4.930084228515625,-5.31171178817749
589,final,-4.426419258117676,-4.37450647354126
590,final,-7.667800426483154,-7.993515491485596
591,final,-7.118265628814697,-7.014151096343994
592,final,-5.521808624267578,-5.396701335906982
593,final,-6.117071628570557,-5.69476318359375
594,final,-3.9979984760284424,-3.9518022537231445
595,final,-5.207663536071777,-4.792004585266113
596,final,-5.09630823135376,-5.19211483001709
597,final,-4.62118673324585,-4.150413513183594
598,final,-6.276924133300781,-5.678359031677246
599,final,-3.9535579681396484,-4.407034397125244
600,final,-6.218292236328125,-7.045838356018066
601,final,-6.364280700683594,-6.154355525970459
602,final,-6.473678112030029,-6.168365955352783
603,final,-7.477447509765625,-7.698319911956787
604,final,-6.218292236328125,-7.045838356018066
605,final,-3.856273889541626,-4.046529293060303
606,final,-5.60621976852417,-5.704015254974365
607,final,-6.15592622756958,-5.819421768188477
608,final,-5.206450462341309,-6.168262481689453
609,final,-8.136231422424316,-7.8658246994018555
610,final,-6.660167217254639,-5.983254909515381
611,final,-6.4736785888671875,-6.168365478515625
612,final,-6.165539264678955,-6.317109107971191
613,final,-4.241994380950928,-4.4714555740356445
614,final,-3.423694610595703,-3.655339479446411
615,final,-4.382441997528076,-4.366734981536865
616,final,-7.328704357147217,-7.485573768615723
617,final,-6.121720790863037,-5.68322229385376
618,final,-6.072838306427002,-5.726227760314941
619,final,-5.403961181640625,-5.2058868408203125
620,final,-5.535292625427246,-4.698251724243164
621,final,-7.719860076904297,-6.838136672973633
622,final,-7.72687292098999,-7.252194881439209
623,final,-5.839876651763916,-5.129595756530762
624,final,-5.398687839508057,-4.8242597579956055
625,final,-7.724028587341309,-7.350088596343994
626,final,-6.990660190582275,-6.016449928283691
627,final,-5.836338043212891,-5.618713855743408
628,final,-4.927289009094238,-4.333900451660156
629,final,-7.253416061401367,-6.385361671447754
630,final,-6.29986572265625,-6.125391006469727
631,final,-8.180182456970215,-7.242288589477539
632,final,-5.287298679351807,-5.13735294342041
633,final,-6.571438312530518,-5.260863780975342
634,final,-5.482781410217285,-4.560245037078857
635,final,-5.180646896362305,-4.509568214416504
636,final,-6.06088399887085,-4.977683067321777
637,final,-5.703230381011963,-5.171930313110352
638,final,-5.877843379974365,-5.228036880493164
639,final,-5.778374671936035,-4.855169773101807
640,final,-7.5081305503845215,-6.212240695953369
641,final,-8.215508460998535,-6.918277263641357
642,final,-6.247062683105469,-5.087104320526123
643,final,-5.859750270843506,-5.269314765930176
644,final,-7.049640655517578,-7.105433464050293
645,final,-7.633227825164795,-6.432404041290283
646,final,-7.086431980133057,-7.137336730957031
647,final,-7.900038242340088,-7.430919170379639
648,final,-8.343777656555176,-6.219672679901123
649,final,-7.434044361114502,-6.685145854949951
650,final,-8.698033332824707,-7.564432621002197
651,final,-8.71564769744873,-7.068136215209961
652,final,-7.542243957519531,-5.671944618225098
653,final,-6.754241943359375,-5.938969612121582
654,final,-7.877625942230225,-7.664078235626221
655,final,-9.392548561096191,-8.7212553024292
656,final,-8.192127227783203,-5.768627643585205
657,final,-6.741634368896484,-5.470124244689941
658,final,-7.132747650146484,-6.996196269989014
659,final,-7.33254861831665,-5.794443607330322
660,final,-5.262969017028809,-5.745477676391602
661,final,-5.137594699859619,-6.59320592880249
662,final,-7.4521589279174805,-7.382111549377441
663,final,-6.589672565460205,-6.657477378845215
664,final,-5.167506217956543,-5.59700345993042
665,final,-6.048920631408691,-6.283128261566162
666,final,-4.161476135253906,-4.585278034210205
667,final,-7.6607346534729,-7.478118896484375
668,final,-5.235691070556641,-5.8234663009643555
669,final,-4.2604451179504395,-5.291144371032715
670,final,-5.367513656616211,-5.421850681304932
671,final,-5.383294582366943,-5.285453796386719
672,final,-4.29182243347168,-5.250216007232666
673,final,-5.22010612487793,-5.5571675300598145
674,final,-5.367513656616211,-5.421850204467773
675,final,-5.210608959197998,-5.056358814239502
676,final,-8.165571212768555,-7.828675270080566
677,final,-4.373064041137695,-5.403069019317627
678,final,-5.047907829284668,-5.807687759399414
679,final,-6.552211761474609,-6.993547439575195
680,final,-7.381152153015137,-6.410314559936523
681,final,-6.209875583648682,-4.754260540008545
682,final,-6.614375591278076,-6.0304388999938965
683,final,-8.285699844360352,-6.676197528839111
684,final,-6.2837138175964355,-5.5730109214782715
685,final,-6.606575965881348,-6.588771820068359
686,final,-6.079301357269287,-4.890223503112793
687,final,-5.5672502517700195,-4.815845012664795
688,final,-9.119892120361328,-6.764986991882324
689,final,-9.711015701293945,-7.699195861816406
690,final,-6.846619129180908,-6.526176452636719
691,final,-7.963579177856445,-5.772727966308594
692,final,-7.27899694442749,-6.820629119873047
693,final,-4.601326942443848,-4.6533732414245605
694,final,-7.797577857971191,-7.593003273010254
695,final,-7.285038948059082,-6.264864921569824
696,final,-7.6514058113098145,-6.548880100250244
697,final,-4.312455177307129,-4.898398399353027
698,final,-6.360115051269531,-6.374851703643799
699,final,-7.9069108963012695,-6.545278549194336
0,best,-4.798150539398193,-4.539242267608643
1,best,-3.1043543815612793,-3.7281970977783203
2,best,-3.22365403175354,-3.566941499710083
3,best,-6.589262962341309,-6.153830051422119
4,best,-5.42421817779541,-4.738938331604004
5,best,-3.131387233734131,-3.55949330329895
6,best,-5.3950018882751465,-5.04970121383667
7,best,-3.3227360248565674,-2.852322816848755
8,best,-4.677978992462158,-4.055792331695557
9,best,-3.22365403175354,-3.566941499710083
10,best,-5.516723155975342,-4.433113098144531
11,best,-4.200043201446533,-4.376086711883545
12,best,-3.6513633728027344,-3.376347303390503
13,best,-4.476092338562012,-3.8224036693573
14,best,-4.677978992462158,-4.055792331695557
15,best,-5.441729545593262,-4.604304313659668
16,best,-3.1300716400146484,-2.909482002258301
17,best,-6.20180082321167,-6.343112945556641
18,best,-6.7267303466796875,-6.612644195556641
19,best,-4.893521785736084,-4.928183078765869
20,best,-4.055570125579834,-4.573674201965332
21,best,-6.773641586303711,-6.661677837371826
22,best,-4.582192897796631,-4.83827543258667
23,best,-5.722606182098389,-5.481573581695557
24,best,-4.702367305755615,-4.354804515838623
25,best,-5.722606182098389,-5.481573581695557
26,best,-7.535296440124512,-6.546656131744385
27,best,-5.666301727294922,-5.697231292724609
28,best,-5.554049015045166,-5.933838844299316
29,best,-5.659859657287598,-5.207553863525391
30,best,-5.051936626434326,-5.440864086151123
31,best,-3.858135938644409,-3.8946850299835205
32,best,-4.582192420959473,-4.838274955749512
33,best,-3.858135223388672,-3.8946845531463623
34,best,-2.880523920059204,-3.7175121307373047
35,best,-4.291319847106934,-4.989848613739014
36,best,-5.554049015045166,-5.933839321136475
37,best,-3.858135223388672,-3.8946845531463623
38,best,-3.1725151538848877,-3.8183467388153076
39,best,-4.4611334800720215,-4.799267292022705
40,best,-5.821201324462891,-5.200273513793945
41,best,-6.244592666625977,-5.569653034210205
42,best,-6.689078330993652,-6.310100078582764
43,best,-7.058465003967285,-5.351712703704834
44,best,-5.400871276855469,-4.336252212524414
45,best,-7.214094161987305,-6.3230180740356445
46,best,-5.05845308303833,-4.113855361938477
47,best,-7.0280303955078125,-6.1486735343933105
48,best,-8.834145545959473,-6.9644365310668945
49,best,-6.223791599273682,-5.921870231628418
50,best,-6.466709613800049,-5.074943542480469
51,best,-8.555512428283691,-7.209203720092773
52,best,-6.773240089416504,-6.315547466278076
53,best,-5.707312107086182,-4.761139869689941
54,best,-6.809703350067139,-5.306626319885254
55,best,-5.370828151702881,-4.387777328491211
56,best,-6.172874927520752,-5.458984851837158
57,best,-5.700443744659424,-5.3948235511779785
58,best,-5.411144733428955,-4.267237663269043
59,best,-6.23612117767334,-4.5979814529418945
60,best,-7.888258457183838,-7.256442070007324
61,best,-4.770569801330566,-4.319669246673584
62,best,-9.408547401428223,-7.362024307250977
63,best,-8.706469535827637,-5.660301208496094
64,best,-9.430922508239746,-7.086212158203125
65,best,-6.079048156738281,-4.581800937652588
66,best,-7.87476921081543,-6.435135364532471
67,best,-7.596896171569824,-6.2143378257751465
68,best,-7.069619655609131,-5.8488006591796875
69,best,-7.913857936859131,-5.457942962646484
70,best,-9.249789237976074,-6.809357643127441
71,best,-9.61375904083252,-7.023282527923584
72,best,-6.893041133880615,-5.449501037597656
73,best,-6.012635707855225,-4.575092792510986
74,best,-8.617781639099121,-6.884822845458984
75,best,-8.525384902954102,-5.549501895904541
76,best,-7.4353718757629395,-5.970486640930176
77,best,-8.314870834350586,-5.751468658447266
78,best,-7.128392696380615,-6.4773383140563965
79,best,-9.402807235717773,-6.972728729248047
80,best,-4.75613260269165,-4.314363956451416
81,best,-4.809497356414795,-4.537840843200684
82,best,-4.927863121032715,-5.119845390319824
83,best,-6.0553693771362305,-5.612401008605957
84,best,-5.989156723022461,-5.498464107513428
85,best,-5.125046253204346,-5.021846294403076
86,best,-8.085477828979492,-7.256025314331055
87,best,-4.944048881530762,-4.734224796295166
88,best,-4.835344314575195,-4.947352886199951
89,best,-5.308885097503662,-5.307757377624512
90,best,-6.042294025421143,-5.085631370544434
91,best,-6.399521350860596,-6.168979644775391
92,best,-5.047919750213623,-4.6666693687438965
93,best,-4.676318168640137,-4.626646995544434
94,best,-4.467527389526367,-4.4408135414123535
95,best,-6.361423969268799,-6.081058979034424
96,best,-5.272324085235596,-4.765061378479004
97,best,-5.469428062438965,-4.924882888793945
98,best,-5.868765830993652,-5.812046051025391
99,best,-5.208226680755615,-4.572022438049316
100,best,-7.157499313354492,-6.104336738586426
101,best,-6.596682548522949,-5.822287082672119
102,best,-9.843218803405762,-6.477672100067139
103,best,-5.585639953613281,-3.8426105976104736
104,best,-5.585639953613281,-3.8426105976104736
105,best,-7.4319634437561035,-5.675117015838623
106,best,-5.607749938964844,-5.178427696228027
107,best,-7.523838520050049,-6.255326271057129
108,best,-4.734699726104736,-4.497428894042969
109,best,-8.171053886413574,-7.21783971786499
110,best,-9.288487434387207,-6.785981178283691
111,best,-5.277647972106934,-4.747888565063477
112,best,-7.867023944854736,-6.295196533203125
113,best,-8.627060890197754,-6.749906063079834
114,best,-7.163054466247559,-6.418105602264404
115,best,-6.986122131347656,-6.764804840087891
116,best,-6.523773193359375,-5.4847331047058105
117,best,-5.372919082641602,-4.932552814483643
118,best,-5.607749938964844,-5.178427696228027
119,best,-7.005573272705078,-6.163590431213379
120,best,-3.3018321990966797,-2.8112082481384277
121,best,-4.224159240722656,-3.5473365783691406
122,best,-6.446041584014893,-5.594841480255127
123,best,-5.0398101806640625,-3.960625410079956
124,best,-3.270808696746826,-2.934511184692383
125,best,-5.811152458190918,-4.645700931549072
126,best,-5.403167724609375,-4.7572808265686035
127,best,-3.9951171875,-3.168381929397583
128,best,-5.25290060043335,-4.419124603271484
129,best,-7.409541130065918,-5.830041408538818
130,best,-5.121159553527832,-4.21110725402832
131,best,-5.472687721252441,-4.857985973358154
132,best,-4.491309642791748,-4.134219169616699
133,best,-5.1901750564575195,-4.013808727264404
134,best,-7.409541130065918,-5.830041408538818
135,best,-3.157479763031006,-2.3133344650268555
136,best,-4.67074728012085,-4.254624843597412
137,best,-3.157479763031006,-2.3133344650268555
138,best,-5.811152935028076,-4.645700931549072
139,best,-6.121568202972412,-5.67260217666626
140,best,-5.774941921234131,-5.1610107421875
141,best,-5.808086395263672,-4.630412578582764
142,best,-7.221471786499023,-5.708564758300781
143,best,-5.932722091674805,-4.5485992431640625
144,best,-6.218811988830566,-5.227283000946045
145,best,-7.705714702606201,-4.990938186645508
146,best,-8.5419282913208,-6.210964202880859
147,best,-7.2555694580078125,-5.370397567749023
148,best,-6.755124092102051,-6.002022743225098
149,best,-6.68833065032959,-5.703505992889404
150,best,-7.184378623962402,-6.523225784301758
151,best,-6.371915340423584,-5.1333160400390625
152,best,-5.822958469390869,-5.101360321044922
153,best,-8.205413818359375,-6.457390785217285
154,best,-5.774941921234131,-5.1610107421875
155,best,-8.5419282913208,-6.210964202880859
156,best,-8.01735782623291,-6.8782830238342285
157,best,-8.950502395629883,-6.696687698364258
158,best,-6.447940826416016,-5.234939098358154
159,best,-8.5419282913208,-6.210964202880859
160,best,-8.090414047241211,-4.333067893981934
161,best,-8.078307151794434,-5.353482723236084
162,best,-8.649674415588379,-5.668587684631348
163,best,-6.5333075523376465,-5.202637672424316
164,best,-9.060678482055664,-6.966766357421875
165,best,-4.880023956298828,-3.338484287261963
166,best,-7.765697479248047,-5.688503742218018
167,best,-6.5333075523376465,-5.202637672424316
168,best,-8.188873291015625,-6.127190589904785
169,best,-7.461035251617432,-5.9600114822387695
170,best,-7.744830131530762,-4.715556621551514
171,best,-5.845518589019775,-4.000312328338623
172,best,-6.746734619140625,-5.28301477432251
173,best,-6.527878761291504,-5.336071014404297
174,best,-8.17056655883789,-5.383019924163818
175,best,-7.034754276275635,-5.407381534576416
176,best,-9.165135383605957,-5.6518402099609375
177,best,-7.559906482696533,-6.2610249519348145
178,best,-8.569708824157715,-6.003446102142334
179,best,-7.161602973937988,-5.357959747314453
180,best,-7.363787651062012,-5.190114974975586
181,best,-4.413363456726074,-4.145885467529297
182,best,-4.305552005767822,-4.013643264770508
183,best,-4.61076021194458,-4.608434677124023
184,best,-5.861474990844727,-5.108637809753418
185,best,-6.070830821990967,-5.569141864776611
186,best,-7.908841133117676,-6.3153839111328125
187,best,-7.392077922821045,-6.001648902893066
188,best,-3.6996304988861084,-3.5918006896972656
189,best,-6.303720474243164,-5.523345947265625
190,best,-6.6987762451171875,-5.510889530181885
191,best,-7.363787651062012,-5.190114974975586
192,best,-5.384191036224365,-4.824875831604004
193,best,-7.391575336456299,-5.945269584655762
194,best,-6.701890468597412,-5.7785258293151855
195,best,-5.827285289764404,-5.2015485763549805
196,best,-6.520456314086914,-5.696085453033447
197,best,-7.525745868682861,-5.8168463706970215
198,best,-6.362395763397217,-5.4324188232421875
199,best,-4.383437156677246,-3.9400620460510254
200,best,-4.906668186187744,-4.084479331970215
201,best,-7.793217658996582,-7.207467555999756
202,best,-4.706353664398193,-4.244970798492432
203,best,-7.343770980834961,-5.357829570770264
204,best,-7.343770980834961,-5.357829570770264
205,best,-4.857601642608643,-4.583698272705078
206,best,-6.745866298675537,-5.980113506317139
207,best,-9.299129486083984,-6.951090335845947
208,best,-7.343770980834961,-5.357829570770264
209,best,-4.857601642608643,-4.583698272705078
210,best,-6.997032165527344,-4.467141628265381
211,best,-7.871458530426025,-6.026857852935791
212,best,-7.871458530426025,-6.026857852935791
213,best,-5.232064723968506,-4.214608669281006
214,best,-6.997032165527344,-4.467141628265381
215,best,-7.386209487915039,-6.170662879943848
216,best,-5.700010776519775,-5.254817485809326
217,best,-7.987997055053711,-6.995270729064941
218,best,-5.653998374938965,-5.121885299682617
219,best,-5.026440143585205,-2.9620649814605713
220,best,-5.476070880889893,-5.584967613220215
221,best,-4.50269079208374,-4.835899353027344
222,best,-6.177918910980225,-7.078990936279297
223,best,-5.614511013031006,-6.280555248260498
224,best,-5.733880519866943,-5.60732889175415
225,best,-6.513772964477539,-6.441455841064453
226,best,-6.977178573608398,-6.737024784088135
227,best,-6.419190406799316,-5.772467613220215
228,best,-6.335712909698486,-6.029368877410889
229,best,-6.513772964477539,-6.441455841064453
230,best,-6.286595821380615,-5.628323554992676
231,best,-4.747225284576416,-4.3618597984313965
232,best,-4.840516090393066,-4.394153594970703
233,best,-6.051854133605957,-5.419488430023193
234,best,-6.639782428741455,-5.967442989349365
235,best,-6.9659247398376465,-6.365129470825195
236,best,-5.624605178833008,-5.158825397491455
237,best,-6.193049430847168,-5.549825668334961
238,best,-7.140445709228516,-6.621990203857422
239,best,-6.468739986419678,-6.391090393066406
240,best,-5.632791996002197,-5.579409599304199
241,best,-4.883099555969238,-5.049991607666016
242,best,-7.176211357116699,-7.065656661987305
243,best,-7.4215192794799805,-7.019175052642822
244,best,-6.8460211753845215,-6.474708557128906
245,best,-7.314300060272217,-7.268368244171143
246,best,-6.513945579528809,-6.490941047668457
247,best,-7.849689960479736,-7.169646739959717
248,best,-7.4541497230529785,-6.97622013092041
249,best,-5.143863677978516,-5.296895980834961
250,best,-7.217867374420166,-6.6205525398254395
251,best,-5.9487786293029785,-6.702937602996826
252,best,-6.658134460449219,-6.465118885040283
253,best,-5.9355926513671875,-6.015038013458252
254,best,-6.590749740600586,-6.219581604003906
255,best,-7.523694038391113,-7.229345321655273
256,best,-6.887851238250732,-6.393013000488281
257,best,-5.781559467315674,-5.950765609741211
258,best,-5.782703399658203,-5.694764137268066
259,best,-5.762796878814697,-5.4083051681518555
260,best,-6.892502307891846,-6.034958839416504
261,best,-6.03051233291626,-5.867892265319824
262,best,-5.052746295928955,-4.943325519561768
263,best,-6.780516147613525,-6.0071306228637695
264,best,-6.171995639801025,-5.265312194824219
265,best,-6.7643723487854,-6.429922103881836
266,best,-6.9420318603515625,-5.832882404327393
267,best,-5.877283573150635,-5.607346534729004
268,best,-5.419844150543213,-4.838202476501465
269,best,-6.884520530700684,-7.066493034362793
270,best,-7.368366241455078,-6.227124214172363
271,best,-4.626756191253662,-4.931938648223877
272,best,-6.8738837242126465,-6.131267070770264
273,best,-5.780436992645264,-5.516221046447754
274,best,-8.487860679626465,-6.920518398284912
275,best,-5.986645698547363,-5.33046293258667
276,best,-4.701048851013184,-4.826648235321045
277,best,-5.927595138549805,-5.464669704437256
278,best,-7.251308441162109,-6.611867904663086
279,best,-5.950036525726318,-4.902911186218262
280,best,-8.172900199890137,-6.812057018280029
281,best,-6.595694065093994,-6.009937286376953
282,best,-7.730391502380371,-6.3001322746276855
283,best,-7.943610668182373,-7.851900100708008
284,best,-7.033535480499268,-5.864187240600586
285,best,-6.089657783508301,-5.700167655944824
286,best,-9.442313194274902,-7.572143077850342
287,best,-8.76305103302002,-6.493923187255859
288,best,-7.966063499450684,-6.573356628417969
289,best,-7.109186172485352,-6.160195350646973
290,best,-8.032266616821289,-7.627047538757324
291,best,-8.318277359008789,-6.573630332946777
292,best,-8.95843505859375,-7.870061874389648
293,best,-9.687079429626465,-7.64395809173584
294,best,-7.347583770751953,-6.120375633239746
295,best,-8.101943969726562,-6.740806579589844
296,best,-8.076584815979004,-6.594786643981934
297,best,-8.421679496765137,-6.947168827056885
298,best,-8.628142356872559,-7.606456279754639
299,best,-8.674118995666504,-7.6035661697387695
300,best,-5.404120922088623,-5.735740661621094
301,best,-8.148054122924805,-7.39712381362915
302,best,-3.991535186767578,-4.181679725646973
303,best,-5.782079696655273,-5.495298862457275
304,best,-5.999490737915039,-6.389247417449951
305,best,-6.019196033477783,-6.875197410583496
306,best,-7.294486045837402,-7.050527095794678
307,best,-4.6113433837890625,-4.458261013031006
308,best,-5.916377067565918,-5.90179443359375
309,best,-5.375332832336426,-5.051407337188721
310,best,-8.362417221069336,-7.6935319900512695
311,best,-6.170916557312012,-6.169531345367432
312,best,-5.45898962020874,-5.366175174713135
313,best,-4.539146900177002,-4.6644511222839355
314,best,-6.2242817878723145,-6.05938196182251
315,best,-5.4358439445495605,-5.233554363250732
316,best,-5.021107196807861,-4.962554454803467
317,best,-5.719548225402832,-5.735766887664795
318,best,-5.2194671630859375,-5.021556377410889
319,best,-7.28370475769043,-7.644299507141113
320,best,-7.299764156341553,-5.383647918701172
321,best,-5.366281509399414,-5.303460597991943
322,best,-8.059626579284668,-7.389942169189453
323,best,-5.711163520812988,-5.154707908630371
324,best,-6.821528434753418,-6.758759498596191
325,best,-7.290141582489014,-6.782899379730225
326,best,-5.548061370849609,-5.27855920791626
327,best,-9.869869232177734,-7.863227844238281
328,best,-5.694206714630127,-4.534306526184082
329,best,-7.519674301147461,-5.75269889831543
330,best,-5.80336856842041,-5.729770183563232
331,best,-7.508028030395508,-6.99724817276001
332,best,-6.778289794921875,-6.024184226989746
333,best,-7.921907901763916,-6.433467864990234
334,best,-5.885059833526611,-5.269065856933594
335,best,-7.13887357711792,-5.565794944763184
336,best,-7.01878547668457,-6.541471004486084
337,best,-8.111248970031738,-6.596003532409668
338,best,-6.3260626792907715,-4.728611469268799
339,best,-7.357153415679932,-5.5331830978393555
340,best,-4.65238618850708,-5.422343730926514
341,best,-10.22425651550293,-8.677708625793457
342,best,-5.955073356628418,-5.907782077789307
343,best,-7.036074638366699,-6.809255123138428
344,best,-7.025226593017578,-6.958404064178467
345,best,-4.372074604034424,-4.5631632804870605
346,best,-8.705194473266602,-7.501262664794922
347,best,-8.519899368286133,-7.775764465332031
348,best,-6.13889217376709,-5.597568988800049
349,best,-7.252139568328857,-7.085517406463623
350,best,-7.058753967285156,-7.290884494781494
351,best,-9.279890060424805,-8.387977600097656
352,best,-7.640460968017578,-7.271579742431641
353,best,-8.272534370422363,-7.7496657371521
354,best,-4.061738014221191,-4.417916774749756
355,best,-7.822294235229492,-7.73214864730835
356,best,-9.174003601074219,-8.970222473144531
357,best,-10.083577156066895,-9.265534400939941
358,best,-8.17419719696045,-6.854153156280518
359,best,-7.716070175170898,-7.123709678649902
360,best,-6.583238124847412,-7.030117988586426
361,best,-6.649336338043213,-6.582040786743164
362,best,-6.169616222381592,-6.037076473236084
363,best,-4.387779712677002,-6.053759574890137
364,best,-4.677305698394775,-4.9045233726501465
365,best,-6.734007358551025,-6.579298496246338
366,best,-6.6355743408203125,-7.438950061798096
367,best,-4.643100261688232,-4.920482635498047
368,best,-5.492583274841309,-5.669358730316162
369,best,-6.679925441741943,-7.980214595794678
370,best,-6.8552751541137695,-7.539998531341553
371,best,-7.474654197692871,-8.944636344909668
372,best,-7.134951591491699,-8.182991027832031
373,best,-7.980259895324707,-9.318387985229492
374,best,-4.720498561859131,-5.701732635498047
375,best,-7.354637622833252,-7.385199069976807
376,best,-4.851841926574707,-5.758239269256592
377,best,-6.649336338043213,-6.582040786743164
378,best,-4.387779712677002,-6.053759574890137
379,best,-7.5042805671691895,-8.366476058959961
380,best,-5.873420715332031,-6.462657451629639
381,best,-6.518506050109863,-6.318066596984863
382,best,-7.071881294250488,-6.802159309387207
383,best,-9.365151405334473,-7.820334434509277
384,best,-6.231587886810303,-5.597471714019775
385,best,-6.948329925537109,-6.494239807128906
386,best,-7.105994701385498,-5.8155670166015625
387,best,-7.139171123504639,-6.651362419128418
388,best,-8.93240737915039,-7.75013542175293
389,best,-7.5542802810668945,-5.398425102233887
390,best,-6.4744954109191895,-5.7345380783081055
391,best,-8.022430419921875,-6.769914150238037
392,best,-9.40396785736084,-7.38126802444458
393,best,-7.1440887451171875,-7.809616565704346
394,best,-6.70088529586792,-6.979084491729736
395,best,-9.719748497009277,-9.270206451416016
396,best,-7.502330303192139,-6.459067344665527
397,best,-8.39139175415039,-6.3742523193359375
398,best,-5.977060317993164,-6.405012607574463
399,best,-5.9532365798950195,-5.714474678039551
400,best,-9.104263305664062,-8.112460136413574
401,best,-11.367466926574707,-7.97485876083374
402,best,-10.190747261047363,-9.670684814453125
403,best,-7.716145992279053,-6.689797401428223
404,best,-11.672917366027832,-8.425187110900879
405,best,-7.2965850830078125,-5.777233123779297
406,best,-8.895825386047363,-8.216300010681152
407,best,-8.610330581665039,-7.740955829620361
408,best,-8.118125915527344,-7.677517414093018
409,best,-8.861878395080566,-7.295706748962402
410,best,-6.499719142913818,-5.403526306152344
411,best,-9.370771408081055,-9.007742881774902
412,best,-10.104736328125,-6.831424236297607
413,best,-8.039544105529785,-6.453579425811768
414,best,-8.951386451721191,-7.855230808258057
415,best,-8.111791610717773,-7.59385871887207
416,best,-10.102572441101074,-8.679474830627441
417,best,-8.747781753540039,-6.214146137237549
418,best,-8.455920219421387,-7.6456298828125
419,best,-7.716145992279053,-6.689797401428223
420,best,-7.378283500671387,-7.253817081451416
421,best,-6.434321403503418,-7.2016191482543945
422,best,-6.9528985023498535,-6.61723518371582
423,best,-5.593016147613525,-5.532901763916016
424,best,-5.995644569396973,-6.626983642578125
425,best,-7.465883731842041,-7.841971397399902
426,best,-7.264110565185547,-7.207981109619141
427,best,-8.98438549041748,-9.037416458129883
428,best,-7.570255279541016,-7.644810199737549
429,best,-4.833583354949951,-5.425696849822998
430,best,-10.758073806762695,-9.385342597961426
431,best,-5.833929538726807,-5.9454426765441895
432,best,-5.833674907684326,-5.979876518249512
433,best,-9.503741264343262,-8.756425857543945
434,best,-7.570315361022949,-8.194849014282227
435,best,-6.418413162231445,-6.299525737762451
436,best,-6.326188087463379,-5.926502704620361
437,best,-5.486095905303955,-5.608789920806885
438,best,-5.461349964141846,-6.007759094238281
439,best,-5.837134838104248,-6.760531425476074
440,best,-8.907288551330566,-6.652775764465332
441,best,-6.662354946136475,-5.6039886474609375
442,best,-6.15650749206543,-6.010140419006348
443,best,-8.060070991516113,-6.313017845153809
444,best,-7.07519006729126,-6.076043605804443
445,best,-7.957275390625,-7.573933124542236
446,best,-12.28144359588623,-8.904712677001953
447,best,-7.6534743309021,-7.00936222076416
448,best,-7.826084613800049,-6.444669246673584
449,best,-9.600494384765625,-5.981463432312012
450,best,-12.066082954406738,-7.269600868225098
451,best,-9.850852012634277,-7.966921329498291
452,best,-10.44136905670166,-8.654424667358398
453,best,-6.942057132720947,-6.070944786071777
454,best,-7.711459636688232,-6.426455497741699
455,best,-7.115470886230469,-6.8043437004089355
456,best,-8.54037857055664,-7.334089756011963
457,best,-8.398283958435059,-6.4319658279418945
458,best,-8.201991081237793,-5.163280487060547
459,best,-8.656696319580078,-6.053925514221191
460,best,-7.306792259216309,-6.715576648712158
461,best,-4.431075096130371,-4.590907573699951
462,best,-4.502036094665527,-4.4203643798828125
463,best,-5.784763813018799,-5.341770648956299
464,best,-5.002626419067383,-4.759207725524902
465,best,-4.269795894622803,-4.335916519165039
466,best,-5.204904079437256,-5.1531243324279785
467,best,-5.245756149291992,-5.134696006774902
468,best,-5.81474494934082,-5.427323341369629
469,best,-4.521139144897461,-4.527390003204346
470,best,-6.2862548828125,-5.692480087280273
471,best,-7.843193531036377,-7.274416923522949
472,best,-5.646442890167236,-5.577577114105225
473,best,-5.850365161895752,-5.635302543640137
474,best,-4.828258991241455,-4.809407711029053
475,best,-4.363991737365723,-4.45737886428833
476,best,-4.462988376617432,-4.688418388366699
477,best,-3.8012161254882812,-3.8385391235351562
478,best,-5.909788131713867,-5.799799919128418
479,best,-5.04270076751709,-4.934242248535156
480,best,-4.93122673034668,-4.977038383483887
481,best,-4.4217352867126465,-4.431781768798828
482,best,-6.297682285308838,-5.876233100891113
483,best,-4.557799339294434,-4.589343070983887
484,best,-4.220064163208008,-4.279772758483887
485,best,-5.424016952514648,-5.174354076385498
486,best,-5.424016952514648,-5.174354076385498
487,best,-5.1620893478393555,-4.941834449768066
488,best,-3.6792449951171875,-3.738229274749756
489,best,-6.355740547180176,-7.122437000274658
490,best,-4.9894304275512695,-4.784416675567627
491,best,-7.964766025543213,-7.330686092376709
492,best,-5.424016952514648,-5.174354076385498
493,best,-4.186804294586182,-4.217418193817139
494,best,-4.222245216369629,-4.338393211364746
495,best,-6.313398838043213,-6.046472549438477
496,best,-3.223825454711914,-3.3822226524353027
497,best,-5.870471477508545,-5.859859466552734
498,best,-4.186804294586182,-4.217418193817139
499,best,-5.917181015014648,-5.770998954772949
500,best,-5.268770694732666,-5.235947608947754
501,best,-4.325682640075684,-4.121991157531738
502,best,-6.227001190185547,-5.410699367523193
503,best,-8.116105079650879,-6.950870513916016
504,best,-4.567782878875732,-4.128142833709717
505,best,-5.644857883453369,-5.2657928466796875
506,best,-6.080328464508057,-5.984362602233887
507,best,-6.7173333168029785,-6.0459747314453125
508,best,-4.984041213989258,-4.69734525680542
509,best,-5.318027973175049,-4.4705424308776855
510,best,-7.24058198928833,-6.23759651184082
511,best,-7.332493305206299,-6.6527605056762695
512,best,-6.214569568634033,-5.5959649085998535
513,best,-6.250858306884766,-5.97440767288208
514,best,-4.841301441192627,-4.842150688171387
515,best,-6.630928993225098,-6.323060035705566
516,best,-7.506095886230469,-6.914933681488037
517,best,-5.229490280151367,-4.597564697265625
518,best,-6.0626420974731445,-5.765004634857178
519,best,-7.22076416015625,-6.311872482299805
520,best,-6.895354747772217,-5.819825172424316
521,best,-7.078114032745361,-6.121529579162598
522,best,-6.335279941558838,-4.946508884429932
523,best,-6.410530090332031,-4.885029315948486
524,best,-4.34564208984375,-3.6674253940582275
525,best,-6.098394393920898,-5.557908535003662
526,best,-4.549330234527588,-3.848646640777588
527,best,-7.113297939300537,-6.09950065612793
528,best,-9.50303840637207,-7.054605484008789
529,best,-7.494804382324219,-7.197560787200928
530,best,-4.646877765655518,-4.5909199714660645
531,best,-7.581982135772705,-6.9192214012146
532,best,-6.984316825866699,-5.289897918701172
533,best,-7.768174648284912,-7.3030877113342285
534,best,-7.578482627868652,-6.376413345336914
535,best,-5.659430980682373,-4.6205525398254395
536,best,-4.337469100952148,-3.921797037124634
537,best,-7.581982135772705,-6.9192214012146
538,best,-4.928389549255371,-4.2005085945129395
539,best,-6.829791069030762,-5.552311897277832
540,best,-4.460383415222168,-4.731351852416992
541,best,-4.6951093673706055,-4.919484615325928
542,best,-5.287965297698975,-5.196666717529297
543,best,-4.8404154777526855,-4.90098762512207
544,best,-4.803133964538574,-5.077186107635498
545,best,-4.792398929595947,-5.026390552520752
546,best,-4.457961082458496,-4.571381092071533
547,best,-5.943770885467529,-6.093109607696533
548,best,-3.8477871417999268,-4.147347450256348
549,best,-6.2211012840271,-6.163187503814697
550,best,-5.287353992462158,-5.2698445320129395
551,best,-6.121795654296875,-5.955204010009766
552,best,-5.663197040557861,-5.222670555114746
553,best,-7.073367118835449,-6.071900844573975
554,best,-5.567520618438721,-5.498075008392334
555,best,-7.083226203918457,-6.520199775695801
556,best,-5.4579057693481445,-5.7674784660339355
557,best,-4.531373023986816,-4.487542629241943
558,best,-3.8872241973876953,-4.1544623374938965
559,best,-4.155070781707764,-4.343952655792236
560,best,-7.131917476654053,-6.286248207092285
561,best,-6.074696063995361,-5.310786247253418
562,best,-5.883886814117432,-5.609996318817139
563,best,-6.865699768066406,-5.662503719329834
564,best,-8.566692352294922,-6.716064929962158
565,best,-4.685538291931152,-4.573266506195068
566,best,-7.5423150062561035,-5.63516902923584
567,best,-6.751607418060303,-5.651700496673584
568,best,-4.909910202026367,-5.101410865783691
569,best,-6.431553840637207,-5.875945568084717
570,best,-5.33638858795166,-4.909172058105469
571,best,-6.3100152015686035,-5.73918342590332
572,best,-7.254708290100098,-6.475466728210449
573,best,-7.405567169189453,-6.753746509552002
574,best,-4.286646366119385,-3.4653067588806152
575,best,-5.427551746368408,-4.82000207901001
576,best,-5.510000705718994,-4.592292785644531
577,best,-4.837179660797119,-4.109130382537842
578,best,-4.349984169006348,-4.160425662994385
579,best,-6.395057201385498,-5.251437664031982
580,best,-4.4018144607543945,-4.3556413650512695
581,best,-5.090840816497803,-5.122978687286377
582,best,-5.6192121505737305,-5.471945762634277
583,best,-7.404220104217529,-7.385715484619141
584,best,-4.489877223968506,-4.194907188415527
585,best,-5.555478572845459,-5.43349027633667
586,best,-4.027500629425049,-4.0429158210754395
587,best,-5.552666187286377,-5.559312343597412
588,best,-4.90702486038208,-5.297260761260986
589,best,-4.419517993927002,-4.347413063049316
590,best,-7.463929653167725,-7.843172550201416
591,best,-7.018622875213623,-6.813041687011719
592,best,-5.487752914428711,-5.314414978027344
593,best,-6.051259517669678,-5.680487632751465
594,best,-4.104062080383301,-4.016007423400879
595,best,-5.332711696624756,-4.797404766082764
596,best,-5.13877010345459,-5.202674865722656
597,best,-4.628295421600342,-4.108553409576416
598,best,-6.251579761505127,-5.603946208953857
599,best,-3.908534049987793,-4.286499500274658
600,best,-6.020676136016846,-6.882698059082031
601,best,-6.394141674041748,-6.167255401611328
602,best,-6.458287715911865,-6.124669551849365
603,best,-7.353063583374023,-7.5022454261779785
604,best,-6.020676136016846,-6.882698059082031
605,best,-3.8589394092559814,-4.023310661315918
606,best,-5.571089267730713,-5.638072490692139
607,best,-6.169693946838379,-5.83321475982666
608,best,-5.140771865844727,-6.127777099609375
609,best,-7.990437030792236,-7.75891637802124
610,best,-6.635460376739502,-5.941944122314453
611,best,-6.458289623260498,-6.124669551849365
612,best,-6.121203422546387,-6.292721748352051
613,best,-4.252687931060791,-4.460866928100586
614,best,-3.426323652267456,-3.6268160343170166
615,best,-4.369997024536133,-4.348021030426025
616,best,-7.250866889953613,-7.45451545715332
617,best,-6.081575870513916,-5.61413049697876
618,best,-6.090638637542725,-5.739981651306152
619,best,-5.390690326690674,-5.185984134674072
620,best,-5.4674248695373535,-4.690649032592773
621,best,-7.480124473571777,-6.718537330627441
622,best,-7.689233303070068,-7.231657981872559
623,best,-5.801897048950195,-5.177198886871338
624,best,-5.358463287353516,-4.824920177459717
625,best,-7.668590068817139,-7.255457401275635
626,best,-6.9907917976379395,-6.0331268310546875
627,best,-5.787359714508057,-5.601481914520264
628,best,-4.885805606842041,-4.321840286254883
629,best,-7.211999893188477,-6.334208965301514
630,best,-6.257481098175049,-6.075544357299805
631,best,-8.019718170166016,-7.097164630889893
632,best,-5.276123046875,-5.130230903625488
633,best,-6.469076156616211,-5.2099456787109375
634,best,-5.421439170837402,-4.550169944763184
635,best,-5.130633354187012,-4.523550987243652
636,best,-5.9730753898620605,-4.895040035247803
637,best,-5.66676139831543,-5.168893337249756
638,best,-5.81530237197876,-5.227164268493652
639,best,-5.715620040893555,-4.900330543518066
640,best,-7.384765625,-6.043671607971191
641,best,-8.234380722045898,-6.8777642250061035
642,best,-6.083367347717285,-5.075263977050781
643,best,-5.847597599029541,-5.256076335906982
644,best,-6.923337936401367,-6.9653801918029785
645,best,-7.691115379333496,-6.458266735076904
646,best,-7.183444976806641,-7.133965969085693
647,best,-7.677986145019531,-7.1702799797058105
648,best,-8.469346046447754,-6.2327752113342285
649,best,-7.366322994232178,-6.656666278839111
650,best,-8.792098045349121,-7.526286602020264
651,best,-8.770845413208008,-7.029456615447998
652,best,-7.465567111968994,-5.637072563171387
653,best,-6.785956859588623,-5.862881183624268
654,best,-7.650005340576172,-7.386422157287598
655,best,-9.331361770629883,-8.630765914916992
656,best,-8.167083740234375,-5.693848609924316
657,best,-6.7923712730407715,-5.474743366241455
658,best,-7.173450469970703,-6.970694541931152
659,best,-7.260955333709717,-5.6429009437561035
660,best,-5.232407093048096,-5.684292316436768
661,best,-4.9047136306762695,-6.419125556945801
662,best,-7.411342620849609,-7.338278770446777
663,best,-6.62870454788208,-6.682590484619141
664,best,-4.935113906860352,-5.46307373046875
665,best,-6.019139289855957,-6.263636589050293
666,best,-4.15453577041626,-4.603012561798096
667,best,-7.398082733154297,-7.2970757484436035
668,best,-5.050848484039307,-5.646658897399902
669,best,-4.241556167602539,-5.300708293914795
670,best,-5.352794647216797,-5.413331508636475
671,best,-5.368806838989258,-5.265215873718262
672,best,-4.258981704711914,-5.209341526031494
673,best,-5.167435169219971,-5.556966781616211
674,best,-5.352795124053955,-5.413331985473633
675,best,-5.189897537231445,-5.054852485656738
676,best,-8.024565696716309,-7.735176086425781
677,best,-4.363882541656494,-5.364489555358887
678,best,-5.0281267166137695,-5.764220714569092
679,best,-6.4158782958984375,-6.877945423126221
680,best,-7.130936622619629,-6.266435623168945
681,best,-6.147350788116455,-4.750545501708984
682,best,-6.610159873962402,-6.0548200607299805
683,best,-8.204194068908691,-6.4926276206970215
684,best,-6.197657108306885,-5.505925178527832
685,best,-6.418292999267578,-6.405208587646484
686,best,-6.106655597686768,-4.901965141296387
687,best,-5.521937847137451,-4.733719825744629
688,best,-8.892654418945312,-6.600844860076904
689,best,-9.59035587310791,-7.572831630706787
690,best,-6.799223899841309,-6.508672714233398
691,best,-7.903064250946045,-5.704094886779785
692,best,-7.137441158294678,-6.685995578765869
693,best,-4.596462726593018,-4.650903701782227
694,best,-7.771742820739746,-7.574373245239258
695,best,-7.200506687164307,-6.141656398773193
696,best,-7.544229984283447,-6.417970657348633
697,best,-4.321493148803711,-4.820367336273193
698,best,-6.38106632232666,-6.38685941696167
699,best,-7.894217014312744,-6.513998985290527
