item_id,model_state,dative,score
1,initial,pp,-7.569303512573242
2,initial,pp,-8.147917747497559
3,initial,pp,-7.64644193649292
4,initial,pp,-8.278854370117188
5,initial,pp,-7.20007848739624
6,initial,pp,-7.880324840545654
7,initial,pp,-7.957780361175537
8,initial,pp,-7.512678623199463
9,initial,pp,-6.63359260559082
10,initial,pp,-7.832688808441162
11,initial,pp,-6.635908126831055
12,initial,pp,-5.647709846496582
13,initial,pp,-7.569431304931641
14,initial,pp,-5.564729690551758
15,initial,pp,-8.081406593322754
16,initial,pp,-7.512678623199463
17,initial,pp,-7.75315523147583
18,initial,pp,-6.7984209060668945
19,initial,pp,-7.757198333740234
20,initial,pp,-7.1641998291015625
21,initial,pp,-7.436737537384033
22,initial,pp,-6.582177639007568
23,initial,pp,-7.5755391120910645
24,initial,pp,-7.836659908294678
25,initial,pp,-8.185981750488281
26,initial,pp,-7.7006402015686035
27,initial,pp,-7.8308024406433105
28,initial,pp,-7.390316009521484
29,initial,pp,-7.615537166595459
30,initial,pp,-7.8084635734558105
31,initial,pp,-8.417773246765137
32,initial,pp,-7.836659908294678
33,initial,pp,-7.9089179039001465
34,initial,pp,-8.460824012756348
35,initial,pp,-5.862051010131836
36,initial,pp,-5.8583984375
37,initial,pp,-7.615537166595459
38,initial,pp,-6.907413482666016
39,initial,pp,-7.9531097412109375
40,initial,pp,-8.131733894348145
41,initial,pp,-7.5024003982543945
42,initial,pp,-7.174623966217041
43,initial,pp,-6.889639854431152
44,initial,pp,-7.612482070922852
45,initial,pp,-7.524681091308594
46,initial,pp,-7.59354829788208
47,initial,pp,-7.965414524078369
48,initial,pp,-7.145350933074951
49,initial,pp,-7.205586910247803
50,initial,pp,-7.136569976806641
51,initial,pp,-7.590838432312012
52,initial,pp,-6.297038555145264
53,initial,pp,-7.463364601135254
54,initial,pp,-7.766841411590576
55,initial,pp,-7.392723083496094
56,initial,pp,-6.458627700805664
57,initial,pp,-6.158492088317871
58,initial,pp,-7.5181450843811035
59,initial,pp,-7.309345245361328
60,initial,pp,-7.684399604797363
61,initial,pp,-7.88977575302124
62,initial,pp,-7.629955291748047
63,initial,pp,-8.40352725982666
64,initial,pp,-8.304988861083984
65,initial,pp,-7.703824996948242
66,initial,pp,-9.307894706726074
67,initial,pp,-6.293503761291504
68,initial,pp,-8.815629959106445
69,initial,pp,-8.55683708190918
70,initial,pp,-8.25415325164795
71,initial,pp,-5.946005821228027
72,initial,pp,-8.25971508026123
73,initial,pp,-8.355608940124512
74,initial,pp,-9.226096153259277
75,initial,pp,-7.938022136688232
76,initial,pp,-7.318708896636963
77,initial,pp,-6.767590045928955
78,initial,pp,-7.116978645324707
79,initial,pp,-7.342770099639893
80,initial,pp,-8.731842994689941
81,initial,pp,-7.264518737792969
82,initial,pp,-6.616795539855957
83,initial,pp,-7.073967933654785
84,initial,pp,-6.43752908706665
85,initial,pp,-6.616795539855957
86,initial,pp,-6.528891563415527
87,initial,pp,-6.345060348510742
88,initial,pp,-6.335890293121338
89,initial,pp,-7.085397720336914
90,initial,pp,-6.32198429107666
91,initial,pp,-6.120436668395996
92,initial,pp,-8.66211223602295
93,initial,pp,-6.808783531188965
94,initial,pp,-6.8297882080078125
95,initial,pp,-6.561967372894287
96,initial,pp,-6.387936592102051
97,initial,pp,-8.043405532836914
98,initial,pp,-8.111230850219727
99,initial,pp,-6.912153244018555
100,initial,pp,-7.4354376792907715
101,initial,pp,-6.286660671234131
102,initial,pp,-7.789241313934326
103,initial,pp,-7.366816997528076
104,initial,pp,-6.736354351043701
105,initial,pp,-7.2896199226379395
106,initial,pp,-7.447231769561768
107,initial,pp,-6.951191425323486
108,initial,pp,-7.76841402053833
109,initial,pp,-7.380549907684326
110,initial,pp,-8.015721321105957
111,initial,pp,-7.817279815673828
112,initial,pp,-7.365433692932129
113,initial,pp,-7.195375919342041
114,initial,pp,-6.381440162658691
115,initial,pp,-7.928367614746094
116,initial,pp,-6.2528533935546875
117,initial,pp,-8.036581993103027
118,initial,pp,-6.64707088470459
119,initial,pp,-7.645547389984131
120,initial,pp,-8.366942405700684
121,initial,pp,-7.062736988067627
122,initial,pp,-7.2569804191589355
123,initial,pp,-6.375004768371582
124,initial,pp,-7.231930255889893
125,initial,pp,-6.485653400421143
126,initial,pp,-6.701058864593506
127,initial,pp,-5.819404602050781
128,initial,pp,-7.742389678955078
129,initial,pp,-6.491122722625732
130,initial,pp,-6.098716735839844
131,initial,pp,-6.491122722625732
132,initial,pp,-7.256979465484619
133,initial,pp,-7.850557804107666
134,initial,pp,-6.645177364349365
135,initial,pp,-7.256979465484619
136,initial,pp,-6.701057434082031
137,initial,pp,-7.304271697998047
138,initial,pp,-5.019081115722656
139,initial,pp,-6.9222092628479
140,initial,pp,-6.8429694175720215
141,initial,pp,-6.872188091278076
142,initial,pp,-6.520500183105469
143,initial,pp,-7.478206157684326
144,initial,pp,-7.179389476776123
145,initial,pp,-6.414758682250977
146,initial,pp,-6.222352027893066
147,initial,pp,-7.542675971984863
148,initial,pp,-7.3653669357299805
149,initial,pp,-6.015171527862549
150,initial,pp,-5.713650226593018
151,initial,pp,-7.165675640106201
152,initial,pp,-6.803646087646484
153,initial,pp,-6.906281471252441
154,initial,pp,-6.7705793380737305
155,initial,pp,-6.732047080993652
156,initial,pp,-6.1654582023620605
157,initial,pp,-6.2914605140686035
158,initial,pp,-6.267737865447998
159,initial,pp,-6.810061931610107
160,initial,pp,-7.314072608947754
161,initial,pp,-7.9070892333984375
162,initial,pp,-7.435220241546631
163,initial,pp,-7.546102523803711
164,initial,pp,-6.522550106048584
165,initial,pp,-6.633025646209717
166,initial,pp,-4.998406410217285
167,initial,pp,-6.89305305480957
168,initial,pp,-8.991214752197266
169,initial,pp,-7.3628692626953125
170,initial,pp,-6.657439708709717
171,initial,pp,-7.546102523803711
172,initial,pp,-6.121349811553955
173,initial,pp,-5.971404075622559
174,initial,pp,-8.365693092346191
175,initial,pp,-6.634520053863525
176,initial,pp,-6.633025646209717
177,initial,pp,-7.480501651763916
178,initial,pp,-8.102062225341797
179,initial,pp,-5.7341694831848145
180,initial,pp,-8.094895362854004
181,initial,pp,-6.528463363647461
182,initial,pp,-7.372758388519287
183,initial,pp,-5.877336502075195
184,initial,pp,-6.693028926849365
185,initial,pp,-6.2432684898376465
186,initial,pp,-6.347275733947754
187,initial,pp,-5.457648754119873
188,initial,pp,-6.67201042175293
189,initial,pp,-6.508388996124268
190,initial,pp,-5.521921157836914
191,initial,pp,-6.588788032531738
192,initial,pp,-6.006081581115723
193,initial,pp,-6.157939434051514
194,initial,pp,-6.135639190673828
195,initial,pp,-6.264524936676025
196,initial,pp,-5.648919105529785
197,initial,pp,-7.169386863708496
198,initial,pp,-6.060427665710449
199,initial,pp,-6.159181594848633
200,initial,pp,-7.426292419433594
201,initial,pp,-6.05252742767334
202,initial,pp,-5.487148284912109
203,initial,pp,-8.155702590942383
204,initial,pp,-6.700130462646484
205,initial,pp,-7.599307537078857
206,initial,pp,-7.176606178283691
207,initial,pp,-6.944539546966553
208,initial,pp,-6.161303997039795
209,initial,pp,-7.00968074798584
210,initial,pp,-6.238816261291504
211,initial,pp,-7.180086612701416
212,initial,pp,-6.345900535583496
213,initial,pp,-6.240056037902832
214,initial,pp,-7.1969895362854
215,initial,pp,-6.292284965515137
216,initial,pp,-5.317593097686768
217,initial,pp,-6.553366661071777
218,initial,pp,-7.107790946960449
219,initial,pp,-6.751062870025635
220,initial,pp,-6.374359607696533
221,initial,do,-7.618330955505371
222,initial,do,-8.140924453735352
223,initial,do,-7.506947994232178
224,initial,do,-6.9519734382629395
225,initial,do,-8.168835639953613
226,initial,do,-7.458539009094238
227,initial,do,-7.789853096008301
228,initial,do,-8.675034523010254
229,initial,do,-8.422602653503418
230,initial,do,-8.343817710876465
231,initial,do,-7.67616605758667
232,initial,do,-8.162761688232422
233,initial,do,-7.858704566955566
234,initial,do,-8.675034523010254
235,initial,do,-6.858160495758057
236,initial,do,-7.579987525939941
237,initial,do,-7.602538585662842
238,initial,do,-7.900457859039307
239,initial,do,-7.4987030029296875
240,initial,do,-7.149120330810547
241,initial,do,-7.858704566955566
242,initial,do,-7.897441864013672
243,initial,do,-8.923794746398926
244,initial,do,-7.900457859039307
245,initial,do,-8.497899055480957
246,initial,do,-6.774231433868408
247,initial,do,-8.58310604095459
248,initial,do,-8.149243354797363
249,initial,do,-7.592761993408203
250,initial,do,-6.797657012939453
251,initial,do,-7.562432289123535
252,initial,do,-7.293436050415039
253,initial,do,-8.337027549743652
254,initial,do,-8.37950611114502
255,initial,do,-8.206679344177246
256,initial,do,-8.118921279907227
257,initial,do,-7.4211602210998535
258,initial,do,-8.37950611114502
259,initial,do,-6.606285572052002
260,initial,do,-7.562432289123535
261,initial,do,-6.797657012939453
262,initial,do,-6.566226482391357
263,initial,do,-7.748878479003906
264,initial,pp,-7.217772006988525
265,initial,pp,-7.625649929046631
266,initial,pp,-6.803223609924316
267,initial,pp,-6.238533020019531
268,initial,pp,-7.331387519836426
269,initial,pp,-6.95181131362915
270,initial,pp,-7.0686492919921875
271,initial,pp,-8.502310752868652
272,initial,pp,-7.750396728515625
273,initial,pp,-7.500784873962402
274,initial,pp,-7.406885147094727
275,initial,pp,-7.536154270172119
276,initial,pp,-7.223235607147217
277,initial,pp,-8.502310752868652
278,initial,pp,-6.395612716674805
279,initial,pp,-6.877948760986328
280,initial,pp,-7.287019729614258
281,initial,pp,-7.459803104400635
282,initial,pp,-7.069525241851807
283,initial,pp,-6.8252716064453125
284,initial,do,-7.503218173980713
285,initial,do,-7.06354284286499
286,initial,do,-8.417715072631836
287,initial,do,-7.2880330085754395
288,initial,do,-7.681057453155518
289,initial,do,-6.582619667053223
290,initial,do,-6.889950275421143
291,initial,do,-7.997807502746582
292,initial,do,-7.681057453155518
293,initial,do,-6.985813140869141
294,initial,do,-6.9326863288879395
295,initial,do,-7.438816070556641
296,initial,do,-6.964566707611084
297,initial,do,-7.649356365203857
298,initial,do,-7.967753887176514
299,initial,do,-7.308445453643799
300,initial,do,-7.559980869293213
301,initial,do,-7.109764575958252
302,initial,do,-7.421956539154053
303,initial,do,-7.016417980194092
304,initial,do,-7.259919166564941
305,initial,do,-6.889950275421143
306,initial,do,-7.510960102081299
307,initial,do,-6.745577812194824
308,initial,do,-7.2880330085754395
309,initial,do,-7.170627117156982
310,initial,do,-6.3977813720703125
311,initial,do,-7.601710796356201
312,initial,do,-7.2880330085754395
313,initial,do,-8.410245895385742
314,initial,do,-6.7914838790893555
315,initial,do,-7.855681419372559
316,initial,do,-7.68247652053833
317,initial,do,-7.958625316619873
318,initial,do,-6.3977813720703125
319,initial,do,-7.109764575958252
320,initial,do,-6.474210262298584
321,initial,do,-7.538052082061768
322,initial,do,-8.417715072631836
323,initial,do,-7.717984676361084
324,initial,do,-7.762317180633545
325,initial,do,-7.84757137298584
326,initial,do,-7.008581161499023
327,initial,pp,-7.626753807067871
328,initial,pp,-7.095890522003174
329,initial,pp,-8.212267875671387
330,initial,pp,-7.094573497772217
331,initial,pp,-7.2525529861450195
332,initial,pp,-6.373345375061035
333,initial,pp,-6.565807819366455
334,initial,pp,-7.892221450805664
335,initial,pp,-7.2525529861450195
336,initial,pp,-6.874039649963379
337,initial,pp,-6.621669292449951
338,initial,pp,-7.069117546081543
339,initial,pp,-6.762073993682861
340,initial,pp,-7.277034759521484
341,initial,pp,-7.578219413757324
342,initial,pp,-7.032876014709473
343,initial,pp,-7.296114444732666
344,initial,pp,-7.125150680541992
345,initial,pp,-7.167569160461426
346,initial,pp,-7.022871494293213
347,initial,do,-7.27571964263916
348,initial,do,-5.838693141937256
349,initial,do,-7.239035606384277
350,initial,do,-6.423285961151123
351,initial,do,-6.790385723114014
352,initial,do,-6.840962886810303
353,initial,do,-7.070698261260986
354,initial,do,-7.221114158630371
355,initial,do,-7.23297119140625
356,initial,do,-7.0788092613220215
357,initial,do,-7.35911750793457
358,initial,do,-6.962507247924805
359,initial,do,-6.365106582641602
360,initial,do,-7.163074970245361
361,initial,do,-7.126430034637451
362,initial,do,-6.579572677612305
363,initial,do,-7.078673362731934
364,initial,do,-7.16087007522583
365,initial,do,-6.701770305633545
366,initial,do,-6.405763626098633
367,initial,do,-6.313326835632324
368,initial,do,-6.1489458084106445
369,initial,do,-7.464962482452393
370,initial,do,-5.989095211029053
371,initial,do,-6.73452091217041
372,initial,do,-7.374256610870361
373,initial,do,-6.694330215454102
374,initial,do,-6.726827621459961
375,initial,do,-5.554640769958496
376,initial,do,-7.034387588500977
377,initial,do,-6.3900041580200195
378,initial,do,-6.928033828735352
379,initial,do,-6.866968631744385
380,initial,do,-6.829732418060303
381,initial,do,-6.6787519454956055
382,initial,do,-6.932553291320801
383,initial,do,-6.158575534820557
384,initial,do,-6.73452091217041
385,initial,do,-6.290565490722656
386,initial,do,-6.694329738616943
387,initial,do,-6.804140090942383
388,initial,do,-6.54852819442749
389,initial,do,-6.3777971267700195
390,initial,pp,-7.173664093017578
391,initial,pp,-5.797483921051025
392,initial,pp,-7.1408514976501465
393,initial,pp,-6.252026557922363
394,initial,pp,-7.088839054107666
395,initial,pp,-7.10666036605835
396,initial,pp,-6.979809761047363
397,initial,pp,-7.238537788391113
398,initial,pp,-7.212019443511963
399,initial,pp,-7.013021945953369
400,initial,pp,-7.330028533935547
401,initial,pp,-7.036474704742432
402,initial,pp,-6.311069011688232
403,initial,pp,-7.101095676422119
404,initial,pp,-7.373919486999512
405,initial,pp,-6.541301727294922
406,initial,pp,-7.215489864349365
407,initial,pp,-7.182348728179932
408,initial,pp,-6.818930625915527
409,initial,pp,-6.304292678833008
410,initial,do,-8.311394691467285
411,initial,do,-7.768141269683838
412,initial,do,-8.142010688781738
413,initial,do,-8.50202465057373
414,initial,do,-8.614407539367676
415,initial,do,-8.205358505249023
416,initial,do,-7.943757057189941
417,initial,do,-8.513092994689941
418,initial,do,-7.180110454559326
419,initial,do,-8.002066612243652
420,initial,do,-7.381030559539795
421,initial,do,-8.927092552185059
422,initial,do,-8.842907905578613
423,initial,do,-8.50615406036377
424,initial,do,-7.312849998474121
425,initial,do,-9.019919395446777
426,initial,do,-7.537878513336182
427,initial,do,-8.467751502990723
428,initial,do,-8.419702529907227
429,initial,do,-8.517274856567383
430,initial,do,-8.987645149230957
431,initial,do,-7.01897668838501
432,initial,do,-8.467751502990723
433,initial,do,-8.725829124450684
434,initial,do,-8.298325538635254
435,initial,do,-8.541534423828125
436,initial,do,-8.111784934997559
437,initial,do,-8.1295166015625
438,initial,do,-7.914217472076416
439,initial,do,-9.21712589263916
440,initial,do,-8.845071792602539
441,initial,do,-8.317412376403809
442,initial,do,-8.452105522155762
443,initial,do,-7.974724769592285
444,initial,do,-7.624307632446289
445,initial,do,-7.948061466217041
446,initial,do,-9.019919395446777
447,initial,do,-8.522156715393066
448,initial,do,-6.768387794494629
449,initial,do,-7.302454471588135
450,initial,do,-7.964183330535889
451,initial,do,-8.351033210754395
452,initial,do,-8.374478340148926
453,initial,pp,-8.219620704650879
454,initial,pp,-7.21159029006958
455,initial,pp,-7.732646942138672
456,initial,pp,-8.094260215759277
457,initial,pp,-8.113924980163574
458,initial,pp,-7.912338733673096
459,initial,pp,-7.738765239715576
460,initial,pp,-8.004812240600586
461,initial,pp,-6.623040199279785
462,initial,pp,-8.102170944213867
463,initial,pp,-7.643226623535156
464,initial,pp,-9.09249210357666
465,initial,pp,-8.043830871582031
466,initial,pp,-8.335466384887695
467,initial,pp,-7.408779621124268
468,initial,pp,-8.942856788635254
469,initial,pp,-7.478635787963867
470,initial,pp,-8.711945533752441
471,initial,pp,-8.121736526489258
472,initial,pp,-8.155624389648438
473,initial,pp,-7.402171611785889
474,initial,pp,-8.076294898986816
475,initial,pp,-7.609409809112549
476,initial,pp,-6.858949661254883
477,initial,pp,-6.4031524658203125
478,initial,pp,-7.45810604095459
479,initial,pp,-7.058128833770752
480,initial,pp,-6.913685321807861
481,initial,pp,-7.981644630432129
482,initial,pp,-7.277788162231445
483,initial,pp,-6.293574333190918
484,initial,pp,-8.273158073425293
485,initial,pp,-7.950170516967773
486,initial,pp,-6.3607177734375
487,initial,pp,-8.056302070617676
488,initial,pp,-6.847945690155029
489,initial,pp,-6.511369228363037
490,initial,pp,-7.780488967895508
491,initial,pp,-7.099972248077393
492,initial,pp,-7.021903991699219
493,initial,do,-8.019347190856934
494,initial,do,-8.409207344055176
495,initial,do,-8.585023880004883
496,initial,do,-8.540934562683105
497,initial,do,-10.032191276550293
498,initial,do,-6.714137077331543
499,initial,do,-9.355005264282227
500,initial,do,-9.540730476379395
501,initial,do,-8.46517276763916
502,initial,do,-6.860040187835693
503,initial,do,-8.867210388183594
504,initial,do,-8.959548950195312
505,initial,do,-9.265918731689453
506,initial,do,-8.653881072998047
507,initial,do,-9.478536605834961
508,initial,do,-9.36220645904541
509,initial,do,-9.200069427490234
510,initial,do,-7.96826171875
511,initial,do,-7.914577484130859
512,initial,do,-9.649714469909668
513,initial,do,-7.553380489349365
514,initial,do,-10.290887832641602
515,initial,do,-9.762462615966797
516,initial,do,-9.480026245117188
517,initial,do,-8.347439765930176
518,initial,do,-9.39601993560791
519,initial,do,-8.506766319274902
520,initial,do,-9.086857795715332
521,initial,do,-10.268857955932617
522,initial,do,-7.97426176071167
523,initial,do,-7.471568584442139
524,initial,do,-8.488753318786621
525,initial,do,-9.937504768371582
526,initial,do,-10.336017608642578
527,initial,do,-8.456269264221191
528,initial,do,-9.317870140075684
529,initial,do,-9.317870140075684
530,initial,do,-10.511125564575195
531,initial,do,-10.316086769104004
532,initial,do,-9.448229789733887
533,initial,do,-9.89340591430664
534,initial,do,-8.729877471923828
535,initial,do,-8.52834415435791
536,initial,pp,-7.908393859863281
537,initial,pp,-7.531378746032715
538,initial,pp,-7.968095302581787
539,initial,pp,-8.268214225769043
540,initial,pp,-9.761387825012207
541,initial,pp,-5.984918594360352
542,initial,pp,-8.316258430480957
543,initial,pp,-8.59220027923584
544,initial,pp,-7.654872417449951
545,initial,pp,-6.430853366851807
546,initial,pp,-8.457686424255371
547,initial,pp,-8.07689094543457
548,initial,pp,-8.551240921020508
549,initial,pp,-7.656492710113525
550,initial,pp,-8.874666213989258
551,initial,pp,-8.010037422180176
552,initial,pp,-8.213950157165527
553,initial,pp,-7.423107147216797
554,initial,pp,-7.414871692657471
555,initial,pp,-9.053227424621582
556,initial,do,-8.496756553649902
557,initial,do,-8.748706817626953
558,initial,do,-7.460068702697754
559,initial,do,-8.5401611328125
560,initial,do,-8.8919095993042
561,initial,do,-8.278790473937988
562,initial,do,-6.990816593170166
563,initial,do,-8.81704330444336
564,initial,do,-8.748706817626953
565,initial,do,-8.703871726989746
566,initial,do,-7.219875335693359
567,initial,do,-6.508841037750244
568,initial,do,-7.033101558685303
569,initial,do,-7.585784912109375
570,initial,do,-6.426316261291504
571,initial,do,-8.886302947998047
572,initial,do,-8.029531478881836
573,initial,do,-8.558250427246094
574,initial,do,-8.558250427246094
575,initial,do,-8.961686134338379
576,initial,do,-7.781259536743164
577,initial,do,-7.734330177307129
578,initial,do,-8.029531478881836
579,initial,do,-7.959394931793213
580,initial,do,-7.299751281738281
581,initial,do,-7.033101558685303
582,initial,do,-9.193845748901367
583,initial,do,-6.461657524108887
584,initial,do,-7.113871097564697
585,initial,do,-8.844318389892578
586,initial,do,-7.853687286376953
587,initial,do,-8.352014541625977
588,initial,do,-6.461657524108887
589,initial,do,-7.57329797744751
590,initial,do,-8.213963508605957
591,initial,do,-8.273303031921387
592,initial,do,-9.148414611816406
593,initial,do,-8.273303031921387
594,initial,do,-8.947031021118164
595,initial,do,-7.460068702697754
596,initial,do,-8.739320755004883
597,initial,do,-7.033101558685303
598,initial,do,-8.703871726989746
599,initial,pp,-7.962089538574219
600,initial,pp,-8.659356117248535
601,initial,pp,-7.517154693603516
602,initial,pp,-8.754231452941895
603,initial,pp,-8.693297386169434
604,initial,pp,-7.6030707359313965
605,initial,pp,-6.571420192718506
606,initial,pp,-8.448426246643066
607,initial,pp,-8.659356117248535
608,initial,pp,-8.856131553649902
609,initial,pp,-6.700164318084717
610,initial,pp,-6.474984169006348
611,initial,pp,-6.824220657348633
612,initial,pp,-7.175044059753418
613,initial,pp,-6.851154804229736
614,initial,pp,-8.521233558654785
615,initial,pp,-7.925846576690674
616,initial,pp,-8.329004287719727
617,initial,pp,-8.329004287719727
618,initial,pp,-8.978836059570312
619,initial,do,-8.213275909423828
620,initial,do,-7.109066009521484
621,initial,do,-7.535881519317627
622,initial,do,-7.761157035827637
623,initial,do,-7.9295125007629395
624,initial,do,-7.770079135894775
625,initial,do,-8.220297813415527
626,initial,do,-8.018133163452148
627,initial,do,-8.3258056640625
628,initial,do,-8.945464134216309
629,initial,do,-7.691526889801025
630,initial,do,-6.251040935516357
631,initial,do,-6.82200288772583
632,initial,do,-7.4406023025512695
633,initial,do,-6.4992852210998535
634,initial,do,-8.666299819946289
635,initial,do,-7.0548272132873535
636,initial,do,-8.132975578308105
637,initial,do,-6.82200288772583
638,initial,do,-8.125795364379883
639,initial,do,-7.997434139251709
640,initial,do,-8.18012523651123
641,initial,do,-7.4854230880737305
642,initial,do,-9.295633316040039
643,initial,do,-8.139077186584473
644,initial,do,-6.370269775390625
645,initial,do,-8.184715270996094
646,initial,do,-7.853638648986816
647,initial,do,-8.701866149902344
648,initial,do,-8.310893058776855
649,initial,do,-7.779442310333252
650,initial,do,-8.894306182861328
651,initial,do,-8.424227714538574
652,initial,do,-8.46895694732666
653,initial,do,-8.687602043151855
654,initial,do,-7.39016580581665
655,initial,do,-7.542631149291992
656,initial,do,-8.045740127563477
657,initial,do,-7.756461143493652
658,initial,do,-6.82200288772583
659,initial,do,-8.78677749633789
660,initial,do,-8.248114585876465
661,initial,do,-7.219235897064209
662,initial,pp,-7.441049575805664
663,initial,pp,-6.555680751800537
664,initial,pp,-7.476442337036133
665,initial,pp,-7.575436115264893
666,initial,pp,-7.586512565612793
667,initial,pp,-7.573390960693359
668,initial,pp,-8.047417640686035
669,initial,pp,-8.435738563537598
670,initial,pp,-8.393260955810547
671,initial,pp,-8.8430814743042
672,initial,pp,-7.534352779388428
673,initial,pp,-5.90321683883667
674,initial,pp,-6.728104591369629
675,initial,pp,-7.047556400299072
676,initial,pp,-6.300252914428711
677,initial,pp,-8.604049682617188
678,initial,pp,-6.717130184173584
679,initial,pp,-8.142647743225098
680,initial,pp,-6.728104591369629
681,initial,pp,-7.720616817474365
682,initial,do,-9.664441108703613
683,initial,do,-9.88850212097168
684,initial,do,-8.07551097869873
685,initial,do,-7.382192134857178
686,initial,do,-9.213603019714355
687,initial,do,-8.434081077575684
688,initial,do,-9.862271308898926
689,initial,do,-10.644895553588867
690,initial,do,-7.601200580596924
691,initial,do,-9.004246711730957
692,initial,do,-7.790106773376465
693,initial,do,-9.984946250915527
694,initial,do,-7.787668704986572
695,initial,do,-8.97113037109375
696,initial,do,-9.936561584472656
697,initial,do,-8.228615760803223
698,initial,do,-8.247464179992676
699,initial,do,-8.397774696350098
700,initial,do,-9.462831497192383
701,initial,do,-7.31316614151001
702,initial,do,-9.412283897399902
703,initial,do,-8.544976234436035
704,initial,do,-9.948312759399414
705,initial,do,-9.526778221130371
706,initial,do,-8.37818431854248
707,initial,do,-9.71830940246582
708,initial,do,-8.297607421875
709,initial,do,-8.491976737976074
710,initial,do,-10.299029350280762
711,initial,do,-9.366748809814453
712,initial,do,-8.786152839660645
713,initial,do,-9.730435371398926
714,initial,do,-10.270109176635742
715,initial,do,-9.737812995910645
716,initial,do,-9.861053466796875
717,initial,do,-10.101201057434082
718,initial,do,-9.63554573059082
719,initial,do,-10.282264709472656
720,initial,do,-7.661994457244873
721,initial,do,-9.526640892028809
722,initial,do,-8.016501426696777
723,initial,do,-8.392337799072266
724,initial,do,-8.969559669494629
725,initial,pp,-9.443961143493652
726,initial,pp,-9.210611343383789
727,initial,pp,-7.2619781494140625
728,initial,pp,-6.939659118652344
729,initial,pp,-8.628507614135742
730,initial,pp,-8.575628280639648
731,initial,pp,-10.055150985717773
732,initial,pp,-9.428831100463867
733,initial,pp,-7.029664516448975
734,initial,pp,-8.362794876098633
735,initial,pp,-7.590447425842285
736,initial,pp,-9.267413139343262
737,initial,pp,-7.567302227020264
738,initial,pp,-8.866460800170898
739,initial,pp,-9.202740669250488
740,initial,pp,-8.437185287475586
741,initial,pp,-7.974429607391357
742,initial,pp,-7.877423286437988
743,initial,pp,-9.001715660095215
744,initial,pp,-7.928505897521973
745,initial,pp,-7.396274566650391
746,initial,pp,-7.105803966522217
747,initial,pp,-7.367503643035889
748,initial,pp,-7.251564979553223
749,initial,pp,-8.56684398651123
750,initial,pp,-8.401590347290039
751,initial,pp,-8.327823638916016
752,initial,pp,-7.44899845123291
753,initial,pp,-7.644689559936523
754,initial,pp,-7.396217346191406
755,initial,pp,-6.5924882888793945
756,initial,pp,-6.516414642333984
757,initial,pp,-7.803224563598633
758,initial,pp,-7.04016637802124
759,initial,pp,-7.431203365325928
760,initial,pp,-8.325291633605957
761,initial,pp,-9.144135475158691
762,initial,pp,-8.948166847229004
763,initial,pp,-6.69965124130249
764,initial,pp,-7.588789463043213
765,initial,pp,-7.590945720672607
766,initial,pp,-7.526757717132568
767,initial,pp,-8.673942565917969
768,initial,pp,-7.617849349975586
769,initial,pp,-8.391788482666016
770,initial,pp,-8.136069297790527
771,initial,pp,-7.80993127822876
772,initial,pp,-8.900655746459961
773,initial,pp,-7.738112449645996
774,initial,pp,-6.289125442504883
775,initial,pp,-8.065673828125
776,initial,pp,-6.75396203994751
777,initial,pp,-7.395599842071533
778,initial,pp,-7.932448387145996
779,initial,pp,-8.471118927001953
780,initial,pp,-7.9770965576171875
781,initial,pp,-8.724267959594727
782,initial,pp,-7.3032379150390625
783,initial,pp,-8.825719833374023
784,initial,pp,-8.601143836975098
785,initial,do,-7.353545188903809
786,initial,do,-6.063897132873535
787,initial,do,-6.738200664520264
788,initial,do,-6.404572010040283
789,initial,do,-7.495468616485596
790,initial,do,-6.531682014465332
791,initial,do,-6.84525728225708
792,initial,do,-6.41502571105957
793,initial,do,-8.036449432373047
794,initial,do,-8.032193183898926
795,initial,do,-6.372653484344482
796,initial,do,-6.081076622009277
797,initial,do,-6.5208916664123535
798,initial,do,-8.340004920959473
799,initial,do,-6.098784446716309
800,initial,do,-5.737839221954346
801,initial,do,-7.981429576873779
802,initial,do,-6.441294193267822
803,initial,do,-8.794461250305176
804,initial,do,-8.62222957611084
805,initial,do,-8.281930923461914
806,initial,do,-5.7743024826049805
807,initial,do,-8.022072792053223
808,initial,do,-8.92311954498291
809,initial,do,-6.608409404754639
810,initial,do,-6.116075038909912
811,initial,do,-7.37532377243042
812,initial,do,-6.541005611419678
813,initial,do,-6.974636077880859
814,initial,do,-6.592316627502441
815,initial,do,-6.303051948547363
816,initial,do,-6.576699256896973
817,initial,do,-6.2724480628967285
818,initial,do,-5.419471740722656
819,initial,do,-8.150856971740723
820,initial,do,-5.737839221954346
821,initial,do,-7.920395851135254
822,initial,do,-6.852448463439941
823,initial,do,-6.584097385406494
824,initial,do,-8.303817749023438
825,initial,do,-7.447561740875244
826,initial,do,-7.121240139007568
827,initial,do,-8.139082908630371
828,initial,pp,-6.827643871307373
829,initial,pp,-5.958688735961914
830,initial,pp,-6.939879417419434
831,initial,pp,-6.417945384979248
832,initial,pp,-7.261131286621094
833,initial,pp,-6.293872356414795
834,initial,pp,-6.67103910446167
835,initial,pp,-6.4094390869140625
836,initial,pp,-7.624962329864502
837,initial,pp,-7.14799690246582
838,initial,pp,-6.180027961730957
839,initial,pp,-5.958853244781494
840,initial,pp,-6.42554235458374
841,initial,pp,-7.469787120819092
842,initial,pp,-5.745668411254883
843,initial,pp,-5.532955169677734
844,initial,pp,-7.423776149749756
845,initial,pp,-6.557917594909668
846,initial,pp,-8.111176490783691
847,initial,pp,-7.928533554077148
848,initial,do,-6.341770172119141
849,initial,do,-6.30616569519043
850,initial,do,-6.322409629821777
851,initial,do,-8.430641174316406
852,initial,do,-5.73768424987793
853,initial,do,-7.65932035446167
854,initial,do,-7.103949546813965
855,initial,do,-6.217383861541748
856,initial,do,-6.28466272354126
857,initial,do,-6.810190200805664
858,initial,do,-7.492987632751465
859,initial,do,-6.318551540374756
860,initial,do,-6.918003559112549
861,initial,do,-5.160029888153076
862,initial,do,-5.381893157958984
863,initial,do,-5.742035388946533
864,initial,do,-6.000403881072998
865,initial,do,-8.34486198425293
866,initial,do,-5.60973596572876
867,initial,do,-5.956405162811279
868,initial,do,-7.317558765411377
869,initial,do,-6.342350959777832
870,initial,do,-8.132511138916016
871,initial,do,-5.863894939422607
872,initial,do,-5.8408026695251465
873,initial,do,-6.477605819702148
874,initial,do,-6.284662246704102
875,initial,do,-6.693960189819336
876,initial,do,-6.550424098968506
877,initial,do,-7.7245001792907715
878,initial,do,-6.440823554992676
879,initial,do,-5.491108417510986
880,initial,do,-8.260969161987305
881,initial,do,-7.355255603790283
882,initial,do,-6.672563552856445
883,initial,do,-6.899825096130371
884,initial,do,-6.341770172119141
885,initial,do,-6.371376991271973
886,initial,do,-5.635470867156982
887,initial,do,-7.123069763183594
888,initial,do,-8.084723472595215
889,initial,do,-7.56870174407959
890,initial,do,-6.050526142120361
891,initial,pp,-6.361147880554199
892,initial,pp,-6.504862308502197
893,initial,pp,-6.345041275024414
894,initial,pp,-7.903149127960205
895,initial,pp,-6.045029640197754
896,initial,pp,-7.236825466156006
897,initial,pp,-6.771180152893066
898,initial,pp,-6.210733413696289
899,initial,pp,-6.391343593597412
900,initial,pp,-6.665126323699951
901,initial,pp,-7.340984344482422
902,initial,pp,-6.42872428894043
903,initial,pp,-6.71452522277832
904,initial,pp,-5.082594394683838
905,initial,pp,-5.818175315856934
906,initial,pp,-5.947381496429443
907,initial,pp,-6.045085430145264
908,initial,pp,-7.852181911468506
909,initial,pp,-5.81718635559082
910,initial,pp,-6.334176540374756
911,initial,do,-6.9892258644104
912,initial,do,-6.852689266204834
913,initial,do,-6.785381317138672
914,initial,do,-7.177481651306152
915,initial,do,-6.550744533538818
916,initial,do,-6.4549784660339355
917,initial,do,-6.976615905761719
918,initial,do,-7.88794469833374
919,initial,do,-7.264534950256348
920,initial,do,-7.302794456481934
921,initial,do,-6.594923496246338
922,initial,do,-6.532356262207031
923,initial,do,-7.808446884155273
924,initial,do,-6.472863674163818
925,initial,do,-6.900464057922363
926,initial,do,-6.9510273933410645
927,initial,do,-7.533543109893799
928,initial,do,-7.091372489929199
929,initial,do,-6.297835350036621
930,initial,do,-5.752416133880615
931,initial,do,-7.095256328582764
932,initial,do,-6.750624179840088
933,initial,do,-6.337750434875488
934,initial,do,-6.0400872230529785
935,initial,do,-6.778521537780762
936,initial,do,-7.152975082397461
937,initial,do,-5.872138023376465
938,initial,do,-6.4162211418151855
939,initial,do,-7.995606422424316
940,initial,do,-6.388944625854492
941,initial,do,-7.144649982452393
942,initial,do,-7.829561710357666
943,initial,do,-6.68511962890625
944,initial,do,-6.567221164703369
945,initial,do,-6.488015174865723
946,initial,do,-8.34883975982666
947,initial,do,-7.169126510620117
948,initial,do,-6.625421047210693
949,initial,do,-7.302794456481934
950,initial,do,-6.476580619812012
951,initial,do,-7.8122076988220215
952,initial,do,-6.659702777862549
953,initial,do,-7.55808687210083
954,initial,pp,-6.681280612945557
955,initial,pp,-6.483297824859619
956,initial,pp,-6.717007160186768
957,initial,pp,-7.023191928863525
958,initial,pp,-6.353953838348389
959,initial,pp,-6.670486927032471
960,initial,pp,-7.122619152069092
961,initial,pp,-7.6588945388793945
962,initial,pp,-7.22732400894165
963,initial,pp,-7.073975563049316
964,initial,pp,-6.785526752471924
965,initial,pp,-6.300228595733643
966,initial,pp,-7.364459037780762
967,initial,pp,-6.411168098449707
968,initial,pp,-6.810925006866455
969,initial,pp,-7.158936977386475
970,initial,pp,-7.144778251647949
971,initial,pp,-7.226816177368164
972,initial,pp,-6.409353733062744
973,initial,pp,-5.770270824432373
974,initial,do,-8.198673248291016
975,initial,do,-7.777369022369385
976,initial,do,-9.44627571105957
977,initial,do,-8.296082496643066
978,initial,do,-7.165071964263916
979,initial,do,-6.6182332038879395
980,initial,do,-8.83134651184082
981,initial,do,-6.4470367431640625
982,initial,do,-7.889183521270752
983,initial,do,-7.009421348571777
984,initial,do,-7.430505752563477
985,initial,do,-8.259245872497559
986,initial,do,-8.753225326538086
987,initial,do,-7.158098220825195
988,initial,do,-8.965919494628906
989,initial,do,-8.96505069732666
990,initial,do,-9.079774856567383
991,initial,do,-6.923573970794678
992,initial,do,-7.269895553588867
993,initial,do,-7.332999229431152
994,initial,do,-6.598072528839111
995,initial,do,-8.544896125793457
996,initial,do,-7.604161262512207
997,initial,do,-7.2391510009765625
998,initial,do,-7.5331244468688965
999,initial,do,-6.8009352684021
1000,initial,do,-7.029513835906982
1001,initial,do,-6.232871055603027
1002,initial,do,-7.438362121582031
1003,initial,do,-7.332999229431152
1004,initial,do,-7.384026527404785
1005,initial,do,-6.429200649261475
1006,initial,do,-8.380242347717285
1007,initial,do,-7.260122299194336
1008,initial,do,-7.111551284790039
1009,initial,do,-6.860145092010498
1010,initial,do,-7.198055744171143
1011,initial,do,-8.68015193939209
1012,initial,do,-7.918503761291504
1013,initial,do,-7.951610088348389
1014,initial,do,-7.918503761291504
1015,initial,do,-6.803186893463135
1016,initial,do,-6.239663124084473
1017,initial,pp,-7.236003398895264
1018,initial,pp,-7.043712139129639
1019,initial,pp,-8.77197265625
1020,initial,pp,-7.865830421447754
1021,initial,pp,-7.108944416046143
1022,initial,pp,-6.49749755859375
1023,initial,pp,-7.967273235321045
1024,initial,pp,-6.2639336585998535
1025,initial,pp,-7.644947528839111
1026,initial,pp,-6.723042964935303
1027,initial,pp,-7.592942714691162
1028,initial,pp,-7.548727035522461
1029,initial,pp,-8.388321876525879
1030,initial,pp,-6.759593486785889
1031,initial,pp,-8.260668754577637
1032,initial,pp,-8.460074424743652
1033,initial,pp,-8.251769065856934
1034,initial,pp,-6.863847732543945
1035,initial,pp,-7.023923397064209
1036,initial,pp,-7.311301231384277
1037,initial,pp,-6.468386173248291
1038,initial,pp,-5.9346160888671875
1039,initial,pp,-7.110176086425781
1040,initial,pp,-6.7642903327941895
1041,initial,pp,-5.884012222290039
1042,initial,pp,-6.962385177612305
1043,initial,pp,-7.912769317626953
1044,initial,pp,-5.4091386795043945
1045,initial,pp,-6.85080099105835
1046,initial,pp,-6.106129169464111
1047,initial,pp,-8.199931144714355
1048,initial,pp,-6.010953426361084
1049,initial,pp,-6.168029308319092
1050,initial,pp,-5.749293327331543
1051,initial,pp,-5.549604415893555
1052,initial,pp,-6.830908298492432
1053,initial,pp,-6.82953405380249
1054,initial,pp,-6.596463680267334
1055,initial,pp,-5.333384037017822
1056,initial,pp,-6.033817768096924
1057,initial,pp,-6.652407646179199
1058,initial,pp,-6.121805191040039
1059,initial,pp,-7.510616779327393
1060,initial,pp,-5.635031223297119
1061,initial,pp,-6.600246906280518
1062,initial,pp,-6.997279167175293
1063,initial,pp,-5.690116882324219
1064,initial,pp,-6.638229846954346
1065,initial,pp,-6.65915584564209
1066,initial,pp,-6.74113130569458
1067,initial,pp,-7.4739227294921875
1068,initial,pp,-5.374286651611328
1069,initial,pp,-6.190868854522705
1070,initial,pp,-6.409669399261475
1071,initial,pp,-6.12452507019043
1072,initial,pp,-6.148416519165039
1073,initial,pp,-6.067070484161377
1074,initial,pp,-6.211299419403076
1075,initial,pp,-6.104737758636475
1076,initial,pp,-7.356608867645264
1077,initial,do,-8.605755805969238
1078,initial,do,-8.454353332519531
1079,initial,do,-8.698735237121582
1080,initial,do,-8.310039520263672
1081,initial,do,-7.419242858886719
1082,initial,do,-7.76890754699707
1083,initial,do,-8.331938743591309
1084,initial,do,-8.111161231994629
1085,initial,do,-7.918750762939453
1086,initial,do,-6.719073295593262
1087,initial,do,-8.04263973236084
1088,initial,do,-7.602932453155518
1089,initial,do,-8.102810859680176
1090,initial,do,-8.955605506896973
1091,initial,do,-8.410151481628418
1092,initial,do,-7.61518669128418
1093,initial,do,-7.816278457641602
1094,initial,do,-8.36661434173584
1095,initial,do,-7.147138595581055
1096,initial,do,-8.243549346923828
1097,initial,do,-8.316987037658691
1098,initial,do,-8.561945915222168
1099,initial,do,-9.221428871154785
1100,initial,do,-9.243243217468262
1101,initial,do,-8.226563453674316
1102,initial,do,-7.910528182983398
1103,initial,do,-7.951197147369385
1104,initial,do,-7.444782257080078
1105,initial,do,-7.703811168670654
1106,initial,do,-7.576884746551514
1107,initial,do,-8.561945915222168
1108,initial,do,-8.83858585357666
1109,initial,do,-6.385042190551758
1110,initial,do,-8.613476753234863
1111,initial,do,-7.492024898529053
1112,initial,do,-6.712418079376221
1113,initial,do,-7.777166843414307
1114,initial,do,-7.507907390594482
1115,initial,do,-8.105443000793457
1116,initial,do,-8.796027183532715
1117,initial,do,-8.096278190612793
1118,initial,do,-8.488750457763672
1119,initial,do,-7.015090465545654
1120,initial,pp,-7.555773735046387
1121,initial,pp,-7.6321563720703125
1122,initial,pp,-7.434746742248535
1123,initial,pp,-7.005271911621094
1124,initial,pp,-6.2437744140625
1125,initial,pp,-7.2773919105529785
1126,initial,pp,-6.819199085235596
1127,initial,pp,-7.244996547698975
1128,initial,pp,-6.705979347229004
1129,initial,pp,-6.209002494812012
1130,initial,pp,-6.894442081451416
1131,initial,pp,-6.195725440979004
1132,initial,pp,-7.387574672698975
1133,initial,pp,-7.403007507324219
1134,initial,pp,-7.244908809661865
1135,initial,pp,-6.9084978103637695
1136,initial,pp,-7.255065441131592
1137,initial,pp,-6.809889793395996
1138,initial,pp,-6.577032089233398
1139,initial,pp,-7.072083473205566
1140,initial,do,-7.846979141235352
1141,initial,do,-7.159816265106201
1142,initial,do,-6.391808032989502
1143,initial,do,-7.458119869232178
1144,initial,do,-6.962131977081299
1145,initial,do,-6.929096221923828
1146,initial,do,-7.846979141235352
1147,initial,do,-8.495476722717285
1148,initial,do,-8.0866117477417
1149,initial,do,-6.638626575469971
1150,initial,do,-7.379991054534912
1151,initial,do,-8.867314338684082
1152,initial,do,-8.049263954162598
1153,initial,do,-8.11821460723877
1154,initial,do,-7.175226211547852
1155,initial,do,-6.6344685554504395
1156,initial,do,-7.1844916343688965
1157,initial,do,-7.05866003036499
1158,initial,do,-7.743267059326172
1159,initial,do,-7.562156677246094
1160,initial,do,-8.585083961486816
1161,initial,do,-6.28634786605835
1162,initial,do,-7.1791839599609375
1163,initial,do,-6.636191368103027
1164,initial,do,-7.159816265106201
1165,initial,do,-6.791444301605225
1166,initial,do,-8.182413101196289
1167,initial,do,-6.823723316192627
1168,initial,do,-7.931600093841553
1169,initial,do,-6.970059871673584
1170,initial,do,-6.879228115081787
1171,initial,do,-7.554309844970703
1172,initial,do,-7.1844916343688965
1173,initial,do,-8.288017272949219
1174,initial,do,-7.464254856109619
1175,initial,do,-7.464254856109619
1176,initial,do,-8.194314002990723
1177,initial,do,-8.374281883239746
1178,initial,do,-6.693322658538818
1179,initial,do,-6.6344685554504395
1180,initial,do,-7.1791839599609375
1181,initial,do,-7.818663120269775
1182,initial,do,-6.823723316192627
1183,initial,pp,-7.257030010223389
1184,initial,pp,-6.72845458984375
1185,initial,pp,-5.831441402435303
1186,initial,pp,-7.014309406280518
1187,initial,pp,-6.425469398498535
1188,initial,pp,-6.562896251678467
1189,initial,pp,-7.2570295333862305
1190,initial,pp,-7.750613212585449
1191,initial,pp,-7.280120849609375
1192,initial,pp,-6.028209686279297
1193,initial,pp,-6.841685771942139
1194,initial,pp,-7.8622918128967285
1195,initial,pp,-7.259258270263672
1196,initial,pp,-7.35560941696167
1197,initial,pp,-6.753548622131348
1198,initial,pp,-6.222413539886475
1199,initial,pp,-6.461991310119629
1200,initial,pp,-6.454898357391357
1201,initial,pp,-7.1076884269714355
1202,initial,pp,-7.091304302215576
1203,initial,do,-7.842091083526611
1204,initial,do,-6.853878974914551
1205,initial,do,-7.82603645324707
1206,initial,do,-7.592606544494629
1207,initial,do,-7.935544490814209
1208,initial,do,-6.5630035400390625
1209,initial,do,-7.488489151000977
1210,initial,do,-6.369901180267334
1211,initial,do,-6.0806989669799805
1212,initial,do,-6.839571475982666
1213,initial,do,-8.030468940734863
1214,initial,do,-7.021730422973633
1215,initial,do,-6.379326820373535
1216,initial,do,-7.100409030914307
1217,initial,do,-7.683807849884033
1218,initial,do,-6.436947822570801
1219,initial,do,-7.225706100463867
1220,initial,do,-7.335224151611328
1221,initial,do,-7.013431549072266
1222,initial,do,-6.5175323486328125
1223,initial,do,-8.082565307617188
1224,initial,do,-8.213264465332031
1225,initial,do,-8.535969734191895
1226,initial,do,-7.154441833496094
1227,initial,do,-8.171072006225586
1228,initial,do,-7.595623970031738
1229,initial,do,-7.509572505950928
1230,initial,do,-7.628636837005615
1231,initial,do,-7.199380874633789
1232,initial,do,-6.944437026977539
1233,initial,do,-7.401350498199463
1234,initial,do,-6.865150451660156
1235,initial,do,-6.568701267242432
1236,initial,do,-7.118561744689941
1237,initial,do,-7.125215530395508
1238,initial,do,-7.476080894470215
1239,initial,do,-6.33046817779541
1240,initial,do,-7.642551422119141
1241,initial,do,-7.729143142700195
1242,initial,do,-6.000552654266357
1243,initial,do,-6.581455707550049
1244,initial,do,-7.912041664123535
1245,initial,do,-7.515336990356445
1246,initial,pp,-7.679659366607666
1247,initial,pp,-6.609607219696045
1248,initial,pp,-7.0661211013793945
1249,initial,pp,-7.280765056610107
1250,initial,pp,-7.073169231414795
1251,initial,pp,-6.2611284255981445
1252,initial,pp,-7.134538650512695
1253,initial,pp,-6.1867876052856445
1254,initial,pp,-5.762654781341553
1255,initial,pp,-6.836496353149414
1256,initial,pp,-7.613208293914795
1257,initial,pp,-6.951241970062256
1258,initial,pp,-6.3534369468688965
1259,initial,pp,-6.790079116821289
1260,initial,pp,-7.362221717834473
1261,initial,pp,-6.046792984008789
1262,initial,pp,-6.738735198974609
1263,initial,pp,-6.850001811981201
1264,initial,pp,-6.725712299346924
1265,initial,pp,-6.039730548858643
1266,initial,do,-7.361601829528809
1267,initial,do,-7.702018737792969
1268,initial,do,-8.050260543823242
1269,initial,do,-7.690727710723877
1270,initial,do,-6.909450054168701
1271,initial,do,-8.413886070251465
1272,initial,do,-9.486956596374512
1273,initial,do,-9.837116241455078
1274,initial,do,-6.607642650604248
1275,initial,do,-8.634781837463379
1276,initial,do,-9.78853702545166
1277,initial,do,-7.357594013214111
1278,initial,do,-9.344115257263184
1279,initial,do,-8.814515113830566
1280,initial,do,-8.463662147521973
1281,initial,do,-9.46214771270752
1282,initial,do,-8.877197265625
1283,initial,do,-8.776712417602539
1284,initial,do,-7.5881476402282715
1285,initial,do,-8.80911636352539
1286,initial,do,-6.770448207855225
1287,initial,do,-8.569067001342773
1288,initial,do,-9.129664421081543
1289,initial,do,-8.739028930664062
1290,initial,do,-8.151106834411621
1291,initial,do,-8.156962394714355
1292,initial,do,-8.76395320892334
1293,initial,do,-9.185235023498535
1294,initial,do,-9.050414085388184
1295,initial,do,-8.2926607131958
1296,initial,do,-7.670240879058838
1297,initial,do,-8.6742525100708
1298,initial,do,-8.030219078063965
1299,initial,do,-6.486817836761475
1300,initial,do,-8.81943416595459
1301,initial,do,-9.671571731567383
1302,initial,do,-8.67393970489502
1303,initial,do,-7.787090301513672
1304,initial,do,-7.769715785980225
1305,initial,do,-9.253936767578125
1306,initial,do,-9.45610237121582
1307,initial,do,-7.439409255981445
1308,initial,do,-9.120584487915039
1309,initial,pp,-6.94162654876709
1310,initial,pp,-6.769872665405273
1311,initial,pp,-7.031919956207275
1312,initial,pp,-6.523163318634033
1313,initial,pp,-6.510099411010742
1314,initial,pp,-7.555785179138184
1315,initial,pp,-8.731660842895508
1316,initial,pp,-8.6770658493042
1317,initial,pp,-6.387438774108887
1318,initial,pp,-8.005316734313965
1319,initial,pp,-8.356646537780762
1320,initial,pp,-6.422525405883789
1321,initial,pp,-8.169578552246094
1322,initial,pp,-7.4024834632873535
1323,initial,pp,-7.779210567474365
1324,initial,pp,-8.037046432495117
1325,initial,pp,-7.213047504425049
1326,initial,pp,-8.151827812194824
1327,initial,pp,-7.1492815017700195
1328,initial,pp,-8.057629585266113
1329,initial,pp,-6.487303733825684
1330,initial,pp,-5.895596504211426
1331,initial,pp,-6.839669704437256
1332,initial,pp,-7.227505207061768
1333,initial,pp,-7.735847473144531
1334,initial,pp,-6.443969249725342
1335,initial,pp,-5.965374946594238
1336,initial,pp,-5.888107776641846
1337,initial,pp,-6.488937854766846
1338,initial,pp,-6.904595375061035
1339,initial,pp,-5.6129913330078125
1340,initial,pp,-7.095983505249023
1341,initial,pp,-6.8941969871521
1342,initial,pp,-7.716811180114746
1343,initial,pp,-7.515151023864746
1344,initial,pp,-6.675053119659424
1345,initial,pp,-7.136133670806885
1346,initial,pp,-5.386840343475342
1347,initial,pp,-7.407857418060303
1348,initial,pp,-6.581489562988281
1349,initial,pp,-6.72850227355957
1350,initial,pp,-7.1505842208862305
1351,initial,pp,-7.466555595397949
1352,initial,pp,-6.603799819946289
1353,initial,pp,-6.907942295074463
1354,initial,pp,-5.478679656982422
1355,initial,pp,-5.81609582901001
1356,initial,pp,-6.395575046539307
1357,initial,pp,-6.233098983764648
1358,initial,pp,-7.05051326751709
1359,initial,pp,-6.613614082336426
1360,initial,pp,-6.6610565185546875
1361,initial,pp,-5.998510360717773
1362,initial,pp,-6.2723517417907715
1363,initial,pp,-6.927236557006836
1364,initial,pp,-6.543606758117676
1365,initial,pp,-7.798583030700684
1366,initial,pp,-6.440587997436523
1367,initial,pp,-6.589578628540039
1368,initial,pp,-6.738555908203125
1,final,pp,-4.8538737297058105
2,final,pp,-4.951045513153076
3,final,pp,-4.318016529083252
4,final,pp,-4.570016384124756
5,final,pp,-4.665275573730469
6,final,pp,-4.375852584838867
7,final,pp,-4.157390594482422
8,final,pp,-3.274354934692383
9,final,pp,-3.354252576828003
10,final,pp,-3.5552985668182373
11,final,pp,-6.593923568725586
12,final,pp,-3.797945737838745
13,final,pp,-4.2627949714660645
14,final,pp,-3.6028811931610107
15,final,pp,-4.767640113830566
16,final,pp,-3.274354934692383
17,final,pp,-4.5248260498046875
18,final,pp,-3.7403247356414795
19,final,pp,-6.1778178215026855
20,final,pp,-4.239826202392578
21,final,pp,-4.635107517242432
22,final,pp,-7.216146945953369
23,final,pp,-4.923585891723633
24,final,pp,-5.6485114097595215
25,final,pp,-5.439795017242432
26,final,pp,-5.679485321044922
27,final,pp,-5.198785305023193
28,final,pp,-5.194741725921631
29,final,pp,-6.2603912353515625
30,final,pp,-5.312530040740967
31,final,pp,-5.12974739074707
32,final,pp,-5.6485114097595215
33,final,pp,-5.375113010406494
34,final,pp,-6.250912189483643
35,final,pp,-4.517726898193359
36,final,pp,-4.497045516967773
37,final,pp,-6.260391712188721
38,final,pp,-4.474630832672119
39,final,pp,-6.786915302276611
40,final,pp,-5.964155673980713
41,final,pp,-4.591033458709717
42,final,pp,-4.909083366394043
43,final,pp,-4.348016262054443
44,final,pp,-5.020058631896973
45,final,pp,-6.328970432281494
46,final,pp,-4.65864372253418
47,final,pp,-5.6638689041137695
48,final,pp,-4.670745372772217
49,final,pp,-4.538147926330566
50,final,pp,-4.734037399291992
51,final,pp,-4.739171981811523
52,final,pp,-4.527535438537598
53,final,pp,-4.773313999176025
54,final,pp,-4.63065767288208
55,final,pp,-4.7993974685668945
56,final,pp,-3.8861083984375
57,final,pp,-4.444960594177246
58,final,pp,-4.759583473205566
59,final,pp,-4.731283664703369
60,final,pp,-4.5971832275390625
61,final,pp,-4.327303409576416
62,final,pp,-5.9001665115356445
63,final,pp,-6.417913913726807
64,final,pp,-4.921168804168701
65,final,pp,-7.349862098693848
66,final,pp,-5.983240127563477
67,final,pp,-4.575128078460693
68,final,pp,-6.6507887840271
69,final,pp,-5.358500003814697
70,final,pp,-5.3763275146484375
71,final,pp,-3.9907007217407227
72,final,pp,-5.076600074768066
73,final,pp,-4.6578593254089355
74,final,pp,-6.116067409515381
75,final,pp,-4.205281734466553
76,final,pp,-3.7840301990509033
77,final,pp,-6.686263084411621
78,final,pp,-4.501830101013184
79,final,pp,-4.064937114715576
80,final,pp,-5.67607307434082
81,final,pp,-5.002903461456299
82,final,pp,-4.239468574523926
83,final,pp,-5.085594177246094
84,final,pp,-4.250088691711426
85,final,pp,-4.239468574523926
86,final,pp,-4.322424411773682
87,final,pp,-4.670251846313477
88,final,pp,-4.03247594833374
89,final,pp,-5.651189804077148
90,final,pp,-3.943749189376831
91,final,pp,-4.203146457672119
92,final,pp,-5.434544563293457
93,final,pp,-4.921107292175293
94,final,pp,-4.748324871063232
95,final,pp,-4.631785869598389
96,final,pp,-4.344209671020508
97,final,pp,-5.7868499755859375
98,final,pp,-5.097151756286621
99,final,pp,-6.667951583862305
100,final,pp,-6.065295219421387
101,final,pp,-6.6344380378723145
102,final,pp,-5.638631343841553
103,final,pp,-4.429959297180176
104,final,pp,-4.454453945159912
105,final,pp,-5.868167400360107
106,final,pp,-4.8213276863098145
107,final,pp,-4.207015037536621
108,final,pp,-4.881733417510986
109,final,pp,-4.860415935516357
110,final,pp,-4.99359130859375
111,final,pp,-4.622763156890869
112,final,pp,-4.549097537994385
113,final,pp,-4.504580020904541
114,final,pp,-6.664595603942871
115,final,pp,-4.594660758972168
116,final,pp,-4.223326683044434
117,final,pp,-4.870619297027588
118,final,pp,-6.587644577026367
119,final,pp,-4.629117012023926
120,final,pp,-4.848399639129639
121,final,pp,-3.6677894592285156
122,final,pp,-4.676827907562256
123,final,pp,-6.782912254333496
124,final,pp,-5.961087703704834
125,final,pp,-3.919620990753174
126,final,pp,-5.163078784942627
127,final,pp,-3.352024793624878
128,final,pp,-5.719446659088135
129,final,pp,-3.550790786743164
130,final,pp,-3.669734239578247
131,final,pp,-3.550790786743164
132,final,pp,-4.676827430725098
133,final,pp,-4.724311351776123
134,final,pp,-3.1864917278289795
135,final,pp,-4.676827430725098
136,final,pp,-5.163079738616943
137,final,pp,-4.278781414031982
138,final,pp,-3.338704824447632
139,final,pp,-5.455358505249023
140,final,pp,-3.7986133098602295
141,final,pp,-5.4679694175720215
142,final,pp,-4.5843424797058105
143,final,pp,-4.46897554397583
144,final,pp,-4.751926422119141
145,final,pp,-3.960287094116211
146,final,pp,-4.216562271118164
147,final,pp,-4.483725547790527
148,final,pp,-5.26248025894165
149,final,pp,-5.734377384185791
150,final,pp,-4.277127742767334
151,final,pp,-5.110132217407227
152,final,pp,-4.582826137542725
153,final,pp,-4.211444854736328
154,final,pp,-4.532899856567383
155,final,pp,-4.35308837890625
156,final,pp,-6.397922515869141
157,final,pp,-4.908685207366943
158,final,pp,-4.605429172515869
159,final,pp,-5.673474311828613
160,final,pp,-4.889593124389648
161,final,pp,-5.015697002410889
162,final,pp,-4.694188117980957
163,final,pp,-4.001768112182617
164,final,pp,-3.6022450923919678
165,final,pp,-3.544257402420044
166,final,pp,-3.5318758487701416
167,final,pp,-7.138104438781738
168,final,pp,-5.156509876251221
169,final,pp,-4.710648536682129
170,final,pp,-4.947873115539551
171,final,pp,-4.001768112182617
172,final,pp,-3.8772261142730713
173,final,pp,-4.216300964355469
174,final,pp,-5.791431903839111
175,final,pp,-4.558560848236084
176,final,pp,-3.544257402420044
177,final,pp,-6.033559322357178
178,final,pp,-5.465951919555664
179,final,pp,-4.249672889709473
180,final,pp,-5.402669906616211
181,final,pp,-4.482028961181641
182,final,pp,-5.2463274002075195
183,final,pp,-5.414246082305908
184,final,pp,-5.343067169189453
185,final,pp,-4.739798545837402
186,final,pp,-4.282367706298828
187,final,pp,-4.198050498962402
188,final,pp,-4.99199104309082
189,final,pp,-4.8450798988342285
190,final,pp,-4.543063640594482
191,final,pp,-5.150181770324707
192,final,pp,-4.354961395263672
193,final,pp,-4.9607343673706055
194,final,pp,-4.111040115356445
195,final,pp,-4.368167877197266
196,final,pp,-4.029904365539551
197,final,pp,-4.535866737365723
198,final,pp,-5.381391525268555
199,final,pp,-6.1342082023620605
200,final,pp,-5.180633068084717
201,final,pp,-4.550848007202148
202,final,pp,-3.528451919555664
203,final,pp,-5.154315948486328
204,final,pp,-4.752003192901611
205,final,pp,-5.361955165863037
206,final,pp,-4.418218612670898
207,final,pp,-4.7025580406188965
208,final,pp,-4.54971170425415
209,final,pp,-4.4540629386901855
210,final,pp,-4.112313270568848
211,final,pp,-4.3715105056762695
212,final,pp,-6.659437656402588
213,final,pp,-4.1149444580078125
214,final,pp,-5.939579010009766
215,final,pp,-6.069296836853027
216,final,pp,-4.251135349273682
217,final,pp,-5.621378421783447
218,final,pp,-4.200973987579346
219,final,pp,-4.095255374908447
220,final,pp,-4.398399353027344
221,final,do,-5.9889020919799805
222,final,do,-5.100028038024902
223,final,do,-5.184126377105713
224,final,do,-4.361462593078613
225,final,do,-5.710021018981934
226,final,do,-5.192601680755615
227,final,do,-6.109271049499512
228,final,do,-6.560057640075684
229,final,do,-7.069457054138184
230,final,do,-5.644382476806641
231,final,do,-5.785004615783691
232,final,do,-6.0269551277160645
233,final,do,-5.344486713409424
234,final,do,-6.560057640075684
235,final,do,-4.323821544647217
236,final,do,-4.961374759674072
237,final,do,-5.574399471282959
238,final,do,-5.187467098236084
239,final,do,-5.601368427276611
240,final,do,-6.725374221801758
241,final,do,-5.344486713409424
242,final,do,-5.390421390533447
243,final,do,-6.164467811584473
244,final,do,-5.187467098236084
245,final,do,-6.473786354064941
246,final,do,-5.165594577789307
247,final,do,-5.505636692047119
248,final,do,-5.407007694244385
249,final,do,-5.333413124084473
250,final,do,-4.445655822753906
251,final,do,-5.806046009063721
252,final,do,-7.508867263793945
253,final,do,-6.549010276794434
254,final,do,-5.410922527313232
255,final,do,-5.606954097747803
256,final,do,-5.453012943267822
257,final,do,-7.602066993713379
258,final,do,-5.410922527313232
259,final,do,-5.060033798217773
260,final,do,-5.806046009063721
261,final,do,-4.445655822753906
262,final,do,-5.15282678604126
263,final,do,-5.218581199645996
264,final,pp,-5.22327995300293
265,final,pp,-4.589564323425293
266,final,pp,-4.4716997146606445
267,final,pp,-3.9421839714050293
268,final,pp,-4.383527755737305
269,final,pp,-4.262119770050049
270,final,pp,-4.667980194091797
271,final,pp,-5.799319267272949
272,final,pp,-5.998018264770508
273,final,pp,-4.899420738220215
274,final,pp,-4.91319465637207
275,final,pp,-4.642518520355225
276,final,pp,-4.662211894989014
277,final,pp,-5.799319267272949
278,final,pp,-3.852386474609375
279,final,pp,-4.241605281829834
280,final,pp,-4.849043846130371
281,final,pp,-4.250312805175781
282,final,pp,-4.898635387420654
283,final,pp,-6.00504207611084
284,final,do,-5.461057186126709
285,final,do,-5.007006645202637
286,final,do,-6.78261661529541
287,final,do,-5.478010654449463
288,final,do,-5.689350128173828
289,final,do,-4.73160457611084
290,final,do,-5.958904266357422
291,final,do,-5.765507221221924
292,final,do,-5.689350128173828
293,final,do,-5.537768363952637
294,final,do,-5.991354465484619
295,final,do,-5.248672962188721
296,final,do,-5.766844749450684
297,final,do,-6.179771900177002
298,final,do,-5.683093547821045
299,final,do,-5.658675670623779
300,final,do,-5.805345058441162
301,final,do,-4.877780914306641
302,final,do,-5.548335075378418
303,final,do,-7.0824689865112305
304,final,do,-5.0210113525390625
305,final,do,-5.958904266357422
306,final,do,-5.64315128326416
307,final,do,-4.931458950042725
308,final,do,-5.478010654449463
309,final,do,-5.967652320861816
310,final,do,-5.042342662811279
311,final,do,-5.948617458343506
312,final,do,-5.478010654449463
313,final,do,-6.828181266784668
314,final,do,-5.723418712615967
315,final,do,-5.666576862335205
316,final,do,-5.670436382293701
317,final,do,-6.45400857925415
318,final,do,-5.042342662811279
319,final,do,-4.877780914306641
320,final,do,-6.790097236633301
321,final,do,-5.925421714782715
322,final,do,-6.782617092132568
323,final,do,-6.133735179901123
324,final,do,-6.9699578285217285
325,final,do,-7.007273197174072
326,final,do,-7.44686222076416
327,final,pp,-4.963619232177734
328,final,pp,-4.571749687194824
329,final,pp,-6.123358249664307
330,final,pp,-4.759756565093994
331,final,pp,-4.952396392822266
332,final,pp,-4.248482704162598
333,final,pp,-5.207426071166992
334,final,pp,-5.419303894042969
335,final,pp,-4.952396392822266
336,final,pp,-4.899580478668213
337,final,pp,-5.156128883361816
338,final,pp,-4.611467361450195
339,final,pp,-4.883567810058594
340,final,pp,-5.444616317749023
341,final,pp,-5.035440921783447
342,final,pp,-4.999972343444824
343,final,pp,-5.089526653289795
344,final,pp,-4.692987442016602
345,final,pp,-4.868643760681152
346,final,pp,-6.502086162567139
347,final,do,-5.67545223236084
348,final,do,-4.6492414474487305
349,final,do,-5.016257286071777
350,final,do,-5.2267937660217285
351,final,do,-5.239438056945801
352,final,do,-4.731800079345703
353,final,do,-5.340994834899902
354,final,do,-4.8816914558410645
355,final,do,-6.0181660652160645
356,final,do,-5.7259955406188965
357,final,do,-5.243844985961914
358,final,do,-5.200090408325195
359,final,do,-6.645104885101318
360,final,do,-5.891117095947266
361,final,do,-5.132674694061279
362,final,do,-5.481195449829102
363,final,do,-4.9837188720703125
364,final,do,-6.470438003540039
365,final,do,-5.247828483581543
366,final,do,-5.0588178634643555
367,final,do,-6.347884178161621
368,final,do,-5.900563716888428
369,final,do,-5.823545455932617
370,final,do,-4.23213529586792
371,final,do,-4.818577289581299
372,final,do,-5.852205753326416
373,final,do,-4.954388618469238
374,final,do,-5.286527633666992
375,final,do,-4.609577655792236
376,final,do,-5.640441417694092
377,final,do,-6.274056911468506
378,final,do,-4.927810192108154
379,final,do,-5.078588485717773
380,final,do,-4.762381076812744
381,final,do,-7.198591232299805
382,final,do,-5.055032253265381
383,final,do,-6.076510906219482
384,final,do,-4.818577289581299
385,final,do,-4.57002592086792
386,final,do,-4.954388618469238
387,final,do,-5.09752082824707
388,final,do,-4.809820175170898
389,final,do,-7.045906066894531
390,final,pp,-5.223297595977783
391,final,pp,-4.380920886993408
392,final,pp,-4.790709018707275
393,final,pp,-4.818329334259033
394,final,pp,-4.6612067222595215
395,final,pp,-4.554782867431641
396,final,pp,-5.211684703826904
397,final,pp,-4.600407600402832
398,final,pp,-5.660233497619629
399,final,pp,-5.394157409667969
400,final,pp,-5.081943511962891
401,final,pp,-5.062676429748535
402,final,pp,-6.382221221923828
403,final,pp,-5.79817008972168
404,final,pp,-4.807716369628906
405,final,pp,-4.863194942474365
406,final,pp,-4.85046911239624
407,final,pp,-5.9016547203063965
408,final,pp,-5.118375778198242
409,final,pp,-4.75074577331543
410,final,do,-6.082358360290527
411,final,do,-5.501406192779541
412,final,do,-6.851075649261475
413,final,do,-6.310740947723389
414,final,do,-7.354336738586426
415,final,do,-6.083629608154297
416,final,do,-6.209702968597412
417,final,do,-7.512472629547119
418,final,do,-5.245628356933594
419,final,do,-6.492469787597656
420,final,do,-7.687662124633789
421,final,do,-6.48881196975708
422,final,do,-7.032112121582031
423,final,do,-6.665173530578613
424,final,do,-6.038590431213379
425,final,do,-6.293328285217285
426,final,do,-5.086014270782471
427,final,do,-6.209351539611816
428,final,do,-6.085876941680908
429,final,do,-7.6235785484313965
430,final,do,-6.527163505554199
431,final,do,-7.52422571182251
432,final,do,-6.209351539611816
433,final,do,-5.808566570281982
434,final,do,-6.0565338134765625
435,final,do,-6.175776958465576
436,final,do,-6.401837348937988
437,final,do,-6.168635368347168
438,final,do,-6.32969331741333
439,final,do,-6.607280254364014
440,final,do,-6.803835868835449
441,final,do,-6.05307149887085
442,final,do,-6.8714094161987305
443,final,do,-5.595619201660156
444,final,do,-5.199834823608398
445,final,do,-5.898545742034912
446,final,do,-6.293328285217285
447,final,do,-6.075386047363281
448,final,do,-5.9812822341918945
449,final,do,-4.894999980926514
450,final,do,-5.6917314529418945
451,final,do,-5.754153728485107
452,final,do,-6.009758949279785
453,final,pp,-5.534322738647461
454,final,pp,-4.513692855834961
455,final,pp,-5.687021732330322
456,final,pp,-5.886035442352295
457,final,pp,-7.039265155792236
458,final,pp,-5.537093162536621
459,final,pp,-5.2502217292785645
460,final,pp,-5.8657026290893555
461,final,pp,-4.809551239013672
462,final,pp,-5.38657808303833
463,final,pp,-7.480449676513672
464,final,pp,-6.162116527557373
465,final,pp,-5.265707969665527
466,final,pp,-5.85263204574585
467,final,pp,-5.165041923522949
468,final,pp,-5.767611026763916
469,final,pp,-4.537548542022705
470,final,pp,-5.62372350692749
471,final,pp,-5.531006336212158
472,final,pp,-6.433447360992432
473,final,pp,-5.153397560119629
474,final,pp,-5.706024169921875
475,final,pp,-5.197535991668701
476,final,pp,-5.260953426361084
477,final,pp,-4.573340892791748
478,final,pp,-5.908776760101318
479,final,pp,-5.041648864746094
480,final,pp,-6.876588344573975
481,final,pp,-6.489842891693115
482,final,pp,-5.139595985412598
483,final,pp,-5.974098205566406
484,final,pp,-5.480418682098389
485,final,pp,-5.642096042633057
486,final,pp,-5.068376064300537
487,final,pp,-5.413246154785156
488,final,pp,-5.280595779418945
489,final,pp,-4.812751293182373
490,final,pp,-5.871030330657959
491,final,pp,-5.0652031898498535
492,final,pp,-4.897876262664795
493,final,do,-8.518902778625488
494,final,do,-8.75404167175293
495,final,do,-7.330554962158203
496,final,do,-5.723687171936035
497,final,do,-6.786396026611328
498,final,do,-4.8169779777526855
499,final,do,-7.860300540924072
500,final,do,-5.943782329559326
501,final,do,-6.117007732391357
502,final,do,-5.166589260101318
503,final,do,-8.071187973022461
504,final,do,-6.2833781242370605
505,final,do,-5.589404582977295
506,final,do,-7.503520965576172
507,final,do,-7.91772985458374
508,final,do,-7.609210014343262
509,final,do,-6.597421169281006
510,final,do,-8.219847679138184
511,final,do,-5.658112049102783
512,final,do,-8.433279037475586
513,final,do,-8.095254898071289
514,final,do,-6.006660461425781
515,final,do,-6.170220851898193
516,final,do,-6.814550876617432
517,final,do,-7.05981969833374
518,final,do,-7.599709987640381
519,final,do,-7.091561794281006
520,final,do,-5.878481388092041
521,final,do,-6.128554344177246
522,final,do,-6.137281894683838
523,final,do,-7.640487194061279
524,final,do,-5.431875705718994
525,final,do,-8.20031452178955
526,final,do,-7.768052577972412
527,final,do,-6.065587520599365
528,final,do,-7.4312615394592285
529,final,do,-7.4312615394592285
530,final,do,-7.471197605133057
531,final,do,-6.559272766113281
532,final,do,-6.278750896453857
533,final,do,-7.853355407714844
534,final,do,-8.050158500671387
535,final,do,-5.332515239715576
536,final,pp,-8.12183952331543
537,final,pp,-7.136429786682129
538,final,pp,-5.345062255859375
539,final,pp,-4.75216817855835
540,final,pp,-6.41424560546875
541,final,pp,-4.13362455368042
542,final,pp,-6.062870025634766
543,final,pp,-4.422607421875
544,final,pp,-5.180763244628906
545,final,pp,-4.012615203857422
546,final,pp,-6.703493595123291
547,final,pp,-5.482246398925781
548,final,pp,-4.182191371917725
549,final,pp,-6.421633720397949
550,final,pp,-6.620619297027588
551,final,pp,-5.191869258880615
552,final,pp,-4.7881951332092285
553,final,pp,-7.503530502319336
554,final,pp,-5.002599239349365
555,final,pp,-6.5334792137146
556,final,do,-5.931310653686523
557,final,do,-5.86799430847168
558,final,do,-8.356145858764648
559,final,do,-6.014559268951416
560,final,do,-6.45828914642334
561,final,do,-6.456634521484375
562,final,do,-7.844374656677246
563,final,do,-7.24733829498291
564,final,do,-5.86799430847168
565,final,do,-6.907181739807129
566,final,do,-5.12612771987915
567,final,do,-5.745339870452881
568,final,do,-7.9722113609313965
569,final,do,-8.312787055969238
570,final,do,-5.500147342681885
571,final,do,-6.0630202293396
572,final,do,-5.889869689941406
573,final,do,-7.807641506195068
574,final,do,-7.807641506195068
575,final,do,-6.004533290863037
576,final,do,-6.140420436859131
577,final,do,-6.293597221374512
578,final,do,-5.889869689941406
579,final,do,-6.951530456542969
580,final,do,-5.5443196296691895
581,final,do,-7.9722113609313965
582,final,do,-6.7679853439331055
583,final,do,-5.297184467315674
584,final,do,-5.01936674118042
585,final,do,-6.54947566986084
586,final,do,-5.670386791229248
587,final,do,-5.754733562469482
588,final,do,-5.297184467315674
589,final,do,-5.065317153930664
590,final,do,-6.6166534423828125
591,final,do,-6.161807060241699
592,final,do,-6.516879081726074
593,final,do,-6.161807060241699
594,final,do,-7.719891548156738
595,final,do,-8.356145858764648
596,final,do,-7.43768310546875
597,final,do,-7.9722113609313965
598,final,do,-6.907181739807129
599,final,pp,-5.620320796966553
600,final,pp,-5.15116548538208
601,final,pp,-8.017671585083008
602,final,pp,-6.134054660797119
603,final,pp,-5.7798919677734375
604,final,pp,-5.733460426330566
605,final,pp,-6.916486740112305
606,final,pp,-6.150587558746338
607,final,pp,-5.15116548538208
608,final,pp,-6.083445072174072
609,final,pp,-4.531402587890625
610,final,pp,-5.006280422210693
611,final,pp,-7.301702976226807
612,final,pp,-6.997727394104004
613,final,pp,-4.905947685241699
614,final,pp,-5.386019229888916
615,final,pp,-4.880878925323486
616,final,pp,-6.760560989379883
617,final,pp,-6.760560989379883
618,final,pp,-6.2092461585998535
619,final,do,-6.825442790985107
620,final,do,-5.481243133544922
621,final,do,-5.771091938018799
622,final,do,-5.770949363708496
623,final,do,-5.914702892303467
624,final,do,-5.713233947753906
625,final,do,-6.747203826904297
626,final,do,-7.214568138122559
627,final,do,-5.86055326461792
628,final,do,-7.580197811126709
629,final,do,-5.747770309448242
630,final,do,-4.8550896644592285
631,final,do,-5.346441745758057
632,final,do,-6.02667760848999
633,final,do,-5.2822794914245605
634,final,do,-6.3438801765441895
635,final,do,-5.275081634521484
636,final,do,-6.070068359375
637,final,do,-5.346441745758057
638,final,do,-7.207491874694824
639,final,do,-6.13260555267334
640,final,do,-6.245764255523682
641,final,do,-5.739841461181641
642,final,do,-7.641979694366455
643,final,do,-6.367838382720947
644,final,do,-4.436222076416016
645,final,do,-6.413147449493408
646,final,do,-6.225459575653076
647,final,do,-6.41672945022583
648,final,do,-5.686264991760254
649,final,do,-6.255730628967285
650,final,do,-7.650050163269043
651,final,do,-6.569383144378662
652,final,do,-6.7057671546936035
653,final,do,-7.596831321716309
654,final,do,-5.623386383056641
655,final,do,-8.002005577087402
656,final,do,-6.3080549240112305
657,final,do,-8.190433502197266
658,final,do,-5.346442222595215
659,final,do,-7.476010799407959
660,final,do,-6.027760028839111
661,final,do,-6.297929763793945
662,final,pp,-6.1988067626953125
663,final,pp,-4.888513565063477
664,final,pp,-5.525782108306885
665,final,pp,-5.326626300811768
666,final,pp,-4.871751308441162
667,final,pp,-4.721954345703125
668,final,pp,-6.143801689147949
669,final,pp,-6.8354902267456055
670,final,pp,-4.966191291809082
671,final,pp,-6.296138763427734
672,final,pp,-5.08217716217041
673,final,pp,-4.374134540557861
674,final,pp,-4.574587821960449
675,final,pp,-5.76964807510376
676,final,pp,-4.576113700866699
677,final,pp,-5.32496976852417
678,final,pp,-5.09812068939209
679,final,pp,-5.910026550292969
680,final,pp,-4.574587821960449
681,final,pp,-6.467188358306885
682,final,do,-6.621878147125244
683,final,do,-8.349968910217285
684,final,do,-5.732078552246094
685,final,do,-5.965821266174316
686,final,do,-6.327253341674805
687,final,do,-6.02737283706665
688,final,do,-8.065467834472656
689,final,do,-8.52856731414795
690,final,do,-8.273392677307129
691,final,do,-7.878679275512695
692,final,do,-8.397422790527344
693,final,do,-7.362611293792725
694,final,do,-8.269862174987793
695,final,do,-7.404344081878662
696,final,do,-8.912145614624023
697,final,do,-6.089213848114014
698,final,do,-5.329132556915283
699,final,do,-7.244743347167969
700,final,do,-6.8004326820373535
701,final,do,-6.241629123687744
702,final,do,-7.01580286026001
703,final,do,-5.615040302276611
704,final,do,-6.719936370849609
705,final,do,-5.996358394622803
706,final,do,-6.127391815185547
707,final,do,-6.396228790283203
708,final,do,-5.646331310272217
709,final,do,-5.88160514831543
710,final,do,-7.603116512298584
711,final,do,-6.731505870819092
712,final,do,-7.038716793060303
713,final,do,-6.3608527183532715
714,final,do,-6.258833408355713
715,final,do,-6.787081241607666
716,final,do,-6.6762542724609375
717,final,do,-7.28180456161499
718,final,do,-6.04420280456543
719,final,do,-7.61539363861084
720,final,do,-5.858849048614502
721,final,do,-5.90044641494751
722,final,do,-7.57653284072876
723,final,do,-6.198060989379883
724,final,do,-6.213633060455322
725,final,pp,-5.746382236480713
726,final,pp,-7.513505458831787
727,final,pp,-4.32956600189209
728,final,pp,-5.5282087326049805
729,final,pp,-5.0749430656433105
730,final,pp,-5.3845319747924805
731,final,pp,-7.95663595199585
732,final,pp,-6.095067501068115
733,final,pp,-7.42377233505249
734,final,pp,-6.990541934967041
735,final,pp,-7.644965171813965
736,final,pp,-5.827663421630859
737,final,pp,-6.948505878448486
738,final,pp,-6.2852020263671875
739,final,pp,-6.6330742835998535
740,final,pp,-5.265552997589111
741,final,pp,-4.851630687713623
742,final,pp,-6.363780498504639
743,final,pp,-5.797776699066162
744,final,pp,-5.7285475730896
745,final,pp,-5.704803466796875
746,final,pp,-5.126794338226318
747,final,pp,-5.523538112640381
748,final,pp,-5.438897132873535
749,final,pp,-5.482329368591309
750,final,pp,-5.809535980224609
751,final,pp,-5.113958835601807
752,final,pp,-5.524780750274658
753,final,pp,-7.42283821105957
754,final,pp,-5.578733444213867
755,final,pp,-4.632333755493164
756,final,pp,-4.961545467376709
757,final,pp,-5.946405410766602
758,final,pp,-4.492510795593262
759,final,pp,-4.965918064117432
760,final,pp,-6.4178266525268555
761,final,pp,-6.6483154296875
762,final,pp,-6.4997711181640625
763,final,pp,-6.724743843078613
764,final,pp,-5.4053449630737305
765,final,pp,-4.883642673492432
766,final,pp,-4.2823591232299805
767,final,pp,-4.704074382781982
768,final,pp,-5.891749382019043
769,final,pp,-6.923243045806885
770,final,pp,-6.166014671325684
771,final,pp,-5.259195804595947
772,final,pp,-5.297264099121094
773,final,pp,-5.935150146484375
774,final,pp,-4.691957473754883
775,final,pp,-5.723140716552734
776,final,pp,-6.0661139488220215
777,final,pp,-5.761545658111572
778,final,pp,-6.163576602935791
779,final,pp,-6.516894817352295
780,final,pp,-5.999880313873291
781,final,pp,-5.852214813232422
782,final,pp,-5.580516338348389
783,final,pp,-4.75516939163208
784,final,pp,-6.732601642608643
785,final,do,-4.9651408195495605
786,final,do,-3.9506583213806152
787,final,do,-5.721589088439941
788,final,do,-5.302822113037109
789,final,do,-4.591536998748779
790,final,do,-4.4836201667785645
791,final,do,-6.5404276847839355
792,final,do,-4.426673889160156
793,final,do,-6.719711780548096
794,final,do,-5.922061443328857
795,final,do,-4.1027703285217285
796,final,do,-3.822936534881592
797,final,do,-6.077928066253662
798,final,do,-6.203114032745361
799,final,do,-4.023252010345459
800,final,do,-4.063177585601807
801,final,do,-5.810322284698486
802,final,do,-5.196065902709961
803,final,do,-6.3430914878845215
804,final,do,-7.0338921546936035
805,final,do,-5.8539347648620605
806,final,do,-3.812664031982422
807,final,do,-4.831366062164307
808,final,do,-7.200526714324951
809,final,do,-4.727773666381836
810,final,do,-4.715664386749268
811,final,do,-7.579628944396973
812,final,do,-4.807821750640869
813,final,do,-4.321661949157715
814,final,do,-5.463246822357178
815,final,do,-5.120436191558838
816,final,do,-5.39893913269043
817,final,do,-3.9735236167907715
818,final,do,-4.613229274749756
819,final,do,-5.400615215301514
820,final,do,-4.063177585601807
821,final,do,-5.861907005310059
822,final,do,-5.851946830749512
823,final,do,-4.372517108917236
824,final,do,-5.715724468231201
825,final,do,-5.5392866134643555
826,final,do,-4.67207670211792
827,final,do,-5.278092861175537
828,final,pp,-4.524717807769775
829,final,pp,-3.9775564670562744
830,final,pp,-5.573515892028809
831,final,pp,-5.139866352081299
832,final,pp,-4.312151908874512
833,final,pp,-4.491677284240723
834,final,pp,-6.46989107131958
835,final,pp,-4.272458553314209
836,final,pp,-6.2133564949035645
837,final,pp,-4.909355163574219
838,final,pp,-3.8331520557403564
839,final,pp,-3.7610092163085938
840,final,pp,-5.845089912414551
841,final,pp,-5.291472434997559
842,final,pp,-3.867194175720215
843,final,pp,-4.055173397064209
844,final,pp,-5.427664756774902
845,final,pp,-4.921682834625244
846,final,pp,-5.851921081542969
847,final,pp,-6.120547771453857
848,final,do,-5.311522483825684
849,final,do,-4.746883869171143
850,final,do,-5.378546714782715
851,final,do,-6.243846893310547
852,final,do,-4.376916408538818
853,final,do,-5.971827983856201
854,final,do,-7.776543617248535
855,final,do,-6.412909984588623
856,final,do,-5.387565612792969
857,final,do,-4.545666694641113
858,final,do,-6.685790538787842
859,final,do,-6.627715587615967
860,final,do,-5.164653301239014
861,final,do,-4.611438274383545
862,final,do,-4.913987159729004
863,final,do,-4.954484939575195
864,final,do,-4.253712177276611
865,final,do,-6.636870384216309
866,final,do,-4.650644302368164
867,final,do,-4.326179027557373
868,final,do,-5.860806941986084
869,final,do,-4.707789421081543
870,final,do,-6.0610527992248535
871,final,do,-4.505859375
872,final,do,-4.639235019683838
873,final,do,-5.112708568572998
874,final,do,-5.3875651359558105
875,final,do,-5.298669815063477
876,final,do,-4.751502990722656
877,final,do,-5.211417198181152
878,final,do,-5.299458980560303
879,final,do,-4.902093887329102
880,final,do,-6.638477802276611
881,final,do,-6.428975582122803
882,final,do,-4.838013172149658
883,final,do,-6.886269569396973
884,final,do,-5.311522960662842
885,final,do,-5.167228698730469
886,final,do,-5.5519609451293945
887,final,do,-7.279106140136719
888,final,do,-5.768361568450928
889,final,do,-5.847270488739014
890,final,do,-4.415721416473389
891,final,pp,-5.023626327514648
892,final,pp,-4.5691237449646
893,final,pp,-4.993535041809082
894,final,pp,-5.778420448303223
895,final,pp,-4.309548377990723
896,final,pp,-5.636989593505859
897,final,pp,-7.227984428405762
898,final,pp,-6.2077412605285645
899,final,pp,-5.206533432006836
900,final,pp,-4.302495002746582
901,final,pp,-6.243943214416504
902,final,pp,-6.413269519805908
903,final,pp,-5.002620697021484
904,final,pp,-4.516860008239746
905,final,pp,-4.65600061416626
906,final,pp,-4.6533966064453125
907,final,pp,-4.271969318389893
908,final,pp,-6.048344135284424
909,final,pp,-4.382379055023193
910,final,pp,-4.276881217956543
911,final,do,-6.040112018585205
912,final,do,-5.624079704284668
913,final,do,-5.193086624145508
914,final,do,-5.327013969421387
915,final,do,-5.376823425292969
916,final,do,-5.196934223175049
917,final,do,-5.879095077514648
918,final,do,-5.796517372131348
919,final,do,-4.874512672424316
920,final,do,-5.77688455581665
921,final,do,-5.345989227294922
922,final,do,-5.331385612487793
923,final,do,-6.404360771179199
924,final,do,-5.147278785705566
925,final,do,-5.007442951202393
926,final,do,-6.343990802764893
927,final,do,-5.319177627563477
928,final,do,-5.787874221801758
929,final,do,-6.426276206970215
930,final,do,-4.564662456512451
931,final,do,-5.1969380378723145
932,final,do,-5.688833713531494
933,final,do,-5.919452667236328
934,final,do,-5.132105827331543
935,final,do,-4.567450046539307
936,final,do,-4.921696662902832
937,final,do,-4.073580265045166
938,final,do,-4.756497383117676
939,final,do,-5.821332931518555
940,final,do,-4.714100360870361
941,final,do,-5.230120658874512
942,final,do,-5.8689284324646
943,final,do,-4.921018600463867
944,final,do,-5.2347588539123535
945,final,do,-4.883307456970215
946,final,do,-6.255739212036133
947,final,do,-5.132748126983643
948,final,do,-4.5606303215026855
949,final,do,-5.776884078979492
950,final,do,-5.605834007263184
951,final,do,-5.737281799316406
952,final,do,-4.688516616821289
953,final,do,-5.116010665893555
954,final,pp,-5.9054765701293945
955,final,pp,-5.1672468185424805
956,final,pp,-5.171374320983887
957,final,pp,-4.9621052742004395
958,final,pp,-5.14204740524292
959,final,pp,-4.931077480316162
960,final,pp,-5.621519565582275
961,final,pp,-5.711759567260742
962,final,pp,-4.684756278991699
963,final,pp,-5.279512405395508
964,final,pp,-5.130516052246094
965,final,pp,-5.2058281898498535
966,final,pp,-6.155882835388184
967,final,pp,-5.264737129211426
968,final,pp,-4.815179824829102
969,final,pp,-6.058252811431885
970,final,pp,-5.430593013763428
971,final,pp,-5.503164768218994
972,final,pp,-6.108111381530762
973,final,pp,-4.310812950134277
974,final,do,-5.345330238342285
975,final,do,-4.696776390075684
976,final,do,-6.858531475067139
977,final,do,-5.144847393035889
978,final,do,-4.866528511047363
979,final,do,-4.609592437744141
980,final,do,-6.1401777267456055
981,final,do,-5.090729713439941
982,final,do,-7.1282477378845215
983,final,do,-4.272424697875977
984,final,do,-5.80473518371582
985,final,do,-5.614435195922852
986,final,do,-5.645753383636475
987,final,do,-5.522477626800537
988,final,do,-7.029056072235107
989,final,do,-6.652907371520996
990,final,do,-5.893054962158203
991,final,do,-5.373821258544922
992,final,do,-5.628183841705322
993,final,do,-6.008022785186768
994,final,do,-5.985136032104492
995,final,do,-6.43717098236084
996,final,do,-5.203457355499268
997,final,do,-4.766419410705566
998,final,do,-5.045629501342773
999,final,do,-7.16603946685791
1000,final,do,-4.123970985412598
1001,final,do,-6.44946813583374
1002,final,do,-5.691311359405518
1003,final,do,-6.008022785186768
1004,final,do,-5.575740337371826
1005,final,do,-4.973292350769043
1006,final,do,-5.513240337371826
1007,final,do,-5.4312334060668945
1008,final,do,-5.45063591003418
1009,final,do,-4.463099956512451
1010,final,do,-4.943507671356201
1011,final,do,-5.54099702835083
1012,final,do,-5.984914779663086
1013,final,do,-6.810611248016357
1014,final,do,-5.984914779663086
1015,final,do,-5.798408508300781
1016,final,do,-4.364224433898926
1017,final,pp,-4.699826240539551
1018,final,pp,-4.3475542068481445
1019,final,pp,-6.44242000579834
1020,final,pp,-5.249013900756836
1021,final,pp,-5.074262619018555
1022,final,pp,-4.236882209777832
1023,final,pp,-6.0136823654174805
1024,final,pp,-4.6941680908203125
1025,final,pp,-6.063365459442139
1026,final,pp,-4.25051736831665
1027,final,pp,-5.81274938583374
1028,final,pp,-5.097720146179199
1029,final,pp,-5.289048194885254
1030,final,pp,-5.896973609924316
1031,final,pp,-7.125733852386475
1032,final,pp,-6.022086143493652
1033,final,pp,-5.567718982696533
1034,final,pp,-4.999473571777344
1035,final,pp,-5.368373870849609
1036,final,pp,-5.619760990142822
1037,final,pp,-5.533391952514648
1038,final,pp,-4.55171012878418
1039,final,pp,-5.234375
1040,final,pp,-5.387313365936279
1041,final,pp,-4.505289554595947
1042,final,pp,-5.232298374176025
1043,final,pp,-6.30270528793335
1044,final,pp,-4.1062397956848145
1045,final,pp,-7.104604721069336
1046,final,pp,-5.191452503204346
1047,final,pp,-6.032067775726318
1048,final,pp,-4.111286640167236
1049,final,pp,-5.006440162658691
1050,final,pp,-4.7514448165893555
1051,final,pp,-4.40227746963501
1052,final,pp,-5.207332134246826
1053,final,pp,-5.057337760925293
1054,final,pp,-4.693062782287598
1055,final,pp,-4.165037631988525
1056,final,pp,-4.85034704208374
1057,final,pp,-5.5931477546691895
1058,final,pp,-5.32729434967041
1059,final,pp,-5.068113803863525
1060,final,pp,-4.436218738555908
1061,final,pp,-4.630521774291992
1062,final,pp,-4.302978515625
1063,final,pp,-3.9146623611450195
1064,final,pp,-4.792793273925781
1065,final,pp,-6.596014022827148
1066,final,pp,-4.403228759765625
1067,final,pp,-6.253751754760742
1068,final,pp,-5.534311294555664
1069,final,pp,-4.654428005218506
1070,final,pp,-4.541377067565918
1071,final,pp,-5.0947651863098145
1072,final,pp,-4.44047737121582
1073,final,pp,-4.045618534088135
1074,final,pp,-4.179047107696533
1075,final,pp,-4.535928726196289
1076,final,pp,-5.608274459838867
1077,final,do,-5.306918621063232
1078,final,do,-5.427980899810791
1079,final,do,-5.196105003356934
1080,final,do,-6.24652624130249
1081,final,do,-4.105127811431885
1082,final,do,-4.93888521194458
1083,final,do,-5.597500324249268
1084,final,do,-4.5499420166015625
1085,final,do,-5.076379299163818
1086,final,do,-6.539748191833496
1087,final,do,-4.820547580718994
1088,final,do,-4.467185974121094
1089,final,do,-6.856346130371094
1090,final,do,-5.189899444580078
1091,final,do,-5.402042388916016
1092,final,do,-5.1548991203308105
1093,final,do,-6.0937371253967285
1094,final,do,-4.794100284576416
1095,final,do,-5.251036643981934
1096,final,do,-4.794296741485596
1097,final,do,-5.100627899169922
1098,final,do,-4.887734889984131
1099,final,do,-5.505589008331299
1100,final,do,-4.886941432952881
1101,final,do,-4.983058452606201
1102,final,do,-5.171474933624268
1103,final,do,-5.046377658843994
1104,final,do,-4.4261369705200195
1105,final,do,-5.710014820098877
1106,final,do,-4.448851108551025
1107,final,do,-4.887734889984131
1108,final,do,-6.725797176361084
1109,final,do,-4.127156734466553
1110,final,do,-5.686359405517578
1111,final,do,-7.611330986022949
1112,final,do,-6.1409454345703125
1113,final,do,-5.434199810028076
1114,final,do,-4.703200817108154
1115,final,do,-4.447208404541016
1116,final,do,-6.034510135650635
1117,final,do,-5.683390140533447
1118,final,do,-6.382801532745361
1119,final,do,-4.389028072357178
1120,final,pp,-4.864064693450928
1121,final,pp,-4.901318073272705
1122,final,pp,-4.83959436416626
1123,final,pp,-4.667130470275879
1124,final,pp,-3.5395524501800537
1125,final,pp,-4.707685947418213
1126,final,pp,-4.88613224029541
1127,final,pp,-4.145428657531738
1128,final,pp,-3.6829426288604736
1129,final,pp,-5.742178916931152
1130,final,pp,-4.058253765106201
1131,final,pp,-3.5266010761260986
1132,final,pp,-6.107849597930908
1133,final,pp,-4.419254302978516
1134,final,pp,-4.5802154541015625
1135,final,pp,-4.834355354309082
1136,final,pp,-5.269975185394287
1137,final,pp,-3.7230427265167236
1138,final,pp,-4.982965469360352
1139,final,pp,-4.382052421569824
1140,final,do,-5.211814880371094
1141,final,do,-5.293830871582031
1142,final,do,-4.884906768798828
1143,final,do,-5.443188190460205
1144,final,do,-5.7128376960754395
1145,final,do,-4.874345302581787
1146,final,do,-5.211814880371094
1147,final,do,-6.961894989013672
1148,final,do,-5.597167491912842
1149,final,do,-6.602972984313965
1150,final,do,-4.997199535369873
1151,final,do,-6.7792840003967285
1152,final,do,-5.243038177490234
1153,final,do,-5.479428768157959
1154,final,do,-4.884437561035156
1155,final,do,-4.522830486297607
1156,final,do,-7.089028835296631
1157,final,do,-5.242885589599609
1158,final,do,-5.469006061553955
1159,final,do,-4.898299694061279
1160,final,do,-5.46760892868042
1161,final,do,-4.658449172973633
1162,final,do,-7.735110282897949
1163,final,do,-7.283405303955078
1164,final,do,-5.293830871582031
1165,final,do,-5.602703094482422
1166,final,do,-5.176372051239014
1167,final,do,-6.756270885467529
1168,final,do,-5.079919815063477
1169,final,do,-7.062636375427246
1170,final,do,-5.456121921539307
1171,final,do,-4.80005407333374
1172,final,do,-7.089028835296631
1173,final,do,-5.311166286468506
1174,final,do,-5.0589728355407715
1175,final,do,-5.0589728355407715
1176,final,do,-5.553900241851807
1177,final,do,-5.5617804527282715
1178,final,do,-4.5412797927856445
1179,final,do,-4.522830486297607
1180,final,do,-7.735110282897949
1181,final,do,-6.044055461883545
1182,final,do,-6.756270885467529
1183,final,pp,-5.155537128448486
1184,final,pp,-5.133554935455322
1185,final,pp,-4.219371318817139
1186,final,pp,-4.723957061767578
1187,final,pp,-5.415224552154541
1188,final,pp,-4.505975246429443
1189,final,pp,-5.155536651611328
1190,final,pp,-6.485917091369629
1191,final,pp,-4.8929548263549805
1192,final,pp,-6.087421417236328
1193,final,pp,-4.728954792022705
1194,final,pp,-6.375411033630371
1195,final,pp,-4.844719409942627
1196,final,pp,-5.210534572601318
1197,final,pp,-4.484492301940918
1198,final,pp,-4.249629497528076
1199,final,pp,-6.485024452209473
1200,final,pp,-4.832361221313477
1201,final,pp,-5.373562335968018
1202,final,pp,-4.5048933029174805
1203,final,do,-5.464369297027588
1204,final,do,-4.335911750793457
1205,final,do,-5.52871036529541
1206,final,do,-5.087327003479004
1207,final,do,-6.588582515716553
1208,final,do,-7.038496494293213
1209,final,do,-6.083881378173828
1210,final,do,-6.260274887084961
1211,final,do,-4.478572845458984
1212,final,do,-7.029366493225098
1213,final,do,-5.05628776550293
1214,final,do,-4.679063320159912
1215,final,do,-4.5813140869140625
1216,final,do,-4.662031650543213
1217,final,do,-5.28756046295166
1218,final,do,-4.477736473083496
1219,final,do,-5.389666557312012
1220,final,do,-5.264279842376709
1221,final,do,-5.180010795593262
1222,final,do,-4.989832401275635
1223,final,do,-6.935223579406738
1224,final,do,-5.750555038452148
1225,final,do,-6.660944938659668
1226,final,do,-5.304697513580322
1227,final,do,-5.476993560791016
1228,final,do,-5.6570515632629395
1229,final,do,-5.058740615844727
1230,final,do,-5.491359710693359
1231,final,do,-5.638724327087402
1232,final,do,-6.044317722320557
1233,final,do,-5.229846954345703
1234,final,do,-5.33174991607666
1235,final,do,-7.084558010101318
1236,final,do,-5.317710876464844
1237,final,do,-5.400640487670898
1238,final,do,-4.924172401428223
1239,final,do,-4.563636779785156
1240,final,do,-5.1448469161987305
1241,final,do,-5.332296371459961
1242,final,do,-4.625293731689453
1243,final,do,-4.453981876373291
1244,final,do,-6.58005952835083
1245,final,do,-4.946207523345947
1246,final,pp,-5.261563301086426
1247,final,pp,-4.085128307342529
1248,final,pp,-4.848348617553711
1249,final,pp,-4.513441562652588
1250,final,pp,-5.854939937591553
1251,final,pp,-6.462283134460449
1252,final,pp,-5.54003381729126
1253,final,pp,-6.030070781707764
1254,final,pp,-3.9754512310028076
1255,final,pp,-6.659118175506592
1256,final,pp,-4.936657428741455
1257,final,pp,-4.796206474304199
1258,final,pp,-4.5224199295043945
1259,final,pp,-4.640473365783691
1260,final,pp,-4.488540172576904
1261,final,pp,-4.0909881591796875
1262,final,pp,-5.131307125091553
1263,final,pp,-5.009775638580322
1264,final,pp,-4.941494464874268
1265,final,pp,-4.6063385009765625
1266,final,do,-5.034886360168457
1267,final,do,-5.3711748123168945
1268,final,do,-5.815822124481201
1269,final,do,-5.522215366363525
1270,final,do,-5.608717918395996
1271,final,do,-5.488453388214111
1272,final,do,-7.218730926513672
1273,final,do,-6.913741588592529
1274,final,do,-5.351985454559326
1275,final,do,-5.870281219482422
1276,final,do,-5.807964324951172
1277,final,do,-5.00899600982666
1278,final,do,-6.406078338623047
1279,final,do,-6.879202365875244
1280,final,do,-5.583513259887695
1281,final,do,-7.3009033203125
1282,final,do,-6.212497711181641
1283,final,do,-5.973146915435791
1284,final,do,-5.905937194824219
1285,final,do,-5.8682332038879395
1286,final,do,-7.480887413024902
1287,final,do,-5.063042163848877
1288,final,do,-5.710475444793701
1289,final,do,-5.921036243438721
1290,final,do,-5.613440990447998
1291,final,do,-5.884479522705078
1292,final,do,-6.189794540405273
1293,final,do,-5.515626430511475
1294,final,do,-5.486244201660156
1295,final,do,-5.612818241119385
1296,final,do,-4.949457168579102
1297,final,do,-5.156326770782471
1298,final,do,-5.572399139404297
1299,final,do,-4.909971237182617
1300,final,do,-5.2471022605896
1301,final,do,-6.4164958000183105
1302,final,do,-5.482728958129883
1303,final,do,-7.6914167404174805
1304,final,do,-5.3546977043151855
1305,final,do,-7.930211544036865
1306,final,do,-7.217474460601807
1307,final,do,-7.510455131530762
1308,final,do,-5.3864874839782715
1309,final,pp,-3.9558486938476562
1310,final,pp,-4.4214768409729
1311,final,pp,-4.876372814178467
1312,final,pp,-3.927710771560669
1313,final,pp,-5.0070648193359375
1314,final,pp,-4.739220142364502
1315,final,pp,-6.405585289001465
1316,final,pp,-6.487277507781982
1317,final,pp,-4.557801723480225
1318,final,pp,-5.582377910614014
1319,final,pp,-5.438986301422119
1320,final,pp,-4.215025901794434
1321,final,pp,-5.766609191894531
1322,final,pp,-5.597182273864746
1323,final,pp,-5.106167793273926
1324,final,pp,-6.027227878570557
1325,final,pp,-4.5690693855285645
1326,final,pp,-5.939464092254639
1327,final,pp,-5.016879081726074
1328,final,pp,-5.185096263885498
1329,final,pp,-5.5386481285095215
1330,final,pp,-3.890493631362915
1331,final,pp,-5.139909744262695
1332,final,pp,-5.02406120300293
1333,final,pp,-5.345271587371826
1334,final,pp,-4.180030345916748
1335,final,pp,-4.685141086578369
1336,final,pp,-6.380631923675537
1337,final,pp,-4.812087535858154
1338,final,pp,-5.356842041015625
1339,final,pp,-5.055952072143555
1340,final,pp,-4.777335166931152
1341,final,pp,-4.554298400878906
1342,final,pp,-5.543980121612549
1343,final,pp,-5.49165678024292
1344,final,pp,-5.81662130355835
1345,final,pp,-5.130661964416504
1346,final,pp,-3.8014867305755615
1347,final,pp,-5.8865838050842285
1348,final,pp,-5.136597156524658
1349,final,pp,-4.112229824066162
1350,final,pp,-4.673985004425049
1351,final,pp,-5.841362953186035
1352,final,pp,-4.301612854003906
1353,final,pp,-4.182005882263184
1354,final,pp,-3.436169147491455
1355,final,pp,-3.625812530517578
1356,final,pp,-4.7750244140625
1357,final,pp,-6.007928848266602
1358,final,pp,-4.306432723999023
1359,final,pp,-4.032064437866211
1360,final,pp,-5.082364082336426
1361,final,pp,-6.3958821296691895
1362,final,pp,-5.2434282302856445
1363,final,pp,-4.395285606384277
1364,final,pp,-4.961757659912109
1365,final,pp,-5.052521228790283
1366,final,pp,-4.576953411102295
1367,final,pp,-4.693301677703857
1368,final,pp,-4.586714267730713
1,best,pp,-4.806186676025391
2,best,pp,-4.910484313964844
3,best,pp,-4.290134906768799
4,best,pp,-4.538991928100586
5,best,pp,-4.59100866317749
6,best,pp,-4.333074569702148
7,best,pp,-4.144230365753174
8,best,pp,-3.1949939727783203
9,best,pp,-3.2722504138946533
10,best,pp,-3.4969398975372314
11,best,pp,-6.536904335021973
12,best,pp,-3.7316744327545166
13,best,pp,-4.202020168304443
14,best,pp,-3.521373748779297
15,best,pp,-4.751220703125
16,best,pp,-3.1949939727783203
17,best,pp,-4.498332977294922
18,best,pp,-3.736492156982422
19,best,pp,-6.105557918548584
20,best,pp,-4.202652454376221
21,best,pp,-4.584409236907959
22,best,pp,-7.152227878570557
23,best,pp,-4.882226467132568
24,best,pp,-5.59248161315918
25,best,pp,-5.395748138427734
26,best,pp,-5.518190860748291
27,best,pp,-5.147894382476807
28,best,pp,-5.118894100189209
29,best,pp,-6.124809265136719
30,best,pp,-5.229419231414795
31,best,pp,-5.055059909820557
32,best,pp,-5.59248161315918
33,best,pp,-5.242950439453125
34,best,pp,-6.18982458114624
35,best,pp,-4.450010299682617
36,best,pp,-4.463609218597412
37,best,pp,-6.124807834625244
38,best,pp,-4.412633419036865
39,best,pp,-6.715981960296631
40,best,pp,-5.8792877197265625
41,best,pp,-4.525887489318848
42,best,pp,-4.863015651702881
43,best,pp,-4.293429374694824
44,best,pp,-4.957855224609375
45,best,pp,-6.2389726638793945
46,best,pp,-4.614510536193848
47,best,pp,-5.532201766967773
48,best,pp,-4.594931602478027
49,best,pp,-4.471358776092529
50,best,pp,-4.668050765991211
51,best,pp,-4.678979396820068
52,best,pp,-4.46680212020874
53,best,pp,-4.71876335144043
54,best,pp,-4.56093168258667
55,best,pp,-4.7268829345703125
56,best,pp,-3.8321075439453125
57,best,pp,-4.379544734954834
58,best,pp,-4.713283538818359
59,best,pp,-4.65112829208374
60,best,pp,-4.524024963378906
61,best,pp,-4.256234645843506
62,best,pp,-5.810688018798828
63,best,pp,-6.309759140014648
64,best,pp,-4.819470405578613
65,best,pp,-7.278409957885742
66,best,pp,-5.878061771392822
67,best,pp,-4.500070571899414
68,best,pp,-6.4655585289001465
69,best,pp,-5.199851989746094
70,best,pp,-5.219795227050781
71,best,pp,-3.9346325397491455
72,best,pp,-5.007100582122803
73,best,pp,-4.579685211181641
74,best,pp,-5.96906042098999
75,best,pp,-4.1420063972473145
76,best,pp,-3.720118284225464
77,best,pp,-6.613644123077393
78,best,pp,-4.495856761932373
79,best,pp,-4.014920711517334
80,best,pp,-5.560609340667725
81,best,pp,-4.96787166595459
82,best,pp,-4.172721862792969
83,best,pp,-4.986258506774902
84,best,pp,-4.184668064117432
85,best,pp,-4.172721862792969
86,best,pp,-4.2628021240234375
87,best,pp,-4.619259834289551
88,best,pp,-3.9548981189727783
89,best,pp,-5.586212635040283
90,best,pp,-3.870471954345703
91,best,pp,-4.109627723693848
92,best,pp,-5.349210262298584
93,best,pp,-4.8528852462768555
94,best,pp,-4.686406135559082
95,best,pp,-4.577383995056152
96,best,pp,-4.215856075286865
97,best,pp,-5.717211723327637
98,best,pp,-5.030914306640625
99,best,pp,-6.695069789886475
100,best,pp,-5.951968193054199
101,best,pp,-6.563532829284668
102,best,pp,-5.543440818786621
103,best,pp,-4.331017971038818
104,best,pp,-4.368378162384033
105,best,pp,-5.741911888122559
106,best,pp,-4.742303371429443
107,best,pp,-4.131707668304443
108,best,pp,-4.72226095199585
109,best,pp,-4.7765984535217285
110,best,pp,-4.899270057678223
111,best,pp,-4.507554054260254
112,best,pp,-4.438158988952637
113,best,pp,-4.41061544418335
114,best,pp,-6.586088180541992
115,best,pp,-4.520087242126465
116,best,pp,-4.1792707443237305
117,best,pp,-4.765677452087402
118,best,pp,-6.5316667556762695
119,best,pp,-4.5621514320373535
120,best,pp,-4.76491117477417
121,best,pp,-3.5512189865112305
122,best,pp,-4.587123394012451
123,best,pp,-6.716279983520508
124,best,pp,-5.797059535980225
125,best,pp,-3.853973388671875
126,best,pp,-5.032055377960205
127,best,pp,-3.263495445251465
128,best,pp,-5.621723175048828
129,best,pp,-3.4783942699432373
130,best,pp,-3.601372718811035
131,best,pp,-3.4783942699432373
132,best,pp,-4.587123870849609
133,best,pp,-4.630411624908447
134,best,pp,-3.093773603439331
135,best,pp,-4.587123870849609
136,best,pp,-5.0320563316345215
137,best,pp,-4.207709789276123
138,best,pp,-3.246919631958008
139,best,pp,-5.344079494476318
140,best,pp,-3.716294050216675
141,best,pp,-5.326207637786865
142,best,pp,-4.501925468444824
143,best,pp,-4.381608963012695
144,best,pp,-4.657035827636719
145,best,pp,-3.8700368404388428
146,best,pp,-4.136808395385742
147,best,pp,-4.397982120513916
148,best,pp,-5.155656814575195
149,best,pp,-5.72252082824707
150,best,pp,-4.199886322021484
151,best,pp,-4.957399368286133
152,best,pp,-4.5002312660217285
153,best,pp,-4.125350475311279
154,best,pp,-4.454589366912842
155,best,pp,-4.257014274597168
156,best,pp,-6.341569423675537
157,best,pp,-4.8180155754089355
158,best,pp,-4.548598289489746
159,best,pp,-5.557860851287842
160,best,pp,-4.793151378631592
161,best,pp,-4.887963771820068
162,best,pp,-4.643363952636719
163,best,pp,-3.911510467529297
164,best,pp,-3.5103416442871094
165,best,pp,-3.449925184249878
166,best,pp,-3.4308595657348633
167,best,pp,-7.067258834838867
168,best,pp,-5.054537773132324
169,best,pp,-4.6630353927612305
170,best,pp,-4.900137901306152
171,best,pp,-3.911510467529297
172,best,pp,-3.772106885910034
173,best,pp,-4.119479179382324
174,best,pp,-5.651407241821289
175,best,pp,-4.529848575592041
176,best,pp,-3.449925184249878
177,best,pp,-5.898190975189209
178,best,pp,-5.34773588180542
179,best,pp,-4.2458696365356445
180,best,pp,-5.209061145782471
181,best,pp,-4.40253210067749
182,best,pp,-5.15329647064209
183,best,pp,-5.385529041290283
184,best,pp,-5.287436485290527
185,best,pp,-4.645030498504639
186,best,pp,-4.202455520629883
187,best,pp,-4.125060558319092
188,best,pp,-4.915670394897461
189,best,pp,-4.767209529876709
190,best,pp,-4.4541168212890625
191,best,pp,-5.042651176452637
192,best,pp,-4.205789089202881
193,best,pp,-4.815814018249512
194,best,pp,-4.029477596282959
195,best,pp,-4.28232479095459
196,best,pp,-3.9288010597229004
197,best,pp,-4.459305286407471
198,best,pp,-5.270797252655029
199,best,pp,-6.085233688354492
200,best,pp,-5.085245132446289
201,best,pp,-4.433236598968506
202,best,pp,-3.429527759552002
203,best,pp,-5.036768436431885
204,best,pp,-4.639188289642334
205,best,pp,-5.230330944061279
206,best,pp,-4.318135738372803
207,best,pp,-4.610924243927002
208,best,pp,-4.452116012573242
209,best,pp,-4.347264766693115
210,best,pp,-4.0083112716674805
211,best,pp,-4.26063346862793
212,best,pp,-6.584572792053223
213,best,pp,-4.032854080200195
214,best,pp,-5.7813825607299805
215,best,pp,-6.064229965209961
216,best,pp,-4.1879191398620605
217,best,pp,-5.498351097106934
218,best,pp,-4.108907222747803
219,best,pp,-3.995645761489868
220,best,pp,-4.226537227630615
221,best,do,-5.907322406768799
222,best,do,-5.055751323699951
223,best,do,-5.130565166473389
224,best,do,-4.327439308166504
225,best,do,-5.63135290145874
226,best,do,-5.141421794891357
227,best,do,-6.026071071624756
228,best,do,-6.430834770202637
229,best,do,-6.966322898864746
230,best,do,-5.577024936676025
231,best,do,-5.720650672912598
232,best,do,-5.910213947296143
233,best,do,-5.290668964385986
234,best,do,-6.430834770202637
235,best,do,-4.29188346862793
236,best,do,-4.92075252532959
237,best,do,-5.509653568267822
238,best,do,-5.120206356048584
239,best,do,-5.544696807861328
240,best,do,-6.762100696563721
241,best,do,-5.290668964385986
242,best,do,-5.318477630615234
243,best,do,-6.045905590057373
244,best,do,-5.120206356048584
245,best,do,-6.400561332702637
246,best,do,-5.096366882324219
247,best,do,-5.4346537590026855
248,best,do,-5.356864929199219
249,best,do,-5.279919624328613
250,best,do,-4.401181221008301
251,best,do,-5.729069232940674
252,best,do,-7.451564311981201
253,best,do,-6.3897223472595215
254,best,do,-5.32737398147583
255,best,do,-5.548885822296143
256,best,do,-5.3860955238342285
257,best,do,-7.551747798919678
258,best,do,-5.32737398147583
259,best,do,-4.9832563400268555
260,best,do,-5.729069232940674
261,best,do,-4.401181221008301
262,best,do,-5.085268497467041
263,best,do,-5.16604471206665
264,best,pp,-5.163393020629883
265,best,pp,-4.547780513763428
266,best,pp,-4.441019058227539
267,best,pp,-3.9138853549957275
268,best,pp,-4.313563823699951
269,best,pp,-4.2310028076171875
270,best,pp,-4.591997146606445
271,best,pp,-5.688544273376465
272,best,pp,-5.909581184387207
273,best,pp,-4.832963943481445
274,best,pp,-4.857763767242432
275,best,pp,-4.52351188659668
276,best,pp,-4.604443073272705
277,best,pp,-5.688544273376465
278,best,pp,-3.82749342918396
279,best,pp,-4.202635765075684
280,best,pp,-4.77679967880249
281,best,pp,-4.17911958694458
282,best,pp,-4.847299575805664
283,best,pp,-6.030416965484619
284,best,do,-5.397356986999512
285,best,do,-4.934251308441162
286,best,do,-6.697798252105713
287,best,do,-5.421060085296631
288,best,do,-5.607863426208496
289,best,do,-4.68955135345459
290,best,do,-5.8764801025390625
291,best,do,-5.672900676727295
292,best,do,-5.607863426208496
293,best,do,-5.474747657775879
294,best,do,-5.912336826324463
295,best,do,-5.184037208557129
296,best,do,-5.715585231781006
297,best,do,-6.082059383392334
298,best,do,-5.609645366668701
299,best,do,-5.569839000701904
300,best,do,-5.720675945281982
301,best,do,-4.803857803344727
302,best,do,-5.4797821044921875
303,best,do,-7.10671854019165
304,best,do,-4.974818229675293
305,best,do,-5.8764801025390625
306,best,do,-5.550932884216309
307,best,do,-4.864710807800293
308,best,do,-5.421060085296631
309,best,do,-5.946133613586426
310,best,do,-4.963346481323242
311,best,do,-5.86829137802124
312,best,do,-5.421060085296631
313,best,do,-6.705328464508057
314,best,do,-5.665910243988037
315,best,do,-5.594275951385498
316,best,do,-5.594884395599365
317,best,do,-6.285638332366943
318,best,do,-4.963346481323242
319,best,do,-4.803857803344727
320,best,do,-6.818248748779297
321,best,do,-5.87164831161499
322,best,do,-6.697798728942871
323,best,do,-6.0295867919921875
324,best,do,-6.811527252197266
325,best,do,-6.840133190155029
326,best,do,-7.398294925689697
327,best,pp,-4.92808198928833
328,best,pp,-4.548833847045898
329,best,pp,-6.069486618041992
330,best,pp,-4.751982688903809
331,best,pp,-4.923095703125
332,best,pp,-4.208125591278076
333,best,pp,-5.159170150756836
334,best,pp,-5.384799003601074
335,best,pp,-4.923095703125
336,best,pp,-4.886857986450195
337,best,pp,-5.11953067779541
338,best,pp,-4.611818790435791
339,best,pp,-4.877080917358398
340,best,pp,-5.391411304473877
341,best,pp,-4.996649742126465
342,best,pp,-4.951660633087158
343,best,pp,-5.063138008117676
344,best,pp,-4.647403240203857
345,best,pp,-4.835923194885254
346,best,pp,-6.533596515655518
347,best,do,-5.645742416381836
348,best,do,-4.574103832244873
349,best,do,-4.9669294357299805
350,best,do,-5.1618804931640625
351,best,do,-5.187844753265381
352,best,do,-4.697511196136475
353,best,do,-5.275678634643555
354,best,do,-4.853858947753906
355,best,do,-5.955104351043701
356,best,do,-5.6464972496032715
357,best,do,-5.17854118347168
358,best,do,-5.131223201751709
359,best,do,-6.617414474487305
360,best,do,-5.807783603668213
361,best,do,-5.106609344482422
362,best,do,-5.475396156311035
363,best,do,-4.943368911743164
364,best,do,-6.4098992347717285
365,best,do,-5.20112419128418
366,best,do,-5.005697727203369
367,best,do,-6.352209568023682
368,best,do,-5.923675060272217
369,best,do,-5.726035118103027
370,best,do,-4.212345600128174
371,best,do,-4.782717227935791
372,best,do,-5.754509449005127
373,best,do,-4.93271541595459
374,best,do,-5.231945514678955
375,best,do,-4.5451884269714355
376,best,do,-5.570215225219727
377,best,do,-6.292628765106201
378,best,do,-4.898326873779297
379,best,do,-5.0348968505859375
380,best,do,-4.743284225463867
381,best,do,-7.14713716506958
382,best,do,-5.025174140930176
383,best,do,-6.107949733734131
384,best,do,-4.782717227935791
385,best,do,-4.548678874969482
386,best,do,-4.93271541595459
387,best,do,-5.0642852783203125
388,best,do,-4.766561985015869
389,best,do,-7.001447677612305
390,best,pp,-5.158388137817383
391,best,pp,-4.3142523765563965
392,best,pp,-4.717625141143799
393,best,pp,-4.7348456382751465
394,best,pp,-4.591789245605469
395,best,pp,-4.49021053314209
396,best,pp,-5.135862827301025
397,best,pp,-4.5430121421813965
398,best,pp,-5.590865135192871
399,best,pp,-5.2902045249938965
400,best,pp,-4.999537944793701
401,best,pp,-4.98432731628418
402,best,pp,-6.338848114013672
403,best,pp,-5.683097839355469
404,best,pp,-4.74726676940918
405,best,pp,-4.839897155761719
406,best,pp,-4.785612106323242
407,best,pp,-5.818019866943359
408,best,pp,-5.049160957336426
409,best,pp,-4.680174827575684
410,best,do,-6.009302616119385
411,best,do,-5.410912036895752
412,best,do,-6.670901298522949
413,best,do,-6.1634745597839355
414,best,do,-7.263239860534668
415,best,do,-6.0773186683654785
416,best,do,-6.222713470458984
417,best,do,-7.392622470855713
418,best,do,-5.168664932250977
419,best,do,-6.503199577331543
420,best,do,-7.647339820861816
421,best,do,-6.363033771514893
422,best,do,-6.815701007843018
423,best,do,-6.626374244689941
424,best,do,-6.048864841461182
425,best,do,-6.168030738830566
426,best,do,-5.055902004241943
427,best,do,-6.161117076873779
428,best,do,-6.098381519317627
429,best,do,-7.5616774559021
430,best,do,-6.421174049377441
431,best,do,-7.45567512512207
432,best,do,-6.161117076873779
433,best,do,-5.792471885681152
434,best,do,-6.018891334533691
435,best,do,-6.143526554107666
436,best,do,-6.2890801429748535
437,best,do,-6.093215465545654
438,best,do,-6.346893310546875
439,best,do,-6.5628342628479
440,best,do,-6.73238468170166
441,best,do,-5.923988342285156
442,best,do,-6.727645397186279
443,best,do,-5.544893741607666
444,best,do,-5.171792507171631
445,best,do,-5.856149196624756
446,best,do,-6.168030738830566
447,best,do,-5.993686199188232
448,best,do,-6.022570610046387
449,best,do,-4.813024044036865
450,best,do,-5.633208274841309
451,best,do,-5.738251209259033
452,best,do,-5.907101154327393
453,best,pp,-5.463754653930664
454,best,pp,-4.474526405334473
455,best,pp,-5.555776596069336
456,best,pp,-5.73504638671875
457,best,pp,-6.947632789611816
458,best,pp,-5.5044708251953125
459,best,pp,-5.212230205535889
460,best,pp,-5.7498979568481445
461,best,pp,-4.748260021209717
462,best,pp,-5.353006362915039
463,best,pp,-7.426601409912109
464,best,pp,-6.015931129455566
465,best,pp,-5.188643455505371
466,best,pp,-5.77197265625
467,best,pp,-5.11741828918457
468,best,pp,-5.647544860839844
469,best,pp,-4.49570894241333
470,best,pp,-5.5456390380859375
471,best,pp,-5.524020671844482
472,best,pp,-6.355493068695068
473,best,pp,-5.052556991577148
474,best,pp,-5.604099750518799
475,best,pp,-5.110775470733643
476,best,pp,-5.129453659057617
477,best,pp,-4.48445987701416
478,best,pp,-5.811540603637695
479,best,pp,-4.965487480163574
480,best,pp,-6.819189071655273
481,best,pp,-6.352480888366699
482,best,pp,-5.036851406097412
483,best,pp,-5.956077575683594
484,best,pp,-5.373782634735107
485,best,pp,-5.55346155166626
486,best,pp,-5.000808238983154
487,best,pp,-5.312421798706055
488,best,pp,-5.18358850479126
489,best,pp,-4.75465726852417
490,best,pp,-5.739332675933838
491,best,pp,-5.032729625701904
492,best,pp,-4.813560485839844
493,best,do,-8.45691204071045
494,best,do,-8.678234100341797
495,best,do,-7.1986846923828125
496,best,do,-5.682178974151611
497,best,do,-6.689807891845703
498,best,do,-4.7521514892578125
499,best,do,-7.771906852722168
500,best,do,-5.870726585388184
501,best,do,-6.089160919189453
502,best,do,-5.091404914855957
503,best,do,-7.969330787658691
504,best,do,-6.267348766326904
505,best,do,-5.524807929992676
506,best,do,-7.406906604766846
507,best,do,-7.767752170562744
508,best,do,-7.425164222717285
509,best,do,-6.45221471786499
510,best,do,-8.172552108764648
511,best,do,-5.604038715362549
512,best,do,-8.348676681518555
513,best,do,-8.056047439575195
514,best,do,-5.940783977508545
515,best,do,-6.0687575340271
516,best,do,-6.710062503814697
517,best,do,-6.969520568847656
518,best,do,-7.464818000793457
519,best,do,-6.936415195465088
520,best,do,-5.813704013824463
521,best,do,-6.066767692565918
522,best,do,-6.049709320068359
523,best,do,-7.593743801116943
524,best,do,-5.361536026000977
525,best,do,-8.035722732543945
526,best,do,-7.678776741027832
527,best,do,-6.0616583824157715
528,best,do,-7.269582271575928
529,best,do,-7.269582271575928
530,best,do,-7.380927085876465
531,best,do,-6.486489295959473
532,best,do,-6.181170463562012
533,best,do,-7.704774379730225
534,best,do,-7.995883464813232
535,best,do,-5.331974029541016
536,best,pp,-8.06675910949707
537,best,pp,-7.069061279296875
538,best,pp,-5.201976776123047
539,best,pp,-4.706506252288818
540,best,pp,-6.345346450805664
541,best,pp,-4.060060024261475
542,best,pp,-6.014523029327393
543,best,pp,-4.357937812805176
544,best,pp,-5.1945624351501465
545,best,pp,-3.9320521354675293
546,best,pp,-6.631110668182373
547,best,pp,-5.502594947814941
548,best,pp,-4.094173431396484
549,best,pp,-6.3617401123046875
550,best,pp,-6.472323894500732
551,best,pp,-5.021999835968018
552,best,pp,-4.6741943359375
553,best,pp,-7.435020923614502
554,best,pp,-4.957228660583496
555,best,pp,-6.4716877937316895
556,best,do,-5.9162278175354
557,best,do,-5.789488315582275
558,best,do,-8.297414779663086
559,best,do,-5.929376602172852
560,best,do,-6.3714280128479
561,best,do,-6.357136249542236
562,best,do,-7.797607898712158
563,best,do,-7.161234378814697
564,best,do,-5.789488315582275
565,best,do,-6.820060729980469
566,best,do,-5.116349697113037
567,best,do,-5.7328314781188965
568,best,do,-7.9228620529174805
569,best,do,-8.244256973266602
570,best,do,-5.413257122039795
571,best,do,-6.005488395690918
572,best,do,-5.807526588439941
573,best,do,-7.702204704284668
574,best,do,-7.702204704284668
575,best,do,-5.925471305847168
576,best,do,-5.997955799102783
577,best,do,-6.176677703857422
578,best,do,-5.807526588439941
579,best,do,-6.801546573638916
580,best,do,-5.483585357666016
581,best,do,-7.9228620529174805
582,best,do,-6.692612648010254
583,best,do,-5.215934753417969
584,best,do,-4.971375942230225
585,best,do,-6.474453926086426
586,best,do,-5.5923285484313965
587,best,do,-5.665901184082031
588,best,do,-5.215934753417969
589,best,do,-5.009958744049072
590,best,do,-6.529088020324707
591,best,do,-6.039281368255615
592,best,do,-6.4391279220581055
593,best,do,-6.039281368255615
594,best,do,-7.605483055114746
595,best,do,-8.297414779663086
596,best,do,-7.266080379486084
597,best,do,-7.9228620529174805
598,best,do,-6.820060729980469
599,best,pp,-5.633000373840332
600,best,pp,-5.090080738067627
601,best,pp,-7.972187042236328
602,best,pp,-6.043825626373291
603,best,pp,-5.696502208709717
604,best,pp,-5.68798828125
605,best,pp,-6.861316680908203
606,best,pp,-6.069934844970703
607,best,pp,-5.090080738067627
608,best,pp,-6.030726909637451
609,best,pp,-4.577400207519531
610,best,pp,-5.0021491050720215
611,best,pp,-7.257233619689941
612,best,pp,-6.936580657958984
613,best,pp,-4.841089248657227
614,best,pp,-5.333261966705322
615,best,pp,-4.8249711990356445
616,best,pp,-6.67838716506958
617,best,pp,-6.67838716506958
618,best,pp,-6.139463424682617
619,best,do,-6.763981342315674
620,best,do,-5.440108299255371
621,best,do,-5.728053569793701
622,best,do,-5.76637601852417
623,best,do,-5.8510050773620605
624,best,do,-5.669971942901611
625,best,do,-6.731720924377441
626,best,do,-7.1399641036987305
627,best,do,-5.816991329193115
628,best,do,-7.517653942108154
629,best,do,-5.6854352951049805
630,best,do,-4.791590213775635
631,best,do,-5.275723457336426
632,best,do,-5.927778720855713
633,best,do,-5.217641830444336
634,best,do,-6.247946739196777
635,best,do,-5.228656768798828
636,best,do,-6.001978397369385
637,best,do,-5.275723457336426
638,best,do,-7.18198823928833
639,best,do,-6.082495212554932
640,best,do,-6.1751203536987305
641,best,do,-5.692955017089844
642,best,do,-7.543045520782471
643,best,do,-6.309718608856201
644,best,do,-4.430507183074951
645,best,do,-6.30924129486084
646,best,do,-6.179293155670166
647,best,do,-6.307312965393066
648,best,do,-5.651965618133545
649,best,do,-6.203091144561768
650,best,do,-7.56306791305542
651,best,do,-6.488615989685059
652,best,do,-6.618297576904297
653,best,do,-7.520594120025635
654,best,do,-5.6322021484375
655,best,do,-7.965551376342773
656,best,do,-6.237644195556641
657,best,do,-8.138054847717285
658,best,do,-5.275722980499268
659,best,do,-7.319891452789307
660,best,do,-5.982240200042725
661,best,do,-6.236519813537598
662,best,pp,-6.126522064208984
663,best,pp,-4.811944007873535
664,best,pp,-5.430593490600586
665,best,pp,-5.306811809539795
666,best,pp,-4.7997612953186035
667,best,pp,-4.651675224304199
668,best,pp,-6.11000919342041
669,best,pp,-6.754894256591797
670,best,pp,-4.896867752075195
671,best,pp,-6.22902774810791
672,best,pp,-4.958102703094482
673,best,pp,-4.3088059425354
674,best,pp,-4.521474361419678
675,best,pp,-5.635745525360107
676,best,pp,-4.495127201080322
677,best,pp,-5.202827453613281
678,best,pp,-5.014895915985107
679,best,pp,-5.812901496887207
680,best,pp,-4.521474361419678
681,best,pp,-6.430237293243408
682,best,do,-6.515903472900391
683,best,do,-8.205517768859863
684,best,do,-5.689228057861328
685,best,do,-5.952776908874512
686,best,do,-6.257784366607666
687,best,do,-6.08331298828125
688,best,do,-7.914135932922363
689,best,do,-8.38590145111084
690,best,do,-8.241595268249512
691,best,do,-7.771189212799072
692,best,do,-8.416021347045898
693,best,do,-7.392433166503906
694,best,do,-8.241464614868164
695,best,do,-7.4283881187438965
696,best,do,-8.808782577514648
697,best,do,-6.043918132781982
698,best,do,-5.254491329193115
699,best,do,-7.144723415374756
700,best,do,-6.571310520172119
701,best,do,-6.250235080718994
702,best,do,-7.058914661407471
703,best,do,-5.560798645019531
704,best,do,-6.553366661071777
705,best,do,-5.872311115264893
706,best,do,-6.0741987228393555
707,best,do,-6.34177303314209
708,best,do,-5.725558757781982
709,best,do,-5.831192493438721
710,best,do,-7.513480186462402
711,best,do,-6.718470096588135
712,best,do,-6.995391368865967
713,best,do,-6.252587795257568
714,best,do,-6.219498157501221
715,best,do,-6.654410362243652
716,best,do,-6.626010894775391
717,best,do,-7.196990013122559
718,best,do,-5.959066390991211
719,best,do,-7.314112663269043
720,best,do,-5.8114752769470215
721,best,do,-5.7642998695373535
722,best,do,-7.555699825286865
723,best,do,-6.131528377532959
724,best,do,-6.177990436553955
725,best,pp,-5.672430515289307
726,best,pp,-7.31848669052124
727,best,pp,-4.258128643035889
728,best,pp,-5.501208305358887
729,best,pp,-5.032103061676025
730,best,pp,-5.3650288581848145
731,best,pp,-7.781901836395264
732,best,pp,-5.948548793792725
733,best,pp,-7.358923435211182
734,best,pp,-6.906350612640381
735,best,pp,-7.610293865203857
736,best,pp,-5.813271999359131
737,best,pp,-6.897947788238525
738,best,pp,-6.248447418212891
739,best,pp,-6.546207427978516
740,best,pp,-5.217930316925049
741,best,pp,-4.7682061195373535
742,best,pp,-6.259799003601074
743,best,pp,-5.519050121307373
744,best,pp,-5.7427239418029785
745,best,pp,-5.641419887542725
746,best,pp,-5.044097423553467
747,best,pp,-5.556980133056641
748,best,pp,-5.328141689300537
749,best,pp,-5.41035270690918
750,best,pp,-5.615167617797852
751,best,pp,-5.028238296508789
752,best,pp,-5.32468318939209
753,best,pp,-7.403956890106201
754,best,pp,-5.516458511352539
755,best,pp,-4.504127502441406
756,best,pp,-4.949819087982178
757,best,pp,-5.911992073059082
758,best,pp,-4.447583198547363
759,best,pp,-4.8901591300964355
760,best,pp,-6.34589958190918
761,best,pp,-6.430265426635742
762,best,pp,-6.398569107055664
763,best,pp,-6.667030334472656
764,best,pp,-5.329247951507568
765,best,pp,-4.805008411407471
766,best,pp,-4.165786266326904
767,best,pp,-4.60556697845459
768,best,pp,-5.765415668487549
769,best,pp,-6.809680461883545
770,best,pp,-6.045734882354736
771,best,pp,-5.128772735595703
772,best,pp,-5.186215877532959
773,best,pp,-5.901658058166504
774,best,pp,-4.733726978302002
775,best,pp,-5.4488983154296875
776,best,pp,-5.94410514831543
777,best,pp,-5.578185558319092
778,best,pp,-6.008709907531738
779,best,pp,-6.333853244781494
780,best,pp,-5.865448474884033
781,best,pp,-5.742340087890625
782,best,pp,-5.464431285858154
783,best,pp,-4.655884265899658
784,best,pp,-6.565192222595215
785,best,do,-4.882460117340088
786,best,do,-3.8931572437286377
787,best,do,-5.5828986167907715
788,best,do,-5.192901611328125
789,best,do,-4.528749942779541
790,best,do,-4.416996955871582
791,best,do,-6.481396675109863
792,best,do,-4.345804214477539
793,best,do,-6.62477445602417
794,best,do,-5.840370178222656
795,best,do,-4.031579971313477
796,best,do,-3.7576684951782227
797,best,do,-6.001764297485352
798,best,do,-6.111454486846924
799,best,do,-3.9671688079833984
800,best,do,-3.987245798110962
801,best,do,-5.736578464508057
802,best,do,-5.074781894683838
803,best,do,-6.247884273529053
804,best,do,-6.891428470611572
805,best,do,-5.714104175567627
806,best,do,-3.750216007232666
807,best,do,-4.786074638366699
808,best,do,-7.0958027839660645
809,best,do,-4.627676010131836
810,best,do,-4.642016410827637
811,best,do,-7.524953842163086
812,best,do,-4.745054244995117
813,best,do,-4.252737998962402
814,best,do,-5.31672477722168
815,best,do,-5.052397727966309
816,best,do,-5.310517311096191
817,best,do,-3.915316104888916
818,best,do,-4.552236080169678
819,best,do,-5.341945171356201
820,best,do,-3.987245798110962
821,best,do,-5.778193473815918
822,best,do,-5.777800559997559
823,best,do,-4.303279399871826
824,best,do,-5.648484706878662
825,best,do,-5.451751708984375
826,best,do,-4.607181072235107
827,best,do,-5.194908618927002
828,best,pp,-4.46430778503418
829,best,pp,-3.9214882850646973
830,best,pp,-5.4671759605407715
831,best,pp,-5.053460121154785
832,best,pp,-4.270151138305664
833,best,pp,-4.455384731292725
834,best,pp,-6.437276363372803
835,best,pp,-4.214293479919434
836,best,pp,-6.140768527984619
837,best,pp,-4.833316802978516
838,best,pp,-3.7658638954162598
839,best,pp,-3.721080780029297
840,best,pp,-5.778110027313232
841,best,pp,-5.221193313598633
842,best,pp,-3.8211681842803955
843,best,pp,-4.0023322105407715
844,best,pp,-5.366469860076904
845,best,pp,-4.794519901275635
846,best,pp,-5.773227691650391
847,best,pp,-5.98293399810791
848,best,do,-5.183075904846191
849,best,do,-4.636910438537598
850,best,do,-5.3329949378967285
851,best,do,-6.146015644073486
852,best,do,-4.269089698791504
853,best,do,-5.8886332511901855
854,best,do,-7.7120208740234375
855,best,do,-6.336784839630127
856,best,do,-5.308941841125488
857,best,do,-4.482898712158203
858,best,do,-6.571095943450928
859,best,do,-6.5652079582214355
860,best,do,-5.081630706787109
861,best,do,-4.53525447845459
862,best,do,-4.864645004272461
863,best,do,-4.863603591918945
864,best,do,-4.183967590332031
865,best,do,-6.476054668426514
866,best,do,-4.552682876586914
867,best,do,-4.229574203491211
868,best,do,-5.75954008102417
869,best,do,-4.634751796722412
870,best,do,-5.957846641540527
871,best,do,-4.407876491546631
872,best,do,-4.540343284606934
873,best,do,-5.011911392211914
874,best,do,-5.308940887451172
875,best,do,-5.229057312011719
876,best,do,-4.660424709320068
877,best,do,-5.1213908195495605
878,best,do,-5.19235897064209
879,best,do,-4.836349010467529
880,best,do,-6.521920204162598
881,best,do,-6.262690544128418
882,best,do,-4.741082191467285
883,best,do,-6.875391960144043
884,best,do,-5.18307638168335
885,best,do,-5.084151268005371
886,best,do,-5.523131370544434
887,best,do,-7.272141456604004
888,best,do,-5.667664051055908
889,best,do,-5.687736988067627
890,best,do,-4.313214302062988
891,best,pp,-4.917789936065674
892,best,pp,-4.503359794616699
893,best,pp,-4.991880416870117
894,best,pp,-5.7263994216918945
895,best,pp,-4.244742393493652
896,best,pp,-5.612756252288818
897,best,pp,-7.176685333251953
898,best,pp,-6.161993026733398
899,best,pp,-5.15595006942749
900,best,pp,-4.257024765014648
901,best,pp,-6.17758321762085
902,best,pp,-6.379343509674072
903,best,pp,-4.955042362213135
904,best,pp,-4.458198547363281
905,best,pp,-4.636193752288818
906,best,pp,-4.597787380218506
907,best,pp,-4.22487211227417
908,best,pp,-5.933079719543457
909,best,pp,-4.316878318786621
910,best,pp,-4.210252285003662
911,best,do,-5.959653377532959
912,best,do,-5.594258785247803
913,best,do,-5.131353378295898
914,best,do,-5.264725208282471
915,best,do,-5.269913196563721
916,best,do,-5.116446018218994
917,best,do,-5.787744045257568
918,best,do,-5.73930549621582
919,best,do,-4.824300289154053
920,best,do,-5.662655353546143
921,best,do,-5.274460792541504
922,best,do,-5.246086120605469
923,best,do,-6.321517467498779
924,best,do,-5.089153289794922
925,best,do,-4.912736415863037
926,best,do,-6.255747318267822
927,best,do,-5.263151168823242
928,best,do,-5.689358234405518
929,best,do,-6.3698954582214355
930,best,do,-4.483403205871582
931,best,do,-5.114645004272461
932,best,do,-5.587770938873291
933,best,do,-5.9166741371154785
934,best,do,-5.067814350128174
935,best,do,-4.496479511260986
936,best,do,-4.866800785064697
937,best,do,-4.042113304138184
938,best,do,-4.688343524932861
939,best,do,-5.762860298156738
940,best,do,-4.648263931274414
941,best,do,-5.1578874588012695
942,best,do,-5.777182102203369
943,best,do,-4.8667707443237305
944,best,do,-5.168691635131836
945,best,do,-4.821558952331543
946,best,do,-6.15046501159668
947,best,do,-5.078144550323486
948,best,do,-4.522270202636719
949,best,do,-5.662654876708984
950,best,do,-5.524643421173096
951,best,do,-5.686949253082275
952,best,do,-4.585252285003662
953,best,do,-5.059800148010254
954,best,pp,-5.837703227996826
955,best,pp,-5.147447109222412
956,best,pp,-5.12563419342041
957,best,pp,-4.91248083114624
958,best,pp,-5.045337200164795
959,best,pp,-4.878421306610107
960,best,pp,-5.56360387802124
961,best,pp,-5.643393039703369
962,best,pp,-4.6459479331970215
963,best,pp,-5.173928260803223
964,best,pp,-5.073633670806885
965,best,pp,-5.1377787590026855
966,best,pp,-6.0629496574401855
967,best,pp,-5.213058948516846
968,best,pp,-4.733516216278076
969,best,pp,-5.971911907196045
970,best,pp,-5.368269920349121
971,best,pp,-5.4367828369140625
972,best,pp,-6.074902534484863
973,best,pp,-4.2584404945373535
974,best,do,-5.298722267150879
975,best,do,-4.661159515380859
976,best,do,-6.781351566314697
977,best,do,-5.09393310546875
978,best,do,-4.821225166320801
979,best,do,-4.465731143951416
980,best,do,-6.071468353271484
981,best,do,-5.027541637420654
982,best,do,-7.126278877258301
983,best,do,-4.212591648101807
984,best,do,-5.692744731903076
985,best,do,-5.533670425415039
986,best,do,-5.604881286621094
987,best,do,-5.4626312255859375
988,best,do,-6.951290607452393
989,best,do,-6.584385395050049
990,best,do,-5.813623905181885
991,best,do,-5.354864597320557
992,best,do,-5.4994964599609375
993,best,do,-5.887075901031494
994,best,do,-5.978100299835205
995,best,do,-6.368300914764404
996,best,do,-5.2155561447143555
997,best,do,-4.7148356437683105
998,best,do,-4.931625843048096
999,best,do,-7.157471656799316
1000,best,do,-4.0623459815979
1001,best,do,-6.408189296722412
1002,best,do,-5.495025634765625
1003,best,do,-5.887075901031494
1004,best,do,-5.473434925079346
1005,best,do,-4.9059834480285645
1006,best,do,-5.4158735275268555
1007,best,do,-5.379677772521973
1008,best,do,-5.250377178192139
1009,best,do,-4.369588851928711
1010,best,do,-4.901358604431152
1011,best,do,-5.501014709472656
1012,best,do,-5.910982131958008
1013,best,do,-6.760990142822266
1014,best,do,-5.910982131958008
1015,best,do,-5.679577350616455
1016,best,do,-4.3111162185668945
1017,best,pp,-4.635171890258789
1018,best,pp,-4.298730850219727
1019,best,pp,-6.347393035888672
1020,best,pp,-5.192152976989746
1021,best,pp,-5.020654678344727
1022,best,pp,-4.119645118713379
1023,best,pp,-5.9615912437438965
1024,best,pp,-4.649130344390869
1025,best,pp,-6.015926837921143
1026,best,pp,-4.196959495544434
1027,best,pp,-5.695313930511475
1028,best,pp,-5.047342777252197
1029,best,pp,-5.2239532470703125
1030,best,pp,-5.824309349060059
1031,best,pp,-7.038352012634277
1032,best,pp,-5.9541192054748535
1033,best,pp,-5.484950542449951
1034,best,pp,-4.954211711883545
1035,best,pp,-5.235272407531738
1036,best,pp,-5.505345344543457
1037,best,pp,-5.470316410064697
1038,best,pp,-4.501104354858398
1039,best,pp,-5.182786464691162
1040,best,pp,-5.348167896270752
1041,best,pp,-4.467726707458496
1042,best,pp,-5.174493312835693
1043,best,pp,-6.207975387573242
1044,best,pp,-4.068764686584473
1045,best,pp,-7.050875186920166
1046,best,pp,-5.1602702140808105
1047,best,pp,-5.9676594734191895
1048,best,pp,-4.063124179840088
1049,best,pp,-4.926950454711914
1050,best,pp,-4.658980369567871
1051,best,pp,-4.3569841384887695
1052,best,pp,-5.147083282470703
1053,best,pp,-5.01200532913208
1054,best,pp,-4.630152702331543
1055,best,pp,-4.1174468994140625
1056,best,pp,-4.803089618682861
1057,best,pp,-5.515150547027588
1058,best,pp,-5.255337238311768
1059,best,pp,-4.995880603790283
1060,best,pp,-4.407742023468018
1061,best,pp,-4.581476211547852
1062,best,pp,-4.242891311645508
1063,best,pp,-3.8519363403320312
1064,best,pp,-4.706980228424072
1065,best,pp,-6.566972732543945
1066,best,pp,-4.343061447143555
1067,best,pp,-6.124851703643799
1068,best,pp,-5.546230792999268
1069,best,pp,-4.589306354522705
1070,best,pp,-4.469784259796143
1071,best,pp,-5.026815891265869
1072,best,pp,-4.3748369216918945
1073,best,pp,-3.99221134185791
1074,best,pp,-4.121357440948486
1075,best,pp,-4.476715087890625
1076,best,pp,-5.477736949920654
1077,best,do,-5.144399642944336
1078,best,do,-5.340125560760498
1079,best,do,-5.14387845993042
1080,best,do,-6.1294474601745605
1081,best,do,-4.026919364929199
1082,best,do,-4.864799499511719
1083,best,do,-5.495689868927002
1084,best,do,-4.460639476776123
1085,best,do,-4.981314182281494
1086,best,do,-6.563360691070557
1087,best,do,-4.734128475189209
1088,best,do,-4.386336326599121
1089,best,do,-6.737253665924072
1090,best,do,-5.1146368980407715
1091,best,do,-5.322299480438232
1092,best,do,-5.083103179931641
1093,best,do,-5.962833404541016
1094,best,do,-4.705142498016357
1095,best,do,-5.164641380310059
1096,best,do,-4.721341609954834
1097,best,do,-5.014851093292236
1098,best,do,-4.825393199920654
1099,best,do,-5.398066997528076
1100,best,do,-4.807235240936279
1101,best,do,-4.924697399139404
1102,best,do,-5.101092338562012
1103,best,do,-4.947850227355957
1104,best,do,-4.3668341636657715
1105,best,do,-5.5983195304870605
1106,best,do,-4.355834484100342
1107,best,do,-4.825393199920654
1108,best,do,-6.6321024894714355
1109,best,do,-4.042860507965088
1110,best,do,-5.541258335113525
1111,best,do,-7.542002201080322
1112,best,do,-6.154732704162598
1113,best,do,-5.323653697967529
1114,best,do,-4.613945484161377
1115,best,do,-4.3570237159729
1116,best,do,-5.936121463775635
1117,best,do,-5.604675769805908
1118,best,do,-6.242414474487305
1119,best,do,-4.3273210525512695
1120,best,pp,-4.742813587188721
1121,best,pp,-4.847199440002441
1122,best,pp,-4.792683124542236
1123,best,pp,-4.556436061859131
1124,best,pp,-3.4642245769500732
1125,best,pp,-4.644944190979004
1126,best,pp,-4.784657001495361
1127,best,pp,-4.056770324707031
1128,best,pp,-3.596372604370117
1129,best,pp,-5.769223213195801
1130,best,pp,-3.995824098587036
1131,best,pp,-3.4427778720855713
1132,best,pp,-6.016034126281738
1133,best,pp,-4.346590518951416
1134,best,pp,-4.516870021820068
1135,best,pp,-4.779995918273926
1136,best,pp,-5.1857590675354
1137,best,pp,-3.6438541412353516
1138,best,pp,-4.901392459869385
1139,best,pp,-4.321727752685547
1140,best,do,-5.119402885437012
1141,best,do,-5.224822998046875
1142,best,do,-4.782442092895508
1143,best,do,-5.330476760864258
1144,best,do,-5.637996673583984
1145,best,do,-4.760517120361328
1146,best,do,-5.119402885437012
1147,best,do,-6.782332897186279
1148,best,do,-5.470386028289795
1149,best,do,-6.6042985916137695
1150,best,do,-4.9151835441589355
1151,best,do,-6.66090202331543
1152,best,do,-5.143281936645508
1153,best,do,-5.39362096786499
1154,best,do,-4.768968105316162
1155,best,do,-4.443977355957031
1156,best,do,-7.098160743713379
1157,best,do,-5.147665023803711
1158,best,do,-5.37999963760376
1159,best,do,-4.790890693664551
1160,best,do,-5.360617160797119
1161,best,do,-4.559423446655273
1162,best,do,-7.666870594024658
1163,best,do,-7.197193145751953
1164,best,do,-5.224822998046875
1165,best,do,-5.548681259155273
1166,best,do,-5.069660186767578
1167,best,do,-6.770139217376709
1168,best,do,-4.973963737487793
1169,best,do,-7.078726291656494
1170,best,do,-5.368370056152344
1171,best,do,-4.698235988616943
1172,best,do,-7.098160743713379
1173,best,do,-5.220594882965088
1174,best,do,-4.970915794372559
1175,best,do,-4.970915794372559
1176,best,do,-5.449768543243408
1177,best,do,-5.449320316314697
1178,best,do,-4.420010089874268
1179,best,do,-4.443977355957031
1180,best,do,-7.666870594024658
1181,best,do,-5.915303707122803
1182,best,do,-6.770139217376709
1183,best,pp,-5.116812229156494
1184,best,pp,-5.0963592529296875
1185,best,pp,-4.131561756134033
1186,best,pp,-4.642067909240723
1187,best,pp,-5.364996433258057
1188,best,pp,-4.419841289520264
1189,best,pp,-5.116811275482178
1190,best,pp,-6.36470890045166
1191,best,pp,-4.79868221282959
1192,best,pp,-6.097786903381348
1193,best,pp,-4.684729099273682
1194,best,pp,-6.288419246673584
1195,best,pp,-4.779426097869873
1196,best,pp,-5.1639204025268555
1197,best,pp,-4.39119291305542
1198,best,pp,-4.19450044631958
1199,best,pp,-6.500657081604004
1200,best,pp,-4.752808094024658
1201,best,pp,-5.32797908782959
1202,best,pp,-4.41240119934082
1203,best,do,-5.421173095703125
1204,best,do,-4.283585548400879
1205,best,do,-5.446915626525879
1206,best,do,-5.021058559417725
1207,best,do,-6.450354099273682
1208,best,do,-6.969424247741699
1209,best,do,-6.007384300231934
1210,best,do,-6.258471488952637
1211,best,do,-4.413809776306152
1212,best,do,-6.9724555015563965
1213,best,do,-4.992469310760498
1214,best,do,-4.631248950958252
1215,best,do,-4.515424728393555
1216,best,do,-4.6167778968811035
1217,best,do,-5.198882102966309
1218,best,do,-4.418221950531006
1219,best,do,-5.311429977416992
1220,best,do,-5.191343307495117
1221,best,do,-5.1037702560424805
1222,best,do,-4.910952091217041
1223,best,do,-6.837595462799072
1224,best,do,-5.669835090637207
1225,best,do,-6.5877814292907715
1226,best,do,-5.228636741638184
1227,best,do,-5.396171569824219
1228,best,do,-5.537600517272949
1229,best,do,-5.002959251403809
1230,best,do,-5.42611026763916
1231,best,do,-5.543453216552734
1232,best,do,-5.948777198791504
1233,best,do,-5.142502307891846
1234,best,do,-5.2527031898498535
1235,best,do,-7.028897762298584
1236,best,do,-5.268539905548096
1237,best,do,-5.311938762664795
1238,best,do,-4.864929676055908
1239,best,do,-4.50965690612793
1240,best,do,-5.097490310668945
1241,best,do,-5.266017436981201
1242,best,do,-4.537509918212891
1243,best,do,-4.413625240325928
1244,best,do,-6.491579532623291
1245,best,do,-4.896766662597656
1246,best,pp,-5.208991050720215
1247,best,pp,-3.9926769733428955
1248,best,pp,-4.782907009124756
1249,best,pp,-4.41104793548584
1250,best,pp,-5.7291154861450195
1251,best,pp,-6.392904758453369
1252,best,pp,-5.464212894439697
1253,best,pp,-6.018365383148193
1254,best,pp,-3.900641918182373
1255,best,pp,-6.606452465057373
1256,best,pp,-4.856219291687012
1257,best,pp,-4.7367844581604
1258,best,pp,-4.458796501159668
1259,best,pp,-4.575872421264648
1260,best,pp,-4.382768630981445
1261,best,pp,-4.01638126373291
1262,best,pp,-5.06196403503418
1263,best,pp,-4.919100761413574
1264,best,pp,-4.872531414031982
1265,best,pp,-4.525784015655518
1266,best,do,-4.976141929626465
1267,best,do,-5.3089423179626465
1268,best,do,-5.766299724578857
1269,best,do,-5.426468372344971
1270,best,do,-5.631165504455566
1271,best,do,-5.424230098724365
1272,best,do,-7.16895866394043
1273,best,do,-6.811065196990967
1274,best,do,-5.36748743057251
1275,best,do,-5.801802158355713
1276,best,do,-5.752879619598389
1277,best,do,-4.969656467437744
1278,best,do,-6.360863208770752
1279,best,do,-6.7312331199646
1280,best,do,-5.499427318572998
1281,best,do,-7.182438373565674
1282,best,do,-6.028292179107666
1283,best,do,-5.901065349578857
1284,best,do,-5.898815631866455
1285,best,do,-5.790056228637695
1286,best,do,-7.481190204620361
1287,best,do,-5.021867752075195
1288,best,do,-5.65044641494751
1289,best,do,-5.776422500610352
1290,best,do,-5.567054748535156
1291,best,do,-5.835468769073486
1292,best,do,-5.973282337188721
1293,best,do,-5.473556041717529
1294,best,do,-5.402951717376709
1295,best,do,-5.476507186889648
1296,best,do,-4.962230682373047
1297,best,do,-5.102868556976318
1298,best,do,-5.543456554412842
1299,best,do,-4.825974941253662
1300,best,do,-5.1637282371521
1301,best,do,-6.324527263641357
1302,best,do,-5.380338191986084
1303,best,do,-7.653896331787109
1304,best,do,-5.366530418395996
1305,best,do,-7.813282489776611
1306,best,do,-7.097930908203125
1307,best,do,-7.438093662261963
1308,best,do,-5.300295829772949
1309,best,pp,-3.9156875610351562
1310,best,pp,-4.373039722442627
1311,best,pp,-4.770279884338379
1312,best,pp,-3.8357462882995605
1313,best,pp,-4.973062038421631
1314,best,pp,-4.610222816467285
1315,best,pp,-6.2982048988342285
1316,best,pp,-6.376904487609863
1317,best,pp,-4.518152236938477
1318,best,pp,-5.486479759216309
1319,best,pp,-5.369944095611572
1320,best,pp,-4.202314853668213
1321,best,pp,-5.715322017669678
1322,best,pp,-5.4796600341796875
1323,best,pp,-4.984560489654541
1324,best,pp,-5.912631511688232
1325,best,pp,-4.476183891296387
1326,best,pp,-5.852777004241943
1327,best,pp,-4.96890926361084
1328,best,pp,-5.1081929206848145
1329,best,pp,-5.440281867980957
1330,best,pp,-3.7833197116851807
1331,best,pp,-5.09383487701416
1332,best,pp,-4.962671756744385
1333,best,pp,-5.254274368286133
1334,best,pp,-4.101792812347412
1335,best,pp,-4.623065948486328
1336,best,pp,-6.3428263664245605
1337,best,pp,-4.68206262588501
1338,best,pp,-5.299860954284668
1339,best,pp,-5.0313191413879395
1340,best,pp,-4.700653076171875
1341,best,pp,-4.464745044708252
1342,best,pp,-5.468371868133545
1343,best,pp,-5.409255504608154
1344,best,pp,-5.7334442138671875
1345,best,pp,-5.066767692565918
1346,best,pp,-3.7174832820892334
1347,best,pp,-5.761759281158447
1348,best,pp,-5.059102535247803
1349,best,pp,-4.032012939453125
1350,best,pp,-4.6056365966796875
1351,best,pp,-5.678105354309082
1352,best,pp,-4.189043045043945
1353,best,pp,-4.0704522132873535
1354,best,pp,-3.3373019695281982
1355,best,pp,-3.557553291320801
1356,best,pp,-4.685986518859863
1357,best,pp,-5.994226455688477
1358,best,pp,-4.211071491241455
1359,best,pp,-3.9570984840393066
1360,best,pp,-4.974582672119141
1361,best,pp,-6.326029300689697
1362,best,pp,-5.224931716918945
1363,best,pp,-4.295175552368164
1364,best,pp,-4.827075481414795
1365,best,pp,-4.880590438842773
1366,best,pp,-4.492514610290527
1367,best,pp,-4.60986852645874
1368,best,pp,-4.50076961517334
