item_id,model_state,score
0,initial,-6.020199298858643
1,initial,-8.34468936920166
2,initial,-7.240528583526611
3,initial,-6.617944240570068
4,initial,-5.940321445465088
5,initial,-8.680375099182129
6,initial,-6.132167339324951
7,initial,-8.553597450256348
8,initial,-6.2954630851745605
9,initial,-7.2398858070373535
10,initial,-7.508079528808594
11,initial,-6.913913726806641
12,initial,-6.299733638763428
13,initial,-6.310814380645752
14,initial,-6.231386184692383
15,initial,-7.170558929443359
16,initial,-7.818603038787842
17,initial,-6.913913726806641
18,initial,-8.354374885559082
19,initial,-7.240528583526611
20,initial,-7.802256107330322
21,initial,-7.491296291351318
22,initial,-7.708116054534912
23,initial,-7.117005348205566
24,initial,-6.004148006439209
25,initial,-7.491296291351318
26,initial,-7.692785263061523
27,initial,-6.8403401374816895
28,initial,-6.46656608581543
29,initial,-7.692785263061523
30,initial,-6.389415740966797
31,initial,-7.678472518920898
32,initial,-6.1548943519592285
33,initial,-7.992437362670898
34,initial,-8.466455459594727
35,initial,-6.634882926940918
36,initial,-6.542666912078857
37,initial,-8.1289644241333
38,initial,-6.65158224105835
39,initial,-7.895122528076172
40,initial,-7.121456146240234
41,initial,-6.2491278648376465
42,initial,-7.346269607543945
43,initial,-6.369332313537598
44,initial,-7.337748050689697
45,initial,-7.8407392501831055
46,initial,-6.991232872009277
47,initial,-7.417603015899658
48,initial,-8.230881690979004
49,initial,-7.822633266448975
50,initial,-7.890054702758789
51,initial,-7.546974182128906
52,initial,-6.683640003204346
53,initial,-7.863998889923096
54,initial,-8.009449005126953
55,initial,-7.37367057800293
56,initial,-7.194664001464844
57,initial,-6.502987861633301
58,initial,-7.577016830444336
59,initial,-7.243391036987305
60,initial,-6.292474269866943
61,initial,-8.753923416137695
62,initial,-8.514939308166504
63,initial,-8.743058204650879
64,initial,-8.961670875549316
65,initial,-7.4652814865112305
66,initial,-7.818326473236084
67,initial,-6.32226037979126
68,initial,-7.551466464996338
69,initial,-6.576185703277588
70,initial,-7.677271842956543
71,initial,-6.890185356140137
72,initial,-7.681858062744141
73,initial,-7.600593090057373
74,initial,-7.82095193862915
75,initial,-8.157161712646484
76,initial,-8.313826560974121
77,initial,-7.067708492279053
78,initial,-7.643646240234375
79,initial,-6.477637767791748
80,initial,-6.622851848602295
81,initial,-7.425965785980225
82,initial,-6.929243087768555
83,initial,-6.823972702026367
84,initial,-6.545546054840088
85,initial,-6.532729148864746
86,initial,-6.514812469482422
87,initial,-7.21541690826416
88,initial,-7.972342491149902
89,initial,-6.474274635314941
90,initial,-6.500865936279297
91,initial,-6.548162460327148
92,initial,-6.884143352508545
93,initial,-5.774598121643066
94,initial,-6.959686279296875
95,initial,-6.996018886566162
96,initial,-7.636321067810059
97,initial,-5.326772689819336
98,initial,-6.202958106994629
99,initial,-5.5217766761779785
100,initial,-7.956112384796143
101,initial,-6.267308712005615
102,initial,-6.758058071136475
103,initial,-7.348743915557861
104,initial,-6.955609321594238
105,initial,-6.710163593292236
106,initial,-5.173613548278809
107,initial,-6.807531356811523
108,initial,-6.955609321594238
109,initial,-5.446587562561035
110,initial,-7.876154899597168
111,initial,-7.156105995178223
112,initial,-6.489186763763428
113,initial,-7.3483757972717285
114,initial,-7.219742774963379
115,initial,-6.226622581481934
116,initial,-7.044656753540039
117,initial,-7.7238569259643555
118,initial,-6.60906982421875
119,initial,-6.94669246673584
120,initial,-7.825507640838623
121,initial,-8.120566368103027
122,initial,-5.49955415725708
123,initial,-6.977928638458252
124,initial,-7.31098747253418
125,initial,-5.49955415725708
126,initial,-8.322612762451172
127,initial,-7.162633419036865
128,initial,-7.746151447296143
129,initial,-6.816957950592041
130,initial,-6.823020935058594
131,initial,-6.123344421386719
132,initial,-7.809936046600342
133,initial,-7.6972975730896
134,initial,-6.529510021209717
135,initial,-8.350631713867188
136,initial,-6.257729530334473
137,initial,-8.542746543884277
138,initial,-6.852306842803955
139,initial,-8.158577919006348
140,initial,-7.1875739097595215
141,initial,-6.82621431350708
142,initial,-8.147406578063965
143,initial,-6.257737159729004
144,initial,-7.96626615524292
145,initial,-7.79874849319458
146,initial,-7.194225788116455
147,initial,-7.717641830444336
148,initial,-7.819425582885742
149,initial,-7.574792385101318
150,initial,-8.023943901062012
151,initial,-8.006319046020508
152,initial,-6.890553951263428
153,initial,-5.922826766967773
154,initial,-7.3885979652404785
155,initial,-6.3403801918029785
156,initial,-7.3885979652404785
157,initial,-7.7428669929504395
158,initial,-7.951497554779053
159,initial,-6.13772439956665
160,initial,-7.303351879119873
161,initial,-7.546530246734619
162,initial,-7.9933295249938965
163,initial,-8.71600341796875
164,initial,-8.254548072814941
165,initial,-8.357446670532227
166,initial,-6.056967258453369
167,initial,-7.528481483459473
168,initial,-8.929610252380371
169,initial,-6.584669589996338
170,initial,-8.872417449951172
171,initial,-7.003002166748047
172,initial,-8.249390602111816
173,initial,-8.608538627624512
174,initial,-7.465632915496826
175,initial,-7.411556243896484
176,initial,-8.728376388549805
177,initial,-8.735657691955566
178,initial,-6.510696887969971
179,initial,-7.81536865234375
180,initial,-5.840264320373535
181,initial,-6.302084445953369
182,initial,-6.702371597290039
183,initial,-5.938172817230225
184,initial,-7.262362957000732
185,initial,-7.284841537475586
186,initial,-6.704195976257324
187,initial,-7.464414119720459
188,initial,-7.07249641418457
189,initial,-7.5964508056640625
190,initial,-8.335958480834961
191,initial,-7.525668621063232
192,initial,-6.769931793212891
193,initial,-7.916665554046631
194,initial,-7.096009731292725
195,initial,-5.460151672363281
196,initial,-8.221027374267578
197,initial,-6.715963840484619
198,initial,-7.211642265319824
199,initial,-6.124412536621094
200,initial,-5.999794960021973
201,initial,-7.611375331878662
202,initial,-6.395355224609375
203,initial,-6.018828392028809
204,initial,-4.930535793304443
205,initial,-4.930535793304443
206,initial,-6.135133266448975
207,initial,-6.641565799713135
208,initial,-8.04836654663086
209,initial,-7.646256446838379
210,initial,-7.588111877441406
211,initial,-7.665955543518066
212,initial,-8.040078163146973
213,initial,-6.110498428344727
214,initial,-5.486033916473389
215,initial,-6.8564934730529785
216,initial,-6.570138931274414
217,initial,-7.701664924621582
218,initial,-7.364688873291016
219,initial,-7.821159362792969
220,initial,-6.768962860107422
221,initial,-7.404417991638184
222,initial,-6.932597637176514
223,initial,-8.586967468261719
224,initial,-7.036826133728027
225,initial,-8.386089324951172
226,initial,-8.100028991699219
227,initial,-7.750138282775879
228,initial,-6.660005569458008
229,initial,-8.657393455505371
230,initial,-7.677757263183594
231,initial,-7.7081780433654785
232,initial,-7.731954574584961
233,initial,-8.112000465393066
234,initial,-6.82576847076416
235,initial,-7.775639533996582
236,initial,-8.591917037963867
237,initial,-8.429673194885254
238,initial,-7.606575965881348
239,initial,-7.099475860595703
240,initial,-7.227898120880127
241,initial,-8.893178939819336
242,initial,-8.279010772705078
243,initial,-6.986162185668945
244,initial,-7.842902183532715
245,initial,-7.756839275360107
246,initial,-8.121926307678223
247,initial,-8.280472755432129
248,initial,-6.862481117248535
249,initial,-7.8558220863342285
250,initial,-8.638506889343262
251,initial,-6.9319658279418945
252,initial,-6.82576847076416
253,initial,-7.404418468475342
254,initial,-7.404418468475342
255,initial,-8.657393455505371
256,initial,-8.033147811889648
257,initial,-6.580360412597656
258,initial,-8.486832618713379
259,initial,-6.930779457092285
260,initial,-7.667121410369873
261,initial,-7.8722052574157715
262,initial,-7.1056036949157715
263,initial,-6.806613445281982
264,initial,-7.310187339782715
265,initial,-6.7441582679748535
266,initial,-8.592583656311035
267,initial,-6.681859493255615
268,initial,-8.286869049072266
269,initial,-7.873658180236816
270,initial,-7.703910827636719
271,initial,-6.35562801361084
272,initial,-8.067349433898926
273,initial,-7.460930824279785
274,initial,-7.346656799316406
275,initial,-7.319615840911865
276,initial,-7.681214809417725
277,initial,-6.950971603393555
278,initial,-7.204507827758789
279,initial,-8.361102104187012
280,initial,-8.020219802856445
281,initial,-7.079833030700684
282,initial,-7.204239845275879
283,initial,-6.639721870422363
284,initial,-8.502820014953613
285,initial,-7.846935749053955
286,initial,-6.870784282684326
287,initial,-7.350709915161133
288,initial,-8.823652267456055
289,initial,-8.062402725219727
290,initial,-9.050104141235352
291,initial,-8.682759284973145
292,initial,-8.722861289978027
293,initial,-7.662425994873047
294,initial,-8.449684143066406
295,initial,-8.342385292053223
296,initial,-8.990568161010742
297,initial,-6.843242168426514
298,initial,-7.7550201416015625
299,initial,-7.101911544799805
300,initial,-7.7550201416015625
301,initial,-8.196675300598145
302,initial,-8.375478744506836
303,initial,-7.1883864402771
304,initial,-6.558290481567383
305,initial,-7.96651029586792
306,initial,-7.136760234832764
307,initial,-6.439532279968262
308,initial,-8.018301963806152
309,initial,-8.106021881103516
310,initial,-8.342385292053223
311,initial,-8.22868537902832
312,initial,-8.294400215148926
313,initial,-8.823652267456055
314,initial,-8.572318077087402
315,initial,-6.439532279968262
316,initial,-7.514074802398682
317,initial,-7.739389896392822
318,initial,-7.114521026611328
319,initial,-8.577561378479004
320,initial,-7.0658745765686035
321,initial,-8.823652267456055
322,initial,-7.188336372375488
323,initial,-8.31908130645752
324,initial,-6.8157525062561035
325,initial,-8.797846794128418
326,initial,-6.85710334777832
327,initial,-7.779024600982666
328,initial,-7.368652820587158
329,initial,-7.000965595245361
330,initial,-7.177318096160889
331,initial,-7.866769790649414
332,initial,-7.5698089599609375
333,initial,-8.782865524291992
334,initial,-8.383712768554688
335,initial,-7.985560417175293
336,initial,-7.081431865692139
337,initial,-8.050376892089844
338,initial,-7.7532877922058105
339,initial,-8.370916366577148
340,initial,-6.9038825035095215
341,initial,-7.361809253692627
342,initial,-7.047693729400635
343,initial,-7.361809253692627
344,initial,-7.523476600646973
345,initial,-8.266464233398438
346,initial,-7.293230056762695
347,initial,-7.77921199798584
348,initial,-6.797830581665039
349,initial,-7.628397464752197
350,initial,-6.668688774108887
351,initial,-7.22645378112793
352,initial,-6.509073257446289
353,initial,-7.338978290557861
354,initial,-7.397102355957031
355,initial,-6.663564682006836
356,initial,-6.900476455688477
357,initial,-8.10934066772461
358,initial,-7.2311248779296875
359,initial,-7.900471210479736
360,initial,-7.0557146072387695
361,initial,-6.129055023193359
362,initial,-7.080568313598633
363,initial,-6.967268943786621
364,initial,-7.877326011657715
365,initial,-7.117906093597412
366,initial,-7.735300540924072
367,initial,-7.331004619598389
368,initial,-7.614343643188477
369,initial,-7.594321250915527
370,initial,-6.436269760131836
371,initial,-7.4374518394470215
372,initial,-5.930891513824463
373,initial,-7.538369178771973
374,initial,-7.3722710609436035
375,initial,-7.059841156005859
376,initial,-7.601739883422852
377,initial,-6.721466064453125
378,initial,-6.817255973815918
379,initial,-6.3786516189575195
380,initial,-6.371972560882568
381,initial,-7.447638511657715
382,initial,-6.653677940368652
383,initial,-6.173980236053467
384,initial,-7.14766788482666
385,initial,-6.9619293212890625
386,initial,-7.331004619598389
387,initial,-7.25433874130249
388,initial,-7.53902006149292
389,initial,-7.264750003814697
390,initial,-7.9123125076293945
391,initial,-6.759228706359863
392,initial,-7.281552314758301
393,initial,-6.799499034881592
394,initial,-7.097995758056641
395,initial,-6.797492980957031
396,initial,-7.35589599609375
397,initial,-7.540696620941162
398,initial,-6.918429374694824
399,initial,-7.2720489501953125
400,initial,-8.267035484313965
401,initial,-7.570416450500488
402,initial,-7.552562713623047
403,initial,-7.169495582580566
404,initial,-6.171991348266602
405,initial,-7.272253513336182
406,initial,-7.438082695007324
407,initial,-8.290081977844238
408,initial,-7.273643493652344
409,initial,-7.6719255447387695
410,initial,-7.2141194343566895
411,initial,-7.880263328552246
412,initial,-9.01490306854248
413,initial,-7.866032123565674
414,initial,-7.98247766494751
415,initial,-7.717823028564453
416,initial,-7.280915260314941
417,initial,-8.502825736999512
418,initial,-7.300549030303955
419,initial,-6.329836368560791
420,initial,-7.17578649520874
421,initial,-8.767111778259277
422,initial,-8.77085018157959
423,initial,-7.59989595413208
424,initial,-9.338078498840332
425,initial,-8.206734657287598
426,initial,-8.211420059204102
427,initial,-7.442870140075684
428,initial,-7.803715705871582
429,initial,-7.276823997497559
430,initial,-8.457883834838867
431,initial,-8.186098098754883
432,initial,-8.17423152923584
433,initial,-8.418732643127441
434,initial,-8.610791206359863
435,initial,-7.614123821258545
436,initial,-6.742629051208496
437,initial,-7.430171012878418
438,initial,-7.676528453826904
439,initial,-8.947088241577148
440,initial,-7.480921268463135
441,initial,-7.683253288269043
442,initial,-6.765287399291992
443,initial,-7.660973072052002
444,initial,-8.098047256469727
445,initial,-7.809569358825684
446,initial,-8.582493782043457
447,initial,-8.630915641784668
448,initial,-8.785673141479492
449,initial,-7.385041236877441
450,initial,-8.065837860107422
451,initial,-6.599745273590088
452,initial,-7.19240140914917
453,initial,-6.954671859741211
454,initial,-7.976932048797607
455,initial,-9.484247207641602
456,initial,-7.9706292152404785
457,initial,-7.674449920654297
458,initial,-6.740584373474121
459,initial,-7.379486560821533
460,initial,-8.051881790161133
461,initial,-7.512740135192871
462,initial,-6.769255638122559
463,initial,-6.334301948547363
464,initial,-8.618494033813477
465,initial,-8.199763298034668
466,initial,-7.298300743103027
467,initial,-8.577110290527344
468,initial,-7.575037479400635
469,initial,-8.367538452148438
470,initial,-7.685449600219727
471,initial,-7.975786209106445
472,initial,-6.636965751647949
473,initial,-7.985227584838867
474,initial,-7.154763221740723
475,initial,-7.673914432525635
476,initial,-7.445136070251465
477,initial,-6.709495544433594
478,initial,-7.296271324157715
479,initial,-7.357420921325684
480,initial,-7.073414325714111
481,initial,-7.273111820220947
482,initial,-6.934153079986572
483,initial,-6.704913139343262
484,initial,-6.817971706390381
485,initial,-6.329927444458008
486,initial,-7.131187438964844
487,initial,-7.537874221801758
488,initial,-6.790750980377197
489,initial,-6.236149787902832
490,initial,-6.6792988777160645
491,initial,-6.95540714263916
492,initial,-9.130714416503906
493,initial,-8.547354698181152
494,initial,-8.413261413574219
495,initial,-8.189247131347656
496,initial,-8.847204208374023
497,initial,-7.936794281005859
498,initial,-6.903341770172119
499,initial,-8.849874496459961
500,initial,-7.8352203369140625
501,initial,-7.449047088623047
502,initial,-9.896591186523438
503,initial,-8.658204078674316
504,initial,-7.971043109893799
505,initial,-7.9347243309021
506,initial,-10.274784088134766
507,initial,-9.01382827758789
508,initial,-7.634401798248291
509,initial,-7.865035057067871
510,initial,-8.0540771484375
511,initial,-9.513437271118164
512,initial,-8.796159744262695
513,initial,-8.597512245178223
514,initial,-10.746044158935547
515,initial,-8.718445777893066
516,initial,-8.00466251373291
517,initial,-8.33387279510498
518,initial,-7.972480773925781
519,initial,-7.377810955047607
520,initial,-7.536596775054932
521,initial,-7.469385623931885
522,initial,-7.515078544616699
523,initial,-9.432038307189941
524,initial,-8.579496383666992
525,initial,-7.922396659851074
526,initial,-6.971854209899902
527,initial,-8.594046592712402
528,initial,-9.792999267578125
529,initial,-8.222748756408691
530,initial,-9.340929985046387
531,initial,-7.56486177444458
532,initial,-8.794096946716309
533,initial,-9.646976470947266
534,initial,-9.723649024963379
535,initial,-8.568514823913574
536,initial,-8.073907852172852
537,initial,-7.912339210510254
538,initial,-7.633314609527588
539,initial,-8.26792049407959
540,initial,-7.6186299324035645
541,initial,-6.388352394104004
542,initial,-8.096089363098145
543,initial,-7.627501964569092
544,initial,-7.802448749542236
545,initial,-9.268701553344727
546,initial,-8.246026992797852
547,initial,-7.647324562072754
548,initial,-7.815938472747803
549,initial,-9.341507911682129
550,initial,-8.610539436340332
551,initial,-7.170310020446777
552,initial,-7.370363235473633
553,initial,-7.5263214111328125
554,initial,-8.929457664489746
555,initial,-8.52472972869873
556,initial,-6.785624980926514
557,initial,-8.317208290100098
558,initial,-8.464804649353027
559,initial,-9.01221752166748
560,initial,-10.903569221496582
561,initial,-9.585339546203613
562,initial,-7.434683322906494
563,initial,-7.807138442993164
564,initial,-7.717835426330566
565,initial,-7.958129405975342
566,initial,-8.565352439880371
567,initial,-8.299487113952637
568,initial,-8.128194808959961
569,initial,-7.917396068572998
570,initial,-8.312634468078613
571,initial,-8.504477500915527
572,initial,-8.358837127685547
573,initial,-8.341933250427246
574,initial,-10.21143913269043
575,initial,-8.661011695861816
576,initial,-10.501290321350098
577,initial,-8.22248649597168
578,initial,-8.22248649597168
579,initial,-6.530564785003662
580,initial,-9.01221752166748
581,initial,-10.583005905151367
582,initial,-8.897895812988281
583,initial,-9.938749313354492
584,initial,-8.46134090423584
585,initial,-9.306817054748535
586,initial,-10.50976848602295
587,initial,-8.290892601013184
588,initial,-10.176254272460938
589,initial,-8.20154857635498
590,initial,-10.22612476348877
591,initial,-8.438200950622559
592,initial,-9.006304740905762
593,initial,-8.661011695861816
594,initial,-8.57087230682373
595,initial,-9.177498817443848
596,initial,-10.05389404296875
597,initial,-7.06121826171875
598,initial,-7.5828118324279785
599,initial,-6.613620758056641
600,initial,-7.785211086273193
601,initial,-7.755325794219971
602,initial,-8.269575119018555
603,initial,-9.43553638458252
604,initial,-8.711570739746094
605,initial,-7.28201150894165
606,initial,-7.492201805114746
607,initial,-7.371596813201904
608,initial,-7.577778339385986
609,initial,-8.165934562683105
610,initial,-7.600677967071533
611,initial,-8.029152870178223
612,initial,-7.1481451988220215
613,initial,-7.569271087646484
614,initial,-7.839432716369629
615,initial,-8.3982572555542
616,initial,-7.411401271820068
617,initial,-9.563240051269531
618,initial,-7.9110565185546875
619,initial,-8.72153377532959
620,initial,-6.908968925476074
621,initial,-7.342979431152344
622,initial,-7.72760534286499
623,initial,-9.225122451782227
624,initial,-9.091690063476562
625,initial,-7.903790473937988
626,initial,-7.8015971183776855
627,initial,-7.378180503845215
628,initial,-8.393815994262695
629,initial,-7.9764509201049805
630,initial,-7.811360836029053
631,initial,-7.5931715965271
632,initial,-7.373486042022705
633,initial,-8.403675079345703
634,initial,-8.367262840270996
635,initial,-7.8432087898254395
636,initial,-8.652885437011719
637,initial,-7.221938133239746
638,initial,-7.043169021606445
639,initial,-9.172589302062988
640,initial,-7.157688617706299
641,initial,-8.309393882751465
642,initial,-8.022710800170898
643,initial,-7.757202625274658
644,initial,-8.140813827514648
645,initial,-7.192173480987549
646,initial,-8.216870307922363
647,initial,-7.658738136291504
648,initial,-7.191710948944092
649,initial,-8.862025260925293
650,initial,-8.396257400512695
651,initial,-7.205826282501221
652,initial,-9.028440475463867
653,initial,-8.4402437210083
654,initial,-7.858036041259766
655,initial,-8.972414016723633
656,initial,-7.3699049949646
657,initial,-7.112709999084473
658,initial,-8.25071907043457
659,initial,-8.098475456237793
660,initial,-7.55318546295166
661,initial,-7.831212997436523
662,initial,-8.503561019897461
663,initial,-6.763118743896484
664,initial,-7.342289447784424
665,initial,-7.407024383544922
666,initial,-8.776248931884766
667,initial,-8.613608360290527
668,initial,-7.696808815002441
669,initial,-7.46906042098999
670,initial,-7.548177719116211
671,initial,-8.3141508102417
672,initial,-7.557972431182861
673,initial,-7.572695732116699
674,initial,-7.183375835418701
675,initial,-7.43970251083374
676,initial,-8.029232025146484
677,initial,-8.625814437866211
678,initial,-7.404280662536621
679,initial,-8.073929786682129
680,initial,-6.991074562072754
681,initial,-8.939013481140137
682,initial,-9.011153221130371
683,initial,-8.443695068359375
684,initial,-8.188220024108887
685,initial,-8.514795303344727
686,initial,-9.052545547485352
687,initial,-7.321343421936035
688,initial,-7.966392993927002
689,initial,-9.992070198059082
690,initial,-9.420574188232422
691,initial,-8.981809616088867
692,initial,-10.448673248291016
693,initial,-7.961075782775879
694,initial,-8.210457801818848
695,initial,-10.223918914794922
696,initial,-8.097460746765137
697,initial,-10.633379936218262
698,initial,-10.66627311706543
699,initial,-11.18336296081543
700,initial,-8.277440071105957
701,initial,-8.883320808410645
702,initial,-9.214349746704102
703,initial,-11.276175498962402
704,initial,-6.896806716918945
705,initial,-8.836747169494629
706,initial,-9.31126880645752
707,initial,-11.148584365844727
708,initial,-7.260226726531982
709,initial,-10.804544448852539
710,initial,-8.218266487121582
711,initial,-8.638688087463379
712,initial,-9.151631355285645
713,initial,-9.496786117553711
714,initial,-7.61311674118042
715,initial,-8.6563720703125
716,initial,-8.59534740447998
717,initial,-9.196761131286621
718,initial,-8.264253616333008
719,initial,-8.569329261779785
720,initial,-7.667613506317139
721,initial,-10.787153244018555
722,initial,-9.076699256896973
723,initial,-7.26716947555542
724,initial,-8.698308944702148
725,initial,-9.557161331176758
726,initial,-7.774385929107666
727,initial,-8.346302032470703
728,initial,-8.194972038269043
729,initial,-8.584504127502441
730,initial,-6.7200398445129395
731,initial,-7.831183433532715
732,initial,-9.325928688049316
733,initial,-9.280435562133789
734,initial,-8.561370849609375
735,initial,-9.417494773864746
736,initial,-7.377656936645508
737,initial,-8.29826831817627
738,initial,-9.59035587310791
739,initial,-7.5646867752075195
740,initial,-10.017348289489746
741,initial,-9.892128944396973
742,initial,-10.14266586303711
743,initial,-7.923206806182861
744,initial,-9.081353187561035
745,initial,-6.372622966766357
746,initial,-7.082690238952637
747,initial,-6.478697299957275
748,initial,-6.947505950927734
749,initial,-7.711131572723389
750,initial,-6.892018795013428
751,initial,-5.945854187011719
752,initial,-7.089542865753174
753,initial,-6.580232620239258
754,initial,-8.768481254577637
755,initial,-6.3671698570251465
756,initial,-6.695862770080566
757,initial,-8.36359977722168
758,initial,-8.219862937927246
759,initial,-7.102745532989502
760,initial,-7.681915760040283
761,initial,-8.535305976867676
762,initial,-8.012741088867188
763,initial,-6.994193077087402
764,initial,-6.745528221130371
765,initial,-7.5310163497924805
766,initial,-7.0438456535339355
767,initial,-7.53157377243042
768,initial,-7.167105674743652
769,initial,-7.325653076171875
770,initial,-7.872279167175293
771,initial,-6.96817684173584
772,initial,-7.482171058654785
773,initial,-7.277132034301758
774,initial,-7.865397930145264
775,initial,-8.64372444152832
776,initial,-7.535182952880859
777,initial,-7.05850076675415
778,initial,-6.990723133087158
779,initial,-9.21397876739502
780,initial,-7.2237725257873535
781,initial,-8.796415328979492
782,initial,-6.957973480224609
783,initial,-7.553637981414795
784,initial,-5.939217567443848
785,initial,-6.249898910522461
786,initial,-6.452986240386963
787,initial,-7.3271565437316895
788,initial,-5.991998195648193
789,initial,-6.66783332824707
790,initial,-5.745473384857178
791,initial,-6.204181671142578
792,initial,-6.844423770904541
793,initial,-7.299750804901123
794,initial,-5.295331001281738
795,initial,-6.1517109870910645
796,initial,-6.564385414123535
797,initial,-6.099191188812256
798,initial,-7.54266881942749
799,initial,-6.63922643661499
800,initial,-6.793417930603027
801,initial,-6.557676315307617
802,initial,-5.618553638458252
803,initial,-8.527892112731934
804,initial,-7.268776893615723
805,initial,-7.466270446777344
806,initial,-6.599786758422852
807,initial,-5.808778762817383
808,initial,-5.664300918579102
809,initial,-6.868934631347656
810,initial,-6.380516052246094
811,initial,-8.019386291503906
812,initial,-6.279491424560547
813,initial,-7.081521034240723
814,initial,-7.142632484436035
815,initial,-7.617764949798584
816,initial,-6.834883689880371
817,initial,-5.5528106689453125
818,initial,-6.499739646911621
819,initial,-6.5179948806762695
820,initial,-5.698822975158691
821,initial,-7.237631797790527
822,initial,-7.038005352020264
823,initial,-7.277053356170654
824,initial,-7.222213268280029
825,initial,-5.978922367095947
826,initial,-6.34365701675415
827,initial,-6.2798662185668945
828,initial,-6.221236705780029
829,initial,-6.592061996459961
830,initial,-7.639292240142822
831,initial,-6.209685802459717
832,initial,-6.735903739929199
833,initial,-5.792926788330078
834,initial,-6.3805742263793945
835,initial,-7.14019250869751
836,initial,-7.514650344848633
837,initial,-5.794659614562988
838,initial,-5.996626377105713
839,initial,-6.572728157043457
840,initial,-6.207736015319824
841,initial,-7.231988906860352
842,initial,-6.958099365234375
843,initial,-6.798069953918457
844,initial,-6.508947849273682
845,initial,-5.924315452575684
846,initial,-7.9692535400390625
847,initial,-7.1297607421875
848,initial,-5.799120903015137
849,initial,-8.277463912963867
850,initial,-8.040438652038574
851,initial,-6.70461368560791
852,initial,-6.855991363525391
853,initial,-6.396199703216553
854,initial,-7.6105780601501465
855,initial,-6.177316188812256
856,initial,-7.706892490386963
857,initial,-5.334264755249023
858,initial,-8.59659481048584
859,initial,-5.334264755249023
860,initial,-5.641812324523926
861,initial,-6.413881301879883
862,initial,-6.121351718902588
863,initial,-7.1770453453063965
864,initial,-6.679628372192383
865,initial,-6.624548435211182
866,initial,-8.62031364440918
867,initial,-5.601919174194336
868,initial,-6.959356307983398
869,initial,-6.196420192718506
870,initial,-6.881610870361328
871,initial,-7.809089660644531
872,initial,-6.22008752822876
873,initial,-8.340723037719727
874,initial,-6.882963180541992
875,initial,-6.624548435211182
876,initial,-6.719114780426025
877,initial,-5.811108589172363
878,initial,-6.640847206115723
879,initial,-6.307206630706787
880,initial,-6.795002460479736
881,initial,-8.587981224060059
882,initial,-8.081663131713867
883,initial,-5.621569633483887
884,initial,-6.34358024597168
885,initial,-6.196420192718506
886,initial,-7.210536479949951
887,initial,-6.806814670562744
888,initial,-8.277463912963867
889,initial,-7.162983417510986
890,initial,-6.835184097290039
891,initial,-5.701186180114746
892,initial,-7.710773944854736
893,initial,-7.748154640197754
894,initial,-6.577603340148926
895,initial,-6.6775946617126465
896,initial,-6.4573211669921875
897,initial,-7.1044158935546875
898,initial,-6.149999141693115
899,initial,-7.204026699066162
900,initial,-5.686007976531982
901,initial,-7.987579345703125
902,initial,-5.686007976531982
903,initial,-5.617093563079834
904,initial,-6.177796363830566
905,initial,-5.984340667724609
906,initial,-7.166994571685791
907,initial,-6.668745994567871
908,initial,-6.600834846496582
909,initial,-8.533185005187988
910,initial,-6.634423732757568
911,initial,-6.561504364013672
912,initial,-6.442392349243164
913,initial,-6.9812774658203125
914,initial,-7.224727153778076
915,initial,-6.442392349243164
916,initial,-7.147441387176514
917,initial,-6.20325231552124
918,initial,-6.452624797821045
919,initial,-6.764659881591797
920,initial,-6.935510158538818
921,initial,-7.2103400230407715
922,initial,-6.424726963043213
923,initial,-6.514988422393799
924,initial,-7.103048801422119
925,initial,-6.614431858062744
926,initial,-7.263960838317871
927,initial,-6.865400791168213
928,initial,-6.0300374031066895
929,initial,-5.831945419311523
930,initial,-6.6853485107421875
931,initial,-6.303518295288086
932,initial,-6.063053607940674
933,initial,-6.446568012237549
934,initial,-7.115797519683838
935,initial,-7.705628395080566
936,initial,-6.864465713500977
937,initial,-5.908456325531006
938,initial,-6.928614139556885
939,initial,-6.915091514587402
940,initial,-6.547512531280518
941,initial,-7.018103122711182
942,initial,-7.957658767700195
943,initial,-6.472534656524658
944,initial,-6.974818229675293
945,initial,-6.1888813972473145
946,initial,-6.763237953186035
947,initial,-6.137905120849609
948,initial,-6.2029128074646
949,initial,-6.930211067199707
950,initial,-7.414906024932861
951,initial,-6.643003940582275
952,initial,-6.498370170593262
953,initial,-6.729827404022217
954,initial,-6.50337553024292
955,initial,-6.65169095993042
956,initial,-6.76198148727417
957,initial,-7.134934425354004
958,initial,-6.65169095993042
959,initial,-7.236387729644775
960,initial,-6.298544883728027
961,initial,-6.357555389404297
962,initial,-6.774984359741211
963,initial,-6.674625873565674
964,initial,-7.05626916885376
965,initial,-6.234857559204102
966,initial,-6.5446319580078125
967,initial,-7.0881524085998535
968,initial,-6.429583549499512
969,initial,-6.956232070922852
970,initial,-7.114715576171875
971,initial,-6.061221599578857
972,initial,-5.8791680335998535
973,initial,-6.744808197021484
974,initial,-8.406691551208496
975,initial,-7.183103561401367
976,initial,-7.288481712341309
977,initial,-6.702535152435303
978,initial,-8.365654945373535
979,initial,-7.96429443359375
980,initial,-6.662998199462891
981,initial,-8.892743110656738
982,initial,-6.058181285858154
983,initial,-6.26239538192749
984,initial,-6.712985038757324
985,initial,-6.872379302978516
986,initial,-7.387299537658691
987,initial,-8.36762809753418
988,initial,-6.493673801422119
989,initial,-6.473559379577637
990,initial,-7.429991722106934
991,initial,-6.4434051513671875
992,initial,-7.226725101470947
993,initial,-7.328592777252197
994,initial,-6.889307498931885
995,initial,-6.728701591491699
996,initial,-8.030441284179688
997,initial,-7.695614337921143
998,initial,-7.613729476928711
999,initial,-6.757297039031982
1000,initial,-6.567323684692383
1001,initial,-8.62388801574707
1002,initial,-7.027861595153809
1003,initial,-6.478801727294922
1004,initial,-8.952211380004883
1005,initial,-7.5031657218933105
1006,initial,-6.323024272918701
1007,initial,-8.554136276245117
1008,initial,-6.8448333740234375
1009,initial,-7.629714012145996
1010,initial,-6.778505325317383
1011,initial,-6.825306415557861
1012,initial,-6.377986431121826
1013,initial,-7.076656341552734
1014,initial,-7.47261381149292
1015,initial,-8.294421195983887
1016,initial,-6.607170104980469
1017,initial,-8.175691604614258
1018,initial,-7.291956424713135
1019,initial,-7.09508752822876
1020,initial,-6.682109355926514
1021,initial,-7.795335292816162
1022,initial,-7.584534645080566
1023,initial,-6.720173358917236
1024,initial,-8.211695671081543
1025,initial,-5.8742356300354
1026,initial,-6.37699556350708
1027,initial,-6.486955642700195
1028,initial,-6.605624675750732
1029,initial,-6.916291236877441
1030,initial,-7.733208656311035
1031,initial,-6.4944748878479
1032,initial,-6.206585884094238
1033,initial,-7.2616400718688965
1034,initial,-5.929309368133545
1035,initial,-6.972382545471191
1036,initial,-7.554957866668701
1037,initial,-7.262820720672607
1038,initial,-5.786285400390625
1039,initial,-5.583012580871582
1040,initial,-7.308475494384766
1041,initial,-6.432692050933838
1042,initial,-6.224725246429443
1043,initial,-7.17458963394165
1044,initial,-6.223492622375488
1045,initial,-5.427539348602295
1046,initial,-6.967723369598389
1047,initial,-6.209031581878662
1048,initial,-5.6921844482421875
1049,initial,-7.139817714691162
1050,initial,-5.824881076812744
1051,initial,-6.3284149169921875
1052,initial,-7.414212226867676
1053,initial,-6.589550495147705
1054,initial,-6.040480136871338
1055,initial,-6.410457611083984
1056,initial,-5.77548885345459
1057,initial,-8.084693908691406
1058,initial,-7.300609111785889
1059,initial,-6.825382232666016
1060,initial,-7.194736957550049
1061,initial,-6.032959461212158
1062,initial,-6.585822105407715
1063,initial,-7.968554973602295
1064,initial,-7.151192665100098
1065,initial,-7.218381881713867
1066,initial,-6.999826908111572
1067,initial,-6.1293864250183105
1068,initial,-6.250102996826172
1069,initial,-5.720184803009033
1070,initial,-6.583220481872559
1071,initial,-6.477719306945801
1072,initial,-5.8711748123168945
1073,initial,-6.979525089263916
1074,initial,-7.088013648986816
1075,initial,-5.628678321838379
1076,initial,-6.438928604125977
1077,initial,-6.338912487030029
1078,initial,-7.348480224609375
1079,initial,-7.749532699584961
1080,initial,-8.258976936340332
1081,initial,-7.465055465698242
1082,initial,-7.86309289932251
1083,initial,-6.950527667999268
1084,initial,-6.950527667999268
1085,initial,-7.841272830963135
1086,initial,-7.134457588195801
1087,initial,-7.95250940322876
1088,initial,-7.582098484039307
1089,initial,-6.9810614585876465
1090,initial,-7.755344390869141
1091,initial,-8.307656288146973
1092,initial,-6.976916790008545
1093,initial,-7.621784210205078
1094,initial,-7.565952301025391
1095,initial,-7.875565052032471
1096,initial,-6.070350170135498
1097,initial,-8.536023139953613
1098,initial,-7.511389255523682
1099,initial,-7.599924564361572
1100,initial,-6.834287166595459
1101,initial,-6.557025909423828
1102,initial,-8.410889625549316
1103,initial,-7.103145599365234
1104,initial,-8.201704978942871
1105,initial,-6.4862518310546875
1106,initial,-7.196123123168945
1107,initial,-7.988063812255859
1108,initial,-7.415841579437256
1109,initial,-8.247564315795898
1110,initial,-9.148961067199707
1111,initial,-6.022455215454102
1112,initial,-8.263922691345215
1113,initial,-8.1469087600708
1114,initial,-7.5020270347595215
1115,initial,-6.835213661193848
1116,initial,-7.988063812255859
1117,initial,-7.085976600646973
1118,initial,-6.528450012207031
1119,initial,-5.948702335357666
1120,initial,-6.441475868225098
1121,initial,-7.398486614227295
1122,initial,-7.516486167907715
1123,initial,-7.53324031829834
1124,initial,-7.035048961639404
1125,initial,-7.2395243644714355
1126,initial,-7.1529927253723145
1127,initial,-7.1529927253723145
1128,initial,-7.468113422393799
1129,initial,-6.76690673828125
1130,initial,-7.531352519989014
1131,initial,-7.062832832336426
1132,initial,-6.440873146057129
1133,initial,-7.205796718597412
1134,initial,-7.69773006439209
1135,initial,-7.045088768005371
1136,initial,-7.429548740386963
1137,initial,-7.259997367858887
1138,initial,-7.496189117431641
1139,initial,-8.515724182128906
1140,initial,-8.261698722839355
1141,initial,-7.124674320220947
1142,initial,-6.575657367706299
1143,initial,-7.360453128814697
1144,initial,-8.323822021484375
1145,initial,-7.535703182220459
1146,initial,-6.80933952331543
1147,initial,-7.771498203277588
1148,initial,-7.017273902893066
1149,initial,-7.128669261932373
1150,initial,-8.620091438293457
1151,initial,-8.7621488571167
1152,initial,-7.863028049468994
1153,initial,-8.586163520812988
1154,initial,-6.703898906707764
1155,initial,-8.7621488571167
1156,initial,-8.702845573425293
1157,initial,-8.906872749328613
1158,initial,-8.243462562561035
1159,initial,-7.724154949188232
1160,initial,-8.32828426361084
1161,initial,-8.79773235321045
1162,initial,-6.5177531242370605
1163,initial,-7.3504791259765625
1164,initial,-8.17491340637207
1165,initial,-9.179427146911621
1166,initial,-8.79773235321045
1167,initial,-6.172849655151367
1168,initial,-8.27193832397461
1169,initial,-9.565018653869629
1170,initial,-8.047468185424805
1171,initial,-7.698953151702881
1172,initial,-8.780448913574219
1173,initial,-8.780448913574219
1174,initial,-8.432517051696777
1175,initial,-6.990476131439209
1176,initial,-6.803858280181885
1177,initial,-6.8454508781433105
1178,initial,-7.3247246742248535
1179,initial,-7.512698650360107
1180,initial,-8.12974739074707
1181,initial,-8.17491340637207
1182,initial,-7.5979766845703125
1183,initial,-7.2794036865234375
1184,initial,-6.63721227645874
1185,initial,-6.461444854736328
1186,initial,-7.242116928100586
1187,initial,-7.231148719787598
1188,initial,-7.460737228393555
1189,initial,-6.152390480041504
1190,initial,-7.600317478179932
1191,initial,-6.642824649810791
1192,initial,-6.921133995056152
1193,initial,-7.5897674560546875
1194,initial,-7.549998760223389
1195,initial,-7.087316989898682
1196,initial,-7.523646831512451
1197,initial,-6.257287979125977
1198,initial,-7.549998760223389
1199,initial,-7.807639122009277
1200,initial,-7.705471992492676
1201,initial,-7.735969066619873
1202,initial,-7.296514511108398
1203,initial,-7.850235939025879
1204,initial,-7.668503284454346
1205,initial,-7.115170955657959
1206,initial,-7.4421210289001465
1207,initial,-7.226462364196777
1208,initial,-6.7881340980529785
1209,initial,-8.595285415649414
1210,initial,-7.0784807205200195
1211,initial,-7.080750465393066
1212,initial,-8.248757362365723
1213,initial,-7.004420280456543
1214,initial,-7.297525405883789
1215,initial,-6.831294536590576
1216,initial,-8.25089168548584
1217,initial,-6.8435187339782715
1218,initial,-7.130228042602539
1219,initial,-7.5149245262146
1220,initial,-6.491150856018066
1221,initial,-8.210615158081055
1222,initial,-7.706096649169922
1223,initial,-6.1841912269592285
1224,initial,-7.545220851898193
1225,initial,-7.5718488693237305
1226,initial,-7.892856597900391
1227,initial,-7.359952926635742
1228,initial,-7.478465557098389
1229,initial,-7.016350746154785
1230,initial,-7.384541988372803
1231,initial,-7.0897674560546875
1232,initial,-7.453071594238281
1233,initial,-7.333493709564209
1234,initial,-6.682885646820068
1235,initial,-8.491626739501953
1236,initial,-7.219003677368164
1237,initial,-8.406210899353027
1238,initial,-7.465104579925537
1239,initial,-7.494336128234863
1240,initial,-6.933521747589111
1241,initial,-8.234067916870117
1242,initial,-7.318830490112305
1243,initial,-6.5373945236206055
1244,initial,-6.819651126861572
1245,initial,-6.900024890899658
1246,initial,-7.316464900970459
1247,initial,-6.764649391174316
1248,initial,-7.3153228759765625
1249,initial,-6.973758697509766
1250,initial,-6.67343282699585
1251,initial,-6.572636127471924
1252,initial,-7.779980182647705
1253,initial,-6.76154899597168
1254,initial,-7.005091667175293
1255,initial,-8.05970573425293
1256,initial,-6.980293273925781
1257,initial,-7.0092973709106445
1258,initial,-6.619753837585449
1259,initial,-7.7379937171936035
1260,initial,-6.525272846221924
1261,initial,-6.651427268981934
1262,initial,-7.200263977050781
1263,initial,-5.678739547729492
1264,initial,-7.2462921142578125
1265,initial,-8.464186668395996
1266,initial,-7.551669597625732
1267,initial,-7.9554877281188965
1268,initial,-7.578742027282715
1269,initial,-8.688645362854004
1270,initial,-7.647622108459473
1271,initial,-9.265240669250488
1272,initial,-7.750588893890381
1273,initial,-8.047674179077148
1274,initial,-8.112030982971191
1275,initial,-7.704536437988281
1276,initial,-8.912774085998535
1277,initial,-7.148133277893066
1278,initial,-7.55828857421875
1279,initial,-8.746275901794434
1280,initial,-7.38958215713501
1281,initial,-8.01779842376709
1282,initial,-9.376873970031738
1283,initial,-7.862697601318359
1284,initial,-7.391648769378662
1285,initial,-9.509078025817871
1286,initial,-8.06334114074707
1287,initial,-9.604229927062988
1288,initial,-8.7779541015625
1289,initial,-9.332245826721191
1290,initial,-8.449859619140625
1291,initial,-8.239381790161133
1292,initial,-8.17827320098877
1293,initial,-9.14926528930664
1294,initial,-9.714739799499512
1295,initial,-7.9554877281188965
1296,initial,-9.113239288330078
1297,initial,-9.526515007019043
1298,initial,-8.143316268920898
1299,initial,-7.643571376800537
1300,initial,-7.38958215713501
1301,initial,-7.166554927825928
1302,initial,-8.875356674194336
1303,initial,-8.466395378112793
1304,initial,-8.016608238220215
1305,initial,-8.957200050354004
1306,initial,-8.31792163848877
1307,initial,-7.268779754638672
1308,initial,-7.655882835388184
1309,initial,-6.339000225067139
1310,initial,-8.224048614501953
1311,initial,-7.38428258895874
1312,initial,-8.539850234985352
1313,initial,-6.894600868225098
1314,initial,-8.945721626281738
1315,initial,-7.250815391540527
1316,initial,-7.583574295043945
1317,initial,-7.471473693847656
1318,initial,-6.691520690917969
1319,initial,-8.276638984680176
1320,initial,-7.010604381561279
1321,initial,-6.916440486907959
1322,initial,-7.719829082489014
1323,initial,-6.537779331207275
1324,initial,-7.988887786865234
1325,initial,-8.129666328430176
1326,initial,-7.68695068359375
1327,initial,-7.161981582641602
1328,initial,-6.741438865661621
1329,initial,-6.924726963043213
1330,initial,-6.924726963043213
1331,initial,-7.9350738525390625
1332,initial,-7.837296485900879
1333,initial,-6.276594638824463
1334,initial,-7.122228145599365
1335,initial,-6.648805141448975
1336,initial,-6.922783851623535
1337,initial,-7.079751014709473
1338,initial,-5.950060844421387
1339,initial,-6.647058486938477
1340,initial,-6.682678699493408
1341,initial,-8.019489288330078
1342,initial,-7.289318561553955
1343,initial,-6.3251800537109375
1344,initial,-7.0417327880859375
1345,initial,-6.477263927459717
1346,initial,-6.090527057647705
1347,initial,-6.1668524742126465
1348,initial,-7.581334590911865
1349,initial,-7.240412712097168
1350,initial,-6.7496137619018555
1351,initial,-6.449161052703857
1352,initial,-7.723204612731934
1353,initial,-6.039381504058838
1354,initial,-6.038420677185059
1355,initial,-6.194976806640625
1356,initial,-7.153199195861816
1357,initial,-6.674834728240967
1358,initial,-6.966488838195801
1359,initial,-6.748565196990967
1360,initial,-6.778109073638916
1361,initial,-5.973148822784424
1362,initial,-5.6948137283325195
1363,initial,-7.17165994644165
1364,initial,-6.444962024688721
1365,initial,-7.410898208618164
1366,initial,-6.192264080047607
1367,initial,-7.008396148681641
0,final,-2.9620578289031982
1,final,-9.224721908569336
2,final,-3.0900840759277344
3,final,-9.256440162658691
4,final,-2.8560104370117188
5,final,-8.987196922302246
6,final,-2.5766754150390625
7,final,-9.472326278686523
8,final,-3.0278966426849365
9,final,-3.5735716819763184
10,final,-3.9308032989501953
11,final,-3.3301162719726562
12,final,-2.820913791656494
13,final,-4.442320346832275
14,final,-2.5266568660736084
15,final,-3.5749473571777344
16,final,-5.803325176239014
17,final,-3.3301162719726562
18,final,-3.381183385848999
19,final,-3.0900840759277344
20,final,-3.916595458984375
21,final,-4.257039546966553
22,final,-3.400153398513794
23,final,-2.55888032913208
24,final,-2.2214789390563965
25,final,-4.257039546966553
26,final,-3.4017021656036377
27,final,-2.711111545562744
28,final,-1.9407724142074585
29,final,-3.4017021656036377
30,final,-8.597306251525879
31,final,-3.611618995666504
32,final,-2.654754877090454
33,final,-5.617807388305664
34,final,-8.539929389953613
35,final,-8.594988822937012
36,final,-2.3180439472198486
37,final,-3.7689402103424072
38,final,-1.9603371620178223
39,final,-4.24745512008667
40,final,-6.322080612182617
41,final,-3.8311309814453125
42,final,-5.557864665985107
43,final,-5.332930564880371
44,final,-5.302767753601074
45,final,-9.599925994873047
46,final,-4.3550238609313965
47,final,-6.468053817749023
48,final,-8.946928024291992
49,final,-6.033228397369385
50,final,-4.678099632263184
51,final,-7.5652289390563965
52,final,-3.9953901767730713
53,final,-5.441445827484131
54,final,-4.555251598358154
55,final,-4.747085094451904
56,final,-4.9015913009643555
57,final,-9.117051124572754
58,final,-6.155122756958008
59,final,-4.998427391052246
60,final,-3.527132272720337
61,final,-5.6637396812438965
62,final,-6.112451076507568
63,final,-4.419162273406982
64,final,-5.560276508331299
65,final,-3.8919873237609863
66,final,-4.952961444854736
67,final,-9.073596954345703
68,final,-10.046503067016602
69,final,-4.370591163635254
70,final,-8.730708122253418
71,final,-3.4787354469299316
72,final,-4.331425189971924
73,final,-7.299252033233643
74,final,-10.282243728637695
75,final,-6.611720561981201
76,final,-6.024691104888916
77,final,-4.113142967224121
78,final,-4.4998459815979
79,final,-3.633807897567749
80,final,-3.3833940029144287
81,final,-5.532026290893555
82,final,-4.0279741287231445
83,final,-5.635507583618164
84,final,-5.345154762268066
85,final,-4.23400354385376
86,final,-5.518416404724121
87,final,-5.437568664550781
88,final,-5.826115608215332
89,final,-4.440541744232178
90,final,-3.636993408203125
91,final,-3.498802423477173
92,final,-7.184059143066406
93,final,-5.419974327087402
94,final,-6.922999382019043
95,final,-8.629880905151367
96,final,-4.2204484939575195
97,final,-5.461647987365723
98,final,-5.106778144836426
99,final,-8.265539169311523
100,final,-4.985999584197998
101,final,-6.131145000457764
102,final,-4.682407855987549
103,final,-5.541932106018066
104,final,-4.592045307159424
105,final,-4.385458946228027
106,final,-2.7018749713897705
107,final,-9.277945518493652
108,final,-4.592045307159424
109,final,-3.13930344581604
110,final,-4.241489887237549
111,final,-3.798870801925659
112,final,-3.21148681640625
113,final,-5.544605255126953
114,final,-3.7983858585357666
115,final,-3.114168167114258
116,final,-3.550014019012451
117,final,-5.359111785888672
118,final,-4.077449798583984
119,final,-3.8202455043792725
120,final,-4.913261890411377
121,final,-4.133514404296875
122,final,-2.9017722606658936
123,final,-3.3131511211395264
124,final,-3.16552734375
125,final,-2.9017722606658936
126,final,-3.545640230178833
127,final,-3.5664894580841064
128,final,-4.089319705963135
129,final,-2.5604937076568604
130,final,-3.7882652282714844
131,final,-2.793863296508789
132,final,-3.552145004272461
133,final,-5.0053324699401855
134,final,-2.9866762161254883
135,final,-6.250797271728516
136,final,-9.24432373046875
137,final,-6.440270900726318
138,final,-2.8678207397460938
139,final,-4.007351398468018
140,final,-4.3503899574279785
141,final,-5.071817398071289
142,final,-6.7798237800598145
143,final,-5.448596000671387
144,final,-4.998661518096924
145,final,-7.400343894958496
146,final,-4.413627624511719
147,final,-6.4862518310546875
148,final,-6.536265850067139
149,final,-5.183796405792236
150,final,-5.890742301940918
151,final,-8.43375301361084
152,final,-3.7680821418762207
153,final,-6.083817481994629
154,final,-4.5505876541137695
155,final,-9.040609359741211
156,final,-4.5505876541137695
157,final,-4.37122106552124
158,final,-5.457991123199463
159,final,-8.60118293762207
160,final,-6.187858581542969
161,final,-4.64078950881958
162,final,-4.176529407501221
163,final,-6.3732829093933105
164,final,-3.6283175945281982
165,final,-4.033590316772461
166,final,-6.134695529937744
167,final,-4.002957820892334
168,final,-7.326269149780273
169,final,-3.4164950847625732
170,final,-6.125137805938721
171,final,-9.933345794677734
172,final,-7.624902725219727
173,final,-5.128385066986084
174,final,-5.454540729522705
175,final,-5.435297966003418
176,final,-9.22842788696289
177,final,-4.487890720367432
178,final,-3.039487361907959
179,final,-7.4068779945373535
180,final,-3.6971230506896973
181,final,-4.139734745025635
182,final,-5.373375415802002
183,final,-7.101157188415527
184,final,-4.767621994018555
185,final,-6.690896987915039
186,final,-4.793388366699219
187,final,-4.15578031539917
188,final,-4.74468469619751
189,final,-5.30161714553833
190,final,-5.540985107421875
191,final,-5.635684967041016
192,final,-7.916632175445557
193,final,-7.210683822631836
194,final,-7.990037441253662
195,final,-4.281416416168213
196,final,-8.861966133117676
197,final,-4.932583808898926
198,final,-5.168801307678223
199,final,-4.266978740692139
200,final,-2.8399176597595215
201,final,-4.832921504974365
202,final,-2.8264803886413574
203,final,-2.8992691040039062
204,final,-2.723296642303467
205,final,-2.723296642303467
206,final,-3.551790475845337
207,final,-3.2261455059051514
208,final,-4.839175701141357
209,final,-4.336242198944092
210,final,-4.8276166915893555
211,final,-3.672156810760498
212,final,-6.0431671142578125
213,final,-8.80349349975586
214,final,-3.3025310039520264
215,final,-4.820985317230225
216,final,-3.4195032119750977
217,final,-7.86053466796875
218,final,-5.199656963348389
219,final,-4.022720813751221
220,final,-5.535778522491455
221,final,-6.512167453765869
222,final,-6.571407318115234
223,final,-6.883436679840088
224,final,-5.612519264221191
225,final,-7.3539581298828125
226,final,-6.110958576202393
227,final,-7.506137847900391
228,final,-10.223360061645508
229,final,-11.406149864196777
230,final,-7.3427300453186035
231,final,-5.454089164733887
232,final,-5.795331954956055
233,final,-5.794671058654785
234,final,-5.920346260070801
235,final,-8.083757400512695
236,final,-7.5140180587768555
237,final,-6.366395473480225
238,final,-5.306933403015137
239,final,-4.846794605255127
240,final,-5.051545143127441
241,final,-6.388787269592285
242,final,-7.515528678894043
243,final,-5.184713840484619
244,final,-7.3406782150268555
245,final,-6.422590732574463
246,final,-7.833765506744385
247,final,-6.895821571350098
248,final,-10.042341232299805
249,final,-6.159969329833984
250,final,-7.429224491119385
251,final,-10.557402610778809
252,final,-5.920346260070801
253,final,-6.512167453765869
254,final,-6.512167453765869
255,final,-11.406149864196777
256,final,-7.654446125030518
257,final,-6.325073719024658
258,final,-7.984841346740723
259,final,-5.768695831298828
260,final,-7.7060441970825195
261,final,-8.615926742553711
262,final,-5.946881294250488
263,final,-4.363924503326416
264,final,-5.488615989685059
265,final,-4.621375560760498
266,final,-5.5268707275390625
267,final,-4.334994316101074
268,final,-6.131916522979736
269,final,-5.114620208740234
270,final,-6.397903919219971
271,final,-9.028984069824219
272,final,-9.448575019836426
273,final,-6.113553524017334
274,final,-5.005002975463867
275,final,-5.0433878898620605
276,final,-4.848773002624512
277,final,-4.264721870422363
278,final,-6.047072410583496
279,final,-5.645012378692627
280,final,-5.551643371582031
281,final,-5.04258918762207
282,final,-4.031232833862305
283,final,-4.7472124099731445
284,final,-5.849418640136719
285,final,-8.682401657104492
286,final,-5.520682334899902
287,final,-6.309463024139404
288,final,-10.706160545349121
289,final,-6.265792369842529
290,final,-6.143170356750488
291,final,-7.3263702392578125
292,final,-10.87156867980957
293,final,-5.180710315704346
294,final,-7.317520618438721
295,final,-6.0109381675720215
296,final,-10.676774978637695
297,final,-6.049561977386475
298,final,-6.9409379959106445
299,final,-10.62513542175293
300,final,-6.9409379959106445
301,final,-7.615365028381348
302,final,-7.812171459197998
303,final,-5.473629951477051
304,final,-9.860294342041016
305,final,-7.29223108291626
306,final,-6.560901165008545
307,final,-5.842502593994141
308,final,-6.163244724273682
309,final,-6.745941162109375
310,final,-6.0109381675720215
311,final,-7.2929816246032715
312,final,-8.164464950561523
313,final,-10.706160545349121
314,final,-8.077383995056152
315,final,-5.842502593994141
316,final,-6.338233470916748
317,final,-6.9334235191345215
318,final,-4.492133617401123
319,final,-6.312348365783691
320,final,-7.5416388511657715
321,final,-10.70616626739502
322,final,-6.978187084197998
323,final,-5.976443290710449
324,final,-5.259934425354004
325,final,-6.584612846374512
326,final,-3.586557149887085
327,final,-4.635634899139404
328,final,-5.606398582458496
329,final,-3.8356332778930664
330,final,-3.8322765827178955
331,final,-8.36998176574707
332,final,-4.2588629722595215
333,final,-4.6000165939331055
334,final,-5.6540679931640625
335,final,-8.798532485961914
336,final,-4.199634075164795
337,final,-5.534545421600342
338,final,-4.393680572509766
339,final,-8.58848762512207
340,final,-3.8526015281677246
341,final,-4.945096969604492
342,final,-9.04008960723877
343,final,-4.945096969604492
344,final,-6.14711856842041
345,final,-5.69456672668457
346,final,-6.411462783813477
347,final,-9.841329574584961
348,final,-6.647122859954834
349,final,-6.576822757720947
350,final,-5.6864519119262695
351,final,-7.429553508758545
352,final,-5.722539901733398
353,final,-6.796464920043945
354,final,-6.167195796966553
355,final,-6.1011152267456055
356,final,-7.217226505279541
357,final,-6.3088555335998535
358,final,-5.958095073699951
359,final,-6.850821495056152
360,final,-6.878027439117432
361,final,-5.429378509521484
362,final,-6.048877239227295
363,final,-5.834449768066406
364,final,-7.135587215423584
365,final,-5.890347480773926
366,final,-7.250343322753906
367,final,-6.465135097503662
368,final,-6.7257561683654785
369,final,-10.003022193908691
370,final,-6.391066551208496
371,final,-6.3278021812438965
372,final,-5.462825775146484
373,final,-7.278500080108643
374,final,-7.2372002601623535
375,final,-7.89304780960083
376,final,-6.970808982849121
377,final,-7.181268215179443
378,final,-6.497287750244141
379,final,-5.627747535705566
380,final,-5.6568732261657715
381,final,-6.082146644592285
382,final,-5.316654205322266
383,final,-9.518021583557129
384,final,-5.971508502960205
385,final,-5.443024635314941
386,final,-6.465135097503662
387,final,-7.374418258666992
388,final,-6.951531410217285
389,final,-5.415749549865723
390,final,-9.134258270263672
391,final,-5.509923458099365
392,final,-5.603979587554932
393,final,-4.8788957595825195
394,final,-6.36950159072876
395,final,-4.629389762878418
396,final,-6.174336910247803
397,final,-5.178448677062988
398,final,-5.887420654296875
399,final,-7.327859401702881
400,final,-5.735272407531738
401,final,-5.48435640335083
402,final,-5.724981784820557
403,final,-6.9038262367248535
404,final,-5.38655948638916
405,final,-5.735878944396973
406,final,-5.223426342010498
407,final,-6.647190093994141
408,final,-5.681058883666992
409,final,-5.918191432952881
410,final,-5.437292098999023
411,final,-8.055685997009277
412,final,-8.390568733215332
413,final,-7.063815593719482
414,final,-7.201315879821777
415,final,-5.881589412689209
416,final,-6.134341716766357
417,final,-6.912827491760254
418,final,-5.876682758331299
419,final,-4.532677173614502
420,final,-5.501795291900635
421,final,-7.430078983306885
422,final,-8.780755043029785
423,final,-7.443065166473389
424,final,-8.056557655334473
425,final,-7.672214984893799
426,final,-6.459723472595215
427,final,-5.963735103607178
428,final,-7.170475482940674
429,final,-10.797134399414062
430,final,-6.875016689300537
431,final,-8.711750984191895
432,final,-8.257157325744629
433,final,-7.325655460357666
434,final,-8.261028289794922
435,final,-6.763154983520508
436,final,-4.9388837814331055
437,final,-5.886568069458008
438,final,-6.3383378982543945
439,final,-8.64582633972168
440,final,-5.713422775268555
441,final,-7.322812080383301
442,final,-10.998291015625
443,final,-6.708199501037598
444,final,-7.136739253997803
445,final,-8.271492004394531
446,final,-11.14627742767334
447,final,-8.387249946594238
448,final,-8.714079856872559
449,final,-7.119544982910156
450,final,-6.341282844543457
451,final,-9.860734939575195
452,final,-4.664459705352783
453,final,-4.80194616317749
454,final,-7.025343418121338
455,final,-6.77116584777832
456,final,-5.784760475158691
457,final,-5.823937892913818
458,final,-4.8777642250061035
459,final,-5.248568534851074
460,final,-5.621016979217529
461,final,-4.637750625610352
462,final,-3.953644275665283
463,final,-4.469101905822754
464,final,-5.926180839538574
465,final,-7.59193229675293
466,final,-4.767013072967529
467,final,-6.51705265045166
468,final,-6.449258327484131
469,final,-5.059501647949219
470,final,-4.564128875732422
471,final,-6.120054244995117
472,final,-4.331073760986328
473,final,-5.406681060791016
474,final,-4.823858261108398
475,final,-5.980867385864258
476,final,-5.6439409255981445
477,final,-3.977933645248413
478,final,-4.936625957489014
479,final,-4.846840858459473
480,final,-4.55035924911499
481,final,-5.830695152282715
482,final,-4.363365173339844
483,final,-4.272321701049805
484,final,-4.608491897583008
485,final,-3.9659476280212402
486,final,-4.697916030883789
487,final,-6.156149864196777
488,final,-5.033601760864258
489,final,-8.411646842956543
490,final,-8.857526779174805
491,final,-4.829877853393555
492,final,-6.079402923583984
493,final,-5.443183898925781
494,final,-4.63768196105957
495,final,-5.0928215980529785
496,final,-5.716655254364014
497,final,-4.996011257171631
498,final,-10.518231391906738
499,final,-5.857441425323486
500,final,-5.6144585609436035
501,final,-5.357139587402344
502,final,-7.134174346923828
503,final,-5.4644951820373535
504,final,-4.71523904800415
505,final,-5.266831874847412
506,final,-7.176522254943848
507,final,-6.276622295379639
508,final,-4.345117092132568
509,final,-12.209548950195312
510,final,-5.061854362487793
511,final,-6.720446586608887
512,final,-5.655609130859375
513,final,-7.830402851104736
514,final,-6.99822998046875
515,final,-6.610601902008057
516,final,-5.564670085906982
517,final,-5.713664531707764
518,final,-4.869076728820801
519,final,-4.6802802085876465
520,final,-6.72184944152832
521,final,-4.755153179168701
522,final,-4.45222806930542
523,final,-6.604008674621582
524,final,-6.096292972564697
525,final,-6.565431118011475
526,final,-4.552612781524658
527,final,-5.282870769500732
528,final,-7.032853126525879
529,final,-5.120418548583984
530,final,-7.149412631988525
531,final,-11.77080249786377
532,final,-5.36934232711792
533,final,-7.335414886474609
534,final,-8.005006790161133
535,final,-5.123036861419678
536,final,-4.481372356414795
537,final,-4.1909379959106445
538,final,-4.016177177429199
539,final,-4.678823471069336
540,final,-4.513045310974121
541,final,-9.141024589538574
542,final,-4.856288433074951
543,final,-5.126069068908691
544,final,-4.267723083496094
545,final,-5.5352301597595215
546,final,-4.18306303024292
547,final,-4.4241862297058105
548,final,-4.4697041511535645
549,final,-5.469777584075928
550,final,-5.207511901855469
551,final,-3.93524169921875
552,final,-10.381575584411621
553,final,-3.4806487560272217
554,final,-5.68093729019165
555,final,-5.015502452850342
556,final,-5.112945556640625
557,final,-5.69793701171875
558,final,-5.232421875
559,final,-5.314725399017334
560,final,-13.55559253692627
561,final,-7.296780586242676
562,final,-4.475930213928223
563,final,-4.594972133636475
564,final,-4.420185089111328
565,final,-4.786621570587158
566,final,-5.730257034301758
567,final,-6.961162567138672
568,final,-4.819015026092529
569,final,-5.5249152183532715
570,final,-4.5985636711120605
571,final,-4.917585849761963
572,final,-7.5569000244140625
573,final,-7.266993045806885
574,final,-10.384512901306152
575,final,-7.10399866104126
576,final,-9.010272026062012
577,final,-7.3823676109313965
578,final,-7.3823676109313965
579,final,-4.504216194152832
580,final,-5.314725399017334
581,final,-8.112489700317383
582,final,-4.635619163513184
583,final,-9.831599235534668
584,final,-5.584606170654297
585,final,-8.300477981567383
586,final,-12.483131408691406
587,final,-4.641910076141357
588,final,-6.998643398284912
589,final,-4.921492099761963
590,final,-8.294538497924805
591,final,-5.625118255615234
592,final,-7.5049943923950195
593,final,-7.10399866104126
594,final,-6.679765224456787
595,final,-6.06130838394165
596,final,-7.604964256286621
597,final,-6.114968776702881
598,final,-3.9817090034484863
599,final,-3.0470476150512695
600,final,-3.915111541748047
601,final,-4.008829593658447
602,final,-4.227973937988281
603,final,-10.098156929016113
604,final,-5.588169574737549
605,final,-2.372431993484497
606,final,-2.7748427391052246
607,final,-3.0837557315826416
608,final,-3.3779585361480713
609,final,-4.598666191101074
610,final,-5.51846170425415
611,final,-3.654773235321045
612,final,-3.0064587593078613
613,final,-3.2690374851226807
614,final,-3.659590005874634
615,final,-4.330385684967041
616,final,-5.043212890625
617,final,-7.181311130523682
618,final,-5.745828151702881
619,final,-7.368213176727295
620,final,-10.773554801940918
621,final,-4.91619873046875
622,final,-6.655714988708496
623,final,-6.562884330749512
624,final,-8.264997482299805
625,final,-6.297995567321777
626,final,-6.161036014556885
627,final,-5.246372222900391
628,final,-6.010141849517822
629,final,-6.182974815368652
630,final,-6.698052406311035
631,final,-7.376657485961914
632,final,-5.626816749572754
633,final,-6.706875324249268
634,final,-7.948903560638428
635,final,-7.387566566467285
636,final,-9.555971145629883
637,final,-10.995404243469238
638,final,-10.918017387390137
639,final,-6.446745872497559
640,final,-6.3013715744018555
641,final,-10.96458911895752
642,final,-6.361507892608643
643,final,-5.6365556716918945
644,final,-8.240738868713379
645,final,-5.381286144256592
646,final,-6.549774169921875
647,final,-6.489114761352539
648,final,-5.15732479095459
649,final,-8.768709182739258
650,final,-7.31318998336792
651,final,-5.609586238861084
652,final,-7.282298564910889
653,final,-8.496783256530762
654,final,-7.498783111572266
655,final,-7.529059886932373
656,final,-5.469202041625977
657,final,-7.25435733795166
658,final,-8.095746994018555
659,final,-5.606040000915527
660,final,-6.511401653289795
661,final,-4.773087024688721
662,final,-6.48616886138916
663,final,-9.210474967956543
664,final,-5.0154218673706055
665,final,-5.902203559875488
666,final,-5.6602911949157715
667,final,-6.549227237701416
668,final,-5.321284294128418
669,final,-5.079174518585205
670,final,-4.956801891326904
671,final,-5.297947406768799
672,final,-4.888034820556641
673,final,-6.76725435256958
674,final,-5.978714466094971
675,final,-5.013325214385986
676,final,-5.291783809661865
677,final,-6.303040504455566
678,final,-4.894034385681152
679,final,-6.942909240722656
680,final,-9.731547355651855
681,final,-12.190661430358887
682,final,-6.81416654586792
683,final,-5.8146796226501465
684,final,-5.644136905670166
685,final,-6.249051094055176
686,final,-6.513403415679932
687,final,-4.992161273956299
688,final,-5.571107864379883
689,final,-6.829277038574219
690,final,-8.91218376159668
691,final,-6.499656677246094
692,final,-7.249830722808838
693,final,-5.648319721221924
694,final,-5.858327388763428
695,final,-9.712982177734375
696,final,-6.823455810546875
697,final,-9.587934494018555
698,final,-9.084733963012695
699,final,-8.099729537963867
700,final,-5.890293121337891
701,final,-11.88625431060791
702,final,-6.7249555587768555
703,final,-8.780780792236328
704,final,-4.110942840576172
705,final,-6.857240676879883
706,final,-6.89940881729126
707,final,-9.23183536529541
708,final,-5.496291160583496
709,final,-8.779492378234863
710,final,-5.9458184242248535
711,final,-7.024766445159912
712,final,-6.277101516723633
713,final,-7.797461032867432
714,final,-6.669999599456787
715,final,-6.53626012802124
716,final,-7.827930450439453
717,final,-9.124403953552246
718,final,-6.039566516876221
719,final,-5.686237812042236
720,final,-6.824106216430664
721,final,-7.458325386047363
722,final,-11.816093444824219
723,final,-5.159652233123779
724,final,-9.504229545593262
725,final,-6.099699974060059
726,final,-4.014516353607178
727,final,-5.169606685638428
728,final,-3.852900743484497
729,final,-5.251555442810059
730,final,-4.1490278244018555
731,final,-4.222813129425049
732,final,-6.965769290924072
733,final,-6.6718430519104
734,final,-4.810913562774658
735,final,-6.075814723968506
736,final,-4.070621490478516
737,final,-5.636994361877441
738,final,-8.382245063781738
739,final,-4.5626044273376465
740,final,-7.483644962310791
741,final,-6.583444118499756
742,final,-5.717153072357178
743,final,-4.537789821624756
744,final,-6.771009922027588
745,final,-5.950408458709717
746,final,-5.073365688323975
747,final,-4.960450172424316
748,final,-4.20611047744751
749,final,-4.514261245727539
750,final,-5.230721950531006
751,final,-5.726712703704834
752,final,-5.213319778442383
753,final,-3.9413866996765137
754,final,-6.343450546264648
755,final,-3.9814603328704834
756,final,-4.518801212310791
757,final,-5.491495132446289
758,final,-6.871673583984375
759,final,-5.123836994171143
760,final,-4.6820573806762695
761,final,-5.13433837890625
762,final,-5.524508953094482
763,final,-4.516276836395264
764,final,-4.102783203125
765,final,-5.794046401977539
766,final,-5.186257362365723
767,final,-4.669209003448486
768,final,-4.847684383392334
769,final,-4.038321495056152
770,final,-4.476015090942383
771,final,-5.697090148925781
772,final,-5.723881721496582
773,final,-4.206545352935791
774,final,-4.523977756500244
775,final,-6.095685005187988
776,final,-5.605003833770752
777,final,-4.111868858337402
778,final,-4.072006702423096
779,final,-6.115141868591309
780,final,-3.977627992630005
781,final,-5.460796356201172
782,final,-9.729748725891113
783,final,-4.999566555023193
784,final,-5.7807936668396
785,final,-8.828293800354004
786,final,-5.992844581604004
787,final,-5.850626468658447
788,final,-5.831202507019043
789,final,-9.328505516052246
790,final,-8.421492576599121
791,final,-5.885221004486084
792,final,-5.140641689300537
793,final,-5.0055999755859375
794,final,-6.720147132873535
795,final,-8.39603042602539
796,final,-4.4090657234191895
797,final,-7.878357887268066
798,final,-6.500086307525635
799,final,-5.8551740646362305
800,final,-7.944915771484375
801,final,-7.1763153076171875
802,final,-3.555311918258667
803,final,-10.017745971679688
804,final,-5.474329948425293
805,final,-4.947638988494873
806,final,-7.55949592590332
807,final,-7.286458492279053
808,final,-3.9956681728363037
809,final,-7.051795959472656
810,final,-7.95692777633667
811,final,-5.41147518157959
812,final,-6.629973411560059
813,final,-6.243449687957764
814,final,-6.169536590576172
815,final,-5.773736000061035
816,final,-4.993086814880371
817,final,-8.617348670959473
818,final,-6.000724792480469
819,final,-5.931382179260254
820,final,-4.5780720710754395
821,final,-9.127785682678223
822,final,-4.886701583862305
823,final,-6.5948662757873535
824,final,-7.119538307189941
825,final,-6.428372383117676
826,final,-5.317102432250977
827,final,-4.418536186218262
828,final,-8.542767524719238
829,final,-5.97581672668457
830,final,-5.916850566864014
831,final,-4.358631610870361
832,final,-7.155541896820068
833,final,-8.290003776550293
834,final,-4.356105327606201
835,final,-5.130121231079102
836,final,-5.274600982666016
837,final,-5.315216064453125
838,final,-4.49212646484375
839,final,-4.324407577514648
840,final,-6.376551628112793
841,final,-5.606573104858398
842,final,-4.708191871643066
843,final,-6.244505882263184
844,final,-6.6136274337768555
845,final,-4.101820945739746
846,final,-8.786849975585938
847,final,-4.806866645812988
848,final,-3.4917848110198975
849,final,-5.345378875732422
850,final,-5.342704772949219
851,final,-4.22711706161499
852,final,-5.535706520080566
853,final,-6.567936420440674
854,final,-5.20718240737915
855,final,-8.788765907287598
856,final,-6.781605243682861
857,final,-6.392004013061523
858,final,-7.575405120849609
859,final,-6.392004013061523
860,final,-6.34307861328125
861,final,-6.443930625915527
862,final,-9.622347831726074
863,final,-7.743631839752197
864,final,-6.631906986236572
865,final,-7.435122966766357
866,final,-5.887797832489014
867,final,-3.263552188873291
868,final,-4.722393035888672
869,final,-5.041932106018066
870,final,-5.418338298797607
871,final,-5.153278350830078
872,final,-3.805695056915283
873,final,-5.015141487121582
874,final,-4.564331531524658
875,final,-7.435122966766357
876,final,-4.268612861633301
877,final,-8.582099914550781
878,final,-6.107487678527832
879,final,-4.497466564178467
880,final,-7.050382137298584
881,final,-6.561686038970947
882,final,-6.471060752868652
883,final,-6.621339321136475
884,final,-7.92775297164917
885,final,-5.041932106018066
886,final,-4.269217491149902
887,final,-7.408319473266602
888,final,-5.345378875732422
889,final,-4.527561664581299
890,final,-3.8380985260009766
891,final,-3.321636915206909
892,final,-4.48029899597168
893,final,-4.182487964630127
894,final,-4.0399169921875
895,final,-3.6347484588623047
896,final,-5.539822101593018
897,final,-4.020029067993164
898,final,-8.257916450500488
899,final,-5.148787021636963
900,final,-4.736266613006592
901,final,-6.317566394805908
902,final,-4.736266613006592
903,final,-4.219987392425537
904,final,-5.196932792663574
905,final,-8.45925235748291
906,final,-5.883697509765625
907,final,-5.499039649963379
908,final,-5.879654884338379
909,final,-5.1926469802856445
910,final,-5.720208168029785
911,final,-4.837788105010986
912,final,-4.872247219085693
913,final,-6.487036228179932
914,final,-6.326085090637207
915,final,-4.872247219085693
916,final,-6.246626853942871
917,final,-8.670384407043457
918,final,-6.115902900695801
919,final,-5.110489845275879
920,final,-5.345082759857178
921,final,-6.319066047668457
922,final,-4.175148963928223
923,final,-5.295532703399658
924,final,-6.917561054229736
925,final,-5.169589519500732
926,final,-5.425868511199951
927,final,-5.200301647186279
928,final,-9.274885177612305
929,final,-5.220216751098633
930,final,-7.273707389831543
931,final,-4.756402969360352
932,final,-5.146017551422119
933,final,-6.015989780426025
934,final,-8.126189231872559
935,final,-7.344491004943848
936,final,-6.696786880493164
937,final,-6.1575212478637695
938,final,-5.31612491607666
939,final,-5.323795795440674
940,final,-9.35701847076416
941,final,-5.779288291931152
942,final,-7.024684429168701
943,final,-6.579280376434326
944,final,-5.643067359924316
945,final,-4.93451452255249
946,final,-6.430605411529541
947,final,-8.58388900756836
948,final,-4.413628578186035
949,final,-7.270376682281494
950,final,-5.753353118896484
951,final,-6.71195650100708
952,final,-4.675570487976074
953,final,-7.298699855804443
954,final,-4.6969499588012695
955,final,-5.014189720153809
956,final,-5.835943698883057
957,final,-5.643689155578613
958,final,-5.014189720153809
959,final,-5.795992851257324
960,final,-8.528068542480469
961,final,-8.293091773986816
962,final,-5.166074752807617
963,final,-4.849270343780518
964,final,-7.895864009857178
965,final,-5.212262153625488
966,final,-5.105738639831543
967,final,-6.4623332023620605
968,final,-4.7002973556518555
969,final,-5.1533002853393555
970,final,-5.398594379425049
971,final,-8.598526954650879
972,final,-5.52056884765625
973,final,-4.6186065673828125
974,final,-8.254321098327637
975,final,-11.0311918258667
976,final,-5.159587383270264
977,final,-8.953121185302734
978,final,-6.424404621124268
979,final,-8.68777084350586
980,final,-4.991513252258301
981,final,-6.710482120513916
982,final,-4.439575672149658
983,final,-4.266504287719727
984,final,-4.961302280426025
985,final,-6.598942756652832
986,final,-5.8812479972839355
987,final,-6.775318622589111
988,final,-7.163595676422119
989,final,-10.218806266784668
990,final,-8.52215576171875
991,final,-7.249573707580566
992,final,-7.266960144042969
993,final,-5.184422016143799
994,final,-6.068363666534424
995,final,-5.958799839019775
996,final,-5.926492691040039
997,final,-6.911433219909668
998,final,-5.982606887817383
999,final,-8.214137077331543
1000,final,-8.849491119384766
1001,final,-7.2777099609375
1002,final,-6.697115421295166
1003,final,-4.5076823234558105
1004,final,-7.48478364944458
1005,final,-5.469510555267334
1006,final,-7.409493446350098
1007,final,-5.709790229797363
1008,final,-6.682897567749023
1009,final,-5.910280704498291
1010,final,-4.8037824630737305
1011,final,-8.36453628540039
1012,final,-6.034968376159668
1013,final,-7.95869255065918
1014,final,-5.478666305541992
1015,final,-6.497300148010254
1016,final,-4.543814659118652
1017,final,-6.864821910858154
1018,final,-10.278242111206055
1019,final,-4.944797992706299
1020,final,-7.565659999847412
1021,final,-6.13695764541626
1022,final,-6.695080757141113
1023,final,-5.306664943695068
1024,final,-5.96297550201416
1025,final,-4.18578577041626
1026,final,-4.153700351715088
1027,final,-4.9117817878723145
1028,final,-4.85972261428833
1029,final,-6.339000701904297
1030,final,-5.613839149475098
1031,final,-6.319700717926025
1032,final,-9.130880355834961
1033,final,-6.651480674743652
1034,final,-5.6587605476379395
1035,final,-4.924588203430176
1036,final,-5.148909568786621
1037,final,-5.496955394744873
1038,final,-4.302876949310303
1039,final,-5.045033931732178
1040,final,-5.035826206207275
1041,final,-6.494682312011719
1042,final,-4.988428592681885
1043,final,-4.979441165924072
1044,final,-5.0301008224487305
1045,final,-7.4541544914245605
1046,final,-6.950168609619141
1047,final,-7.615909576416016
1048,final,-5.214474201202393
1049,final,-6.649273872375488
1050,final,-7.320074558258057
1051,final,-4.620177268981934
1052,final,-6.188115119934082
1053,final,-4.526888847351074
1054,final,-5.655829906463623
1055,final,-6.411811828613281
1056,final,-5.621136665344238
1057,final,-6.862253665924072
1058,final,-6.447805881500244
1059,final,-4.7499823570251465
1060,final,-4.881620407104492
1061,final,-4.9722723960876465
1062,final,-3.864267587661743
1063,final,-5.886394500732422
1064,final,-6.080591201782227
1065,final,-4.867120742797852
1066,final,-4.972146034240723
1067,final,-6.053680419921875
1068,final,-5.4539642333984375
1069,final,-4.612048149108887
1070,final,-4.385810852050781
1071,final,-4.161334037780762
1072,final,-3.842552661895752
1073,final,-5.591584205627441
1074,final,-4.8434529304504395
1075,final,-4.26451301574707
1076,final,-3.6597774028778076
1077,final,-3.5538439750671387
1078,final,-6.254022121429443
1079,final,-5.424688816070557
1080,final,-4.770701885223389
1081,final,-4.165373802185059
1082,final,-6.3235015869140625
1083,final,-3.9812724590301514
1084,final,-3.9812724590301514
1085,final,-5.260180950164795
1086,final,-4.0955424308776855
1087,final,-5.327884197235107
1088,final,-4.5403361320495605
1089,final,-4.054880142211914
1090,final,-4.410365104675293
1091,final,-5.734936237335205
1092,final,-3.910522937774658
1093,final,-4.675759792327881
1094,final,-4.501522541046143
1095,final,-4.65799617767334
1096,final,-3.5947253704071045
1097,final,-5.352261066436768
1098,final,-4.070679664611816
1099,final,-4.9491167068481445
1100,final,-4.591366291046143
1101,final,-4.1321187019348145
1102,final,-5.509584426879883
1103,final,-4.185675144195557
1104,final,-4.911030292510986
1105,final,-4.856492519378662
1106,final,-10.211474418640137
1107,final,-4.417882919311523
1108,final,-4.3393025398254395
1109,final,-5.92072868347168
1110,final,-10.532490730285645
1111,final,-4.561303615570068
1112,final,-6.875577449798584
1113,final,-5.785923480987549
1114,final,-4.0157060623168945
1115,final,-3.667818784713745
1116,final,-4.417882919311523
1117,final,-4.354124069213867
1118,final,-3.693098783493042
1119,final,-3.0720136165618896
1120,final,-3.1907718181610107
1121,final,-5.413634777069092
1122,final,-5.006441593170166
1123,final,-4.293505668640137
1124,final,-3.8685688972473145
1125,final,-5.8016510009765625
1126,final,-3.62192964553833
1127,final,-3.62192964553833
1128,final,-5.003279209136963
1129,final,-3.748638153076172
1130,final,-4.5593743324279785
1131,final,-4.184399604797363
1132,final,-3.481978178024292
1133,final,-3.9370410442352295
1134,final,-5.372314453125
1135,final,-3.8725924491882324
1136,final,-4.098269462585449
1137,final,-4.090613842010498
1138,final,-4.46456241607666
1139,final,-4.943386077880859
1140,final,-4.569533824920654
1141,final,-4.018000602722168
1142,final,-3.641322612762451
1143,final,-3.973317861557007
1144,final,-6.0677571296691895
1145,final,-4.6814422607421875
1146,final,-3.5756423473358154
1147,final,-4.100656032562256
1148,final,-10.289483070373535
1149,final,-4.26880407333374
1150,final,-5.750453948974609
1151,final,-5.1492438316345215
1152,final,-5.700309753417969
1153,final,-5.5795440673828125
1154,final,-3.497535467147827
1155,final,-5.1492438316345215
1156,final,-5.832817554473877
1157,final,-5.258693218231201
1158,final,-6.174868106842041
1159,final,-4.118846416473389
1160,final,-4.219829559326172
1161,final,-4.67956018447876
1162,final,-3.896615982055664
1163,final,-3.8447189331054688
1164,final,-5.412896633148193
1165,final,-5.447781085968018
1166,final,-4.67956018447876
1167,final,-3.6652965545654297
1168,final,-5.357692718505859
1169,final,-10.504138946533203
1170,final,-6.227026462554932
1171,final,-4.530415058135986
1172,final,-7.425765514373779
1173,final,-7.425765514373779
1174,final,-6.257542133331299
1175,final,-3.275161027908325
1176,final,-3.7286014556884766
1177,final,-3.896272659301758
1178,final,-4.272543430328369
1179,final,-4.103669166564941
1180,final,-5.192702293395996
1181,final,-5.412896633148193
1182,final,-3.6506876945495605
1183,final,-3.5163779258728027
1184,final,-3.060150146484375
1185,final,-2.759636402130127
1186,final,-3.3112354278564453
1187,final,-4.480236530303955
1188,final,-3.975062847137451
1189,final,-2.4841396808624268
1190,final,-3.2981441020965576
1191,final,-9.038267135620117
1192,final,-3.3871781826019287
1193,final,-4.2774200439453125
1194,final,-3.778886079788208
1195,final,-4.322544574737549
1196,final,-4.177840232849121
1197,final,-2.4687395095825195
1198,final,-3.778886079788208
1199,final,-4.466797351837158
1200,final,-3.8998863697052
1201,final,-5.241634845733643
1202,final,-5.389035701751709
1203,final,-5.392467498779297
1204,final,-5.3428754806518555
1205,final,-4.728803634643555
1206,final,-6.098600387573242
1207,final,-4.987215518951416
1208,final,-10.233880043029785
1209,final,-5.813834190368652
1210,final,-5.096635818481445
1211,final,-5.092874526977539
1212,final,-7.558292865753174
1213,final,-5.029610633850098
1214,final,-4.998893737792969
1215,final,-4.650936603546143
1216,final,-5.989675521850586
1217,final,-4.746779918670654
1218,final,-5.6365766525268555
1219,final,-6.949952602386475
1220,final,-4.437519073486328
1221,final,-6.903493881225586
1222,final,-7.767838954925537
1223,final,-4.4976301193237305
1224,final,-4.678263187408447
1225,final,-5.746673583984375
1226,final,-4.978728771209717
1227,final,-5.004681587219238
1228,final,-5.25697660446167
1229,final,-4.341571807861328
1230,final,-4.911316394805908
1231,final,-5.647871494293213
1232,final,-6.205705642700195
1233,final,-5.415553569793701
1234,final,-4.529467582702637
1235,final,-5.668502330780029
1236,final,-5.149519443511963
1237,final,-6.326863765716553
1238,final,-10.065685272216797
1239,final,-4.995967864990234
1240,final,-5.028233528137207
1241,final,-5.898781776428223
1242,final,-5.372369766235352
1243,final,-4.821850776672363
1244,final,-4.960626125335693
1245,final,-4.719783306121826
1246,final,-4.640461444854736
1247,final,-4.596949577331543
1248,final,-5.947243690490723
1249,final,-5.231780052185059
1250,final,-4.178638458251953
1251,final,-9.109890937805176
1252,final,-5.012205123901367
1253,final,-4.7011003494262695
1254,final,-4.851357936859131
1255,final,-6.652687072753906
1256,final,-5.090911865234375
1257,final,-4.638250350952148
1258,final,-3.6841118335723877
1259,final,-5.645442485809326
1260,final,-4.4535346031188965
1261,final,-4.871122360229492
1262,final,-6.104485511779785
1263,final,-3.8869454860687256
1264,final,-5.944315433502197
1265,final,-7.681499481201172
1266,final,-4.566397190093994
1267,final,-5.386483669281006
1268,final,-4.7934136390686035
1269,final,-6.9946722984313965
1270,final,-5.172969341278076
1271,final,-6.568519592285156
1272,final,-5.031774997711182
1273,final,-5.857100486755371
1274,final,-6.269775390625
1275,final,-4.646355628967285
1276,final,-6.9116387367248535
1277,final,-4.512881278991699
1278,final,-5.058738708496094
1279,final,-6.319131374359131
1280,final,-4.395158290863037
1281,final,-5.424179553985596
1282,final,-6.490960597991943
1283,final,-5.3112921714782715
1284,final,-5.004021644592285
1285,final,-11.953804969787598
1286,final,-4.796265125274658
1287,final,-8.408631324768066
1288,final,-5.325472354888916
1289,final,-6.466017246246338
1290,final,-5.190820693969727
1291,final,-5.124633312225342
1292,final,-5.793531894683838
1293,final,-6.443906307220459
1294,final,-6.955863952636719
1295,final,-5.386483669281006
1296,final,-8.34589958190918
1297,final,-5.871338367462158
1298,final,-5.237300872802734
1299,final,-4.610607624053955
1300,final,-4.395158290863037
1301,final,-4.298182010650635
1302,final,-8.577622413635254
1303,final,-5.642757415771484
1304,final,-6.164790630340576
1305,final,-7.852915287017822
1306,final,-5.851178169250488
1307,final,-4.638889789581299
1308,final,-6.786087512969971
1309,final,-3.5215766429901123
1310,final,-4.627511978149414
1311,final,-3.8726329803466797
1312,final,-5.8112664222717285
1313,final,-3.8912453651428223
1314,final,-5.028024196624756
1315,final,-4.138147830963135
1316,final,-4.4983062744140625
1317,final,-5.694019794464111
1318,final,-3.6701197624206543
1319,final,-5.1402668952941895
1320,final,-3.1777567863464355
1321,final,-5.5393877029418945
1322,final,-5.105023384094238
1323,final,-3.5603842735290527
1324,final,-4.163010120391846
1325,final,-5.322804927825928
1326,final,-4.9119110107421875
1327,final,-4.348491191864014
1328,final,-3.844510555267334
1329,final,-5.156111717224121
1330,final,-5.156111717224121
1331,final,-4.63129186630249
1332,final,-7.2693023681640625
1333,final,-5.081442356109619
1334,final,-6.621443271636963
1335,final,-6.354671955108643
1336,final,-3.776524066925049
1337,final,-4.469794273376465
1338,final,-5.458773136138916
1339,final,-6.338477611541748
1340,final,-5.884823322296143
1341,final,-5.702111721038818
1342,final,-4.269261360168457
1343,final,-5.203854560852051
1344,final,-4.425511360168457
1345,final,-4.442658424377441
1346,final,-3.8200013637542725
1347,final,-3.752676010131836
1348,final,-4.735030174255371
1349,final,-4.896440029144287
1350,final,-3.9259796142578125
1351,final,-3.658090829849243
1352,final,-8.595256805419922
1353,final,-3.6567635536193848
1354,final,-8.735520362854004
1355,final,-3.011993408203125
1356,final,-4.8316802978515625
1357,final,-3.7971935272216797
1358,final,-4.118691921234131
1359,final,-3.4859960079193115
1360,final,-3.850883722305298
1361,final,-2.8580241203308105
1362,final,-3.2567484378814697
1363,final,-4.772534370422363
1364,final,-3.878934383392334
1365,final,-5.989650726318359
1366,final,-3.726943016052246
1367,final,-4.884178638458252
0,best,-2.8671300411224365
1,best,-8.41728687286377
2,best,-3.1346070766448975
3,best,-9.274559020996094
4,best,-2.689464807510376
5,best,-8.201924324035645
6,best,-2.610936403274536
7,best,-8.566072463989258
8,best,-2.9612748622894287
9,best,-3.530529737472534
10,best,-3.8778584003448486
11,best,-3.347324848175049
12,best,-2.7962334156036377
13,best,-4.0811848640441895
14,best,-2.5508129596710205
15,best,-3.541692018508911
16,best,-4.979251861572266
17,best,-3.347324848175049
18,best,-3.346240997314453
19,best,-3.1346070766448975
20,best,-3.7030131816864014
21,best,-3.52932071685791
22,best,-3.4143335819244385
23,best,-2.6260898113250732
24,best,-1.8359986543655396
25,best,-3.52932071685791
26,best,-3.437945604324341
27,best,-2.7990450859069824
28,best,-1.9397062063217163
29,best,-3.437945604324341
30,best,-8.644490242004395
31,best,-3.295464277267456
32,best,-2.7988390922546387
33,best,-5.023769855499268
34,best,-7.79888916015625
35,best,-8.661050796508789
36,best,-2.3860666751861572
37,best,-3.0559463500976562
38,best,-2.0114784240722656
39,best,-3.535630226135254
40,best,-5.425660133361816
41,best,-3.880121946334839
42,best,-4.782018661499023
43,best,-4.466177463531494
44,best,-5.039971351623535
45,best,-8.75403118133545
46,best,-4.391481399536133
47,best,-5.922120094299316
48,best,-8.27370548248291
49,best,-5.235388278961182
50,best,-4.540100574493408
51,best,-6.473867893218994
52,best,-3.9452717304229736
53,best,-4.794839859008789
54,best,-4.467033386230469
55,best,-4.744022369384766
56,best,-4.731662273406982
57,best,-9.101666450500488
58,best,-5.442660331726074
59,best,-4.645156383514404
60,best,-3.3819847106933594
61,best,-4.649643421173096
62,best,-5.28931188583374
63,best,-4.368074893951416
64,best,-5.292678356170654
65,best,-3.9245266914367676
66,best,-4.693855285644531
67,best,-9.072896957397461
68,best,-10.088454246520996
69,best,-4.121881008148193
70,best,-8.001481056213379
71,best,-3.4771876335144043
72,best,-4.117690086364746
73,best,-5.5069661140441895
74,best,-10.315141677856445
75,best,-5.508961200714111
76,best,-5.027175426483154
77,best,-4.058133602142334
78,best,-4.453356742858887
79,best,-3.61777663230896
80,best,-3.358346462249756
81,best,-4.7006964683532715
82,best,-4.004476070404053
83,best,-4.89655876159668
84,best,-4.538867950439453
85,best,-3.717230796813965
86,best,-4.605734825134277
87,best,-4.631983757019043
88,best,-5.030661582946777
89,best,-4.129446506500244
90,best,-3.6051204204559326
91,best,-3.484663963317871
92,best,-6.67902946472168
93,best,-4.2999348640441895
94,best,-4.740725040435791
95,best,-6.691943168640137
96,best,-4.232194900512695
97,best,-3.951838970184326
98,best,-3.6664977073669434
99,best,-5.95380163192749
100,best,-4.710704326629639
101,best,-4.258563995361328
102,best,-3.934138536453247
103,best,-4.919121742248535
104,best,-4.129674434661865
105,best,-3.6888792514801025
106,best,-2.367943286895752
107,best,-9.28688907623291
108,best,-4.129674434661865
109,best,-2.7833645343780518
110,best,-4.157681465148926
111,best,-3.726571559906006
112,best,-3.2097461223602295
113,best,-4.815232276916504
114,best,-3.7549731731414795
115,best,-3.0968093872070312
116,best,-3.5622684955596924
117,best,-4.641154766082764
118,best,-3.70379900932312
119,best,-3.7013895511627197
120,best,-4.143069744110107
121,best,-4.011250019073486
122,best,-2.8162262439727783
123,best,-3.2375094890594482
124,best,-3.156531572341919
125,best,-2.8162262439727783
126,best,-3.490788459777832
127,best,-3.515033483505249
128,best,-4.058130741119385
129,best,-2.543466806411743
130,best,-3.680316686630249
131,best,-2.6398656368255615
132,best,-3.5578784942626953
133,best,-4.654957294464111
134,best,-2.875343084335327
135,best,-5.518459796905518
136,best,-9.247037887573242
137,best,-5.7412543296813965
138,best,-2.8738739490509033
139,best,-3.956166982650757
140,best,-4.135450839996338
141,best,-4.381902694702148
142,best,-6.18379020690918
143,best,-3.7443904876708984
144,best,-4.250457763671875
145,best,-5.507993698120117
146,best,-4.387563705444336
147,best,-5.571352005004883
148,best,-5.202462196350098
149,best,-4.561777591705322
150,best,-5.2417426109313965
151,best,-7.843980312347412
152,best,-3.7790544033050537
153,best,-4.26163387298584
154,best,-4.545755863189697
155,best,-9.029828071594238
156,best,-4.545755863189697
157,best,-4.29619836807251
158,best,-4.80522346496582
159,best,-8.625687599182129
160,best,-5.63685417175293
161,best,-3.9378974437713623
162,best,-4.126913070678711
163,best,-5.508386135101318
164,best,-3.5365641117095947
165,best,-4.092455863952637
166,best,-5.638513088226318
167,best,-4.006938457489014
168,best,-6.5491766929626465
169,best,-3.253638505935669
170,best,-5.730767726898193
171,best,-9.917277336120605
172,best,-6.219899654388428
173,best,-4.353861331939697
174,best,-5.232187747955322
175,best,-4.642989158630371
176,best,-8.385746002197266
177,best,-4.494095325469971
178,best,-2.9897353649139404
179,best,-5.724664211273193
180,best,-3.467728853225708
181,best,-3.570711374282837
182,best,-4.540015697479248
183,best,-4.772363662719727
184,best,-4.50572395324707
185,best,-5.4694437980651855
186,best,-3.931320905685425
187,best,-4.180918216705322
188,best,-4.148153305053711
189,best,-4.719681739807129
190,best,-4.915581703186035
191,best,-4.7759175300598145
192,best,-5.971242427825928
193,best,-6.0031843185424805
194,best,-6.046927452087402
195,best,-3.3803818225860596
196,best,-7.897851467132568
197,best,-4.06732177734375
198,best,-4.329747676849365
199,best,-3.5380444526672363
200,best,-2.9543848037719727
201,best,-4.153309345245361
202,best,-2.8348591327667236
203,best,-2.946187973022461
204,best,-2.1650071144104004
205,best,-2.1650071144104004
206,best,-3.1635115146636963
207,best,-3.233180284500122
208,best,-4.148173809051514
209,best,-4.118825912475586
210,best,-4.542219638824463
211,best,-3.6394379138946533
212,best,-5.422753810882568
213,best,-8.824966430664062
214,best,-2.8068482875823975
215,best,-4.140832424163818
216,best,-3.353292942047119
217,best,-7.220450401306152
218,best,-4.502820014953613
219,best,-3.940251111984253
220,best,-5.124014377593994
221,best,-6.102001667022705
222,best,-5.676696300506592
223,best,-6.641722679138184
224,best,-4.800754547119141
225,best,-6.628635883331299
226,best,-5.936397075653076
227,best,-6.825923442840576
228,best,-10.184224128723145
229,best,-10.253271102905273
230,best,-6.599448204040527
231,best,-5.420449256896973
232,best,-5.757369518280029
233,best,-5.770213603973389
234,best,-5.6422319412231445
235,best,-6.1129231452941895
236,best,-6.728360176086426
237,best,-6.349117755889893
238,best,-5.254712104797363
239,best,-4.804908752441406
240,best,-5.000549793243408
241,best,-6.302633762359619
242,best,-6.970672130584717
243,best,-5.117496967315674
244,best,-5.883650779724121
245,best,-5.727871417999268
246,best,-6.981171131134033
247,best,-6.3435139656066895
248,best,-10.07796859741211
249,best,-5.952707767486572
250,best,-6.868246555328369
251,best,-10.550259590148926
252,best,-5.6422319412231445
253,best,-6.102000713348389
254,best,-6.102000713348389
255,best,-10.253271102905273
256,best,-6.926290035247803
257,best,-5.03046178817749
258,best,-6.618541717529297
259,best,-5.6613874435424805
260,best,-6.16995096206665
261,best,-6.716426849365234
262,best,-5.629710674285889
263,best,-4.345729827880859
264,best,-5.167293071746826
265,best,-4.556721210479736
266,best,-5.485946178436279
267,best,-3.8962597846984863
268,best,-5.507698059082031
269,best,-5.03646993637085
270,best,-5.886377334594727
271,best,-8.976594924926758
272,best,-8.772860527038574
273,best,-5.491704940795898
274,best,-4.940876007080078
275,best,-5.031530380249023
276,best,-4.79575252532959
277,best,-4.202722549438477
278,best,-5.394499778747559
279,best,-5.5327863693237305
280,best,-5.493971824645996
281,best,-4.962048530578613
282,best,-4.011228084564209
283,best,-4.821046352386475
284,best,-5.78326416015625
285,best,-6.706793308258057
286,best,-5.136022567749023
287,best,-5.589494705200195
288,best,-9.436013221740723
289,best,-5.842204570770264
290,best,-6.088025093078613
291,best,-6.581518650054932
292,best,-9.86839771270752
293,best,-5.180348873138428
294,best,-6.430714130401611
295,best,-5.8762688636779785
296,best,-9.93662166595459
297,best,-5.446078300476074
298,best,-6.137778282165527
299,best,-10.627558708190918
300,best,-6.137778282165527
301,best,-7.055631160736084
302,best,-6.979048728942871
303,best,-5.511537551879883
304,best,-9.910783767700195
305,best,-5.921292781829834
306,best,-5.4550299644470215
307,best,-5.223271369934082
308,best,-5.527253150939941
309,best,-5.78157377243042
310,best,-5.8762688636779785
311,best,-6.577311038970947
312,best,-6.083332538604736
313,best,-9.436013221740723
314,best,-7.227443218231201
315,best,-5.223271369934082
316,best,-5.808886528015137
317,best,-6.2649054527282715
318,best,-4.4869842529296875
319,best,-6.24373197555542
320,best,-5.371348857879639
321,best,-9.436015129089355
322,best,-6.248327255249023
323,best,-5.881845951080322
324,best,-4.887272357940674
325,best,-6.449246406555176
326,best,-3.7008633613586426
327,best,-4.610560417175293
328,best,-4.973726749420166
329,best,-3.8343701362609863
330,best,-3.84605073928833
331,best,-7.778056621551514
332,best,-4.284072399139404
333,best,-4.588823318481445
334,best,-5.089925289154053
335,best,-8.152286529541016
336,best,-4.208149433135986
337,best,-5.229480266571045
338,best,-4.438320159912109
339,best,-8.021785736083984
340,best,-3.908707857131958
341,best,-4.670997619628906
342,best,-9.06759262084961
343,best,-4.670997619628906
344,best,-5.677939414978027
345,best,-5.387726783752441
346,best,-6.227231979370117
347,best,-9.264288902282715
348,best,-6.159592151641846
349,best,-6.380265712738037
350,best,-5.583035945892334
351,best,-6.77092981338501
352,best,-5.673758506774902
353,best,-6.5592427253723145
354,best,-6.14439582824707
355,best,-5.768600940704346
356,best,-6.542001724243164
357,best,-6.1414923667907715
358,best,-5.950078010559082
359,best,-6.554140090942383
360,best,-6.307069778442383
361,best,-5.101714134216309
362,best,-5.665539264678955
363,best,-5.821512222290039
364,best,-6.52803897857666
365,best,-5.654475688934326
366,best,-6.70596981048584
367,best,-5.983736038208008
368,best,-6.67260217666626
369,best,-9.414563179016113
370,best,-5.841550827026367
371,best,-6.319303512573242
372,best,-5.501659393310547
373,best,-6.7644429206848145
374,best,-6.650082111358643
375,best,-7.034679412841797
376,best,-6.3415961265563965
377,best,-6.8405585289001465
378,best,-5.895334720611572
379,best,-5.679063320159912
380,best,-5.570690631866455
381,best,-6.054583549499512
382,best,-5.26919412612915
383,best,-9.52585506439209
384,best,-5.99838924407959
385,best,-5.3071136474609375
386,best,-5.983736038208008
387,best,-6.825595855712891
388,best,-6.425601482391357
389,best,-5.267926216125488
390,best,-8.292863845825195
391,best,-5.189142227172852
392,best,-5.262235164642334
393,best,-4.884297847747803
394,best,-5.844605922698975
395,best,-4.568192481994629
396,best,-5.940913200378418
397,best,-5.158172130584717
398,best,-5.365866661071777
399,best,-6.5268449783325195
400,best,-5.340814590454102
401,best,-5.502221584320068
402,best,-5.490255355834961
403,best,-6.159486293792725
404,best,-4.880917549133301
405,best,-5.1631760597229
406,best,-5.256290435791016
407,best,-5.777414321899414
408,best,-5.219742298126221
409,best,-5.8959245681762695
410,best,-5.36406946182251
411,best,-7.665756702423096
412,best,-7.651707649230957
413,best,-6.806587219238281
414,best,-6.424807071685791
415,best,-5.929070472717285
416,best,-6.063178539276123
417,best,-6.824204921722412
418,best,-5.757458209991455
419,best,-4.498135566711426
420,best,-5.523157596588135
421,best,-7.309988498687744
422,best,-7.624285697937012
423,best,-6.7443366050720215
424,best,-7.519570350646973
425,best,-6.952785968780518
426,best,-6.3850531578063965
427,best,-5.940942764282227
428,best,-7.129630088806152
429,best,-10.767878532409668
430,best,-6.830494403839111
431,best,-7.911128520965576
432,best,-7.243685245513916
433,best,-7.251540184020996
434,best,-7.314154624938965
435,best,-6.585882663726807
436,best,-4.9351348876953125
437,best,-5.860312461853027
438,best,-6.277626991271973
439,best,-7.441239356994629
440,best,-5.771145343780518
441,best,-6.645927906036377
442,best,-11.010205268859863
443,best,-6.21663761138916
444,best,-7.032873630523682
445,best,-7.611780166625977
446,best,-10.432540893554688
447,best,-7.6572136878967285
448,best,-7.958572864532471
449,best,-6.880015850067139
450,best,-6.308407783508301
451,best,-9.888174057006836
452,best,-4.606687545776367
453,best,-4.6112189292907715
454,best,-6.581881523132324
455,best,-6.194796562194824
456,best,-5.531684398651123
457,best,-5.229784965515137
458,best,-4.880765914916992
459,best,-5.080276966094971
460,best,-5.224958419799805
461,best,-4.572781562805176
462,best,-3.830780029296875
463,best,-4.491055488586426
464,best,-5.869403839111328
465,best,-6.153423309326172
466,best,-4.672640323638916
467,best,-6.204054832458496
468,best,-5.7207841873168945
469,best,-5.021401405334473
470,best,-4.566756248474121
471,best,-6.013246059417725
472,best,-4.363178730010986
473,best,-5.3716912269592285
474,best,-4.624263763427734
475,best,-5.412507057189941
476,best,-5.3497185707092285
477,best,-3.974674701690674
478,best,-4.750833034515381
479,best,-4.838541030883789
480,best,-4.480380058288574
481,best,-5.239882946014404
482,best,-4.344402313232422
483,best,-4.176755905151367
484,best,-4.599452018737793
485,best,-3.9618232250213623
486,best,-4.659709930419922
487,best,-5.595922470092773
488,best,-4.536070346832275
489,best,-8.484923362731934
490,best,-8.86040210723877
491,best,-4.664852142333984
492,best,-6.030693054199219
493,best,-5.431288242340088
494,best,-4.615611553192139
495,best,-5.078008651733398
496,best,-5.731743812561035
497,best,-4.994494915008545
498,best,-10.512787818908691
499,best,-5.772684097290039
500,best,-5.575491428375244
501,best,-4.950798511505127
502,best,-6.822739601135254
503,best,-5.475992202758789
504,best,-4.699466705322266
505,best,-5.2501702308654785
506,best,-6.853928565979004
507,best,-6.250402927398682
508,best,-4.376162052154541
509,best,-12.236395835876465
510,best,-5.091443061828613
511,best,-6.727888584136963
512,best,-5.675670623779297
513,best,-7.153178691864014
514,best,-6.975274562835693
515,best,-6.416805267333984
516,best,-5.44980001449585
517,best,-5.734067440032959
518,best,-4.880377292633057
519,best,-4.654484272003174
520,best,-5.843564510345459
521,best,-4.7466630935668945
522,best,-4.428823947906494
523,best,-6.58017110824585
524,best,-5.330410480499268
525,best,-5.8542609214782715
526,best,-4.625367164611816
527,best,-5.255720615386963
528,best,-6.720597743988037
529,best,-5.1106181144714355
530,best,-7.087335109710693
531,best,-11.808355331420898
532,best,-5.282486438751221
533,best,-6.37436580657959
534,best,-6.5594892501831055
535,best,-5.036981105804443
536,best,-4.482381343841553
537,best,-4.156086444854736
538,best,-3.9948272705078125
539,best,-4.615301132202148
540,best,-4.5245137214660645
541,best,-9.13460922241211
542,best,-4.854092597961426
543,best,-5.019985675811768
544,best,-4.291979789733887
545,best,-5.310662746429443
546,best,-4.209922790527344
547,best,-4.3562798500061035
548,best,-4.49193000793457
549,best,-5.227588176727295
550,best,-5.116313457489014
551,best,-3.9656176567077637
552,best,-10.409241676330566
553,best,-3.515902280807495
554,best,-5.580637454986572
555,best,-5.032241344451904
556,best,-4.572661876678467
557,best,-5.292378902435303
558,best,-5.306304454803467
559,best,-5.416362285614014
560,best,-13.031106948852539
561,best,-6.744694709777832
562,best,-4.358011245727539
563,best,-4.577244281768799
564,best,-4.454943656921387
565,best,-4.530784606933594
566,best,-5.7374587059021
567,best,-6.101309299468994
568,best,-4.634891510009766
569,best,-4.959914684295654
570,best,-4.599634170532227
571,best,-4.886301517486572
572,best,-7.115189075469971
573,best,-6.127099514007568
574,best,-9.011119842529297
575,best,-6.759548187255859
576,best,-8.107101440429688
577,best,-7.311912536621094
578,best,-7.311912536621094
579,best,-3.8470304012298584
580,best,-5.416362285614014
581,best,-8.343982696533203
582,best,-4.5947675704956055
583,best,-9.003557205200195
584,best,-5.133368968963623
585,best,-6.887969017028809
586,best,-11.133121490478516
587,best,-4.67775297164917
588,best,-7.141528129577637
589,best,-4.3632683753967285
590,best,-7.341530799865723
591,best,-5.191025257110596
592,best,-7.0201826095581055
593,best,-6.759548187255859
594,best,-6.144010066986084
595,best,-6.385471343994141
596,best,-6.8785810470581055
597,best,-5.450079441070557
598,best,-3.969299793243408
599,best,-2.9912378787994385
600,best,-3.9372196197509766
601,best,-4.114745616912842
602,best,-4.265354156494141
603,best,-9.333786964416504
604,best,-5.182134628295898
605,best,-2.394798994064331
606,best,-2.8499276638031006
607,best,-3.142756700515747
608,best,-3.50561785697937
609,best,-4.586874961853027
610,best,-4.871327877044678
611,best,-3.7059953212738037
612,best,-3.065803050994873
613,best,-3.30202317237854
614,best,-3.6893556118011475
615,best,-4.361454963684082
616,best,-4.360240936279297
617,best,-6.57943868637085
618,best,-5.319645881652832
619,best,-7.01693868637085
620,best,-10.728734016418457
621,best,-4.940089225769043
622,best,-6.393984794616699
623,best,-6.511467933654785
624,best,-8.01693344116211
625,best,-6.202009201049805
626,best,-6.099998950958252
627,best,-5.172153472900391
628,best,-5.924594402313232
629,best,-6.142860412597656
630,best,-6.334410190582275
631,best,-6.829388618469238
632,best,-5.5622406005859375
633,best,-6.689492225646973
634,best,-7.29414701461792
635,best,-7.006733417510986
636,best,-8.822967529296875
637,best,-10.991365432739258
638,best,-10.898575782775879
639,best,-6.252634525299072
640,best,-6.2557525634765625
641,best,-10.275568008422852
642,best,-5.789524078369141
643,best,-5.504557132720947
644,best,-7.288443088531494
645,best,-5.4028706550598145
646,best,-6.257893085479736
647,best,-6.0763702392578125
648,best,-4.6743693351745605
649,best,-8.154425621032715
650,best,-6.866123676300049
651,best,-5.418736934661865
652,best,-7.274438381195068
653,best,-7.8255157470703125
654,best,-6.827512264251709
655,best,-6.754340171813965
656,best,-5.445832252502441
657,best,-6.82455587387085
658,best,-7.306236267089844
659,best,-5.454096794128418
660,best,-6.197825908660889
661,best,-4.6885666847229
662,best,-6.2302045822143555
663,best,-9.27326774597168
664,best,-4.991554260253906
665,best,-5.665745735168457
666,best,-5.546160697937012
667,best,-6.28894567489624
668,best,-5.250943660736084
669,best,-4.927159786224365
670,best,-4.8461503982543945
671,best,-5.214197158813477
672,best,-4.689113140106201
673,best,-5.733952522277832
674,best,-5.528867244720459
675,best,-5.021557807922363
676,best,-5.290153980255127
677,best,-5.848395347595215
678,best,-4.744533061981201
679,best,-6.26124906539917
680,best,-9.726511001586914
681,best,-11.357132911682129
682,best,-6.846119403839111
683,best,-5.860340595245361
684,best,-5.641483306884766
685,best,-6.209277153015137
686,best,-6.4861159324646
687,best,-4.894524574279785
688,best,-5.472997188568115
689,best,-6.828558921813965
690,best,-8.3509521484375
691,best,-6.515739917755127
692,best,-7.063498020172119
693,best,-5.629916191101074
694,best,-5.821549892425537
695,best,-8.732603073120117
696,best,-6.990377426147461
697,best,-8.597177505493164
698,best,-8.690142631530762
699,best,-8.075532913208008
700,best,-5.962618350982666
701,best,-10.570775985717773
702,best,-6.721645355224609
703,best,-8.83928394317627
704,best,-4.122232913970947
705,best,-6.080137252807617
706,best,-6.708631992340088
707,best,-8.774429321289062
708,best,-5.5551557540893555
709,best,-8.451494216918945
710,best,-5.91416597366333
711,best,-6.263765811920166
712,best,-6.353830814361572
713,best,-7.71539306640625
714,best,-6.36123514175415
715,best,-6.47906494140625
716,best,-7.396604537963867
717,best,-8.905386924743652
718,best,-5.960146427154541
719,best,-5.724668025970459
720,best,-6.522244930267334
721,best,-7.447439670562744
722,best,-11.022273063659668
723,best,-4.850271224975586
724,best,-8.814738273620605
725,best,-6.160182476043701
726,best,-4.039332866668701
727,best,-5.162267208099365
728,best,-3.8685824871063232
729,best,-5.155036926269531
730,best,-4.0146589279174805
731,best,-4.103984355926514
732,best,-6.44493293762207
733,best,-6.2319512367248535
734,best,-4.857035160064697
735,best,-5.975658416748047
736,best,-4.066716194152832
737,best,-5.631418704986572
738,best,-7.544914245605469
739,best,-4.5243239402771
740,best,-6.615396976470947
741,best,-6.290969371795654
742,best,-5.607772350311279
743,best,-4.549752712249756
744,best,-6.018383979797363
745,best,-4.922255039215088
746,best,-4.544164180755615
747,best,-4.616357803344727
748,best,-4.2064924240112305
749,best,-4.584660530090332
750,best,-4.5242919921875
751,best,-4.29827356338501
752,best,-4.851792335510254
753,best,-3.876276731491089
754,best,-6.13007926940918
755,best,-3.980560302734375
756,best,-4.39889669418335
757,best,-5.411022663116455
758,best,-6.204845428466797
759,best,-4.395005226135254
760,best,-4.646427154541016
761,best,-5.0889177322387695
762,best,-5.458923816680908
763,best,-4.344104766845703
764,best,-4.073072910308838
765,best,-5.246586799621582
766,best,-4.628781318664551
767,best,-4.658949851989746
768,best,-4.2462158203125
769,best,-4.001324653625488
770,best,-4.501406669616699
771,best,-5.074648857116699
772,best,-5.4852142333984375
773,best,-4.211206436157227
774,best,-4.541732311248779
775,best,-5.876280784606934
776,best,-5.187061309814453
777,best,-3.916862964630127
778,best,-4.140182018280029
779,best,-6.120212078094482
780,best,-3.9277496337890625
781,best,-5.45098352432251
782,best,-9.755178451538086
783,best,-4.947702884674072
784,best,-4.470865249633789
785,best,-8.819478034973145
786,best,-5.409714221954346
787,best,-5.627904415130615
788,best,-4.45548152923584
789,best,-7.29457950592041
790,best,-8.42904281616211
791,best,-4.573134422302246
792,best,-5.102499961853027
793,best,-5.009206295013428
794,best,-5.691129684448242
795,best,-6.465082168579102
796,best,-4.318352699279785
797,best,-6.240817546844482
798,best,-5.878245830535889
799,best,-4.850049018859863
800,best,-6.923543453216553
801,best,-6.055339813232422
802,best,-3.504326820373535
803,best,-9.239264488220215
804,best,-5.404510974884033
805,best,-4.971036434173584
806,best,-5.934389591217041
807,best,-5.741553783416748
808,best,-3.9844064712524414
809,best,-5.677213191986084
810,best,-6.299623489379883
811,best,-5.342646598815918
812,best,-5.404237747192383
813,best,-5.859720706939697
814,best,-5.469118595123291
815,best,-5.740993976593018
816,best,-4.923035144805908
817,best,-6.568114280700684
818,best,-4.83182954788208
819,best,-4.8451008796691895
820,best,-3.7927966117858887
821,best,-7.500112056732178
822,best,-4.901459693908691
823,best,-5.512835502624512
824,best,-6.402573585510254
825,best,-5.156622886657715
826,best,-4.304349899291992
827,best,-4.069408416748047
828,best,-8.556496620178223
829,best,-5.409130096435547
830,best,-5.614934921264648
831,best,-4.326370716094971
832,best,-6.048351287841797
833,best,-8.29615592956543
834,best,-3.98887300491333
835,best,-4.697303771972656
836,best,-5.211970806121826
837,best,-4.6270294189453125
838,best,-4.09218692779541
839,best,-4.299619674682617
840,best,-5.214364528656006
841,best,-5.1920366287231445
842,best,-4.547895431518555
843,best,-5.304787635803223
844,best,-5.474244594573975
845,best,-4.0904693603515625
846,best,-8.142498016357422
847,best,-4.825137615203857
848,best,-3.5033109188079834
849,best,-5.320884704589844
850,best,-5.308162689208984
851,best,-4.224781513214111
852,best,-4.491612434387207
853,best,-5.228084087371826
854,best,-4.804607391357422
855,best,-8.715075492858887
856,best,-5.7587151527404785
857,best,-5.212301254272461
858,best,-6.995052337646484
859,best,-5.212301254272461
860,best,-5.049074172973633
861,best,-5.117392063140869
862,best,-9.632526397705078
863,best,-6.216841697692871
864,best,-5.294417381286621
865,best,-6.221138954162598
866,best,-5.895979404449463
867,best,-3.3088009357452393
868,best,-4.810703754425049
869,best,-4.4980669021606445
870,best,-4.506853103637695
871,best,-5.170860290527344
872,best,-3.8799753189086914
873,best,-4.985252380371094
874,best,-4.565684795379639
875,best,-6.221138954162598
876,best,-4.254626274108887
877,best,-8.51176929473877
878,best,-5.622709274291992
879,best,-4.556000709533691
880,best,-5.473211288452148
881,best,-6.327358722686768
882,best,-5.550666332244873
883,best,-5.208272933959961
884,best,-6.4170355796813965
885,best,-4.4980669021606445
886,best,-4.265542984008789
887,best,-5.8873772621154785
888,best,-5.3208842277526855
889,best,-4.557941436767578
890,best,-3.818702220916748
891,best,-3.3514137268066406
892,best,-4.448979377746582
893,best,-4.107018947601318
894,best,-4.0298967361450195
895,best,-3.5703797340393066
896,best,-4.895735740661621
897,best,-4.013413429260254
898,best,-8.29776382446289
899,best,-4.824574947357178
900,best,-4.027243614196777
901,best,-5.808959484100342
902,best,-4.027243614196777
903,best,-3.486137866973877
904,best,-4.554959774017334
905,best,-8.472790718078613
906,best,-4.946573734283447
907,best,-4.835982322692871
908,best,-4.993001937866211
909,best,-5.1934661865234375
910,best,-5.4709343910217285
911,best,-4.783344268798828
912,best,-4.730729103088379
913,best,-5.421823978424072
914,best,-5.793680667877197
915,best,-4.730729103088379
916,best,-5.709315776824951
917,best,-8.423198699951172
918,best,-5.541255950927734
919,best,-5.100485324859619
920,best,-5.335671424865723
921,best,-6.031217098236084
922,best,-4.148200035095215
923,best,-5.0728020668029785
924,best,-5.952020645141602
925,best,-5.173714637756348
926,best,-5.391501426696777
927,best,-4.996801376342773
928,best,-9.312600135803223
929,best,-4.639480113983154
930,best,-6.2257771492004395
931,best,-4.784355163574219
932,best,-4.765292644500732
933,best,-5.249324321746826
934,best,-7.64989709854126
935,best,-6.7768235206604
936,best,-5.730903625488281
937,best,-5.332128524780273
938,best,-5.126494884490967
939,best,-5.31823205947876
940,best,-9.343544960021973
941,best,-5.805652618408203
942,best,-6.460607528686523
943,best,-5.623899459838867
944,best,-5.618166923522949
945,best,-4.944475173950195
946,best,-5.9524126052856445
947,best,-8.589239120483398
948,best,-4.180480003356934
949,best,-6.5510101318359375
950,best,-5.755202293395996
951,best,-5.882181167602539
952,best,-4.67290735244751
953,best,-5.594610214233398
954,best,-4.678283214569092
955,best,-4.990175724029541
956,best,-5.238647937774658
957,best,-5.156245231628418
958,best,-4.990175724029541
959,best,-5.3090691566467285
960,best,-8.581846237182617
961,best,-6.084414005279541
962,best,-5.2029008865356445
963,best,-4.857837200164795
964,best,-7.258694648742676
965,best,-4.661966800689697
966,best,-5.1059393882751465
967,best,-5.673171520233154
968,best,-4.692316055297852
969,best,-5.134617328643799
970,best,-5.3678460121154785
971,best,-8.626773834228516
972,best,-4.938975811004639
973,best,-4.6547441482543945
974,best,-7.482687473297119
975,best,-11.053694725036621
976,best,-5.187875747680664
977,best,-7.489943504333496
978,best,-6.431986331939697
979,best,-7.225314617156982
980,best,-5.000066757202148
981,best,-6.620411396026611
982,best,-4.062479496002197
983,best,-4.248404502868652
984,best,-4.960033416748047
985,best,-5.300264358520508
986,best,-5.734694957733154
987,best,-6.120900630950928
988,best,-5.780450344085693
989,best,-10.225130081176758
990,best,-7.406882286071777
991,best,-5.475886821746826
992,best,-5.908539772033691
993,best,-4.937117576599121
994,best,-5.536122798919678
995,best,-5.247861862182617
996,best,-5.979311466217041
997,best,-6.129992961883545
998,best,-5.728688716888428
999,best,-6.858602046966553
1000,best,-7.122735023498535
1001,best,-6.434466361999512
1002,best,-6.2532453536987305
1003,best,-4.500671863555908
1004,best,-7.255203723907471
1005,best,-5.4488205909729
1006,best,-6.4077653884887695
1007,best,-5.625471591949463
1008,best,-6.072866439819336
1009,best,-5.38657283782959
1010,best,-4.698657035827637
1011,best,-6.787389278411865
1012,best,-5.27289342880249
1013,best,-6.9639153480529785
1014,best,-5.490900039672852
1015,best,-5.93829870223999
1016,best,-4.567211627960205
1017,best,-6.197071552276611
1018,best,-10.185458183288574
1019,best,-4.921411514282227
1020,best,-7.087296962738037
1021,best,-5.708678722381592
1022,best,-5.714939594268799
1023,best,-4.8794403076171875
1024,best,-5.428802490234375
1025,best,-3.9621658325195312
1026,best,-4.137636661529541
1027,best,-4.574687957763672
1028,best,-4.792964458465576
1029,best,-5.50425910949707
1030,best,-5.0177106857299805
1031,best,-5.225764751434326
1032,best,-9.118157386779785
1033,best,-5.735195159912109
1034,best,-4.43235969543457
1035,best,-4.597797870635986
1036,best,-5.165660381317139
1037,best,-5.359373092651367
1038,best,-4.229696273803711
1039,best,-4.2935404777526855
1040,best,-5.033917427062988
1041,best,-5.438982009887695
1042,best,-4.713937759399414
1043,best,-4.991011142730713
1044,best,-4.652888774871826
1045,best,-7.326516151428223
1046,best,-5.593374252319336
1047,best,-6.006439685821533
1048,best,-4.073639392852783
1049,best,-5.683570861816406
1050,best,-5.329331398010254
1051,best,-4.300016403198242
1052,best,-5.689059734344482
1053,best,-4.541128635406494
1054,best,-4.884153366088867
1055,best,-5.598403453826904
1056,best,-4.730564117431641
1057,best,-6.378340721130371
1058,best,-5.898443222045898
1059,best,-4.703029632568359
1060,best,-4.7246551513671875
1061,best,-4.263479709625244
1062,best,-3.8616719245910645
1063,best,-5.711845397949219
1064,best,-5.55086612701416
1065,best,-4.883569717407227
1066,best,-5.046728134155273
1067,best,-5.028735637664795
1068,best,-4.70965051651001
1069,best,-4.262633800506592
1070,best,-4.47605562210083
1071,best,-4.167778015136719
1072,best,-3.826598644256592
1073,best,-5.031657695770264
1074,best,-4.798483371734619
1075,best,-3.850722074508667
1076,best,-3.5962228775024414
1077,best,-3.6146538257598877
1078,best,-5.048872947692871
1079,best,-5.107723712921143
1080,best,-4.759555816650391
1081,best,-4.175319671630859
1082,best,-5.466498851776123
1083,best,-3.98067045211792
1084,best,-3.98067045211792
1085,best,-4.510311603546143
1086,best,-4.116191864013672
1087,best,-4.505126953125
1088,best,-4.418145656585693
1089,best,-3.9056036472320557
1090,best,-4.357149600982666
1091,best,-5.00074577331543
1092,best,-3.947849988937378
1093,best,-4.5111823081970215
1094,best,-4.509825229644775
1095,best,-4.605164527893066
1096,best,-3.685631275177002
1097,best,-5.2090535163879395
1098,best,-4.055635929107666
1099,best,-4.84592342376709
1100,best,-4.097086429595947
1101,best,-3.666386365890503
1102,best,-5.319339752197266
1103,best,-4.050207138061523
1104,best,-4.944249153137207
1105,best,-3.8542587757110596
1106,best,-10.21716594696045
1107,best,-4.309704303741455
1108,best,-4.321924686431885
1109,best,-5.021306991577148
1110,best,-9.755691528320312
1111,best,-3.5553996562957764
1112,best,-5.978133678436279
1113,best,-4.940065860748291
1114,best,-4.0230631828308105
1115,best,-3.6692633628845215
1116,best,-4.309704303741455
1117,best,-4.388278484344482
1118,best,-3.667825937271118
1119,best,-3.0334975719451904
1120,best,-3.2425899505615234
1121,best,-5.143765449523926
1122,best,-4.754374980926514
1123,best,-4.290099620819092
1124,best,-3.8460581302642822
1125,best,-4.978916645050049
1126,best,-3.656240940093994
1127,best,-3.656240940093994
1128,best,-4.29396390914917
1129,best,-3.752056121826172
1130,best,-3.8515665531158447
1131,best,-4.165783882141113
1132,best,-3.3359336853027344
1133,best,-3.8665614128112793
1134,best,-4.652883052825928
1135,best,-3.8714518547058105
1136,best,-3.9571402072906494
1137,best,-4.103050708770752
1138,best,-4.431427478790283
1139,best,-4.8945770263671875
1140,best,-4.5673136711120605
1141,best,-3.955703020095825
1142,best,-3.739962339401245
1143,best,-3.968498945236206
1144,best,-5.290729522705078
1145,best,-4.6405768394470215
1146,best,-3.4021332263946533
1147,best,-4.065872669219971
1148,best,-10.298161506652832
1149,best,-4.154817581176758
1150,best,-5.479076385498047
1151,best,-5.18595552444458
1152,best,-4.89866828918457
1153,best,-5.243723392486572
1154,best,-3.523202657699585
1155,best,-5.18595552444458
1156,best,-5.083531379699707
1157,best,-5.231570720672607
1158,best,-5.670101642608643
1159,best,-4.152195453643799
1160,best,-4.141672134399414
1161,best,-4.646188259124756
1162,best,-3.7242953777313232
1163,best,-3.7768709659576416
1164,best,-4.621771335601807
1165,best,-5.4442572593688965
1166,best,-4.646188259124756
1167,best,-3.4728801250457764
1168,best,-4.932404041290283
1169,best,-9.694905281066895
1170,best,-5.396249294281006
1171,best,-4.471320152282715
1172,best,-6.754544734954834
1173,best,-6.754544734954834
1174,best,-5.743758678436279
1175,best,-3.2556705474853516
1176,best,-3.80165696144104
1177,best,-3.829158067703247
1178,best,-4.085102081298828
1179,best,-4.144495964050293
1180,best,-4.907087326049805
1181,best,-4.621771335601807
1182,best,-3.6644110679626465
1183,best,-3.4896633625030518
1184,best,-3.0250658988952637
1185,best,-2.894343852996826
1186,best,-3.3596630096435547
1187,best,-3.861224889755249
1188,best,-3.9900989532470703
1189,best,-2.397852659225464
1190,best,-3.302917957305908
1191,best,-9.075603485107422
1192,best,-3.316755533218384
1193,best,-4.111649036407471
1194,best,-3.8311173915863037
1195,best,-3.6834068298339844
1196,best,-3.927724838256836
1197,best,-2.5367074012756348
1198,best,-3.8311173915863037
1199,best,-3.8195834159851074
1200,best,-3.882694721221924
1201,best,-4.883076190948486
1202,best,-5.2940673828125
1203,best,-5.320138931274414
1204,best,-5.241499423980713
1205,best,-4.697695255279541
1206,best,-5.820034503936768
1207,best,-4.985963821411133
1208,best,-10.23366928100586
1209,best,-5.722275257110596
1210,best,-5.000182628631592
1211,best,-5.0600128173828125
1212,best,-6.867208480834961
1213,best,-4.622577667236328
1214,best,-4.663349151611328
1215,best,-4.690272808074951
1216,best,-5.749337196350098
1217,best,-4.4690704345703125
1218,best,-5.441315650939941
1219,best,-6.310795783996582
1220,best,-4.42279052734375
1221,best,-6.513260841369629
1222,best,-7.196926116943359
1223,best,-4.088740348815918
1224,best,-4.635812759399414
1225,best,-5.3596391677856445
1226,best,-4.880305767059326
1227,best,-4.947046756744385
1228,best,-5.239687442779541
1229,best,-4.3369975090026855
1230,best,-4.879907131195068
1231,best,-5.609440803527832
1232,best,-5.582817077636719
1233,best,-5.40700626373291
1234,best,-4.1223602294921875
1235,best,-5.483432769775391
1236,best,-5.206268787384033
1237,best,-6.314619064331055
1238,best,-10.05171012878418
1239,best,-4.938003063201904
1240,best,-4.964314937591553
1241,best,-5.620158672332764
1242,best,-5.423701286315918
1243,best,-4.44251823425293
1244,best,-4.859585762023926
1245,best,-4.687178134918213
1246,best,-4.439072608947754
1247,best,-4.5674262046813965
1248,best,-5.510013103485107
1249,best,-4.992221355438232
1250,best,-4.1690216064453125
1251,best,-9.107918739318848
1252,best,-4.994213581085205
1253,best,-4.664651870727539
1254,best,-4.863663196563721
1255,best,-6.103116512298584
1256,best,-4.736246109008789
1257,best,-4.086360454559326
1258,best,-3.728060483932495
1259,best,-5.448217391967773
1260,best,-3.77942156791687
1261,best,-4.426240921020508
1262,best,-5.578893661499023
1263,best,-3.763373374938965
1264,best,-5.516747951507568
1265,best,-6.580577850341797
1266,best,-4.444746971130371
1267,best,-5.355367183685303
1268,best,-4.752175331115723
1269,best,-6.710729122161865
1270,best,-5.201633930206299
1271,best,-6.548654079437256
1272,best,-4.92592191696167
1273,best,-5.8235955238342285
1274,best,-5.828571796417236
1275,best,-4.6107611656188965
1276,best,-6.0856757164001465
1277,best,-4.5084357261657715
1278,best,-5.160375118255615
1279,best,-5.558411121368408
1280,best,-4.377501010894775
1281,best,-5.380884647369385
1282,best,-6.554835796356201
1283,best,-5.259871006011963
1284,best,-5.067313194274902
1285,best,-11.112433433532715
1286,best,-4.826379299163818
1287,best,-7.560367584228516
1288,best,-5.330150127410889
1289,best,-6.454807281494141
1290,best,-5.070998668670654
1291,best,-4.986147403717041
1292,best,-5.896263122558594
1293,best,-6.402797698974609
1294,best,-6.694762706756592
1295,best,-5.355368614196777
1296,best,-7.497583866119385
1297,best,-5.857884883880615
1298,best,-5.273228168487549
1299,best,-4.499857425689697
1300,best,-4.377501010894775
1301,best,-4.152373790740967
1302,best,-7.851815700531006
1303,best,-5.503065586090088
1304,best,-5.848758220672607
1305,best,-6.930174350738525
1306,best,-5.8976030349731445
1307,best,-4.508123874664307
1308,best,-5.364189147949219
1309,best,-3.4119555950164795
1310,best,-4.674694061279297
1311,best,-3.74031925201416
1312,best,-5.592087745666504
1313,best,-3.8296139240264893
1314,best,-4.974027156829834
1315,best,-3.7701256275177
1316,best,-4.481116771697998
1317,best,-5.051088333129883
1318,best,-3.563037395477295
1319,best,-4.4510297775268555
1320,best,-3.2095232009887695
1321,best,-4.996342658996582
1322,best,-4.395718574523926
1323,best,-3.395318031311035
1324,best,-4.119201183319092
1325,best,-5.03063440322876
1326,best,-4.916271686553955
1327,best,-4.258611679077148
1328,best,-3.8333168029785156
1329,best,-4.759758472442627
1330,best,-4.759758472442627
1331,best,-4.589186191558838
1332,best,-5.957268238067627
1333,best,-4.3574604988098145
1334,best,-5.313148021697998
1335,best,-4.722457408905029
1336,best,-3.771238088607788
1337,best,-4.50327205657959
1338,best,-4.266642093658447
1339,best,-4.837128162384033
1340,best,-5.079286575317383
1341,best,-5.191858291625977
1342,best,-4.242517948150635
1343,best,-4.7104597091674805
1344,best,-4.440887928009033
1345,best,-4.250603199005127
1346,best,-3.5623064041137695
1347,best,-3.7608394622802734
1348,best,-4.739785194396973
1349,best,-4.757564544677734
1350,best,-3.8931519985198975
1351,best,-3.77248477935791
1352,best,-8.036154747009277
1353,best,-3.424341917037964
1354,best,-8.7806978225708
1355,best,-3.0103530883789062
1356,best,-4.599229335784912
1357,best,-3.8135344982147217
1358,best,-4.152408599853516
1359,best,-3.543288230895996
1360,best,-3.8328142166137695
1361,best,-2.8563320636749268
1362,best,-3.303206205368042
1363,best,-4.185585975646973
1364,best,-3.8478951454162598
1365,best,-5.436166286468506
1366,best,-3.6589314937591553
1367,best,-4.5933942794799805
