item_id,model_state,do,pp
0,initial,-7.2319159507751465,-6.878805637359619
1,initial,-8.38804817199707,-7.567199230194092
2,initial,-7.366003513336182,-6.702968120574951
3,initial,-8.630781173706055,-7.842550277709961
4,initial,-7.595473289489746,-6.582937240600586
5,initial,-8.320268630981445,-7.352766513824463
6,initial,-8.686958312988281,-8.201716423034668
7,initial,-8.415193557739258,-7.2862725257873535
8,initial,-7.660919666290283,-6.301474571228027
9,initial,-7.366003513336182,-6.702968120574951
10,initial,-9.455827713012695,-7.931726455688477
11,initial,-7.093393802642822,-6.396058559417725
12,initial,-7.8282976150512695,-6.59675407409668
13,initial,-9.51569652557373,-7.97462272644043
14,initial,-7.660919666290283,-6.301474571228027
15,initial,-8.814125061035156,-7.307135105133057
16,initial,-7.579943656921387,-6.319730281829834
17,initial,-8.372095108032227,-7.140116214752197
18,initial,-9.320999145507812,-8.584451675415039
19,initial,-7.575844764709473,-6.5312981605529785
20,initial,-7.313726425170898,-7.141623497009277
21,initial,-8.134003639221191,-7.119594573974609
22,initial,-8.998603820800781,-8.357490539550781
23,initial,-8.128694534301758,-7.395054340362549
24,initial,-9.590998649597168,-8.410638809204102
25,initial,-8.128694534301758,-7.395054340362549
26,initial,-9.398384094238281,-8.223400115966797
27,initial,-8.723913192749023,-8.497387886047363
28,initial,-7.7833638191223145,-7.536149024963379
29,initial,-9.461607933044434,-8.328657150268555
30,initial,-7.786436080932617,-7.598912239074707
31,initial,-8.689390182495117,-7.6777873039245605
32,initial,-8.998602867126465,-8.357490539550781
33,initial,-8.68939208984375,-7.677787780761719
34,initial,-8.060417175292969,-7.621318817138672
35,initial,-8.928422927856445,-8.534384727478027
36,initial,-7.7833638191223145,-7.536149024963379
37,initial,-8.68939208984375,-7.677787780761719
38,initial,-7.471733570098877,-7.255305767059326
39,initial,-7.369359493255615,-6.967167854309082
40,initial,-7.3034467697143555,-6.9517340660095215
41,initial,-7.028406143188477,-6.469335556030273
42,initial,-7.529845714569092,-6.976269245147705
43,initial,-8.730942726135254,-7.79597282409668
44,initial,-7.668741703033447,-6.791845321655273
45,initial,-7.434103965759277,-6.650548458099365
46,initial,-7.24478006362915,-6.534187316894531
47,initial,-8.065237045288086,-7.372355937957764
48,initial,-8.876357078552246,-8.120076179504395
49,initial,-7.409509181976318,-6.903755187988281
50,initial,-8.166845321655273,-7.467140197753906
51,initial,-8.698586463928223,-8.128414154052734
52,initial,-7.986901760101318,-7.370553016662598
53,initial,-8.138237953186035,-7.5894269943237305
54,initial,-7.707526206970215,-7.080430030822754
55,initial,-7.569769382476807,-6.764411926269531
56,initial,-7.2345075607299805,-6.557290554046631
57,initial,-6.429998397827148,-6.132650852203369
58,initial,-7.478514194488525,-6.584719181060791
59,initial,-7.446911334991455,-6.447593688964844
60,initial,-8.013167381286621,-7.086056709289551
61,initial,-8.743597030639648,-7.675384998321533
62,initial,-10.769365310668945,-9.16747760772705
63,initial,-8.957148551940918,-7.361728668212891
64,initial,-8.08531665802002,-7.561337947845459
65,initial,-8.280223846435547,-7.60191011428833
66,initial,-8.46348762512207,-7.400226593017578
67,initial,-10.959139823913574,-9.317023277282715
68,initial,-8.511123657226562,-7.277706146240234
69,initial,-8.392139434814453,-6.990606307983398
70,initial,-8.271893501281738,-7.200366020202637
71,initial,-9.991922378540039,-9.004511833190918
72,initial,-7.270740509033203,-5.722863674163818
73,initial,-7.988122463226318,-7.136044502258301
74,initial,-7.2491230964660645,-6.4378814697265625
75,initial,-9.376852035522461,-8.03516960144043
76,initial,-7.740437984466553,-7.026901721954346
77,initial,-10.034536361694336,-8.301215171813965
78,initial,-7.997137546539307,-6.986316204071045
79,initial,-8.374100685119629,-7.321602821350098
80,initial,-6.242317199707031,-5.9020490646362305
81,initial,-6.405698776245117,-5.835803985595703
82,initial,-7.667220115661621,-7.488866806030273
83,initial,-7.341005802154541,-6.801689624786377
84,initial,-6.322491645812988,-6.432436466217041
85,initial,-8.100144386291504,-8.192974090576172
86,initial,-8.082113265991211,-7.296543598175049
87,initial,-6.897030353546143,-6.590700149536133
88,initial,-6.847917556762695,-6.782708644866943
89,initial,-6.251652240753174,-6.056647300720215
90,initial,-6.688651084899902,-6.0518879890441895
91,initial,-8.485539436340332,-8.40641975402832
92,initial,-6.320586204528809,-5.830071926116943
93,initial,-7.248661518096924,-7.140968322753906
94,initial,-7.012907981872559,-7.045866012573242
95,initial,-6.907463073730469,-6.814781665802002
96,initial,-6.537405967712402,-6.073046684265137
97,initial,-7.273944854736328,-6.502282619476318
98,initial,-7.769474983215332,-7.541010856628418
99,initial,-6.27665376663208,-5.695992946624756
100,initial,-7.441145420074463,-6.414273738861084
101,initial,-7.654075622558594,-6.83859920501709
102,initial,-8.545266151428223,-7.697632789611816
103,initial,-7.490171432495117,-6.137062072753906
104,initial,-7.490171432495117,-6.137062072753906
105,initial,-7.399179935455322,-6.796878814697266
106,initial,-8.992108345031738,-7.741487979888916
107,initial,-8.505290031433105,-7.003052234649658
108,initial,-6.923028469085693,-6.243311882019043
109,initial,-9.5568265914917,-8.416613578796387
110,initial,-8.787532806396484,-7.668848991394043
111,initial,-7.551474094390869,-6.762596607208252
112,initial,-8.489384651184082,-7.268222332000732
113,initial,-8.748000144958496,-7.529636383056641
114,initial,-7.492888927459717,-6.504836082458496
115,initial,-8.691767692565918,-7.682849407196045
116,initial,-9.294631004333496,-8.266843795776367
117,initial,-8.016347885131836,-7.021477222442627
118,initial,-8.992108345031738,-7.741487979888916
119,initial,-8.7898530960083,-7.714823246002197
120,initial,-8.200037002563477,-6.516451835632324
121,initial,-8.037768363952637,-6.277737140655518
122,initial,-8.228968620300293,-6.770519733428955
123,initial,-7.903382778167725,-5.500938415527344
124,initial,-7.577458381652832,-6.3595662117004395
125,initial,-9.716241836547852,-7.180202960968018
126,initial,-9.529553413391113,-8.170348167419434
127,initial,-10.037369728088379,-7.452291965484619
128,initial,-8.640815734863281,-6.892002105712891
129,initial,-10.599503517150879,-7.963797092437744
130,initial,-7.265271186828613,-5.73981237411499
131,initial,-7.907484531402588,-6.419876575469971
132,initial,-7.726118087768555,-6.707971096038818
133,initial,-10.043010711669922,-7.686336517333984
134,initial,-10.599503517150879,-7.963797092437744
135,initial,-8.167215347290039,-5.796156406402588
136,initial,-7.411216735839844,-6.388047218322754
137,initial,-8.167215347290039,-5.796156406402588
138,initial,-9.716241836547852,-7.180202960968018
139,initial,-8.239129066467285,-7.182257652282715
140,initial,-6.915689945220947,-6.684576988220215
141,initial,-8.15410327911377,-7.450331687927246
142,initial,-7.65496301651001,-7.183895587921143
143,initial,-6.650687217712402,-6.108810901641846
144,initial,-8.27785873413086,-7.85507869720459
145,initial,-7.424403190612793,-6.313664436340332
146,initial,-8.514294624328613,-7.742618560791016
147,initial,-8.691926956176758,-8.016610145568848
148,initial,-7.6627607345581055,-7.151712417602539
149,initial,-7.581318378448486,-6.833985328674316
150,initial,-7.886025428771973,-7.170765399932861
151,initial,-7.853758811950684,-7.294631004333496
152,initial,-8.644640922546387,-7.914168357849121
153,initial,-8.185513496398926,-7.622570037841797
154,initial,-6.915689945220947,-6.684576988220215
155,initial,-8.514294624328613,-7.742618560791016
156,initial,-8.63776969909668,-8.041969299316406
157,initial,-8.712175369262695,-7.892443656921387
158,initial,-7.471272945404053,-6.753835678100586
159,initial,-8.514294624328613,-7.742618560791016
160,initial,-9.322701454162598,-7.955113887786865
161,initial,-8.552823066711426,-6.578884601593018
162,initial,-8.099751472473145,-7.070144176483154
163,initial,-10.340836524963379,-8.8618745803833
164,initial,-9.876636505126953,-8.43774700164795
165,initial,-7.752026081085205,-6.789554595947266
166,initial,-8.315695762634277,-7.614527225494385
167,initial,-10.340836524963379,-8.8618745803833
168,initial,-8.56775188446045,-7.85370397567749
169,initial,-8.149545669555664,-7.613003253936768
170,initial,-9.735410690307617,-8.420330047607422
171,initial,-9.043889045715332,-7.647176742553711
172,initial,-7.649561405181885,-7.0090718269348145
173,initial,-10.25663948059082,-8.327847480773926
174,initial,-9.845796585083008,-8.139409065246582
175,initial,-8.696052551269531,-7.924587726593018
176,initial,-9.372659683227539,-7.798025608062744
177,initial,-8.324591636657715,-7.06243896484375
178,initial,-7.8099846839904785,-7.249289512634277
179,initial,-8.940763473510742,-7.2306060791015625
180,initial,-7.084627151489258,-6.959485054016113
181,initial,-5.8067145347595215,-5.768542289733887
182,initial,-6.737806797027588,-6.405086994171143
183,initial,-6.293344974517822,-6.489562511444092
184,initial,-6.778911113739014,-6.039029598236084
185,initial,-7.936507701873779,-7.47416353225708
186,initial,-7.042796611785889,-7.035324573516846
187,initial,-8.640381813049316,-7.863969326019287
188,initial,-5.773076057434082,-5.98505973815918
189,initial,-7.316808700561523,-6.902998447418213
190,initial,-7.53194522857666,-6.758783340454102
191,initial,-7.084627151489258,-6.959485054016113
192,initial,-7.065212249755859,-6.852837562561035
193,initial,-7.909224033355713,-7.491669654846191
194,initial,-6.790767669677734,-6.515278339385986
195,initial,-7.2609992027282715,-6.759315490722656
196,initial,-7.135158061981201,-6.749424934387207
197,initial,-7.559448719024658,-6.384682655334473
198,initial,-8.057682037353516,-7.86116886138916
199,initial,-6.873813629150391,-6.402926445007324
200,initial,-6.859100341796875,-6.118032455444336
201,initial,-8.043025016784668,-7.212992191314697
202,initial,-8.66032600402832,-7.58366060256958
203,initial,-7.761346340179443,-6.489182949066162
204,initial,-7.761346340179443,-6.489182949066162
205,initial,-7.820788860321045,-7.099079132080078
206,initial,-9.178553581237793,-8.19350814819336
207,initial,-9.30424690246582,-8.264921188354492
208,initial,-7.761346340179443,-6.489182949066162
209,initial,-7.820788860321045,-7.099079132080078
210,initial,-8.247452735900879,-7.358837604522705
211,initial,-8.244732856750488,-6.9336113929748535
212,initial,-8.244732856750488,-6.9336113929748535
213,initial,-8.763630867004395,-7.623013973236084
214,initial,-8.247452735900879,-7.358837604522705
215,initial,-8.71907901763916,-7.695675373077393
216,initial,-9.244271278381348,-8.1561861038208
217,initial,-8.98386287689209,-7.768826961517334
218,initial,-7.771758079528809,-6.901890754699707
219,initial,-7.138875484466553,-5.8326311111450195
220,initial,-6.519680976867676,-6.527178764343262
221,initial,-6.815581798553467,-6.850964546203613
222,initial,-7.218094825744629,-6.761721611022949
223,initial,-6.845736026763916,-6.676260948181152
224,initial,-7.887928485870361,-7.519974708557129
225,initial,-7.387747764587402,-7.202127933502197
226,initial,-7.0526885986328125,-7.066920757293701
227,initial,-7.218213081359863,-6.880395412445068
228,initial,-7.468323707580566,-7.088746070861816
229,initial,-7.387747764587402,-7.202127933502197
230,initial,-7.529869079589844,-7.163300514221191
231,initial,-7.0248517990112305,-6.533687591552734
232,initial,-8.175314903259277,-7.663154125213623
233,initial,-8.521456718444824,-7.789944648742676
234,initial,-8.547904968261719,-7.512714385986328
235,initial,-7.562827110290527,-7.034360408782959
236,initial,-6.896409034729004,-6.52187967300415
237,initial,-7.087306022644043,-6.663642406463623
238,initial,-8.158060073852539,-7.480157852172852
239,initial,-7.474041938781738,-7.111110687255859
240,initial,-6.45098352432251,-6.492175102233887
241,initial,-7.84934663772583,-7.41192102432251
242,initial,-8.004343032836914,-7.899618148803711
243,initial,-7.2554731369018555,-7.320427894592285
244,initial,-7.485445976257324,-7.5109663009643555
245,initial,-8.188329696655273,-7.930459022521973
246,initial,-6.965539932250977,-7.089269638061523
247,initial,-8.043091773986816,-7.826223373413086
248,initial,-7.825148105621338,-7.666604518890381
249,initial,-8.203880310058594,-7.857885837554932
250,initial,-7.581241607666016,-7.535496711730957
251,initial,-6.674871921539307,-6.916064262390137
252,initial,-6.677947044372559,-6.871102809906006
253,initial,-6.9210052490234375,-6.859285354614258
254,initial,-6.881433963775635,-6.828586578369141
255,initial,-7.518467426300049,-7.3680243492126465
256,initial,-8.094382286071777,-7.8285908699035645
257,initial,-8.16279125213623,-8.017898559570312
258,initial,-6.6484599113464355,-6.77070426940918
259,initial,-6.175191879272461,-6.2830634117126465
260,initial,-6.699396133422852,-6.742053031921387
261,initial,-6.609380722045898,-6.93154764175415
262,initial,-6.552623271942139,-6.457884788513184
263,initial,-6.893650531768799,-6.8941802978515625
264,initial,-7.2314910888671875,-7.050740718841553
265,initial,-6.7291765213012695,-6.648706436157227
266,initial,-6.428887844085693,-6.620983600616455
267,initial,-6.617780685424805,-6.322010517120361
268,initial,-6.926502704620361,-6.786519527435303
269,initial,-6.706168174743652,-7.05593204498291
270,initial,-6.983473777770996,-6.952035903930664
271,initial,-5.928038120269775,-6.222779273986816
272,initial,-6.269776821136475,-6.115257263183594
273,initial,-6.630011558532715,-6.286337852478027
274,initial,-7.666544437408447,-7.522698879241943
275,initial,-5.8492913246154785,-6.203335762023926
276,initial,-5.95744514465332,-6.172385215759277
277,initial,-6.294157981872559,-6.708333492279053
278,initial,-6.874386787414551,-7.055707931518555
279,initial,-6.896432876586914,-6.674978733062744
280,initial,-8.640928268432617,-8.418548583984375
281,initial,-8.14120101928711,-7.8145036697387695
282,initial,-7.9047393798828125,-7.878551006317139
283,initial,-7.425708770751953,-7.321547508239746
284,initial,-6.633431434631348,-6.758982181549072
285,initial,-6.594349384307861,-6.337878704071045
286,initial,-8.55589771270752,-8.264806747436523
287,initial,-8.809908866882324,-8.209460258483887
288,initial,-7.602452278137207,-7.304637908935547
289,initial,-6.47102165222168,-6.374417781829834
290,initial,-8.134413719177246,-7.871022701263428
291,initial,-8.647283554077148,-8.110562324523926
292,initial,-7.557651996612549,-7.4057464599609375
293,initial,-8.635619163513184,-8.387136459350586
294,initial,-7.063662528991699,-6.6731061935424805
295,initial,-7.731029987335205,-7.497875690460205
296,initial,-7.259350776672363,-7.147439002990723
297,initial,-8.699850082397461,-8.43412971496582
298,initial,-7.2256388664245605,-7.2919487953186035
299,initial,-8.328413963317871,-7.9073686599731445
300,initial,-6.8935370445251465,-6.759930610656738
301,initial,-7.320441246032715,-7.183468341827393
302,initial,-6.1916093826293945,-6.06056022644043
303,initial,-6.993964672088623,-6.827432155609131
304,initial,-6.544032573699951,-6.3206658363342285
305,initial,-7.256936073303223,-7.301295280456543
306,initial,-8.412487030029297,-8.388627052307129
307,initial,-6.813216686248779,-6.356950283050537
308,initial,-6.788403511047363,-6.559770584106445
309,initial,-6.444798469543457,-6.37516975402832
310,initial,-8.040806770324707,-7.911961078643799
311,initial,-6.373221397399902,-6.593748092651367
312,initial,-6.845872402191162,-6.709495544433594
313,initial,-6.922828197479248,-6.431643009185791
314,initial,-6.553120136260986,-6.441162109375
315,initial,-6.562968730926514,-6.240541934967041
316,initial,-6.056558132171631,-5.755240440368652
317,initial,-7.254581928253174,-7.1153564453125
318,initial,-6.464727878570557,-6.1275787353515625
319,initial,-7.541933059692383,-7.669008731842041
320,initial,-6.11270809173584,-5.773765563964844
321,initial,-7.567112922668457,-6.892635822296143
322,initial,-7.40503454208374,-7.187551021575928
323,initial,-6.976257801055908,-6.493875980377197
324,initial,-7.541913986206055,-7.260777473449707
325,initial,-7.054905891418457,-6.9045000076293945
326,initial,-7.763189315795898,-7.177906513214111
327,initial,-7.96021842956543,-7.782783508300781
328,initial,-6.2776875495910645,-5.99679708480835
329,initial,-7.300902843475342,-7.134297847747803
330,initial,-6.7021989822387695,-6.421464443206787
331,initial,-7.649842262268066,-7.194530010223389
332,initial,-7.752035140991211,-7.080510139465332
333,initial,-6.634588241577148,-6.367049217224121
334,initial,-6.419656753540039,-6.395707607269287
335,initial,-6.643385410308838,-6.510247707366943
336,initial,-7.300665855407715,-7.027697563171387
337,initial,-6.728845119476318,-6.466283798217773
338,initial,-5.788990497589111,-5.426478385925293
339,initial,-7.055349349975586,-6.476679801940918
340,initial,-6.790135860443115,-6.378278732299805
341,initial,-9.062451362609863,-8.507718086242676
342,initial,-9.157797813415527,-9.228951454162598
343,initial,-9.72479248046875,-9.615241050720215
344,initial,-7.856815338134766,-7.524928569793701
345,initial,-7.472587585449219,-7.332451820373535
346,initial,-10.103954315185547,-8.641758918762207
347,initial,-8.742773056030273,-8.099810600280762
348,initial,-9.790085792541504,-9.384553909301758
349,initial,-8.148547172546387,-7.649517059326172
350,initial,-8.344660758972168,-8.349079132080078
351,initial,-9.941052436828613,-9.273255348205566
352,initial,-8.18502140045166,-7.684645175933838
353,initial,-9.277935028076172,-9.32944393157959
354,initial,-7.106927394866943,-7.369016170501709
355,initial,-8.612229347229004,-8.366820335388184
356,initial,-9.96241569519043,-9.68007755279541
357,initial,-9.190839767456055,-8.6637601852417
358,initial,-7.998345851898193,-7.353944301605225
359,initial,-8.290340423583984,-7.814639091491699
360,initial,-8.160430908203125,-7.845841407775879
361,initial,-8.726165771484375,-9.082443237304688
362,initial,-7.759872913360596,-7.6299004554748535
363,initial,-7.518139362335205,-7.504924297332764
364,initial,-7.289582252502441,-7.463731288909912
365,initial,-7.010194301605225,-7.174776077270508
366,initial,-7.335118770599365,-7.659630298614502
367,initial,-8.701669692993164,-8.619571685791016
368,initial,-9.715974807739258,-9.229500770568848
369,initial,-9.111113548278809,-9.556925773620605
370,initial,-7.413293361663818,-7.731128692626953
371,initial,-9.506673812866211,-9.45876407623291
372,initial,-9.005380630493164,-8.669855117797852
373,initial,-9.826745986938477,-9.968972206115723
374,initial,-8.216364860534668,-8.214170455932617
375,initial,-6.776795864105225,-6.57050085067749
376,initial,-7.1542158126831055,-7.7008376121521
377,initial,-8.726165771484375,-9.082443237304688
378,initial,-7.518139362335205,-7.504924297332764
379,initial,-7.793363094329834,-7.691173076629639
380,initial,-6.761950492858887,-6.95067834854126
381,initial,-8.446769714355469,-8.28349781036377
382,initial,-7.0856032371521,-7.113009929656982
383,initial,-8.173678398132324,-8.128771781921387
384,initial,-6.680505752563477,-6.476884365081787
385,initial,-7.339114665985107,-7.241754531860352
386,initial,-7.922614097595215,-7.897069454193115
387,initial,-8.239810943603516,-8.425028800964355
388,initial,-7.373204708099365,-7.2349090576171875
389,initial,-7.473677635192871,-7.462334632873535
390,initial,-6.776972770690918,-6.924472808837891
391,initial,-7.799849033355713,-7.51541805267334
392,initial,-7.384608745574951,-7.111554145812988
393,initial,-8.243005752563477,-8.245089530944824
394,initial,-7.464513301849365,-7.6388068199157715
395,initial,-8.31114387512207,-8.391456604003906
396,initial,-7.602005481719971,-7.815868377685547
397,initial,-6.740877628326416,-6.857540607452393
398,initial,-6.897690296173096,-7.504324913024902
399,initial,-6.92503547668457,-7.0373945236206055
400,initial,-8.36217975616455,-7.781124591827393
401,initial,-9.118754386901855,-8.537798881530762
402,initial,-9.382305145263672,-9.182697296142578
403,initial,-7.091917514801025,-7.24638032913208
404,initial,-8.927240371704102,-7.881051540374756
405,initial,-8.671417236328125,-7.922489643096924
406,initial,-8.236145973205566,-7.928512096405029
407,initial,-8.317015647888184,-8.270722389221191
408,initial,-7.549971103668213,-7.02642297744751
409,initial,-8.571383476257324,-8.021109580993652
410,initial,-7.614630222320557,-7.1593241691589355
411,initial,-9.306241035461426,-8.486822128295898
412,initial,-8.822690963745117,-8.720073699951172
413,initial,-7.463026523590088,-7.344715595245361
414,initial,-8.374038696289062,-8.307625770568848
415,initial,-9.736383438110352,-8.569942474365234
416,initial,-8.953932762145996,-8.776176452636719
417,initial,-9.500085830688477,-9.617837905883789
418,initial,-8.436034202575684,-7.845098972320557
419,initial,-7.091917514801025,-7.24638032913208
420,initial,-7.660092830657959,-7.336252212524414
421,initial,-6.1568603515625,-6.383474826812744
422,initial,-7.42966365814209,-7.038665294647217
423,initial,-7.295026779174805,-7.042727470397949
424,initial,-6.36371374130249,-6.5216569900512695
425,initial,-8.726927757263184,-8.795632362365723
426,initial,-8.726557731628418,-8.696940422058105
427,initial,-9.023329734802246,-9.044530868530273
428,initial,-8.139894485473633,-8.294620513916016
429,initial,-6.043501853942871,-6.280561447143555
430,initial,-9.7387056350708,-9.097168922424316
431,initial,-6.91193151473999,-6.961236476898193
432,initial,-6.994568824768066,-7.271929740905762
433,initial,-8.613444328308105,-8.111268997192383
434,initial,-7.446622371673584,-7.491337299346924
435,initial,-6.5225372314453125,-6.616075038909912
436,initial,-6.507277965545654,-6.281628131866455
437,initial,-6.366366386413574,-6.375000953674316
438,initial,-6.56591272354126,-6.733580589294434
439,initial,-6.401820182800293,-6.695109844207764
440,initial,-8.076828956604004,-7.778251647949219
441,initial,-6.360555648803711,-6.07274055480957
442,initial,-7.532156467437744,-7.195322513580322
443,initial,-7.220559120178223,-6.974950313568115
444,initial,-7.749729156494141,-7.039938926696777
445,initial,-8.404011726379395,-7.939312934875488
446,initial,-8.866793632507324,-8.466814041137695
447,initial,-8.721293449401855,-8.419900894165039
448,initial,-7.588244438171387,-7.482966423034668
449,initial,-7.133574485778809,-6.706747055053711
450,initial,-8.254164695739746,-7.180141925811768
451,initial,-8.263779640197754,-7.648950576782227
452,initial,-8.484538078308105,-8.136186599731445
453,initial,-7.249009609222412,-6.989436626434326
454,initial,-7.713089942932129,-7.1158366203308105
455,initial,-7.6767377853393555,-7.136868953704834
456,initial,-7.29813289642334,-7.253383159637451
457,initial,-7.366725921630859,-6.736042022705078
458,initial,-7.6126389503479,-7.211587429046631
459,initial,-7.2015252113342285,-6.975357532501221
460,initial,-7.9936699867248535,-7.574875354766846
461,initial,-6.015618324279785,-5.969256401062012
462,initial,-6.2508625984191895,-5.9630351066589355
463,initial,-7.383761405944824,-6.790361404418945
464,initial,-6.830175399780273,-6.477651119232178
465,initial,-6.717566013336182,-6.809418678283691
466,initial,-6.926109790802002,-5.964805603027344
467,initial,-6.964334964752197,-6.286706447601318
468,initial,-7.835728645324707,-7.060174465179443
469,initial,-7.088539123535156,-6.664562225341797
470,initial,-7.2592644691467285,-6.718526840209961
471,initial,-9.273816108703613,-8.305757522583008
472,initial,-7.187521934509277,-6.976126670837402
473,initial,-7.038400650024414,-6.718817234039307
474,initial,-6.457757472991943,-6.542255401611328
475,initial,-7.204914093017578,-7.029687404632568
476,initial,-5.908580303192139,-5.994088172912598
477,initial,-6.9829487800598145,-6.704598426818848
478,initial,-6.202474117279053,-6.122671604156494
479,initial,-6.376804351806641,-6.285660266876221
480,initial,-5.63749885559082,-5.777805328369141
481,initial,-6.841384410858154,-6.572136878967285
482,initial,-6.920768737792969,-6.9282307624816895
483,initial,-6.217388153076172,-5.993198871612549
484,initial,-5.668216705322266,-5.653815269470215
485,initial,-6.4212446212768555,-6.337371826171875
486,initial,-6.4212446212768555,-6.337371826171875
487,initial,-6.5529255867004395,-6.558351039886475
488,initial,-6.3046464920043945,-6.020185947418213
489,initial,-7.168328762054443,-7.016805171966553
490,initial,-7.997889995574951,-7.312502861022949
491,initial,-8.799641609191895,-8.125635147094727
492,initial,-6.4212446212768555,-6.337371826171875
493,initial,-6.154748439788818,-5.859832763671875
494,initial,-7.042980670928955,-6.383851051330566
495,initial,-7.283512115478516,-6.977108955383301
496,initial,-5.8359832763671875,-5.826306343078613
497,initial,-6.143322467803955,-6.091503620147705
498,initial,-6.154748439788818,-5.859832763671875
499,initial,-7.052727222442627,-6.891952991485596
500,initial,-5.784881114959717,-6.3155903816223145
501,initial,-5.88961935043335,-6.187307357788086
502,initial,-6.460075378417969,-6.556275844573975
503,initial,-7.893895626068115,-7.6209917068481445
504,initial,-5.997772216796875,-5.887626647949219
505,initial,-6.520397186279297,-6.249388217926025
506,initial,-6.081198692321777,-6.439460754394531
507,initial,-7.476503849029541,-7.360167503356934
508,initial,-6.557962417602539,-6.604611396789551
509,initial,-6.10566520690918,-6.1326751708984375
510,initial,-7.749120235443115,-7.665366172790527
511,initial,-7.297277450561523,-7.111437797546387
512,initial,-6.668557643890381,-6.671912670135498
513,initial,-6.752377986907959,-6.6392316818237305
514,initial,-6.176761150360107,-6.70602560043335
515,initial,-6.217336177825928,-6.623035430908203
516,initial,-6.989859580993652,-6.423762798309326
517,initial,-5.362613677978516,-5.630950450897217
518,initial,-6.554078578948975,-6.6420369148254395
519,initial,-7.986806392669678,-7.77593994140625
520,initial,-7.399608612060547,-6.466423034667969
521,initial,-7.068108081817627,-6.469890117645264
522,initial,-7.421177387237549,-6.814586639404297
523,initial,-6.770474433898926,-6.821385383605957
524,initial,-5.9376678466796875,-5.413065433502197
525,initial,-7.477884769439697,-7.201478481292725
526,initial,-6.220499515533447,-6.174140930175781
527,initial,-5.728024482727051,-5.7939348220825195
528,initial,-8.81633186340332,-8.014792442321777
529,initial,-7.542028427124023,-7.080236434936523
530,initial,-7.012426376342773,-6.215001583099365
531,initial,-8.067700386047363,-7.702782154083252
532,initial,-8.294964790344238,-7.918817043304443
533,initial,-7.121860027313232,-6.264415264129639
534,initial,-7.919432163238525,-7.54950475692749
535,initial,-6.366990089416504,-6.220287799835205
536,initial,-6.040962219238281,-5.970179557800293
537,initial,-8.067700386047363,-7.702782154083252
538,initial,-6.196455955505371,-6.3339738845825195
539,initial,-6.229710102081299,-6.265163898468018
540,initial,-5.510100364685059,-6.049060344696045
541,initial,-5.513003349304199,-5.819134712219238
542,initial,-6.079864025115967,-5.959505558013916
543,initial,-5.631691932678223,-6.167304992675781
544,initial,-5.955005168914795,-5.958004951477051
545,initial,-6.097135543823242,-6.580021858215332
546,initial,-6.408653259277344,-6.638634204864502
547,initial,-6.1757097244262695,-6.41316032409668
548,initial,-5.416250228881836,-5.650401592254639
549,initial,-6.189435005187988,-5.769459247589111
550,initial,-6.151762008666992,-6.204936504364014
551,initial,-6.837798595428467,-6.729816436767578
552,initial,-6.330555438995361,-6.456960678100586
553,initial,-7.52382755279541,-7.22030782699585
554,initial,-6.896249294281006,-7.083740711212158
555,initial,-7.495929718017578,-7.3539652824401855
556,initial,-5.534670829772949,-6.064384460449219
557,initial,-6.023454189300537,-6.142787456512451
558,initial,-5.415866851806641,-5.633730411529541
559,initial,-5.799986362457275,-6.0696001052856445
560,initial,-7.23649787902832,-6.655049800872803
561,initial,-7.026143550872803,-6.599342346191406
562,initial,-7.868375778198242,-7.355129718780518
563,initial,-6.262039661407471,-6.012582778930664
564,initial,-7.679248809814453,-7.4097137451171875
565,initial,-6.034482955932617,-5.877819061279297
566,initial,-6.546933650970459,-6.105574607849121
567,initial,-7.421131610870361,-7.005786895751953
568,initial,-6.316120624542236,-6.535346984863281
569,initial,-7.30946159362793,-7.182373046875
570,initial,-7.388412952423096,-6.8521881103515625
571,initial,-6.624102592468262,-6.570338726043701
572,initial,-6.899805068969727,-6.5952348709106445
573,initial,-8.016952514648438,-7.3668365478515625
574,initial,-5.900325298309326,-5.772214889526367
575,initial,-6.121934413909912,-5.962732791900635
576,initial,-6.421106815338135,-5.86314058303833
577,initial,-5.43900728225708,-5.50900411605835
578,initial,-5.779865264892578,-5.9205708503723145
579,initial,-6.1790080070495605,-5.92689323425293
580,initial,-7.405023097991943,-6.9068756103515625
581,initial,-8.496729850769043,-7.402816295623779
582,initial,-7.341648578643799,-6.415470123291016
583,initial,-8.402313232421875,-7.339313507080078
584,initial,-8.076077461242676,-7.110689640045166
585,initial,-6.941290378570557,-5.942844390869141
586,initial,-6.992702960968018,-6.17848014831543
587,initial,-8.296597480773926,-7.370751857757568
588,initial,-7.698450565338135,-6.974538326263428
589,initial,-8.509523391723633,-7.292622089385986
590,initial,-8.15149974822998,-7.3303093910217285
591,initial,-9.014649391174316,-7.646958827972412
592,initial,-7.814178466796875,-7.194913387298584
593,initial,-7.499416828155518,-6.801274299621582
594,initial,-6.454709529876709,-5.7663984298706055
595,initial,-8.517977714538574,-7.271053314208984
596,initial,-6.6275954246521,-5.8502655029296875
597,initial,-7.744059085845947,-6.892453670501709
598,initial,-8.692388534545898,-7.185214996337891
599,initial,-7.825489044189453,-6.715020179748535
600,initial,-7.225961208343506,-6.766819953918457
601,initial,-8.850916862487793,-8.04688549041748
602,initial,-9.208298683166504,-8.449104309082031
603,initial,-8.886194229125977,-7.848282814025879
604,initial,-7.225961208343506,-6.766819953918457
605,initial,-7.122546672821045,-6.807023048400879
606,initial,-8.7280855178833,-7.800208568572998
607,initial,-7.955146312713623,-7.504610061645508
608,initial,-8.239314079284668,-7.50264835357666
609,initial,-8.260316848754883,-7.589056968688965
610,initial,-7.393044471740723,-6.839995861053467
611,initial,-9.208298683166504,-8.449104309082031
612,initial,-7.2067389488220215,-6.6859588623046875
613,initial,-8.011029243469238,-7.278385639190674
614,initial,-6.903616428375244,-6.550335884094238
615,initial,-7.254439830780029,-6.891098499298096
616,initial,-7.14333438873291,-6.6258673667907715
617,initial,-8.007317543029785,-7.581964015960693
618,initial,-7.481712341308594,-6.816608905792236
619,initial,-9.023579597473145,-8.150397300720215
620,initial,-6.977146148681641,-6.552052021026611
621,initial,-7.526423931121826,-7.075710773468018
622,initial,-7.478247165679932,-7.602888107299805
623,initial,-6.59119987487793,-6.397264003753662
624,initial,-7.075582981109619,-6.78144645690918
625,initial,-7.249992370605469,-7.172544002532959
626,initial,-7.95633602142334,-7.608426570892334
627,initial,-6.152597427368164,-6.198047637939453
628,initial,-7.069668769836426,-6.677430152893066
629,initial,-7.6892290115356445,-7.268491744995117
630,initial,-7.282584190368652,-7.172093868255615
631,initial,-7.297623634338379,-6.975588321685791
632,initial,-6.502876281738281,-6.557624816894531
633,initial,-6.143310546875,-5.830935478210449
634,initial,-7.059267520904541,-6.694657325744629
635,initial,-5.753755569458008,-5.586352348327637
636,initial,-7.348593711853027,-6.877020835876465
637,initial,-6.541738986968994,-6.31675910949707
638,initial,-7.644248008728027,-7.109423637390137
639,initial,-6.195321559906006,-5.933285713195801
640,initial,-8.066473960876465,-6.786466121673584
641,initial,-7.856520175933838,-7.213710784912109
642,initial,-7.15381383895874,-6.651321887969971
643,initial,-8.728911399841309,-7.467854022979736
644,initial,-7.895875453948975,-6.926022052764893
645,initial,-8.48003101348877,-7.940975189208984
646,initial,-9.543377876281738,-8.633410453796387
647,initial,-7.832324504852295,-6.848178863525391
648,initial,-9.23226547241211,-8.15821647644043
649,initial,-8.078574180603027,-7.148407936096191
650,initial,-7.684172630310059,-7.297150135040283
651,initial,-7.068062782287598,-6.424751281738281
652,initial,-7.873164653778076,-6.807424068450928
653,initial,-8.145356178283691,-7.294012546539307
654,initial,-7.5274810791015625,-6.556725978851318
655,initial,-8.468058586120605,-7.67716121673584
656,initial,-8.743602752685547,-8.071866035461426
657,initial,-8.698569297790527,-7.868340969085693
658,initial,-9.111358642578125,-7.8742570877075195
659,initial,-8.500775337219238,-7.5540385246276855
660,initial,-7.68458366394043,-7.572376728057861
661,initial,-5.574841022491455,-5.564230918884277
662,initial,-7.799775123596191,-7.227670669555664
663,initial,-7.754300594329834,-7.800380706787109
664,initial,-6.09188175201416,-6.135084629058838
665,initial,-6.108913421630859,-6.421259880065918
666,initial,-6.0767316818237305,-6.232054233551025
667,initial,-6.806737899780273,-6.660612106323242
668,initial,-5.890552043914795,-5.885032653808594
669,initial,-5.418972969055176,-5.877200603485107
670,initial,-7.497952461242676,-7.564961910247803
671,initial,-6.783740520477295,-6.755718231201172
672,initial,-7.040038585662842,-7.379701614379883
673,initial,-6.2210373878479,-6.190329074859619
674,initial,-7.497952461242676,-7.564961910247803
675,initial,-7.148568630218506,-7.560570240020752
676,initial,-8.360307693481445,-7.64990758895874
677,initial,-6.489962577819824,-6.67420768737793
678,initial,-6.778312683105469,-6.908531665802002
679,initial,-7.255140781402588,-7.149357318878174
680,initial,-6.94334077835083,-6.061293601989746
681,initial,-7.1897430419921875,-6.407390117645264
682,initial,-7.194812774658203,-6.636940956115723
683,initial,-7.575246334075928,-6.990118503570557
684,initial,-7.066138744354248,-6.565530776977539
685,initial,-6.627828121185303,-5.705158233642578
686,initial,-7.386025428771973,-6.726217269897461
687,initial,-6.460951328277588,-6.101375102996826
688,initial,-6.844195365905762,-6.020745277404785
689,initial,-8.26401424407959,-7.545599937438965
690,initial,-6.864292621612549,-6.128468036651611
691,initial,-6.553092956542969,-6.071761608123779
692,initial,-7.180140972137451,-6.771167755126953
693,initial,-7.455088138580322,-6.3519368171691895
694,initial,-7.490171432495117,-7.329707622528076
695,initial,-7.517592906951904,-7.23599910736084
696,initial,-8.017899513244629,-7.518899440765381
697,initial,-6.853469371795654,-6.0734124183654785
698,initial,-7.403706073760986,-6.850135803222656
699,initial,-6.619493007659912,-6.058481693267822
0,final,-3.5780956745147705,-4.6814703941345215
1,final,-8.337398529052734,-9.437166213989258
2,final,-3.854503631591797,-4.6622819900512695
3,final,-6.502076625823975,-6.8079962730407715
4,final,-8.133854866027832,-7.083889007568359
5,final,-8.807764053344727,-8.990941047668457
6,final,-6.022684574127197,-6.157778263092041
7,final,-9.254950523376465,-8.535523414611816
8,final,-3.708333969116211,-3.4589598178863525
9,final,-3.854503631591797,-4.6622819900512695
10,final,-8.23127269744873,-7.016202926635742
11,final,-3.1133909225463867,-4.621367454528809
12,final,-6.85611629486084,-6.2406463623046875
13,final,-9.315841674804688,-8.114848136901855
14,final,-3.708333969116211,-3.4589598178863525
15,final,-6.035778999328613,-5.4577813148498535
16,final,-6.615653038024902,-6.245284557342529
17,final,-6.88540506362915,-8.585251808166504
18,final,-6.550663948059082,-7.467703342437744
19,final,-7.418023109436035,-8.454134941101074
20,final,-2.2113687992095947,-5.398217678070068
21,final,-6.914005756378174,-7.2344794273376465
22,final,-6.880683898925781,-8.154255867004395
23,final,-3.1158924102783203,-4.189467430114746
24,final,-8.128138542175293,-8.56343936920166
25,final,-3.1158924102783203,-4.189467430114746
26,final,-6.104962348937988,-6.7885422706604
27,final,-4.625101089477539,-6.775918483734131
28,final,-5.157470703125,-7.530088901519775
29,final,-6.98547887802124,-7.738131999969482
30,final,-2.4203202724456787,-4.730355739593506
31,final,-8.457624435424805,-8.829754829406738
32,final,-6.880684852600098,-8.154255867004395
33,final,-8.457626342773438,-8.829755783081055
34,final,-7.256462097167969,-9.412467002868652
35,final,-6.4909257888793945,-8.730595588684082
36,final,-5.157470703125,-7.530089378356934
37,final,-8.457626342773438,-8.829755783081055
38,final,-2.8788070678710938,-5.45090389251709
39,final,-2.308870315551758,-4.9655914306640625
40,final,-5.206376552581787,-5.002823352813721
41,final,-5.677924633026123,-5.668909549713135
42,final,-7.860144138336182,-7.31810188293457
43,final,-9.410353660583496,-9.620234489440918
44,final,-7.998135089874268,-8.998559951782227
45,final,-8.983054161071777,-7.298727035522461
46,final,-6.515197277069092,-5.85125732421875
47,final,-9.367671012878418,-10.223442077636719
48,final,-9.501485824584961,-9.328957557678223
49,final,-7.506328105926514,-7.075440406799316
50,final,-8.54448413848877,-7.945807456970215
51,final,-9.289782524108887,-7.9550862312316895
52,final,-8.566789627075195,-9.01110553741455
53,final,-11.01355266571045,-8.283636093139648
54,final,-7.621039867401123,-7.1267828941345215
55,final,-9.117291450500488,-8.851161003112793
56,final,-5.006981372833252,-4.766838073730469
57,final,-5.152591705322266,-4.2896881103515625
58,final,-8.448758125305176,-7.6527605056762695
59,final,-10.073251724243164,-9.278729438781738
60,final,-9.409393310546875,-8.218273162841797
61,final,-8.613457679748535,-7.374893665313721
62,final,-11.341193199157715,-9.494483947753906
63,final,-7.372076988220215,-6.067995548248291
64,final,-8.812870979309082,-7.937343120574951
65,final,-6.343723297119141,-5.5067315101623535
66,final,-6.313403606414795,-4.736849308013916
67,final,-11.82518482208252,-9.393559455871582
68,final,-6.563848972320557,-5.499643325805664
69,final,-5.730696201324463,-4.546035289764404
70,final,-8.668838500976562,-6.662235736846924
71,final,-9.05678939819336,-7.5729804039001465
72,final,-6.447798252105713,-6.6298627853393555
73,final,-11.9122314453125,-12.057662010192871
74,final,-8.841501235961914,-8.685364723205566
75,final,-8.680353164672852,-5.9428558349609375
76,final,-4.97240686416626,-4.418301105499268
77,final,-8.403021812438965,-6.5151519775390625
78,final,-7.962793350219727,-7.052864074707031
79,final,-8.982331275939941,-7.036895751953125
80,final,-7.264461517333984,-6.44807243347168
81,final,-9.63241958618164,-9.037684440612793
82,final,-7.228099346160889,-6.86409330368042
83,final,-7.093791961669922,-7.087259292602539
84,final,-7.8974127769470215,-9.113266944885254
85,final,-8.704736709594727,-8.776312828063965
86,final,-9.180343627929688,-9.980548858642578
87,final,-10.470035552978516,-10.704130172729492
88,final,-11.444089889526367,-11.428787231445312
89,final,-8.770990371704102,-9.692028999328613
90,final,-8.845410346984863,-7.8803815841674805
91,final,-9.470755577087402,-8.903373718261719
92,final,-9.59562873840332,-9.525812149047852
93,final,-5.672895908355713,-5.402172565460205
94,final,-5.2990403175354,-5.445564270019531
95,final,-10.133712768554688,-10.96847915649414
96,final,-6.435823917388916,-5.33589506149292
97,final,-5.486462593078613,-5.315789699554443
98,final,-6.581806659698486,-6.575995922088623
99,final,-7.1532440185546875,-7.017886161804199
100,final,-4.990294933319092,-6.135491847991943
101,final,-5.362819194793701,-4.863382339477539
102,final,-7.858239650726318,-7.819168567657471
103,final,-6.81785774230957,-6.1662139892578125
104,final,-6.81785774230957,-6.1662139892578125
105,final,-6.631710052490234,-7.460066318511963
106,final,-8.572278022766113,-7.164258003234863
107,final,-6.0901970863342285,-5.374845027923584
108,final,-4.097122669219971,-4.536032199859619
109,final,-8.696893692016602,-7.756040096282959
110,final,-7.84031867980957,-6.840487957000732
111,final,-5.3303422927856445,-5.345228672027588
112,final,-7.352052211761475,-6.792409420013428
113,final,-7.628738880157471,-6.478338718414307
114,final,-7.745351314544678,-7.025544166564941
115,final,-8.173556327819824,-7.464885711669922
116,final,-10.331320762634277,-9.135316848754883
117,final,-10.243398666381836,-10.774569511413574
118,final,-8.572278022766113,-7.164258003234863
119,final,-8.384222984313965,-8.112082481384277
120,final,-4.590799808502197,-3.117565155029297
121,final,-3.7283241748809814,-2.5253093242645264
122,final,-7.623748779296875,-6.148059368133545
123,final,-3.8333637714385986,-2.394754648208618
124,final,-5.371395111083984,-4.397740840911865
125,final,-6.420297145843506,-4.413145542144775
126,final,-8.119649887084961,-6.289330005645752
127,final,-9.196893692016602,-6.6188178062438965
128,final,-4.039740085601807,-2.694629192352295
129,final,-8.696525573730469,-6.192257404327393
130,final,-3.8127338886260986,-2.752224922180176
131,final,-7.689128875732422,-6.621335506439209
132,final,-3.719578981399536,-3.7501766681671143
133,final,-8.321966171264648,-5.919090270996094
134,final,-8.696525573730469,-6.192257404327393
135,final,-5.609427452087402,-3.6637003421783447
136,final,-3.7022430896759033,-2.8966333866119385
137,final,-5.609427452087402,-3.6637003421783447
138,final,-6.420295715332031,-4.413144588470459
139,final,-6.72321081161499,-5.451667785644531
140,final,-4.541406631469727,-3.3868494033813477
141,final,-11.233583450317383,-6.737622261047363
142,final,-9.128849983215332,-8.173551559448242
143,final,-6.536435127258301,-5.355832099914551
144,final,-9.650725364685059,-8.099174499511719
145,final,-11.582646369934082,-7.883738994598389
146,final,-7.923436164855957,-7.136556148529053
147,final,-10.778945922851562,-10.058161735534668
148,final,-8.20455265045166,-7.187469482421875
149,final,-5.79048490524292,-4.332279682159424
150,final,-8.857351303100586,-7.674117088317871
151,final,-8.07262897491455,-6.263489246368408
152,final,-12.744020462036133,-8.052765846252441
153,final,-7.8562493324279785,-6.179640769958496
154,final,-4.541406631469727,-3.3868494033813477
155,final,-7.923436164855957,-7.136556148529053
156,final,-9.582783699035645,-6.886614799499512
157,final,-9.33170223236084,-7.4950761795043945
158,final,-6.128353118896484,-4.31306266784668
159,final,-7.923436164855957,-7.136556148529053
160,final,-9.028322219848633,-6.458855152130127
161,final,-9.575090408325195,-6.556459426879883
162,final,-8.02742862701416,-6.861510753631592
163,final,-11.104937553405762,-7.92702054977417
164,final,-9.114225387573242,-6.108457565307617
165,final,-4.96915864944458,-3.220247507095337
166,final,-5.303060531616211,-3.46504807472229
167,final,-11.104937553405762,-7.92702054977417
168,final,-8.091917991638184,-5.988035678863525
169,final,-5.724775314331055,-3.7243881225585938
170,final,-10.64372730255127,-7.351273059844971
171,final,-10.961647987365723,-7.737812519073486
172,final,-5.539129734039307,-3.606281280517578
173,final,-10.192893028259277,-7.373164653778076
174,final,-7.834105491638184,-5.454583644866943
175,final,-5.263218402862549,-3.431994915008545
176,final,-7.361763954162598,-5.180616855621338
177,final,-8.23115062713623,-6.203341960906982
178,final,-7.697296619415283,-5.510807037353516
179,final,-10.629266738891602,-6.841480731964111
180,final,-4.95782470703125,-4.286162853240967
181,final,-8.603164672851562,-8.35863208770752
182,final,-6.181414604187012,-4.690413951873779
183,final,-10.79627799987793,-10.717525482177734
184,final,-8.62390422821045,-6.740561008453369
185,final,-7.405390739440918,-4.8198699951171875
186,final,-7.879093170166016,-6.651098251342773
187,final,-9.116006851196289,-9.092131614685059
188,final,-13.388628959655762,-11.937167167663574
189,final,-6.400877952575684,-5.9377336502075195
190,final,-5.972837448120117,-5.601017951965332
191,final,-4.95782470703125,-4.286162853240967
192,final,-7.65975284576416,-7.345670223236084
193,final,-7.401693344116211,-5.008199214935303
194,final,-8.354945182800293,-7.135128498077393
195,final,-6.363442420959473,-5.6409831047058105
196,final,-6.232887268066406,-5.847454071044922
197,final,-5.964355945587158,-5.905655384063721
198,final,-8.73401165008545,-7.357788562774658
199,final,-9.40117359161377,-7.280217170715332
200,final,-4.199063777923584,-2.938939094543457
201,final,-8.14493465423584,-7.594607353210449
202,final,-8.733439445495605,-6.5912909507751465
203,final,-8.777767181396484,-7.887570381164551
204,final,-8.777767181396484,-7.887570381164551
205,final,-5.2849531173706055,-4.638029098510742
206,final,-9.286845207214355,-7.0614213943481445
207,final,-9.173287391662598,-7.761996269226074
208,final,-8.777767181396484,-7.887570381164551
209,final,-5.2849531173706055,-4.638029098510742
210,final,-8.181418418884277,-6.423025608062744
211,final,-8.893754959106445,-6.725849151611328
212,final,-8.893754959106445,-6.725849151611328
213,final,-8.646590232849121,-6.7245965003967285
214,final,-8.181418418884277,-6.423025608062744
215,final,-8.054732322692871,-5.9968767166137695
216,final,-9.661734580993652,-8.831916809082031
217,final,-7.693262577056885,-5.892208576202393
218,final,-4.848446846008301,-4.680124282836914
219,final,-5.824886322021484,-4.38714075088501
220,final,-6.252567291259766,-4.681777477264404
221,final,-6.39531946182251,-6.523383617401123
222,final,-13.225095748901367,-10.325572967529297
223,final,-11.20065975189209,-8.84048843383789
224,final,-9.698447227478027,-8.714011192321777
225,final,-9.117105484008789,-7.44276762008667
226,final,-9.73322582244873,-8.881427764892578
227,final,-7.247159481048584,-6.30810546875
228,final,-9.187278747558594,-7.34158992767334
229,final,-9.117105484008789,-7.44276762008667
230,final,-8.979652404785156,-7.655681133270264
231,final,-8.130855560302734,-6.816159725189209
232,final,-11.827033996582031,-9.383865356445312
233,final,-9.548501968383789,-8.228248596191406
234,final,-8.511930465698242,-7.346682548522949
235,final,-10.4716215133667,-8.390087127685547
236,final,-6.527157306671143,-5.854527473449707
237,final,-6.969306945800781,-6.0758161544799805
238,final,-7.940902233123779,-6.520473480224609
239,final,-6.040334701538086,-5.383823871612549
240,final,-4.8441667556762695,-5.0804362297058105
241,final,-13.535966873168945,-11.182584762573242
242,final,-7.014243125915527,-7.500521183013916
243,final,-9.275635719299316,-8.902697563171387
244,final,-5.764002323150635,-6.659939289093018
245,final,-8.419608116149902,-8.085470199584961
246,final,-8.011497497558594,-7.490565776824951
247,final,-7.673272132873535,-7.624575614929199
248,final,-6.578132629394531,-6.817129135131836
249,final,-11.943766593933105,-10.106768608093262
250,final,-5.482393741607666,-6.516211986541748
251,final,-7.230099201202393,-7.912353992462158
252,final,-6.982564449310303,-7.144896984100342
253,final,-5.191505432128906,-5.507081508636475
254,final,-6.45150089263916,-6.483806133270264
255,final,-9.948858261108398,-9.340396881103516
256,final,-7.937370777130127,-7.956509590148926
257,final,-11.08100414276123,-9.20891284942627
258,final,-4.142518520355225,-4.788514137268066
259,final,-6.29155158996582,-6.367096424102783
260,final,-11.368375778198242,-9.025446891784668
261,final,-10.152392387390137,-8.308477401733398
262,final,-11.024836540222168,-8.415872573852539
263,final,-8.784858703613281,-7.124391078948975
264,final,-13.638291358947754,-10.873855590820312
265,final,-8.739380836486816,-7.263057231903076
266,final,-8.533488273620605,-6.480291366577148
267,final,-10.085753440856934,-8.403410911560059
268,final,-11.645586013793945,-9.010359764099121
269,final,-8.311487197875977,-7.2418975830078125
270,final,-10.54231071472168,-7.785763740539551
271,final,-7.46867036819458,-5.994807243347168
272,final,-9.22354793548584,-7.516729354858398
273,final,-10.224832534790039,-9.148981094360352
274,final,-10.2026948928833,-8.415070533752441
275,final,-8.284446716308594,-6.149600028991699
276,final,-7.980571269989014,-6.479937553405762
277,final,-10.002193450927734,-8.710046768188477
278,final,-10.466662406921387,-8.037903785705566
279,final,-10.252190589904785,-8.234617233276367
280,final,-10.594883918762207,-8.323755264282227
281,final,-9.281834602355957,-7.9275407791137695
282,final,-13.161675453186035,-11.346656799316406
283,final,-10.959415435791016,-9.344805717468262
284,final,-7.564629554748535,-5.1368794441223145
285,final,-9.3644380569458,-8.41312313079834
286,final,-10.874659538269043,-8.356600761413574
287,final,-13.006834983825684,-8.533174514770508
288,final,-8.436200141906738,-6.563143253326416
289,final,-8.347729682922363,-7.607795715332031
290,final,-8.89025592803955,-7.956814289093018
291,final,-9.176874160766602,-8.045825958251953
292,final,-11.418882369995117,-9.579675674438477
293,final,-10.663930892944336,-8.444316864013672
294,final,-8.60728645324707,-6.927404880523682
295,final,-8.7236967086792,-7.525654315948486
296,final,-5.940521240234375,-5.03514289855957
297,final,-9.496500015258789,-8.280484199523926
298,final,-9.987384796142578,-9.085063934326172
299,final,-9.653299331665039,-8.476011276245117
300,final,-13.986709594726562,-11.696274757385254
301,final,-11.436920166015625,-10.078231811523438
302,final,-8.826266288757324,-6.914344310760498
303,final,-7.993887424468994,-6.607896327972412
304,final,-10.514439582824707,-10.211860656738281
305,final,-9.939311981201172,-8.874860763549805
306,final,-12.04971981048584,-10.283121109008789
307,final,-12.624098777770996,-11.37958812713623
308,final,-8.53364372253418,-5.8392333984375
309,final,-5.491931915283203,-5.313347816467285
310,final,-11.667695045471191,-9.695022583007812
311,final,-8.86461067199707,-7.500970840454102
312,final,-7.959811687469482,-7.181701183319092
313,final,-14.34920597076416,-11.612834930419922
314,final,-10.646142959594727,-9.902195930480957
315,final,-5.925464630126953,-5.2874555587768555
316,final,-8.665512084960938,-7.48527193069458
317,final,-9.121694564819336,-8.421082496643066
318,final,-5.837730407714844,-5.643027305603027
319,final,-11.919901847839355,-10.382455825805664
320,final,-7.074005126953125,-6.531288146972656
321,final,-8.726061820983887,-6.965602397918701
322,final,-9.843445777893066,-9.521371841430664
323,final,-10.709062576293945,-8.789719581604004
324,final,-8.44693374633789,-7.979872703552246
325,final,-8.96647834777832,-7.922914981842041
326,final,-10.078998565673828,-8.683061599731445
327,final,-11.048918724060059,-9.393221855163574
328,final,-6.98952579498291,-6.57900333404541
329,final,-10.887105941772461,-8.797811508178711
330,final,-7.805130958557129,-6.573592185974121
331,final,-9.315702438354492,-6.978770732879639
332,final,-9.874951362609863,-8.637356758117676
333,final,-8.371888160705566,-7.047690391540527
334,final,-6.593423843383789,-5.7266621589660645
335,final,-6.645322799682617,-7.033182621002197
336,final,-7.410369873046875,-5.889703750610352
337,final,-10.890056610107422,-8.694207191467285
338,final,-5.395845890045166,-4.478773593902588
339,final,-8.467982292175293,-6.975677013397217
340,final,-6.8384175300598145,-6.123974800109863
341,final,-7.5840959548950195,-7.111695766448975
342,final,-9.461833953857422,-8.635054588317871
343,final,-10.509815216064453,-9.123538970947266
344,final,-4.948618412017822,-5.554963111877441
345,final,-5.112778186798096,-5.43326997756958
346,final,-9.201759338378906,-8.362329483032227
347,final,-8.394923210144043,-8.636826515197754
348,final,-9.282821655273438,-9.050372123718262
349,final,-4.767541408538818,-5.367149829864502
350,final,-8.663936614990234,-8.700664520263672
351,final,-8.418721199035645,-7.8256144523620605
352,final,-8.802077293395996,-8.456049919128418
353,final,-9.73784065246582,-9.03602409362793
354,final,-5.432781219482422,-5.56109094619751
355,final,-8.3272705078125,-8.243273735046387
356,final,-9.530611038208008,-8.826607704162598
357,final,-7.275652885437012,-7.43647575378418
358,final,-6.512472629547119,-5.371583461761475
359,final,-8.614399909973145,-8.698395729064941
360,final,-3.8735930919647217,-5.693817138671875
361,final,-7.568199157714844,-7.34768533706665
362,final,-2.8864593505859375,-5.02077579498291
363,final,-4.015031337738037,-5.733341693878174
364,final,-3.901195526123047,-6.182336330413818
365,final,-2.449580430984497,-5.733198165893555
366,final,-7.371469974517822,-8.683786392211914
367,final,-9.260231018066406,-10.296624183654785
368,final,-9.196712493896484,-9.941353797912598
369,final,-6.686707973480225,-7.626406192779541
370,final,-4.37845516204834,-6.225527286529541
371,final,-6.933985233306885,-8.28200626373291
372,final,-7.922467231750488,-9.583672523498535
373,final,-8.314640045166016,-9.343277931213379
374,final,-8.64660358428955,-9.97767162322998
375,final,-5.790463924407959,-5.952652931213379
376,final,-4.761651039123535,-6.643792629241943
377,final,-7.568199157714844,-7.34768533706665
378,final,-4.015031337738037,-5.733341693878174
379,final,-7.409002304077148,-8.500984191894531
380,final,-7.927177429199219,-6.546361446380615
381,final,-12.304848670959473,-8.740884780883789
382,final,-7.7293500900268555,-7.103292465209961
383,final,-11.456596374511719,-10.10055923461914
384,final,-10.887139320373535,-8.244787216186523
385,final,-9.549784660339355,-7.197654724121094
386,final,-12.136085510253906,-8.285080909729004
387,final,-9.27547550201416,-8.412035942077637
388,final,-10.275272369384766,-9.2177152633667
389,final,-10.02537727355957,-10.67419147491455
390,final,-8.097729682922363,-7.355396747589111
391,final,-9.53639030456543,-9.022884368896484
392,final,-6.82370138168335,-6.544442653656006
393,final,-10.104616165161133,-10.845993041992188
394,final,-7.780566215515137,-6.778819561004639
395,final,-10.24227237701416,-9.01134204864502
396,final,-8.463239669799805,-6.591048240661621
397,final,-6.163908958435059,-6.816510200500488
398,final,-6.792049407958984,-6.438979625701904
399,final,-6.1917219161987305,-5.809788227081299
400,final,-9.895648956298828,-7.492385387420654
401,final,-10.682984352111816,-8.418062210083008
402,final,-11.392783164978027,-10.066125869750977
403,final,-6.1441521644592285,-6.34166145324707
404,final,-10.504131317138672,-8.896685600280762
405,final,-8.524169921875,-8.2614164352417
406,final,-9.970314979553223,-8.775362968444824
407,final,-9.18140697479248,-8.23564624786377
408,final,-7.574853897094727,-8.292707443237305
409,final,-12.585938453674316,-8.444951057434082
410,final,-8.753886222839355,-6.834095478057861
411,final,-7.416482448577881,-6.020762920379639
412,final,-13.316381454467773,-11.022292137145996
413,final,-6.31777811050415,-6.129108905792236
414,final,-5.828006267547607,-5.353602886199951
415,final,-10.218442916870117,-8.883870124816895
416,final,-12.653379440307617,-10.260364532470703
417,final,-10.240015029907227,-9.249163627624512
418,final,-9.503291130065918,-8.768865585327148
419,final,-6.144151210784912,-6.34166145324707
420,final,-5.922047138214111,-6.447789192199707
421,final,-11.229689598083496,-10.647775650024414
422,final,-8.942525863647461,-9.376075744628906
423,final,-9.149044036865234,-8.31824016571045
424,final,-7.925772666931152,-7.702133655548096
425,final,-8.890021324157715,-8.605189323425293
426,final,-12.040803909301758,-9.675151824951172
427,final,-10.42393970489502,-9.635896682739258
428,final,-8.228724479675293,-8.65560245513916
429,final,-12.525964736938477,-9.975104331970215
430,final,-9.532292366027832,-10.531744956970215
431,final,-10.03425407409668,-9.8072509765625
432,final,-6.018627643585205,-6.550695419311523
433,final,-7.763697147369385,-8.047039031982422
434,final,-8.43846607208252,-8.681777954101562
435,final,-6.834952354431152,-6.214168548583984
436,final,-5.809255599975586,-5.512770652770996
437,final,-7.807184219360352,-7.306240081787109
438,final,-11.074872970581055,-13.147753715515137
439,final,-9.511187553405762,-6.965692520141602
440,final,-10.53005313873291,-8.620855331420898
441,final,-8.63776683807373,-6.432009220123291
442,final,-7.294671535491943,-6.910392761230469
443,final,-6.664966106414795,-5.397363662719727
444,final,-5.609554767608643,-5.291645526885986
445,final,-7.869800567626953,-7.981734752655029
446,final,-9.141388893127441,-11.266799926757812
447,final,-8.2985200881958,-9.057310104370117
448,final,-6.564606666564941,-5.86112642288208
449,final,-6.724766254425049,-4.788116931915283
450,final,-7.3675150871276855,-6.984804630279541
451,final,-8.423168182373047,-9.213443756103516
452,final,-7.470916271209717,-8.167329788208008
453,final,-5.805408954620361,-5.547300815582275
454,final,-4.849205017089844,-7.047521114349365
455,final,-7.7147016525268555,-7.186970233917236
456,final,-6.02987003326416,-6.213937282562256
457,final,-5.232748985290527,-4.647139072418213
458,final,-7.084695816040039,-9.47661018371582
459,final,-4.988272190093994,-5.490584373474121
460,final,-7.038759708404541,-6.054365158081055
461,final,-4.243620872497559,-5.222571849822998
462,final,-5.835446834564209,-5.019982814788818
463,final,-5.315865516662598,-4.860043525695801
464,final,-6.82594108581543,-5.947848796844482
465,final,-8.603804588317871,-8.168577194213867
466,final,-4.316466331481934,-3.794275999069214
467,final,-4.091886520385742,-3.8807461261749268
468,final,-5.181246757507324,-4.9165263175964355
469,final,-9.149345397949219,-8.338876724243164
470,final,-8.31270694732666,-7.525539398193359
471,final,-9.409124374389648,-7.358895301818848
472,final,-8.45584487915039,-7.184780120849609
473,final,-6.358631610870361,-6.016106605529785
474,final,-7.161870956420898,-7.027068138122559
475,final,-5.251987457275391,-5.483996391296387
476,final,-9.399469375610352,-9.062840461730957
477,final,-10.353137969970703,-8.775016784667969
478,final,-11.34048843383789,-10.64033031463623
479,final,-5.102837562561035,-4.702942371368408
480,final,-4.479756832122803,-4.743519306182861
481,final,-7.840570449829102,-7.5074005126953125
482,final,-4.947761058807373,-5.28162956237793
483,final,-4.882774353027344,-5.149821758270264
484,final,-7.934946537017822,-8.087400436401367
485,final,-6.363598346710205,-6.501440525054932
486,final,-6.363598346710205,-6.501440525054932
487,final,-6.147395610809326,-6.310519218444824
488,final,-5.739092826843262,-5.577264308929443
489,final,-9.931086540222168,-8.721291542053223
490,final,-7.847861289978027,-7.509983062744141
491,final,-8.17638111114502,-8.195815086364746
492,final,-6.363598346710205,-6.501440525054932
493,final,-5.534409523010254,-5.483071327209473
494,final,-4.391169548034668,-4.614321231842041
495,final,-4.696757793426514,-4.64668083190918
496,final,-6.357045650482178,-6.296950340270996
497,final,-10.719489097595215,-10.225360870361328
498,final,-5.534409523010254,-5.483071327209473
499,final,-5.6764140129089355,-5.655716896057129
500,final,-5.435051441192627,-5.198549747467041
501,final,-9.285651206970215,-9.471674919128418
502,final,-6.953459739685059,-6.454090595245361
503,final,-7.83051872253418,-7.7846269607543945
504,final,-8.027948379516602,-8.4127836227417
505,final,-4.991624355316162,-4.570515155792236
506,final,-6.145361423492432,-4.762801647186279
507,final,-6.886749744415283,-6.470106601715088
508,final,-8.263007164001465,-7.3115739822387695
509,final,-9.846179008483887,-9.35276985168457
510,final,-10.39560317993164,-8.670767784118652
511,final,-6.711301803588867,-6.434863090515137
512,final,-8.04996109008789,-8.50425910949707
513,final,-7.215754508972168,-6.656798839569092
514,final,-9.416403770446777,-9.742293357849121
515,final,-7.3526153564453125,-7.074455261230469
516,final,-9.001699447631836,-8.258153915405273
517,final,-9.698741912841797,-9.56418514251709
518,final,-7.645213603973389,-7.970473766326904
519,final,-9.131977081298828,-8.411916732788086
520,final,-6.251279354095459,-4.847000598907471
521,final,-9.821898460388184,-9.359606742858887
522,final,-7.2135443687438965,-6.215916156768799
523,final,-7.976086139678955,-6.223206996917725
524,final,-7.780791282653809,-8.111079216003418
525,final,-8.523712158203125,-7.511247158050537
526,final,-7.368325710296631,-5.525754928588867
527,final,-11.195396423339844,-12.062661170959473
528,final,-8.164228439331055,-6.956388473510742
529,final,-7.5703959465026855,-7.010571479797363
530,final,-7.718584060668945,-7.853660583496094
531,final,-7.2224955558776855,-6.05009651184082
532,final,-10.061741828918457,-6.7064337730407715
533,final,-8.509980201721191,-6.950350284576416
534,final,-7.449413776397705,-4.988476753234863
535,final,-6.329314231872559,-5.495911121368408
536,final,-9.5361967086792,-8.349332809448242
537,final,-7.2224955558776855,-6.05009651184082
538,final,-6.452639102935791,-5.268158912658691
539,final,-7.935100555419922,-6.621891975402832
540,final,-7.029953956604004,-7.292478084564209
541,final,-7.1743550300598145,-6.75071382522583
542,final,-5.416469097137451,-5.225368976593018
543,final,-5.447221279144287,-5.321258544921875
544,final,-6.5584940910339355,-6.581193447113037
545,final,-5.084523677825928,-5.349367141723633
546,final,-6.492757320404053,-6.402038097381592
547,final,-10.185929298400879,-8.9911470413208
548,final,-11.228598594665527,-10.459320068359375
549,final,-10.290789604187012,-9.427397727966309
550,final,-6.82558012008667,-6.669371604919434
551,final,-7.818432331085205,-7.767040729522705
552,final,-6.43821382522583,-6.459230899810791
553,final,-6.829428195953369,-6.321171283721924
554,final,-7.106990337371826,-7.436769485473633
555,final,-7.777575492858887,-7.443756103515625
556,final,-9.33340072631836,-8.776516914367676
557,final,-8.70352840423584,-8.089844703674316
558,final,-7.929831027984619,-7.5172014236450195
559,final,-11.189216613769531,-10.663955688476562
560,final,-10.583057403564453,-9.048238754272461
561,final,-5.137847423553467,-4.847537040710449
562,final,-8.900336265563965,-7.715320110321045
563,final,-7.327473163604736,-7.462777614593506
564,final,-7.343967914581299,-6.5420942306518555
565,final,-4.850691318511963,-4.422606468200684
566,final,-10.036243438720703,-8.557778358459473
567,final,-5.6051411628723145,-5.9960618019104
568,final,-11.791720390319824,-9.615283012390137
569,final,-7.447755813598633,-8.085869789123535
570,final,-6.605515480041504,-6.082505226135254
571,final,-6.422472953796387,-5.905691146850586
572,final,-5.757732391357422,-5.356902122497559
573,final,-8.137243270874023,-7.504417419433594
574,final,-9.888011932373047,-9.021520614624023
575,final,-4.82515287399292,-5.522701263427734
576,final,-4.999744892120361,-4.521390438079834
577,final,-5.416831970214844,-6.214186191558838
578,final,-5.187582015991211,-5.179250240325928
579,final,-5.825089931488037,-6.096467971801758
580,final,-4.532609939575195,-4.566679954528809
581,final,-7.4296698570251465,-6.782010555267334
582,final,-6.061661720275879,-5.694246292114258
583,final,-6.830135345458984,-6.278026580810547
584,final,-9.616774559020996,-8.567422866821289
585,final,-3.64965558052063,-3.557718276977539
586,final,-4.11531400680542,-3.8128700256347656
587,final,-7.307875156402588,-6.657307147979736
588,final,-6.9867939949035645,-6.745162010192871
589,final,-8.140693664550781,-7.2921247482299805
590,final,-7.208109378814697,-6.644500732421875
591,final,-7.657784938812256,-6.573362827301025
592,final,-6.926990509033203,-5.212378025054932
593,final,-8.142081260681152,-6.092174530029297
594,final,-3.205359935760498,-3.269014835357666
595,final,-7.509446620941162,-6.318758964538574
596,final,-3.453193187713623,-3.4007153511047363
597,final,-6.141407489776611,-5.456727504730225
598,final,-5.8593878746032715,-4.89227294921875
599,final,-12.157734870910645,-9.661168098449707
600,final,-7.944154262542725,-7.280062198638916
601,final,-7.291805267333984,-7.961452960968018
602,final,-7.5807318687438965,-8.275731086730957
603,final,-6.866371154785156,-6.968538761138916
604,final,-7.944154262542725,-7.280062198638916
605,final,-5.3303303718566895,-5.272114276885986
606,final,-6.7750372886657715,-7.0563483238220215
607,final,-4.1175312995910645,-4.534507751464844
608,final,-6.451789855957031,-7.135495662689209
609,final,-6.156707763671875,-6.284715175628662
610,final,-4.593662738800049,-3.884273052215576
611,final,-7.580732822418213,-8.275732040405273
612,final,-3.861945629119873,-4.009698867797852
613,final,-9.496376037597656,-8.831940650939941
614,final,-4.256769180297852,-4.941035747528076
615,final,-4.790859222412109,-5.357212543487549
616,final,-7.127579212188721,-6.78900146484375
617,final,-5.368852138519287,-5.767662525177002
618,final,-3.6728036403656006,-4.668210029602051
619,final,-9.574742317199707,-8.561308860778809
620,final,-6.512840747833252,-5.4824090003967285
621,final,-9.970980644226074,-7.536165237426758
622,final,-7.078974723815918,-6.653413772583008
623,final,-6.897263526916504,-5.103083610534668
624,final,-10.585975646972656,-8.176310539245605
625,final,-10.91676139831543,-9.697636604309082
626,final,-10.788369178771973,-8.235156059265137
627,final,-6.254546642303467,-4.857270240783691
628,final,-9.168341636657715,-7.523414611816406
629,final,-7.084671497344971,-6.180627822875977
630,final,-7.75039005279541,-6.199377536773682
631,final,-7.390092372894287,-6.461308479309082
632,final,-8.428632736206055,-6.576547145843506
633,final,-9.10969066619873,-6.600771903991699
634,final,-6.915247440338135,-5.657326698303223
635,final,-4.739770889282227,-4.016704559326172
636,final,-9.121260643005371,-7.033952713012695
637,final,-6.336824893951416,-5.463013648986816
638,final,-13.543937683105469,-10.20602798461914
639,final,-5.481950283050537,-4.692450523376465
640,final,-5.101796627044678,-4.336967945098877
641,final,-6.0194411277771,-4.378847122192383
642,final,-11.582406044006348,-11.342988014221191
643,final,-10.677821159362793,-8.38378620147705
644,final,-5.656999588012695,-5.027552127838135
645,final,-5.858147621154785,-5.122470855712891
646,final,-11.5372314453125,-7.820290565490723
647,final,-14.026131629943848,-8.9527587890625
648,final,-9.155644416809082,-7.359886169433594
649,final,-8.631453514099121,-7.463334083557129
650,final,-9.750944137573242,-7.691559314727783
651,final,-7.260872840881348,-4.799499034881592
652,final,-9.440285682678223,-5.915661811828613
653,final,-8.708439826965332,-6.829015254974365
654,final,-6.037028789520264,-5.999477863311768
655,final,-8.040855407714844,-6.879742622375488
656,final,-9.395564079284668,-5.982845306396484
657,final,-13.711860656738281,-9.395883560180664
658,final,-9.68732738494873,-7.678801536560059
659,final,-13.409354209899902,-9.13537311553955
660,final,-10.117310523986816,-8.084409713745117
661,final,-12.870250701904297,-10.600886344909668
662,final,-6.735184192657471,-6.291479110717773
663,final,-7.838027000427246,-7.009723663330078
664,final,-6.189652919769287,-6.1535964012146
665,final,-11.457292556762695,-9.196410179138184
666,final,-8.529420852661133,-7.357391357421875
667,final,-6.8809814453125,-5.370221138000488
668,final,-6.523388862609863,-5.61118745803833
669,final,-8.9158296585083,-7.388049125671387
670,final,-10.304943084716797,-8.882153511047363
671,final,-6.528177261352539,-5.16293478012085
672,final,-5.970731735229492,-6.48404598236084
673,final,-7.97206449508667,-7.484681606292725
674,final,-10.304944038391113,-8.882153511047363
675,final,-9.259757995605469,-8.121390342712402
676,final,-8.039392471313477,-7.5386199951171875
677,final,-9.144349098205566,-8.688485145568848
678,final,-9.06115436553955,-7.816087245941162
679,final,-8.764138221740723,-7.30413818359375
680,final,-5.250489711761475,-4.567503929138184
681,final,-8.906277656555176,-8.137199401855469
682,final,-6.759911060333252,-6.117396354675293
683,final,-9.877531051635742,-6.602016448974609
684,final,-7.829744815826416,-5.648294448852539
685,final,-5.326374530792236,-3.9782800674438477
686,final,-7.285628318786621,-6.429095268249512
687,final,-5.14357328414917,-4.678533554077148
688,final,-8.00790786743164,-7.303340911865234
689,final,-8.674665451049805,-6.9938836097717285
690,final,-4.841272354125977,-4.2481255531311035
691,final,-6.943201541900635,-3.8256449699401855
692,final,-5.601666450500488,-5.00147819519043
693,final,-8.25564193725586,-7.130743980407715
694,final,-8.799433708190918,-7.21043062210083
695,final,-7.683102130889893,-7.013477325439453
696,final,-7.887021541595459,-7.15602970123291
697,final,-9.90526008605957,-7.520813465118408
698,final,-4.901694297790527,-4.306886196136475
699,final,-6.762931823730469,-4.951423168182373
0,best,-3.3858883380889893,-4.561845779418945
1,best,-6.92511510848999,-8.433390617370605
2,best,-2.961423635482788,-3.976005792617798
3,best,-6.652829170227051,-6.877828121185303
4,best,-7.163427829742432,-6.1624064445495605
5,best,-7.3393754959106445,-7.806632995605469
6,best,-4.664126396179199,-4.994779109954834
7,best,-7.819537162780762,-7.301476955413818
8,best,-3.5645787715911865,-3.3355696201324463
9,best,-2.961423635482788,-3.976005792617798
10,best,-7.474757194519043,-5.894814968109131
11,best,-2.879711151123047,-4.559102535247803
12,best,-5.423086643218994,-5.263105869293213
13,best,-7.658631801605225,-6.659894943237305
14,best,-3.5645787715911865,-3.3355696201324463
15,best,-4.6699347496032715,-4.2358012199401855
16,best,-5.22985315322876,-5.0112786293029785
17,best,-5.574893474578857,-7.544667720794678
18,best,-6.79428768157959,-7.636549472808838
19,best,-6.09615421295166,-7.3199896812438965
20,best,-2.1346466541290283,-4.991759300231934
21,best,-5.596012592315674,-6.104246616363525
22,best,-5.55718994140625,-7.015021800994873
23,best,-3.1067259311676025,-4.113592147827148
24,best,-6.474877834320068,-7.100679874420166
25,best,-3.1067259311676025,-4.113592147827148
26,best,-6.354252815246582,-6.877344608306885
27,best,-3.2210590839385986,-5.582808971405029
28,best,-3.7036478519439697,-6.002335548400879
29,best,-5.7259111404418945,-6.547158718109131
30,best,-2.429851531982422,-4.58013916015625
31,best,-7.026394844055176,-7.58755350112915
32,best,-5.557186603546143,-7.015020847320557
33,best,-7.026394844055176,-7.587554454803467
34,best,-5.8834123611450195,-8.16374683380127
35,best,-5.322984218597412,-7.644003391265869
36,best,-3.703648328781128,-6.0023369789123535
37,best,-7.026394844055176,-7.587554454803467
38,best,-2.1032052040100098,-4.6070451736450195
39,best,-2.3108770847320557,-4.523144721984863
40,best,-5.207620620727539,-4.964834690093994
41,best,-5.424006462097168,-5.550180912017822
42,best,-6.686771392822266,-6.268975257873535
43,best,-8.939982414245605,-8.980493545532227
44,best,-6.8582329750061035,-7.717379570007324
45,best,-7.853167533874512,-6.403839111328125
46,best,-5.475323677062988,-5.0924482345581055
47,best,-8.12916374206543,-9.057585716247559
48,best,-9.833463668823242,-9.474496841430664
49,best,-6.404557704925537,-6.027408123016357
50,best,-8.311919212341309,-7.291012287139893
51,best,-9.325563430786133,-7.990811347961426
52,best,-7.331799030303955,-7.800651550292969
53,best,-9.769927978515625,-7.176507472991943
54,best,-6.842501163482666,-6.246837615966797
55,best,-8.535311698913574,-8.225357055664062
56,best,-5.031524658203125,-4.71941614151001
57,best,-5.326471328735352,-4.422667026519775
58,best,-7.051061153411865,-6.589962482452393
59,best,-8.881475448608398,-8.362884521484375
60,best,-8.1812105178833,-7.17479944229126
61,best,-7.211618900299072,-6.146844387054443
62,best,-11.199877738952637,-9.40587329864502
63,best,-6.10875940322876,-4.873648166656494
64,best,-7.46906852722168,-6.665714740753174
65,best,-5.559011936187744,-4.795726776123047
66,best,-6.334096431732178,-4.672399997711182
67,best,-10.554557800292969,-8.354789733886719
68,best,-6.370485782623291,-5.204207897186279
69,best,-5.513617515563965,-4.27699089050293
70,best,-8.580811500549316,-6.378195285797119
71,best,-9.274564743041992,-7.739748477935791
72,best,-5.781019687652588,-5.705073356628418
73,best,-10.724918365478516,-10.484878540039062
74,best,-7.613683223724365,-7.486078262329102
75,best,-7.2343292236328125,-4.740757465362549
76,best,-5.032041549682617,-4.407817363739014
77,best,-7.041188716888428,-5.281941890716553
78,best,-6.556142330169678,-5.732444763183594
79,best,-7.653587818145752,-5.719358921051025
80,best,-7.313448429107666,-6.336886882781982
81,best,-9.210349082946777,-8.988469123840332
82,best,-6.0083417892456055,-5.95396614074707
83,best,-6.14070987701416,-6.16270112991333
84,best,-7.72119140625,-8.780570030212402
85,best,-7.501730442047119,-7.5637030601501465
86,best,-8.289172172546387,-9.11569595336914
87,best,-9.676046371459961,-9.85903263092041
88,best,-10.523386001586914,-10.432537078857422
89,best,-7.7663750648498535,-8.450325012207031
90,best,-8.328490257263184,-6.963934421539307
91,best,-8.562067031860352,-7.987678527832031
92,best,-9.558195114135742,-9.412431716918945
93,best,-5.245702743530273,-4.758151531219482
94,best,-4.710726261138916,-4.813157081604004
95,best,-9.975677490234375,-10.512922286987305
96,best,-6.338012218475342,-5.281172275543213
97,best,-5.573906898498535,-5.180561542510986
98,best,-5.5163702964782715,-5.579825401306152
99,best,-7.147091388702393,-6.5824079513549805
100,best,-4.690568923950195,-5.919689655303955
101,best,-5.294422626495361,-4.784453868865967
102,best,-7.647961139678955,-7.657494068145752
103,best,-5.502906799316406,-5.070370197296143
104,best,-5.502906799316406,-5.070370197296143
105,best,-5.271384239196777,-6.180671691894531
106,best,-7.326735973358154,-6.185277462005615
107,best,-5.817127227783203,-5.173611640930176
108,best,-3.943084955215454,-4.705893516540527
109,best,-8.722336769104004,-7.862629413604736
110,best,-7.913961887359619,-6.762131690979004
111,best,-4.592952251434326,-4.9209747314453125
112,best,-7.339405536651611,-6.757069110870361
113,best,-7.728769302368164,-6.520849704742432
114,best,-6.5906805992126465,-6.030217170715332
115,best,-6.87808895111084,-6.323073387145996
116,best,-8.805087089538574,-7.8000640869140625
117,best,-9.121999740600586,-9.842686653137207
118,best,-7.326735973358154,-6.185277462005615
119,best,-7.196067810058594,-7.198800563812256
120,best,-3.684828996658325,-2.42138409614563
121,best,-3.513824462890625,-2.408529043197632
122,best,-6.345082759857178,-5.01627254486084
123,best,-3.4748542308807373,-2.1080563068389893
124,best,-3.9437479972839355,-3.293133497238159
125,best,-4.898502349853516,-3.1198055744171143
126,best,-6.661305904388428,-5.110739231109619
127,best,-7.39129114151001,-5.158935546875
128,best,-3.893418312072754,-2.661226511001587
129,best,-8.4187650680542,-5.995365619659424
130,best,-3.3168227672576904,-2.541142225265503
131,best,-6.267242908477783,-5.478569507598877
132,best,-3.4457814693450928,-3.7945492267608643
133,best,-6.848639011383057,-4.7640252113342285
134,best,-8.4187650680542,-5.995365619659424
135,best,-4.200540065765381,-2.557603120803833
136,best,-3.4860012531280518,-2.9762485027313232
137,best,-4.200540065765381,-2.557603120803833
138,best,-4.898501396179199,-3.119805097579956
139,best,-5.108818531036377,-4.1155595779418945
140,best,-4.509092330932617,-3.3707990646362305
141,best,-9.260443687438965,-5.650917053222656
142,best,-7.886860370635986,-7.1271185874938965
143,best,-6.368880271911621,-5.479945182800293
144,best,-8.870063781738281,-7.597836494445801
145,best,-10.13555908203125,-6.878744125366211
146,best,-7.882717132568359,-7.083701133728027
147,best,-9.845688819885254,-9.26945686340332
148,best,-6.956236839294434,-6.034964561462402
149,best,-5.543345928192139,-4.37501335144043
150,best,-7.503235340118408,-6.812624454498291
151,best,-7.004088878631592,-5.393326759338379
152,best,-11.416424751281738,-7.127810478210449
153,best,-7.684536933898926,-6.043393611907959
154,best,-4.509092330932617,-3.3707990646362305
155,best,-7.882717132568359,-7.083701133728027
156,best,-9.525710105895996,-6.909817218780518
157,best,-9.638459205627441,-7.613350868225098
158,best,-5.741909027099609,-4.3779144287109375
159,best,-7.882717132568359,-7.083701133728027
160,best,-7.96779727935791,-5.277886390686035
161,best,-8.314916610717773,-5.4185333251953125
162,best,-6.269510746002197,-4.9380669593811035
163,best,-9.281866073608398,-6.458686351776123
164,best,-9.055054664611816,-6.175643444061279
165,best,-4.042092800140381,-2.523144245147705
166,best,-5.285849571228027,-3.4633195400238037
167,best,-9.281866073608398,-6.458686351776123
168,best,-6.685474395751953,-4.672488689422607
169,best,-5.670603275299072,-3.6543431282043457
170,best,-8.891886711120605,-5.914636611938477
171,best,-9.511831283569336,-6.527013301849365
172,best,-5.414134979248047,-3.4454095363616943
173,best,-8.956486701965332,-6.234490871429443
174,best,-6.3447265625,-4.15900182723999
175,best,-5.376650333404541,-3.435297727584839
176,best,-5.978753089904785,-3.9174985885620117
177,best,-6.918676376342773,-5.071706295013428
178,best,-6.224155426025391,-4.217260837554932
179,best,-9.552193641662598,-5.669620037078857
180,best,-4.784923553466797,-4.146129608154297
181,best,-7.85594367980957,-8.230875968933105
182,best,-5.277098178863525,-4.146909713745117
183,best,-9.67487907409668,-9.736552238464355
184,best,-7.760004043579102,-5.853273391723633
185,best,-6.793299674987793,-4.6528143882751465
186,best,-6.63413143157959,-5.669305801391602
187,best,-8.245388984680176,-8.252448081970215
188,best,-12.276735305786133,-10.946491241455078
189,best,-6.4392409324646,-5.868053436279297
190,best,-5.758917808532715,-5.609906196594238
191,best,-4.784923553466797,-4.146129608154297
192,best,-6.904332637786865,-6.539253234863281
193,best,-6.797348499298096,-4.874083042144775
194,best,-7.3344855308532715,-6.477859973907471
195,best,-5.336497783660889,-4.767971038818359
196,best,-6.27919340133667,-5.76931095123291
197,best,-5.110766410827637,-5.321700096130371
198,best,-7.669063091278076,-6.357273578643799
199,best,-8.45326042175293,-6.377840995788574
200,best,-4.04132604598999,-2.9106931686401367
201,best,-7.07947301864624,-6.82142972946167
202,best,-7.211747646331787,-5.301708698272705
203,best,-7.631778717041016,-6.870571136474609
204,best,-7.631778717041016,-6.870571136474609
205,best,-4.563969135284424,-4.209054946899414
206,best,-8.089299201965332,-6.0534820556640625
207,best,-8.910910606384277,-7.606932640075684
208,best,-7.631778717041016,-6.870571136474609
209,best,-4.563969135284424,-4.209054946899414
210,best,-6.936387538909912,-5.257762432098389
211,best,-7.793234348297119,-5.696881294250488
212,best,-7.793234348297119,-5.696881294250488
213,best,-7.112722396850586,-5.437957763671875
214,best,-6.936387538909912,-5.257762432098389
215,best,-7.851736545562744,-5.801932334899902
216,best,-8.257243156433105,-7.6498517990112305
217,best,-7.716739654541016,-5.940532207489014
218,best,-4.703646183013916,-4.748781204223633
219,best,-4.763299465179443,-3.364351987838745
220,best,-5.607594013214111,-4.3054375648498535
221,best,-5.172041416168213,-5.493069171905518
222,best,-12.007230758666992,-9.43751049041748
223,best,-9.929397583007812,-7.901480197906494
224,best,-8.867147445678711,-7.849313735961914
225,best,-8.070673942565918,-6.3319172859191895
226,best,-8.911850929260254,-8.031586647033691
227,best,-7.247201919555664,-6.087099075317383
228,best,-8.03073787689209,-6.238042831420898
229,best,-8.070673942565918,-6.3319172859191895
230,best,-7.661762714385986,-6.339956283569336
231,best,-7.787520408630371,-6.218574523925781
232,best,-10.212800979614258,-8.207146644592285
233,best,-8.528306007385254,-7.239631652832031
234,best,-7.321824073791504,-6.158350467681885
235,best,-9.350788116455078,-7.248068809509277
236,best,-6.676520824432373,-5.7580976486206055
237,best,-7.264690399169922,-5.926413059234619
238,best,-7.965413570404053,-6.504301071166992
239,best,-5.94428825378418,-5.173155307769775
240,best,-5.152587413787842,-5.150639057159424
241,best,-12.903799057006836,-10.341649055480957
242,best,-7.107039451599121,-7.336884021759033
243,best,-8.60654067993164,-7.944877624511719
244,best,-5.933056354522705,-6.665979862213135
245,best,-8.577547073364258,-8.007865905761719
246,best,-7.194775581359863,-6.50706672668457
247,best,-7.906545162200928,-7.5593156814575195
248,best,-6.847850322723389,-6.79095983505249
249,best,-10.954546928405762,-9.04257869720459
250,best,-5.620551109313965,-6.50303840637207
251,best,-6.531376361846924,-6.9095458984375
252,best,-6.852745532989502,-6.777584075927734
253,best,-5.173453330993652,-5.248702049255371
254,best,-6.721571922302246,-6.343845367431641
255,best,-9.146974563598633,-8.31393814086914
256,best,-6.8093132972717285,-6.754568576812744
257,best,-10.443779945373535,-8.378314971923828
258,best,-4.311271667480469,-4.675069332122803
259,best,-6.5271830558776855,-6.169363975524902
260,best,-10.052265167236328,-7.736567497253418
261,best,-9.491785049438477,-7.679129600524902
262,best,-10.04476547241211,-7.112499237060547
263,best,-7.490307331085205,-6.180391788482666
264,best,-13.283733367919922,-10.094473838806152
265,best,-7.9386491775512695,-6.4260640144348145
266,best,-8.320158958435059,-6.434655666351318
267,best,-9.009530067443848,-7.526362419128418
268,best,-10.753071784973145,-8.180617332458496
269,best,-8.267366409301758,-7.162297248840332
270,best,-9.559652328491211,-6.810575485229492
271,best,-6.475379943847656,-5.197841644287109
272,best,-8.161952018737793,-6.581408500671387
273,best,-9.321765899658203,-8.31104564666748
274,best,-10.620614051818848,-8.4472017288208
275,best,-8.365758895874023,-6.0611114501953125
276,best,-6.851329326629639,-5.630825996398926
277,best,-9.15191650390625,-7.698091983795166
278,best,-9.703874588012695,-7.3190765380859375
279,best,-9.552349090576172,-7.333656311035156
280,best,-9.61408805847168,-7.069391250610352
281,best,-8.00882625579834,-6.859688758850098
282,best,-11.704819679260254,-10.116467475891113
283,best,-9.853799819946289,-8.416117668151855
284,best,-7.436257839202881,-5.005305767059326
285,best,-8.330414772033691,-6.883733749389648
286,best,-10.86916446685791,-8.277298927307129
287,best,-13.190130233764648,-8.0678071975708
288,best,-8.568082809448242,-6.1653618812561035
289,best,-8.038784980773926,-7.001053810119629
290,best,-8.769407272338867,-7.828175067901611
291,best,-7.888354778289795,-6.849217414855957
292,best,-10.554109573364258,-8.659207344055176
293,best,-10.501938819885254,-8.444732666015625
294,best,-8.397500991821289,-6.635622024536133
295,best,-7.46867036819458,-6.438651084899902
296,best,-5.77094030380249,-4.687097072601318
297,best,-8.592947006225586,-7.102971076965332
298,best,-9.269329071044922,-8.209571838378906
299,best,-9.531655311584473,-8.490121841430664
300,best,-12.917925834655762,-10.78898811340332
301,best,-10.681982040405273,-9.42998218536377
302,best,-8.087841033935547,-6.1112751960754395
303,best,-6.613483905792236,-5.7254180908203125
304,best,-10.023775100708008,-9.402386665344238
305,best,-9.301137924194336,-8.042695999145508
306,best,-10.993932723999023,-9.522943496704102
307,best,-12.10558795928955,-10.748263359069824
308,best,-8.259382247924805,-5.750208377838135
309,best,-4.909677505493164,-4.774410247802734
310,best,-10.727039337158203,-8.858318328857422
311,best,-8.541025161743164,-7.228744983673096
312,best,-6.747751235961914,-6.154273509979248
313,best,-13.730120658874512,-10.949493408203125
314,best,-9.828014373779297,-9.038599967956543
315,best,-5.797532558441162,-5.156896591186523
316,best,-8.660752296447754,-7.351197242736816
317,best,-8.429887771606445,-7.693853378295898
318,best,-5.749401092529297,-5.51289176940918
319,best,-10.983158111572266,-9.58156967163086
320,best,-7.060036659240723,-6.234041690826416
321,best,-8.703572273254395,-6.353948593139648
322,best,-9.06216812133789,-8.741284370422363
323,best,-9.739550590515137,-7.869490623474121
324,best,-7.391928672790527,-6.938643455505371
325,best,-7.935685157775879,-7.140322208404541
326,best,-9.173912048339844,-7.699006080627441
327,best,-11.306171417236328,-9.511585235595703
328,best,-6.598834037780762,-6.029524803161621
329,best,-9.922761917114258,-7.710017681121826
330,best,-6.86790132522583,-5.592340469360352
331,best,-9.913535118103027,-6.856105327606201
332,best,-9.229829788208008,-7.860476016998291
333,best,-7.4156341552734375,-6.116533279418945
334,best,-6.219936847686768,-5.516661167144775
335,best,-6.594865798950195,-6.9330854415893555
336,best,-7.26868200302124,-5.6456708908081055
337,best,-10.476855278015137,-8.18685531616211
338,best,-4.986419677734375,-3.9085097312927246
339,best,-7.986157417297363,-6.1959710121154785
340,best,-6.019759178161621,-5.41395902633667
341,best,-7.829095363616943,-7.266483783721924
342,best,-8.033974647521973,-7.593141555786133
343,best,-9.295103073120117,-7.973869323730469
344,best,-4.951953887939453,-5.561440467834473
345,best,-4.225656986236572,-4.62731409072876
346,best,-7.996181488037109,-7.313817977905273
347,best,-7.156392574310303,-7.528025150299072
348,best,-8.030344009399414,-7.8436198234558105
349,best,-4.7324066162109375,-5.317210674285889
350,best,-7.4349365234375,-7.626533031463623
351,best,-8.596989631652832,-7.917062759399414
352,best,-7.499551296234131,-7.316328525543213
353,best,-9.413792610168457,-8.8374605178833
354,best,-4.340950012207031,-4.869433879852295
355,best,-7.052871227264404,-7.233585834503174
356,best,-9.408418655395508,-8.718473434448242
357,best,-7.513521671295166,-7.578240871429443
358,best,-5.59970760345459,-5.161959171295166
359,best,-7.379242420196533,-7.5467634201049805
360,best,-3.8875997066497803,-5.5932207107543945
361,best,-5.921124458312988,-6.093947887420654
362,best,-2.9158971309661865,-4.788764476776123
363,best,-3.2742202281951904,-5.039039134979248
364,best,-2.7430639266967773,-5.031036853790283
365,best,-2.2819888591766357,-5.221213340759277
366,best,-6.076811790466309,-7.611534595489502
367,best,-8.065946578979492,-8.947279930114746
368,best,-7.730278015136719,-8.407726287841797
369,best,-5.349989891052246,-6.359600067138672
370,best,-3.7126522064208984,-5.967574596405029
371,best,-7.2438459396362305,-8.334778785705566
372,best,-6.686514377593994,-8.535444259643555
373,best,-8.309529304504395,-9.19434642791748
374,best,-7.2371320724487305,-8.76264476776123
375,best,-6.0024518966674805,-5.771515846252441
376,best,-3.540968418121338,-5.594400405883789
377,best,-5.921124458312988,-6.093947887420654
378,best,-3.2742202281951904,-5.039039134979248
379,best,-6.175963878631592,-7.463485240936279
380,best,-6.947707176208496,-5.955314636230469
381,best,-10.868009567260742,-7.750090599060059
382,best,-7.35723876953125,-6.93606424331665
383,best,-9.558794021606445,-8.828154563903809
384,best,-10.240437507629395,-7.596569061279297
385,best,-8.007874488830566,-6.3324432373046875
386,best,-10.344428062438965,-7.2518157958984375
387,best,-8.731012344360352,-7.5644941329956055
388,best,-8.77545166015625,-8.011890411376953
389,best,-9.302022933959961,-9.613798141479492
390,best,-6.658512592315674,-6.07086181640625
391,best,-8.31086540222168,-7.768865585327148
392,best,-6.988524913787842,-6.644670486450195
393,best,-9.314726829528809,-9.710596084594727
394,best,-8.208942413330078,-6.966031074523926
395,best,-9.946645736694336,-8.877646446228027
396,best,-6.691372394561768,-5.6624555587768555
397,best,-6.00799036026001,-6.3331451416015625
398,best,-6.30269193649292,-6.299081802368164
399,best,-5.575334072113037,-5.226288795471191
400,best,-7.786973476409912,-6.0043792724609375
401,best,-10.503049850463867,-7.399023056030273
402,best,-9.764020919799805,-8.847273826599121
403,best,-5.9359002113342285,-6.023161888122559
404,best,-9.396589279174805,-7.857265949249268
405,best,-7.115909576416016,-7.031707763671875
406,best,-8.8911771774292,-7.706806182861328
407,best,-7.706728458404541,-6.970091342926025
408,best,-6.4144816398620605,-6.925759315490723
409,best,-11.86972427368164,-7.633171081542969
410,best,-7.369839191436768,-5.475794315338135
411,best,-7.050710201263428,-5.7957634925842285
412,best,-11.710436820983887,-9.837485313415527
413,best,-5.594258785247803,-5.505507469177246
414,best,-6.039613723754883,-5.413269519805908
415,best,-9.166696548461914,-7.907270908355713
416,best,-10.877275466918945,-9.272543907165527
417,best,-8.975713729858398,-8.046208381652832
418,best,-8.064176559448242,-7.682030200958252
419,best,-5.935901165008545,-6.023161888122559
420,best,-5.811421871185303,-6.371184349060059
421,best,-10.709917068481445,-10.134954452514648
422,best,-8.23280143737793,-8.672273635864258
423,best,-8.270928382873535,-7.347848415374756
424,best,-7.690661430358887,-7.447702407836914
425,best,-8.370322227478027,-7.70074462890625
426,best,-11.150547981262207,-8.563554763793945
427,best,-9.794693946838379,-8.729905128479004
428,best,-7.162100315093994,-7.5482048988342285
429,best,-11.635061264038086,-9.19211196899414
430,best,-9.626660346984863,-10.467568397521973
431,best,-9.483222961425781,-8.955695152282715
432,best,-6.000690460205078,-6.647331237792969
433,best,-7.82395601272583,-8.017581939697266
434,best,-8.306562423706055,-8.450984001159668
435,best,-6.470456600189209,-6.0270609855651855
436,best,-5.780623912811279,-5.23422908782959
437,best,-7.418656349182129,-6.8038530349731445
438,best,-10.017077445983887,-12.112010955810547
439,best,-8.16211986541748,-5.924437046051025
440,best,-9.173449516296387,-7.67833948135376
441,best,-7.8671112060546875,-5.920229434967041
442,best,-5.855532169342041,-5.971926689147949
443,best,-6.6882805824279785,-5.266751289367676
444,best,-5.245781421661377,-5.052678108215332
445,best,-6.541801452636719,-6.789279937744141
446,best,-9.00321102142334,-11.096075057983398
447,best,-6.3998703956604,-7.602485656738281
448,best,-6.273870944976807,-5.70768928527832
449,best,-7.286473751068115,-4.795061111450195
450,best,-8.42884349822998,-6.842971324920654
451,best,-7.320774555206299,-8.323095321655273
452,best,-7.51462984085083,-8.11937427520752
453,best,-5.542239189147949,-5.457232475280762
454,best,-4.8635172843933105,-7.184728622436523
455,best,-6.395923137664795,-5.986896991729736
456,best,-5.747472286224365,-6.045498847961426
457,best,-6.0613274574279785,-4.442540645599365
458,best,-5.916144847869873,-8.437098503112793
459,best,-4.941660404205322,-5.166471004486084
460,best,-7.1217756271362305,-6.0653076171875
461,best,-4.002024173736572,-5.161150932312012
462,best,-5.8369574546813965,-4.990467071533203
463,best,-5.015071392059326,-4.6703200340271
464,best,-5.859312534332275,-4.980416297912598
465,best,-7.555173397064209,-7.326102256774902
466,best,-4.178749084472656,-3.7237794399261475
467,best,-3.9153852462768555,-3.808424234390259
468,best,-5.02656888961792,-4.850124359130859
469,best,-8.312564849853516,-7.600499153137207
470,best,-7.239454746246338,-6.615437030792236
471,best,-9.408333778381348,-7.293781757354736
472,best,-8.27614688873291,-7.131568908691406
473,best,-6.276634216308594,-6.034824848175049
474,best,-6.456460952758789,-6.403054714202881
475,best,-4.489540100097656,-5.079790115356445
476,best,-8.584144592285156,-8.576921463012695
477,best,-9.350790977478027,-7.92916202545166
478,best,-10.593274116516113,-9.785544395446777
479,best,-5.158940315246582,-4.671748161315918
480,best,-4.268636703491211,-4.516373634338379
481,best,-7.333799362182617,-6.924205780029297
482,best,-4.653371334075928,-5.090579509735107
483,best,-4.868843078613281,-5.105679988861084
484,best,-7.708488464355469,-7.430663108825684
485,best,-5.5494279861450195,-5.684446811676025
486,best,-5.5494279861450195,-5.684446811676025
487,best,-5.116418838500977,-5.331811904907227
488,best,-5.265731334686279,-5.133488178253174
489,best,-9.10042667388916,-7.638297080993652
490,best,-6.514484882354736,-6.429399490356445
491,best,-7.926255226135254,-8.03334903717041
492,best,-5.5494279861450195,-5.684446811676025
493,best,-5.399143218994141,-5.270310878753662
494,best,-3.6524877548217773,-4.0236077308654785
495,best,-4.78822660446167,-4.513069152832031
496,best,-5.621131420135498,-5.52639627456665
497,best,-9.88918685913086,-9.188909530639648
498,best,-5.399143218994141,-5.270310878753662
499,best,-5.781140327453613,-5.278132915496826
500,best,-5.607217311859131,-5.193806171417236
501,best,-8.568221092224121,-8.710859298706055
502,best,-6.785652160644531,-6.353385925292969
503,best,-7.73692512512207,-7.524101257324219
504,best,-7.215499401092529,-7.5359015464782715
505,best,-4.924773693084717,-4.515467643737793
506,best,-6.258496284484863,-4.684553146362305
507,best,-5.724293231964111,-5.74137020111084
508,best,-7.358312606811523,-6.600389003753662
509,best,-9.11608600616455,-8.659659385681152
510,best,-10.560036659240723,-8.400125503540039
511,best,-6.7479071617126465,-6.507981300354004
512,best,-7.160101413726807,-7.5407633781433105
513,best,-6.259072780609131,-5.803191661834717
514,best,-8.822612762451172,-8.886515617370605
515,best,-6.93391752243042,-6.409770965576172
516,best,-8.094950675964355,-7.401722431182861
517,best,-9.482629776000977,-9.219658851623535
518,best,-6.68299674987793,-7.09022331237793
519,best,-7.875917434692383,-7.318491458892822
520,best,-6.003446102142334,-4.667911052703857
521,best,-9.338613510131836,-9.23166561126709
522,best,-6.32009744644165,-5.405210971832275
523,best,-7.015841007232666,-5.271232604980469
524,best,-6.582155704498291,-7.14961576461792
525,best,-7.247138977050781,-6.434841156005859
526,best,-6.905773162841797,-5.1008806228637695
527,best,-10.035355567932129,-10.859294891357422
528,best,-8.240180015563965,-7.022525787353516
529,best,-6.4297356605529785,-5.9290876388549805
530,best,-6.637157440185547,-7.124859809875488
531,best,-6.969811916351318,-5.86801290512085
532,best,-9.432517051696777,-5.718715667724609
533,best,-7.5067033767700195,-6.110311508178711
534,best,-7.803658485412598,-4.902169704437256
535,best,-5.848729133605957,-5.165858745574951
536,best,-8.397106170654297,-7.37570858001709
537,best,-6.969811916351318,-5.86801290512085
538,best,-6.076559543609619,-4.926721572875977
539,best,-6.869834899902344,-5.838039875030518
540,best,-6.453164100646973,-6.594954967498779
541,best,-6.933914661407471,-6.573330402374268
542,best,-5.177541732788086,-4.996368885040283
543,best,-5.382328510284424,-5.2599568367004395
544,best,-5.924498558044434,-5.915953636169434
545,best,-5.0095601081848145,-5.2358293533325195
546,best,-6.0196213722229,-5.998815536499023
547,best,-9.563969612121582,-8.123102188110352
548,best,-10.601990699768066,-9.738341331481934
549,best,-9.511847496032715,-8.660218238830566
550,best,-6.066895008087158,-5.937060832977295
551,best,-7.743406772613525,-7.445274829864502
552,best,-6.394044399261475,-6.32878303527832
553,best,-6.691236972808838,-6.216204643249512
554,best,-6.169796466827393,-6.536331653594971
555,best,-6.816449165344238,-6.674020767211914
556,best,-8.220206260681152,-7.719497203826904
557,best,-8.086492538452148,-7.445014476776123
558,best,-7.161615371704102,-6.732452869415283
559,best,-10.373442649841309,-9.856383323669434
560,best,-10.284307479858398,-8.921836853027344
561,best,-4.964588642120361,-4.714195728302002
562,best,-7.708198547363281,-6.730423927307129
563,best,-6.723382949829102,-6.782193660736084
564,best,-7.28005838394165,-6.567266464233398
565,best,-4.707460403442383,-4.2829508781433105
566,best,-10.129904747009277,-8.407238960266113
567,best,-5.507052898406982,-5.9720306396484375
568,best,-10.94781494140625,-8.91804027557373
569,best,-6.369108200073242,-7.0606794357299805
570,best,-5.733644008636475,-5.32502555847168
571,best,-6.4166131019592285,-5.925265789031982
572,best,-5.752002239227295,-5.245761394500732
573,best,-7.857639789581299,-7.365293502807617
574,best,-9.318193435668945,-8.27072811126709
575,best,-4.86437463760376,-5.570674896240234
576,best,-4.4155426025390625,-3.955862522125244
577,best,-5.150825023651123,-6.107943058013916
578,best,-4.727363109588623,-4.874068737030029
579,best,-5.870120048522949,-6.099571228027344
580,best,-3.886139392852783,-3.889403820037842
581,best,-6.260723114013672,-5.658038139343262
582,best,-4.723276615142822,-4.470653533935547
583,best,-6.8617682456970215,-6.208920001983643
584,best,-8.586503028869629,-7.573240756988525
585,best,-3.515397787094116,-3.418050765991211
586,best,-3.2550594806671143,-3.153646945953369
587,best,-6.1540069580078125,-5.6117377281188965
588,best,-5.6623854637146,-5.83964204788208
589,best,-6.588912487030029,-5.9303483963012695
590,best,-6.972858905792236,-6.428013324737549
591,best,-7.421804904937744,-6.3635029792785645
592,best,-5.350067138671875,-3.8396213054656982
593,best,-6.819676399230957,-4.842654705047607
594,best,-3.0141963958740234,-3.159088373184204
595,best,-6.327905178070068,-5.282458305358887
596,best,-3.3138694763183594,-3.2730159759521484
597,best,-5.012599468231201,-4.4618000984191895
598,best,-4.531053066253662,-3.7217600345611572
599,best,-10.797893524169922,-8.434592247009277
600,best,-6.954097747802734,-6.171107769012451
601,best,-6.282431125640869,-6.970592021942139
602,best,-6.458593845367432,-7.1683478355407715
603,best,-6.649192810058594,-6.718765735626221
604,best,-6.954097747802734,-6.171107769012451
605,best,-4.374260425567627,-4.15088415145874
606,best,-5.598970890045166,-5.934861183166504
607,best,-4.284548759460449,-4.41082763671875
608,best,-5.351108551025391,-6.0031867027282715
609,best,-6.15963888168335,-6.202267169952393
610,best,-4.334794044494629,-3.7176918983459473
611,best,-6.458591938018799,-7.168349266052246
612,best,-3.932485580444336,-3.839395523071289
613,best,-8.558009147644043,-7.676377296447754
614,best,-3.1272389888763428,-3.8675777912139893
615,best,-3.870922088623047,-4.323068141937256
616,best,-6.111785411834717,-5.747209072113037
617,best,-4.010364055633545,-4.501745223999023
618,best,-3.637516498565674,-4.564274311065674
619,best,-8.311629295349121,-7.29088830947876
620,best,-5.630078315734863,-4.745885848999023
621,best,-8.281496047973633,-6.308514595031738
622,best,-7.1134233474731445,-6.667837142944336
623,best,-6.803516864776611,-4.848401069641113
624,best,-9.59178352355957,-7.366435527801514
625,best,-10.013237953186035,-8.707038879394531
626,best,-9.993646621704102,-7.655139446258545
627,best,-5.694483280181885,-4.366551876068115
628,best,-8.492510795593262,-6.67713737487793
629,best,-5.86564826965332,-5.294865608215332
630,best,-6.566300868988037,-5.150412559509277
631,best,-7.3186140060424805,-6.322859287261963
632,best,-8.008879661560059,-6.143270015716553
633,best,-8.600714683532715,-6.139960765838623
634,best,-6.161921977996826,-4.938203811645508
635,best,-4.179296970367432,-3.495960235595703
636,best,-8.288305282592773,-6.167424201965332
637,best,-6.185196399688721,-5.3485107421875
638,best,-12.962696075439453,-9.548791885375977
639,best,-5.24297571182251,-4.575479507446289
640,best,-4.907044410705566,-4.040566921234131
641,best,-5.8364715576171875,-4.247738361358643
642,best,-10.549039840698242,-9.925338745117188
643,best,-9.471781730651855,-7.322141170501709
644,best,-5.4174885749816895,-4.766376495361328
645,best,-5.808675289154053,-5.050654888153076
646,best,-10.190841674804688,-6.820291042327881
647,best,-13.063488960266113,-7.78643798828125
648,best,-8.001620292663574,-6.319386005401611
649,best,-7.422069549560547,-6.366691589355469
650,best,-8.69931697845459,-6.76180362701416
651,best,-7.000889301300049,-4.587929725646973
652,best,-8.108880996704102,-4.681209564208984
653,best,-8.143104553222656,-5.746507167816162
654,best,-5.379062652587891,-5.435521125793457
655,best,-7.955501556396484,-6.799961090087891
656,best,-7.929680347442627,-4.820247650146484
657,best,-12.53168773651123,-8.418874740600586
658,best,-8.350447654724121,-6.587347507476807
659,best,-11.974479675292969,-7.72062349319458
660,best,-9.046006202697754,-7.143409729003906
661,best,-11.856669425964355,-9.845754623413086
662,best,-6.784592628479004,-6.256280422210693
663,best,-6.952956199645996,-6.012995719909668
664,best,-5.981601715087891,-5.828813076019287
665,best,-10.718740463256836,-8.422284126281738
666,best,-7.928964138031006,-6.860060214996338
667,best,-6.581441879272461,-5.135020732879639
668,best,-6.239930152893066,-5.110855579376221
669,best,-8.859273910522461,-7.095714092254639
670,best,-9.401193618774414,-8.026456832885742
671,best,-5.985060691833496,-4.565352439880371
672,best,-5.131928443908691,-5.632902145385742
673,best,-7.1389055252075195,-6.574344158172607
674,best,-9.40119457244873,-8.026457786560059
675,best,-8.396224021911621,-7.263504505157471
676,best,-8.091808319091797,-7.40487003326416
677,best,-8.415651321411133,-7.964179515838623
678,best,-8.355025291442871,-6.810007095336914
679,best,-8.613049507141113,-7.044734477996826
680,best,-5.005671977996826,-4.332262992858887
681,best,-8.042854309082031,-7.16715145111084
682,best,-5.626404762268066,-5.04887056350708
683,best,-8.041507720947266,-4.744604110717773
684,best,-6.825531005859375,-4.854772567749023
685,best,-5.12622594833374,-3.771162271499634
686,best,-6.296854496002197,-5.380563735961914
687,best,-4.43463134765625,-4.119189739227295
688,best,-7.091724395751953,-6.421236515045166
689,best,-8.980785369873047,-6.772168159484863
690,best,-4.841375350952148,-4.223504543304443
691,best,-6.8000640869140625,-3.6501049995422363
692,best,-5.451960563659668,-4.760372638702393
693,best,-7.154873847961426,-6.147311210632324
694,best,-8.096662521362305,-6.320176124572754
695,best,-5.445624828338623,-5.559581756591797
696,best,-5.9421281814575195,-5.8522233963012695
697,best,-8.958115577697754,-6.675164699554443
698,best,-4.880224227905273,-4.203740119934082
699,best,-6.6465253829956055,-4.796937465667725
