item_id,model_state,score
0,initial,-6.958812713623047
1,initial,-8.385990142822266
2,initial,-7.2263054847717285
3,initial,-7.070306301116943
4,initial,-6.007404804229736
5,initial,-8.414875030517578
6,initial,-7.132072925567627
7,initial,-8.029829978942871
8,initial,-6.0904107093811035
9,initial,-6.552680969238281
10,initial,-7.7121663093566895
11,initial,-6.231697082519531
12,initial,-6.17484188079834
13,initial,-6.130331039428711
14,initial,-7.194248199462891
15,initial,-6.308691501617432
16,initial,-8.1458158493042
17,initial,-6.231697082519531
18,initial,-8.540268898010254
19,initial,-7.2263054847717285
20,initial,-8.16455364227295
21,initial,-7.983404159545898
22,initial,-7.894302845001221
23,initial,-6.760279655456543
24,initial,-6.887032985687256
25,initial,-7.983404159545898
26,initial,-8.252593040466309
27,initial,-6.87487268447876
28,initial,-6.402801513671875
29,initial,-8.252593040466309
30,initial,-6.638559818267822
31,initial,-8.155942916870117
32,initial,-6.400693416595459
33,initial,-8.426295280456543
34,initial,-8.227961540222168
35,initial,-7.05880069732666
36,initial,-6.363934516906738
37,initial,-7.796584606170654
38,initial,-6.29667854309082
39,initial,-8.069806098937988
40,initial,-7.372804164886475
41,initial,-5.912259578704834
42,initial,-7.319578170776367
43,initial,-6.036687850952148
44,initial,-6.900166988372803
45,initial,-7.658742904663086
46,initial,-6.512812614440918
47,initial,-7.157223701477051
48,initial,-7.923951148986816
49,initial,-7.795314311981201
50,initial,-7.714085578918457
51,initial,-7.6492204666137695
52,initial,-6.363690376281738
53,initial,-7.2912468910217285
54,initial,-7.590054988861084
55,initial,-6.960015296936035
56,initial,-7.39924955368042
57,initial,-6.750423431396484
58,initial,-7.557553291320801
59,initial,-6.722923755645752
60,initial,-6.978383541107178
61,initial,-8.11174488067627
62,initial,-8.429367065429688
63,initial,-8.96043872833252
64,initial,-9.26975154876709
65,initial,-7.182544231414795
66,initial,-7.5819411277771
67,initial,-6.542547702789307
68,initial,-7.660506248474121
69,initial,-6.559025764465332
70,initial,-8.071913719177246
71,initial,-6.55381965637207
72,initial,-7.533744812011719
73,initial,-8.27192497253418
74,initial,-8.095008850097656
75,initial,-9.070061683654785
76,initial,-8.296370506286621
77,initial,-6.8606085777282715
78,initial,-7.226354122161865
79,initial,-6.839242458343506
80,initial,-6.616364479064941
81,initial,-7.523144721984863
82,initial,-6.811276912689209
83,initial,-6.642473220825195
84,initial,-6.55258846282959
85,initial,-6.311868190765381
86,initial,-6.466238975524902
87,initial,-6.999078750610352
88,initial,-8.097918510437012
89,initial,-6.578743934631348
90,initial,-6.304045677185059
91,initial,-6.22612190246582
92,initial,-6.768203258514404
93,initial,-5.626883029937744
94,initial,-6.7678656578063965
95,initial,-6.855035305023193
96,initial,-7.48249626159668
97,initial,-5.596053600311279
98,initial,-7.024761199951172
99,initial,-5.824098587036133
100,initial,-8.298240661621094
101,initial,-6.950897693634033
102,initial,-7.149578094482422
103,initial,-7.3645219802856445
104,initial,-7.0328450202941895
105,initial,-7.484951972961426
106,initial,-5.649556636810303
107,initial,-7.099291801452637
108,initial,-7.0328450202941895
109,initial,-5.677797794342041
110,initial,-8.18181037902832
111,initial,-7.566380023956299
112,initial,-6.194486141204834
113,initial,-7.497138500213623
114,initial,-7.417540550231934
115,initial,-6.0492706298828125
116,initial,-6.887021541595459
117,initial,-8.232224464416504
118,initial,-6.829188823699951
119,initial,-7.217167854309082
120,initial,-7.207961559295654
121,initial,-7.4070563316345215
122,initial,-5.805720806121826
123,initial,-6.165306091308594
124,initial,-6.711986541748047
125,initial,-5.805720806121826
126,initial,-7.749702453613281
127,initial,-6.32511043548584
128,initial,-7.53407621383667
129,initial,-6.26471471786499
130,initial,-6.201756954193115
131,initial,-6.015439510345459
132,initial,-7.414022445678711
133,initial,-7.211731433868408
134,initial,-6.064176082611084
135,initial,-7.605804443359375
136,initial,-6.666916847229004
137,initial,-7.993340969085693
138,initial,-6.150852680206299
139,initial,-7.936238765716553
140,initial,-6.564077854156494
141,initial,-5.950004577636719
142,initial,-7.571739673614502
143,initial,-5.943085670471191
144,initial,-7.285713195800781
145,initial,-7.476009368896484
146,initial,-6.763558864593506
147,initial,-7.342257022857666
148,initial,-7.401948928833008
149,initial,-7.312313079833984
150,initial,-7.3138017654418945
151,initial,-7.432491302490234
152,initial,-6.087240219116211
153,initial,-6.1688971519470215
154,initial,-6.823678970336914
155,initial,-6.716747283935547
156,initial,-6.823678970336914
157,initial,-7.067985534667969
158,initial,-7.071885585784912
159,initial,-6.39446496963501
160,initial,-6.883992671966553
161,initial,-7.092794895172119
162,initial,-7.215949058532715
163,initial,-8.14236831665039
164,initial,-7.584627628326416
165,initial,-7.175712585449219
166,initial,-6.4704976081848145
167,initial,-7.00254487991333
168,initial,-8.211532592773438
169,initial,-6.914490222930908
170,initial,-8.343230247497559
171,initial,-7.265542984008789
172,initial,-8.336015701293945
173,initial,-7.577559947967529
174,initial,-6.99549674987793
175,initial,-6.950167179107666
176,initial,-8.16051959991455
177,initial,-8.485422134399414
178,initial,-6.265552043914795
179,initial,-7.855194091796875
180,initial,-5.219543933868408
181,initial,-5.773064136505127
182,initial,-6.291469573974609
183,initial,-5.722258567810059
184,initial,-6.564375400543213
185,initial,-6.999526500701904
186,initial,-6.225353240966797
187,initial,-6.724814414978027
188,initial,-6.405472755432129
189,initial,-6.850571155548096
190,initial,-7.481592178344727
191,initial,-7.261441230773926
192,initial,-6.420823097229004
193,initial,-7.520031929016113
194,initial,-6.861792087554932
195,initial,-5.2262349128723145
196,initial,-7.544820785522461
197,initial,-6.0997419357299805
198,initial,-6.531017303466797
199,initial,-5.584048271179199
200,initial,-5.378522872924805
201,initial,-6.836620330810547
202,initial,-6.1462860107421875
203,initial,-5.3145341873168945
204,initial,-5.468075275421143
205,initial,-5.468075275421143
206,initial,-6.082698345184326
207,initial,-5.975269794464111
208,initial,-7.569815158843994
209,initial,-7.473438262939453
210,initial,-7.3547844886779785
211,initial,-7.024655818939209
212,initial,-7.284848690032959
213,initial,-6.533045291900635
214,initial,-5.8514533042907715
215,initial,-6.542229652404785
216,initial,-5.970822811126709
217,initial,-7.277271747589111
218,initial,-7.040511131286621
219,initial,-7.566836833953857
220,initial,-6.702929973602295
221,initial,-7.302712917327881
222,initial,-7.4612836837768555
223,initial,-8.68644905090332
224,initial,-6.950832366943359
225,initial,-8.17321491241455
226,initial,-7.687570095062256
227,initial,-8.061448097229004
228,initial,-7.052439212799072
229,initial,-8.547481536865234
230,initial,-7.58450174331665
231,initial,-7.189653396606445
232,initial,-7.765020847320557
233,initial,-7.758976936340332
234,initial,-6.501238822937012
235,initial,-7.711882591247559
236,initial,-8.533170700073242
237,initial,-8.472673416137695
238,initial,-7.48013162612915
239,initial,-6.383658409118652
240,initial,-6.815323829650879
241,initial,-8.677721977233887
242,initial,-8.332176208496094
243,initial,-6.935131549835205
244,initial,-7.561859130859375
245,initial,-7.657408714294434
246,initial,-8.17366886138916
247,initial,-8.138009071350098
248,initial,-7.109174728393555
249,initial,-7.8963422775268555
250,initial,-8.71188735961914
251,initial,-7.267955303192139
252,initial,-6.501238822937012
253,initial,-7.302713871002197
254,initial,-7.302713871002197
255,initial,-8.547481536865234
256,initial,-7.969346046447754
257,initial,-6.97471284866333
258,initial,-8.203866958618164
259,initial,-6.797668933868408
260,initial,-8.064435005187988
261,initial,-7.9527482986450195
262,initial,-6.9642720222473145
263,initial,-6.586686134338379
264,initial,-7.202215671539307
265,initial,-6.769702434539795
266,initial,-7.985523700714111
267,initial,-6.850894927978516
268,initial,-7.610745906829834
269,initial,-7.0634918212890625
270,initial,-7.993267059326172
271,initial,-6.9676337242126465
272,initial,-7.80538272857666
273,initial,-7.16801643371582
274,initial,-6.608402729034424
275,initial,-7.418977737426758
276,initial,-7.162914752960205
277,initial,-6.064246654510498
278,initial,-6.9507341384887695
279,initial,-7.691563606262207
280,initial,-7.652826309204102
281,initial,-6.90783166885376
282,initial,-6.262071132659912
283,initial,-6.150241851806641
284,initial,-7.921108722686768
285,initial,-7.665482997894287
286,initial,-6.489288806915283
287,initial,-6.662176132202148
288,initial,-8.102490425109863
289,initial,-7.827298164367676
290,initial,-8.162087440490723
291,initial,-7.941023826599121
292,initial,-8.121176719665527
293,initial,-7.288114070892334
294,initial,-8.52729320526123
295,initial,-7.958775043487549
296,initial,-8.203877449035645
297,initial,-6.80948543548584
298,initial,-7.3507585525512695
299,initial,-7.116504192352295
300,initial,-7.3507585525512695
301,initial,-7.491950035095215
302,initial,-8.16745662689209
303,initial,-6.708309650421143
304,initial,-6.805188179016113
305,initial,-7.334067344665527
306,initial,-7.083800792694092
307,initial,-6.849694728851318
308,initial,-7.534983158111572
309,initial,-7.809254169464111
310,initial,-7.958775043487549
311,initial,-7.732306480407715
312,initial,-7.793504238128662
313,initial,-8.102490425109863
314,initial,-7.948887348175049
315,initial,-6.849694728851318
316,initial,-7.247424602508545
317,initial,-7.370383262634277
318,initial,-6.785084247589111
319,initial,-8.148439407348633
320,initial,-6.818285942077637
321,initial,-8.102490425109863
322,initial,-6.849612712860107
323,initial,-7.494664669036865
324,initial,-6.5326924324035645
325,initial,-8.350132942199707
326,initial,-6.409811496734619
327,initial,-7.4806647300720215
328,initial,-7.310249328613281
329,initial,-6.361534118652344
330,initial,-6.587296485900879
331,initial,-7.514690399169922
332,initial,-7.294254779815674
333,initial,-7.860019683837891
334,initial,-7.685636520385742
335,initial,-7.773083686828613
336,initial,-6.952027320861816
337,initial,-8.109338760375977
338,initial,-7.677539825439453
339,initial,-7.670121192932129
340,initial,-6.913537502288818
341,initial,-7.232158660888672
342,initial,-6.848797798156738
343,initial,-7.232158660888672
344,initial,-7.349365234375
345,initial,-7.901519775390625
346,initial,-6.262602806091309
347,initial,-7.239410400390625
348,initial,-6.9448161125183105
349,initial,-6.780946254730225
350,initial,-5.981411457061768
351,initial,-6.842412948608398
352,initial,-6.065358638763428
353,initial,-7.272311687469482
354,initial,-6.006779193878174
355,initial,-6.771331787109375
356,initial,-6.9152045249938965
357,initial,-7.387477397918701
358,initial,-6.782083511352539
359,initial,-6.501091957092285
360,initial,-6.836262226104736
361,initial,-6.1977972984313965
362,initial,-6.934083938598633
363,initial,-6.596250534057617
364,initial,-7.316596031188965
365,initial,-6.549761772155762
366,initial,-7.0162272453308105
367,initial,-6.875513076782227
368,initial,-7.397636413574219
369,initial,-6.7489728927612305
370,initial,-6.417478561401367
371,initial,-6.593318462371826
372,initial,-5.593204498291016
373,initial,-6.6428375244140625
374,initial,-7.1794915199279785
375,initial,-6.6058173179626465
376,initial,-6.793161392211914
377,initial,-6.0983567237854
378,initial,-6.444502830505371
379,initial,-5.695562362670898
380,initial,-6.423465251922607
381,initial,-7.076783180236816
382,initial,-5.922028064727783
383,initial,-6.085601329803467
384,initial,-6.473963260650635
385,initial,-6.713832378387451
386,initial,-6.875513076782227
387,initial,-6.602373123168945
388,initial,-6.697134017944336
389,initial,-6.1151909828186035
390,initial,-6.953014373779297
391,initial,-6.510379791259766
392,initial,-6.21130895614624
393,initial,-6.2173380851745605
394,initial,-6.780632019042969
395,initial,-6.302463531494141
396,initial,-7.270822048187256
397,initial,-6.539190769195557
398,initial,-6.749385833740234
399,initial,-6.878267765045166
400,initial,-7.103733062744141
401,initial,-6.829378604888916
402,initial,-6.8265380859375
403,initial,-6.702188014984131
404,initial,-6.146083831787109
405,initial,-6.619337558746338
406,initial,-6.718097686767578
407,initial,-7.009835720062256
408,initial,-6.38539457321167
409,initial,-7.186642646789551
410,initial,-7.058520317077637
411,initial,-8.01708984375
412,initial,-8.560664176940918
413,initial,-7.315644264221191
414,initial,-7.6542277336120605
415,initial,-7.049572944641113
416,initial,-7.403348445892334
417,initial,-8.225958824157715
418,initial,-7.598013401031494
419,initial,-5.8069844245910645
420,initial,-6.758608818054199
421,initial,-8.542866706848145
422,initial,-8.387033462524414
423,initial,-7.163596153259277
424,initial,-8.370881080627441
425,initial,-8.197430610656738
426,initial,-7.531280040740967
427,initial,-6.905867576599121
428,initial,-8.283365249633789
429,initial,-7.093728065490723
430,initial,-8.170613288879395
431,initial,-8.06599235534668
432,initial,-7.784890651702881
433,initial,-8.276176452636719
434,initial,-7.849137306213379
435,initial,-7.219233512878418
436,initial,-6.168220520019531
437,initial,-6.966757297515869
438,initial,-6.997227191925049
439,initial,-8.044488906860352
440,initial,-6.526745319366455
441,initial,-7.851267337799072
442,initial,-6.801650524139404
443,initial,-7.327210903167725
444,initial,-8.362211227416992
445,initial,-7.760555267333984
446,initial,-8.256791114807129
447,initial,-8.217370986938477
448,initial,-8.051154136657715
449,initial,-7.394251823425293
450,initial,-7.779948711395264
451,initial,-6.664933204650879
452,initial,-7.1678466796875
453,initial,-6.828230381011963
454,initial,-7.720949649810791
455,initial,-8.24094295501709
456,initial,-7.520563125610352
457,initial,-7.347236633300781
458,initial,-6.670212268829346
459,initial,-7.365778923034668
460,initial,-7.624855041503906
461,initial,-7.104690074920654
462,initial,-6.122644424438477
463,initial,-6.76133394241333
464,initial,-8.041378021240234
465,initial,-7.43488883972168
466,initial,-6.833850383758545
467,initial,-7.907888889312744
468,initial,-7.545609474182129
469,initial,-7.741189002990723
470,initial,-6.999256134033203
471,initial,-8.041814804077148
472,initial,-6.361489295959473
473,initial,-7.498174667358398
474,initial,-6.784252643585205
475,initial,-7.476616859436035
476,initial,-7.241281509399414
477,initial,-6.020233154296875
478,initial,-6.613137245178223
479,initial,-7.00223445892334
480,initial,-6.860724449157715
481,initial,-7.04539155960083
482,initial,-6.231417179107666
483,initial,-6.274420261383057
484,initial,-7.0115485191345215
485,initial,-5.803566932678223
486,initial,-6.871706962585449
487,initial,-6.963132381439209
488,initial,-6.491759777069092
489,initial,-6.408909320831299
490,initial,-6.640861511230469
491,initial,-6.962900161743164
492,initial,-9.6961088180542
493,initial,-8.250007629394531
494,initial,-8.015267372131348
495,initial,-7.5367350578308105
496,initial,-8.288278579711914
497,initial,-7.858999729156494
498,initial,-6.841452598571777
499,initial,-8.486001014709473
500,initial,-8.0585298538208
501,initial,-7.2952446937561035
502,initial,-9.621137619018555
503,initial,-7.789602279663086
504,initial,-7.841765880584717
505,initial,-8.418362617492676
506,initial,-9.443486213684082
507,initial,-9.013716697692871
508,initial,-6.8080596923828125
509,initial,-7.757138729095459
510,initial,-7.759533882141113
511,initial,-9.621925354003906
512,initial,-7.979040622711182
513,initial,-8.4895658493042
514,initial,-10.102563858032227
515,initial,-8.23634147644043
516,initial,-7.509674072265625
517,initial,-7.76830530166626
518,initial,-8.082987785339355
519,initial,-6.778693199157715
520,initial,-6.956544399261475
521,initial,-7.626677989959717
522,initial,-7.0613250732421875
523,initial,-10.010292053222656
524,initial,-8.020722389221191
525,initial,-7.781080722808838
526,initial,-6.920223236083984
527,initial,-7.6187896728515625
528,initial,-9.562416076660156
529,initial,-7.191684246063232
530,initial,-8.776836395263672
531,initial,-7.539949893951416
532,initial,-8.765107154846191
533,initial,-8.663246154785156
534,initial,-9.135284423828125
535,initial,-8.636149406433105
536,initial,-8.285029411315918
537,initial,-7.386443614959717
538,initial,-7.07119083404541
539,initial,-7.484386444091797
540,initial,-7.633914947509766
541,initial,-6.742101669311523
542,initial,-8.214993476867676
543,initial,-7.70430326461792
544,initial,-7.5947980880737305
545,initial,-8.15256118774414
546,initial,-7.011965751647949
547,initial,-7.176784038543701
548,initial,-7.66550350189209
549,initial,-8.016529083251953
550,initial,-8.066540718078613
551,initial,-6.596115589141846
552,initial,-7.187955379486084
553,initial,-7.467365741729736
554,initial,-8.197589874267578
555,initial,-7.776991367340088
556,initial,-6.158383846282959
557,initial,-7.860166072845459
558,initial,-7.730321407318115
559,initial,-8.01247501373291
560,initial,-9.576425552368164
561,initial,-9.320937156677246
562,initial,-7.167872428894043
563,initial,-7.223312854766846
564,initial,-7.711531639099121
565,initial,-7.0404582023620605
566,initial,-7.991593837738037
567,initial,-7.5731024742126465
568,initial,-7.311559200286865
569,initial,-6.998518466949463
570,initial,-7.738537311553955
571,initial,-8.048213005065918
572,initial,-7.556634426116943
573,initial,-7.654322147369385
574,initial,-9.07525634765625
575,initial,-7.808687686920166
576,initial,-9.771398544311523
577,initial,-8.208416938781738
578,initial,-8.208416938781738
579,initial,-5.9591522216796875
580,initial,-8.01247501373291
581,initial,-9.797467231750488
582,initial,-8.181208610534668
583,initial,-9.470918655395508
584,initial,-7.946591854095459
585,initial,-9.127317428588867
586,initial,-9.830732345581055
587,initial,-7.090408802032471
588,initial,-9.404454231262207
589,initial,-8.028162002563477
590,initial,-8.860471725463867
591,initial,-7.846055507659912
592,initial,-8.013189315795898
593,initial,-7.808687686920166
594,initial,-8.003257751464844
595,initial,-8.489278793334961
596,initial,-8.872636795043945
597,initial,-6.511119842529297
598,initial,-7.361489295959473
599,initial,-6.187226295471191
600,initial,-7.817800998687744
601,initial,-7.432431697845459
602,initial,-7.872262477874756
603,initial,-8.697409629821777
604,initial,-8.409815788269043
605,initial,-7.1524529457092285
606,initial,-6.962193012237549
607,initial,-6.988745212554932
608,initial,-7.025524139404297
609,initial,-7.866306781768799
610,initial,-7.07006311416626
611,initial,-7.465027809143066
612,initial,-6.706646919250488
613,initial,-7.302939414978027
614,initial,-7.358753204345703
615,initial,-8.016839027404785
616,initial,-7.0206427574157715
617,initial,-8.88861083984375
618,initial,-7.73452615737915
619,initial,-8.133291244506836
620,initial,-6.891334056854248
621,initial,-6.833352565765381
622,initial,-7.5706000328063965
623,initial,-8.289496421813965
624,initial,-8.18933391571045
625,initial,-7.204312324523926
626,initial,-7.152690887451172
627,initial,-7.286252498626709
628,initial,-7.579616069793701
629,initial,-6.894653797149658
630,initial,-7.313602447509766
631,initial,-6.88864278793335
632,initial,-7.015949726104736
633,initial,-7.349446773529053
634,initial,-7.989907264709473
635,initial,-8.15778636932373
636,initial,-8.552547454833984
637,initial,-7.432594299316406
638,initial,-7.6552910804748535
639,initial,-8.485679626464844
640,initial,-7.3721699714660645
641,initial,-7.864952087402344
642,initial,-7.0596513748168945
643,initial,-7.41707706451416
644,initial,-7.456727027893066
645,initial,-6.389100074768066
646,initial,-7.785302639007568
647,initial,-6.944824695587158
648,initial,-6.724477767944336
649,initial,-8.10135269165039
650,initial,-7.899601936340332
651,initial,-6.795871257781982
652,initial,-8.084837913513184
653,initial,-7.736779689788818
654,initial,-7.441325664520264
655,initial,-7.8533735275268555
656,initial,-6.8013739585876465
657,initial,-6.5960917472839355
658,initial,-8.363028526306152
659,initial,-7.473190784454346
660,initial,-6.949853420257568
661,initial,-7.4976396560668945
662,initial,-7.837516784667969
663,initial,-6.607666015625
664,initial,-6.791198253631592
665,initial,-7.415975570678711
666,initial,-8.225563049316406
667,initial,-7.95213508605957
668,initial,-7.5084404945373535
669,initial,-7.0788750648498535
670,initial,-7.323502540588379
671,initial,-8.006394386291504
672,initial,-6.832380771636963
673,initial,-7.044013977050781
674,initial,-6.416337966918945
675,initial,-6.873977184295654
676,initial,-7.162504196166992
677,initial,-8.322710990905762
678,initial,-7.608484745025635
679,initial,-8.402115821838379
680,initial,-7.130197048187256
681,initial,-8.347640037536621
682,initial,-8.537346839904785
683,initial,-7.216952800750732
684,initial,-7.908318042755127
685,initial,-7.75283670425415
686,initial,-8.35563850402832
687,initial,-6.555971622467041
688,initial,-7.484386920928955
689,initial,-9.911916732788086
690,initial,-9.330970764160156
691,initial,-8.173720359802246
692,initial,-9.728538513183594
693,initial,-7.117730140686035
694,initial,-8.73079776763916
695,initial,-9.509437561035156
696,initial,-7.61998987197876
697,initial,-9.844809532165527
698,initial,-9.953665733337402
699,initial,-10.353277206420898
700,initial,-7.542038440704346
701,initial,-8.47043228149414
702,initial,-9.226875305175781
703,initial,-9.805755615234375
704,initial,-6.453918933868408
705,initial,-7.905004024505615
706,initial,-8.829547882080078
707,initial,-10.109254837036133
708,initial,-7.080692291259766
709,initial,-9.499415397644043
710,initial,-7.875090599060059
711,initial,-8.49045181274414
712,initial,-8.106125831604004
713,initial,-9.388474464416504
714,initial,-7.468919277191162
715,initial,-8.976845741271973
716,initial,-8.06960391998291
717,initial,-8.380492210388184
718,initial,-8.273185729980469
719,initial,-7.199708461761475
720,initial,-7.785563945770264
721,initial,-9.27684497833252
722,initial,-8.609566688537598
723,initial,-7.68583869934082
724,initial,-7.890434741973877
725,initial,-8.902213096618652
726,initial,-7.217063903808594
727,initial,-7.921372890472412
728,initial,-7.729177951812744
729,initial,-8.169858932495117
730,initial,-6.37014102935791
731,initial,-7.31783390045166
732,initial,-8.362791061401367
733,initial,-8.611456871032715
734,initial,-6.910599708557129
735,initial,-9.504847526550293
736,initial,-7.050044536590576
737,initial,-8.625268936157227
738,initial,-9.749761581420898
739,initial,-7.6911468505859375
740,initial,-9.438365936279297
741,initial,-8.63105297088623
742,initial,-8.495850563049316
743,initial,-7.5352654457092285
744,initial,-8.01523494720459
745,initial,-6.015535354614258
746,initial,-6.876373291015625
747,initial,-6.599221706390381
748,initial,-6.6074724197387695
749,initial,-7.036612510681152
750,initial,-7.073758125305176
751,initial,-5.5857343673706055
752,initial,-7.074286460876465
753,initial,-6.537024974822998
754,initial,-8.054661750793457
755,initial,-5.973480224609375
756,initial,-6.50275182723999
757,initial,-7.89737606048584
758,initial,-7.907556533813477
759,initial,-6.729884147644043
760,initial,-7.212518692016602
761,initial,-7.9214396476745605
762,initial,-8.136504173278809
763,initial,-6.635458469390869
764,initial,-7.293026924133301
765,initial,-7.0692548751831055
766,initial,-6.938540458679199
767,initial,-7.2647552490234375
768,initial,-6.428589820861816
769,initial,-7.3972907066345215
770,initial,-6.864587783813477
771,initial,-6.663474082946777
772,initial,-7.177323818206787
773,initial,-7.004664421081543
774,initial,-7.712851524353027
775,initial,-8.493696212768555
776,initial,-7.630066394805908
777,initial,-7.48470401763916
778,initial,-6.584169387817383
779,initial,-9.289758682250977
780,initial,-7.129091739654541
781,initial,-7.722397327423096
782,initial,-7.071319580078125
783,initial,-7.362035751342773
784,initial,-5.650171279907227
785,initial,-6.264440536499023
786,initial,-6.62214469909668
787,initial,-7.00583553314209
788,initial,-5.877689361572266
789,initial,-6.804683685302734
790,initial,-6.063511371612549
791,initial,-5.937589168548584
792,initial,-7.361800670623779
793,initial,-6.740512847900391
794,initial,-5.600465774536133
795,initial,-6.081899642944336
796,initial,-6.193026542663574
797,initial,-5.992594242095947
798,initial,-8.334914207458496
799,initial,-7.349379539489746
800,initial,-7.00691032409668
801,initial,-6.623073577880859
802,initial,-5.752191543579102
803,initial,-8.855381965637207
804,initial,-6.750957489013672
805,initial,-7.6571269035339355
806,initial,-6.950551986694336
807,initial,-5.8866095542907715
808,initial,-5.638332843780518
809,initial,-7.306554794311523
810,initial,-6.230327129364014
811,initial,-8.41235637664795
812,initial,-6.570276737213135
813,initial,-7.155800819396973
814,initial,-7.5729660987854
815,initial,-7.8713226318359375
816,initial,-6.387125492095947
817,initial,-6.144715309143066
818,initial,-6.489782333374023
819,initial,-6.710561275482178
820,initial,-5.776007652282715
821,initial,-7.03253698348999
822,initial,-7.214080333709717
823,initial,-7.23711633682251
824,initial,-7.5262131690979
825,initial,-5.795500755310059
826,initial,-6.140103340148926
827,initial,-5.921142578125
828,initial,-6.537973403930664
829,initial,-6.375880718231201
830,initial,-7.065818786621094
831,initial,-5.992915153503418
832,initial,-6.566445350646973
833,initial,-6.324534893035889
834,initial,-6.132368564605713
835,initial,-6.943725109100342
836,initial,-6.762767791748047
837,initial,-5.9098429679870605
838,initial,-6.08050537109375
839,initial,-6.126858711242676
840,initial,-5.945700168609619
841,initial,-7.760247707366943
842,initial,-7.016059875488281
843,initial,-6.809842586517334
844,initial,-6.496451377868652
845,initial,-5.959225654602051
846,initial,-8.020974159240723
847,initial,-6.848409175872803
848,initial,-5.358016014099121
849,initial,-8.185070991516113
850,initial,-7.721734046936035
851,initial,-6.1541643142700195
852,initial,-7.139002323150635
853,initial,-6.610164165496826
854,initial,-7.558753967285156
855,initial,-6.298810958862305
856,initial,-8.107544898986816
857,initial,-5.707353591918945
858,initial,-8.718674659729004
859,initial,-5.707353591918945
860,initial,-5.703168869018555
861,initial,-6.45991325378418
862,initial,-6.432531356811523
863,initial,-7.155819416046143
864,initial,-6.659913063049316
865,initial,-6.684141159057617
866,initial,-8.021498680114746
867,initial,-5.531452178955078
868,initial,-6.2481513023376465
869,initial,-6.343310356140137
870,initial,-7.120567321777344
871,initial,-6.8914794921875
872,initial,-5.9047722816467285
873,initial,-8.203214645385742
874,initial,-6.395727157592773
875,initial,-6.684141159057617
876,initial,-6.435571193695068
877,initial,-6.155084609985352
878,initial,-6.6718878746032715
879,initial,-6.363897800445557
880,initial,-6.780091762542725
881,initial,-8.009515762329102
882,initial,-8.382519721984863
883,initial,-5.759375095367432
884,initial,-6.384047031402588
885,initial,-6.343310356140137
886,initial,-7.470654010772705
887,initial,-6.907772541046143
888,initial,-8.185070037841797
889,initial,-7.1836652755737305
890,initial,-6.421185493469238
891,initial,-5.460536956787109
892,initial,-7.678173065185547
893,initial,-7.107029438018799
894,initial,-6.126340866088867
895,initial,-7.112257957458496
896,initial,-6.236935615539551
897,initial,-7.276572227478027
898,initial,-6.407295227050781
899,initial,-7.678308963775635
900,initial,-5.858817100524902
901,initial,-8.198833465576172
902,initial,-5.858817100524902
903,initial,-5.708245277404785
904,initial,-6.1228132247924805
905,initial,-6.302027225494385
906,initial,-6.7819037437438965
907,initial,-6.34677791595459
908,initial,-6.295259952545166
909,initial,-7.508817672729492
910,initial,-6.851710319519043
911,initial,-6.055247783660889
912,initial,-6.092015743255615
913,initial,-6.507460117340088
914,initial,-6.826578140258789
915,initial,-6.092015743255615
916,initial,-7.030572414398193
917,initial,-6.465582847595215
918,initial,-6.682551860809326
919,initial,-6.5953826904296875
920,initial,-6.606836795806885
921,initial,-6.994838714599609
922,initial,-6.057292461395264
923,initial,-6.485818862915039
924,initial,-6.624876499176025
925,initial,-6.583735466003418
926,initial,-6.921208381652832
927,initial,-6.536830425262451
928,initial,-6.434521675109863
929,initial,-5.846046447753906
930,initial,-6.452515125274658
931,initial,-6.398189067840576
932,initial,-6.118829250335693
933,initial,-6.412103176116943
934,initial,-6.823875427246094
935,initial,-7.441135883331299
936,initial,-6.524474620819092
937,initial,-6.218618392944336
938,initial,-7.0684967041015625
939,initial,-6.5760650634765625
940,initial,-7.149559020996094
941,initial,-6.819907188415527
942,initial,-7.534305095672607
943,initial,-6.4738006591796875
944,initial,-6.533276557922363
945,initial,-6.398772716522217
946,initial,-6.7286577224731445
947,initial,-6.486539840698242
948,initial,-6.240248680114746
949,initial,-6.975828170776367
950,initial,-6.950613021850586
951,initial,-6.630441188812256
952,initial,-5.932023048400879
953,initial,-6.901637554168701
954,initial,-6.038989543914795
955,initial,-6.328997611999512
956,initial,-6.487320423126221
957,initial,-6.8316240310668945
958,initial,-6.328997611999512
959,initial,-6.825406074523926
960,initial,-6.537609100341797
961,initial,-6.324251651763916
962,initial,-6.732003688812256
963,initial,-6.551182270050049
964,initial,-6.877447605133057
965,initial,-6.086404323577881
966,initial,-6.4962077140808105
967,initial,-6.70684289932251
968,initial,-6.265536308288574
969,initial,-6.66563606262207
970,initial,-6.675746917724609
971,initial,-6.308355331420898
972,initial,-5.998804569244385
973,initial,-6.297791481018066
974,initial,-8.574907302856445
975,initial,-7.244946002960205
976,initial,-7.250429153442383
977,initial,-6.614662170410156
978,initial,-7.895039081573486
979,initial,-7.377127647399902
980,initial,-6.876710414886475
981,initial,-8.545947074890137
982,initial,-5.819036960601807
983,initial,-6.085916996002197
984,initial,-6.832284450531006
985,initial,-6.467233180999756
986,initial,-7.1004862785339355
987,initial,-7.8967437744140625
988,initial,-6.138452053070068
989,initial,-6.7687764167785645
990,initial,-7.550991535186768
991,initial,-6.0802321434021
992,initial,-7.116891860961914
993,initial,-7.620424270629883
994,initial,-6.98316764831543
995,initial,-7.103902339935303
996,initial,-8.104662895202637
997,initial,-7.570258140563965
998,initial,-7.480135440826416
999,initial,-7.142127990722656
1000,initial,-6.708338737487793
1001,initial,-8.561450958251953
1002,initial,-6.953836917877197
1003,initial,-7.097657680511475
1004,initial,-8.050155639648438
1005,initial,-7.323005676269531
1006,initial,-6.398654937744141
1007,initial,-8.398642539978027
1008,initial,-7.446600914001465
1009,initial,-7.523048400878906
1010,initial,-6.117980003356934
1011,initial,-6.809708595275879
1012,initial,-6.63042688369751
1013,initial,-6.929045677185059
1014,initial,-7.455837726593018
1015,initial,-8.137455940246582
1016,initial,-6.2594194412231445
1017,initial,-8.388813972473145
1018,initial,-7.220703125
1019,initial,-7.061924457550049
1020,initial,-6.629858016967773
1021,initial,-7.211550235748291
1022,initial,-7.36065673828125
1023,initial,-6.7612385749816895
1024,initial,-7.799239158630371
1025,initial,-5.737840175628662
1026,initial,-6.293810844421387
1027,initial,-6.710174560546875
1028,initial,-6.290228366851807
1029,initial,-6.68729829788208
1030,initial,-7.336215972900391
1031,initial,-6.148819446563721
1032,initial,-6.658387184143066
1033,initial,-7.390394687652588
1034,initial,-6.19384765625
1035,initial,-6.786823272705078
1036,initial,-7.312284469604492
1037,initial,-6.541577339172363
1038,initial,-5.65513277053833
1039,initial,-5.492432594299316
1040,initial,-7.041388034820557
1041,initial,-6.3592987060546875
1042,initial,-6.156770706176758
1043,initial,-6.4367828369140625
1044,initial,-5.999182224273682
1045,initial,-5.749356746673584
1046,initial,-6.738831996917725
1047,initial,-6.189651966094971
1048,initial,-5.706676006317139
1049,initial,-6.99638557434082
1050,initial,-5.4220709800720215
1051,initial,-5.991630554199219
1052,initial,-7.551774501800537
1053,initial,-6.492790222167969
1054,initial,-6.1200971603393555
1055,initial,-6.431453704833984
1056,initial,-6.216335773468018
1057,initial,-7.339046955108643
1058,initial,-7.047097206115723
1059,initial,-6.672615051269531
1060,initial,-7.167135238647461
1061,initial,-5.654881954193115
1062,initial,-6.981797218322754
1063,initial,-7.21942138671875
1064,initial,-7.296953201293945
1065,initial,-6.941123008728027
1066,initial,-6.318920135498047
1067,initial,-6.163599967956543
1068,initial,-5.884165287017822
1069,initial,-5.627084255218506
1070,initial,-5.987967491149902
1071,initial,-6.27238655090332
1072,initial,-6.338193416595459
1073,initial,-6.772014141082764
1074,initial,-6.425657272338867
1075,initial,-5.73691463470459
1076,initial,-6.340686321258545
1077,initial,-6.063902378082275
1078,initial,-7.499487400054932
1079,initial,-7.505160808563232
1080,initial,-8.072333335876465
1081,initial,-7.313872814178467
1082,initial,-7.939933776855469
1083,initial,-6.75995397567749
1084,initial,-6.75995397567749
1085,initial,-7.774139881134033
1086,initial,-7.044552326202393
1087,initial,-7.623889446258545
1088,initial,-7.514463424682617
1089,initial,-6.605217456817627
1090,initial,-8.161971092224121
1091,initial,-7.985879898071289
1092,initial,-6.791574001312256
1093,initial,-7.9730610847473145
1094,initial,-7.2586236000061035
1095,initial,-7.120384693145752
1096,initial,-6.195954322814941
1097,initial,-8.715606689453125
1098,initial,-6.782708168029785
1099,initial,-7.202600955963135
1100,initial,-7.448284149169922
1101,initial,-7.36289644241333
1102,initial,-8.474899291992188
1103,initial,-7.086117267608643
1104,initial,-8.585585594177246
1105,initial,-7.237491607666016
1106,initial,-7.449732780456543
1107,initial,-8.702255249023438
1108,initial,-6.8392815589904785
1109,initial,-8.09512996673584
1110,initial,-8.80128288269043
1111,initial,-6.971757411956787
1112,initial,-7.910898208618164
1113,initial,-7.5361008644104
1114,initial,-6.900388240814209
1115,initial,-6.51687479019165
1116,initial,-8.702255249023438
1117,initial,-6.440103054046631
1118,initial,-6.319087028503418
1119,initial,-6.082123756408691
1120,initial,-5.877023696899414
1121,initial,-6.793216228485107
1122,initial,-7.139554023742676
1123,initial,-7.248673439025879
1124,initial,-6.806612491607666
1125,initial,-6.859166622161865
1126,initial,-6.679372310638428
1127,initial,-6.679372310638428
1128,initial,-6.608912944793701
1129,initial,-6.670505046844482
1130,initial,-6.823334693908691
1131,initial,-6.741481781005859
1132,initial,-6.287095069885254
1133,initial,-7.357085704803467
1134,initial,-7.014545440673828
1135,initial,-6.515514373779297
1136,initial,-7.044411659240723
1137,initial,-7.02946138381958
1138,initial,-6.65727424621582
1139,initial,-8.182026863098145
1140,initial,-8.060218811035156
1141,initial,-6.518696308135986
1142,initial,-6.140322208404541
1143,initial,-6.8196563720703125
1144,initial,-7.750436782836914
1145,initial,-7.251701354980469
1146,initial,-6.357793807983398
1147,initial,-7.364809036254883
1148,initial,-7.258522033691406
1149,initial,-6.903034210205078
1150,initial,-8.394560813903809
1151,initial,-8.217643737792969
1152,initial,-7.48676872253418
1153,initial,-8.101625442504883
1154,initial,-6.222972393035889
1155,initial,-8.217644691467285
1156,initial,-7.8938307762146
1157,initial,-7.976369857788086
1158,initial,-7.903311252593994
1159,initial,-6.8365936279296875
1160,initial,-7.9601922035217285
1161,initial,-8.001008033752441
1162,initial,-6.670713901519775
1163,initial,-6.672454833984375
1164,initial,-7.491289138793945
1165,initial,-8.625866889953613
1166,initial,-8.001008033752441
1167,initial,-6.266269207000732
1168,initial,-8.079748153686523
1169,initial,-9.213845252990723
1170,initial,-7.500813961029053
1171,initial,-6.988341808319092
1172,initial,-8.154217720031738
1173,initial,-8.154217720031738
1174,initial,-8.378401756286621
1175,initial,-6.560018539428711
1176,initial,-6.137141704559326
1177,initial,-6.641078948974609
1178,initial,-6.719867706298828
1179,initial,-6.907679080963135
1180,initial,-7.983730316162109
1181,initial,-7.491289138793945
1182,initial,-7.458011150360107
1183,initial,-7.479455471038818
1184,initial,-6.389827251434326
1185,initial,-6.033355236053467
1186,initial,-6.710455894470215
1187,initial,-7.245325565338135
1188,initial,-6.943343639373779
1189,initial,-6.250372886657715
1190,initial,-7.169020175933838
1191,initial,-6.964574813842773
1192,initial,-6.793074131011963
1193,initial,-7.753159046173096
1194,initial,-7.555649757385254
1195,initial,-6.95596170425415
1196,initial,-7.295589923858643
1197,initial,-6.205016613006592
1198,initial,-7.555649757385254
1199,initial,-7.12379789352417
1200,initial,-7.333863735198975
1201,initial,-7.230637073516846
1202,initial,-7.062067031860352
1203,initial,-7.076930522918701
1204,initial,-6.841205596923828
1205,initial,-6.6786956787109375
1206,initial,-7.174049377441406
1207,initial,-6.654792308807373
1208,initial,-7.057341575622559
1209,initial,-7.344554901123047
1210,initial,-7.181944847106934
1211,initial,-6.788960933685303
1212,initial,-7.50557804107666
1213,initial,-7.181821823120117
1214,initial,-7.132013320922852
1215,initial,-6.169433116912842
1216,initial,-7.2866315841674805
1217,initial,-6.77185583114624
1218,initial,-7.144623756408691
1219,initial,-7.170356750488281
1220,initial,-6.049596309661865
1221,initial,-7.3556671142578125
1222,initial,-7.338185787200928
1223,initial,-6.5643181800842285
1224,initial,-6.884622097015381
1225,initial,-7.4309186935424805
1226,initial,-6.939145088195801
1227,initial,-6.816422939300537
1228,initial,-7.002979755401611
1229,initial,-6.234208106994629
1230,initial,-6.392949104309082
1231,initial,-6.9375505447387695
1232,initial,-7.000514030456543
1233,initial,-7.184323787689209
1234,initial,-6.77091646194458
1235,initial,-7.711706161499023
1236,initial,-6.168518543243408
1237,initial,-7.716147422790527
1238,initial,-7.152458190917969
1239,initial,-6.783133029937744
1240,initial,-6.2622785568237305
1241,initial,-7.421531677246094
1242,initial,-6.5881476402282715
1243,initial,-6.841457366943359
1244,initial,-6.728538513183594
1245,initial,-6.576139450073242
1246,initial,-6.754359245300293
1247,initial,-6.53646183013916
1248,initial,-6.643664360046387
1249,initial,-6.837069034576416
1250,initial,-6.329969882965088
1251,initial,-7.007733345031738
1252,initial,-7.087874889373779
1253,initial,-6.537334442138672
1254,initial,-6.580885887145996
1255,initial,-7.583757400512695
1256,initial,-6.610286712646484
1257,initial,-6.553988933563232
1258,initial,-5.777303218841553
1259,initial,-6.979837417602539
1260,initial,-6.100901126861572
1261,initial,-6.5420823097229
1262,initial,-6.82070255279541
1263,initial,-6.105527877807617
1264,initial,-7.127464294433594
1265,initial,-8.24626350402832
1266,initial,-7.358029842376709
1267,initial,-7.809867858886719
1268,initial,-7.26381778717041
1269,initial,-7.948156833648682
1270,initial,-7.72713565826416
1271,initial,-8.676034927368164
1272,initial,-7.792631149291992
1273,initial,-7.772913932800293
1274,initial,-7.863433837890625
1275,initial,-7.63300085067749
1276,initial,-8.260680198669434
1277,initial,-7.030076026916504
1278,initial,-7.0717339515686035
1279,initial,-8.126261711120605
1280,initial,-6.698581695556641
1281,initial,-8.210427284240723
1282,initial,-8.749409675598145
1283,initial,-7.819632053375244
1284,initial,-7.0093584060668945
1285,initial,-9.109461784362793
1286,initial,-7.300819396972656
1287,initial,-8.724631309509277
1288,initial,-7.5578484535217285
1289,initial,-8.549226760864258
1290,initial,-8.357967376708984
1291,initial,-8.557976722717285
1292,initial,-7.432790279388428
1293,initial,-8.737523078918457
1294,initial,-8.858742713928223
1295,initial,-7.809868812561035
1296,initial,-8.863744735717773
1297,initial,-8.379631042480469
1298,initial,-7.429075717926025
1299,initial,-7.231258392333984
1300,initial,-6.698581695556641
1301,initial,-6.984588146209717
1302,initial,-8.483640670776367
1303,initial,-8.198858261108398
1304,initial,-8.077436447143555
1305,initial,-8.68833065032959
1306,initial,-7.559444427490234
1307,initial,-7.907317638397217
1308,initial,-7.036181926727295
1309,initial,-6.270179748535156
1310,initial,-7.504504203796387
1311,initial,-6.8254008293151855
1312,initial,-7.947804927825928
1313,initial,-7.193997859954834
1314,initial,-8.433128356933594
1315,initial,-7.0726704597473145
1316,initial,-7.2111897468566895
1317,initial,-7.2193379402160645
1318,initial,-6.7150187492370605
1319,initial,-7.848231792449951
1320,initial,-6.867196083068848
1321,initial,-6.428094387054443
1322,initial,-7.1682281494140625
1323,initial,-6.191895008087158
1324,initial,-7.477497100830078
1325,initial,-7.8566155433654785
1326,initial,-7.349812984466553
1327,initial,-6.665075302124023
1328,initial,-6.321025371551514
1329,initial,-6.649151802062988
1330,initial,-6.649151802062988
1331,initial,-7.370022296905518
1332,initial,-7.482515335083008
1333,initial,-6.278496265411377
1334,initial,-7.03017520904541
1335,initial,-6.078066825866699
1336,initial,-6.813270092010498
1337,initial,-6.619488716125488
1338,initial,-5.77133846282959
1339,initial,-6.430192947387695
1340,initial,-6.728445053100586
1341,initial,-7.35899543762207
1342,initial,-7.003254413604736
1343,initial,-5.755427837371826
1344,initial,-6.709969520568848
1345,initial,-6.189713954925537
1346,initial,-5.772002696990967
1347,initial,-6.053004741668701
1348,initial,-6.898442268371582
1349,initial,-7.14195442199707
1350,initial,-6.3768720626831055
1351,initial,-6.177263259887695
1352,initial,-7.639091491699219
1353,initial,-6.0045928955078125
1354,initial,-6.4977569580078125
1355,initial,-6.011370658874512
1356,initial,-7.096652984619141
1357,initial,-6.404746055603027
1358,initial,-6.572116851806641
1359,initial,-6.354671955108643
1360,initial,-6.311558723449707
1361,initial,-5.620497703552246
1362,initial,-6.093393802642822
1363,initial,-6.966296195983887
1364,initial,-6.79592227935791
1365,initial,-7.003550052642822
1366,initial,-6.098924160003662
1367,initial,-6.9221510887146
0,final,-4.398674011230469
1,final,-10.732177734375
2,final,-5.580302715301514
3,final,-11.79500961303711
4,final,-6.010488033294678
5,final,-10.58499526977539
6,final,-7.018774509429932
7,final,-10.220637321472168
8,final,-2.4587390422821045
9,final,-6.729456901550293
10,final,-8.469944953918457
11,final,-8.271797180175781
12,final,-2.9613850116729736
13,final,-2.4313976764678955
14,final,-7.2933478355407715
15,final,-8.559462547302246
16,final,-6.998455047607422
17,final,-8.271797180175781
18,final,-7.597560882568359
19,final,-5.580302715301514
20,final,-8.063971519470215
21,final,-5.814495086669922
22,final,-9.068217277526855
23,final,-9.046979904174805
24,final,-7.104997158050537
25,final,-5.814495086669922
26,final,-8.353793144226074
27,final,-7.23496675491333
28,final,-4.437948703765869
29,final,-8.353793144226074
30,final,-11.913629531860352
31,final,-9.064257621765137
32,final,-3.632262706756592
33,final,-11.037762641906738
34,final,-10.485318183898926
35,final,-12.086908340454102
36,final,-3.3389298915863037
37,final,-8.318482398986816
38,final,-2.7051048278808594
39,final,-5.863962173461914
40,final,-6.268311023712158
41,final,-3.5081024169921875
42,final,-7.5758376121521
43,final,-6.2631707191467285
44,final,-8.635724067687988
45,final,-9.282842636108398
46,final,-8.166706085205078
47,final,-9.123550415039062
48,final,-9.228596687316895
49,final,-7.891488075256348
50,final,-7.649229526519775
51,final,-6.625470161437988
52,final,-3.790311098098755
53,final,-7.679532051086426
54,final,-7.1587653160095215
55,final,-8.385332107543945
56,final,-7.9693603515625
57,final,-10.625024795532227
58,final,-6.638962268829346
59,final,-5.54581356048584
60,final,-6.7247138023376465
61,final,-8.616734504699707
62,final,-6.347089767456055
63,final,-7.888054370880127
64,final,-9.084056854248047
65,final,-9.155062675476074
66,final,-2.794952392578125
67,final,-10.855216026306152
68,final,-12.144737243652344
69,final,-3.0454840660095215
70,final,-9.925135612487793
71,final,-6.690532207489014
72,final,-8.017724990844727
73,final,-5.864950656890869
74,final,-12.83439826965332
75,final,-9.700704574584961
76,final,-6.108551502227783
77,final,-3.58424973487854
78,final,-4.202066898345947
79,final,-5.569953918457031
80,final,-6.254182815551758
81,final,-6.0202460289001465
82,final,-4.325549602508545
83,final,-8.655097961425781
84,final,-7.65264892578125
85,final,-7.0326008796691895
86,final,-5.973154544830322
87,final,-4.570894718170166
88,final,-8.970823287963867
89,final,-6.820601940155029
90,final,-3.9969089031219482
91,final,-4.019036293029785
92,final,-8.453254699707031
93,final,-4.1041154861450195
94,final,-7.465670585632324
95,final,-7.246029853820801
96,final,-7.667788505554199
97,final,-6.001630783081055
98,final,-5.154943466186523
99,final,-5.034613609313965
100,final,-8.062323570251465
101,final,-6.254284381866455
102,final,-6.034698009490967
103,final,-9.724782943725586
104,final,-3.592409133911133
105,final,-8.154227256774902
106,final,-5.767606258392334
107,final,-11.670896530151367
108,final,-3.592409133911133
109,final,-6.1742448806762695
110,final,-7.746772766113281
111,final,-6.991212368011475
112,final,-4.127808094024658
113,final,-6.420252323150635
114,final,-7.017409324645996
115,final,-3.1550190448760986
116,final,-8.825407028198242
117,final,-6.412196159362793
118,final,-6.170448303222656
119,final,-7.953709125518799
120,final,-5.024786472320557
121,final,-6.693026065826416
122,final,-6.001121997833252
123,final,-4.614696025848389
124,final,-5.01426362991333
125,final,-6.001121997833252
126,final,-6.844735622406006
127,final,-6.350706577301025
128,final,-7.494378566741943
129,final,-2.3487794399261475
130,final,-2.899116277694702
131,final,-5.655266284942627
132,final,-7.276003360748291
133,final,-6.9576239585876465
134,final,-2.2030651569366455
135,final,-9.979315757751465
136,final,-11.457206726074219
137,final,-10.372960090637207
138,final,-2.99688458442688
139,final,-8.627346992492676
140,final,-8.09139633178711
141,final,-3.4042766094207764
142,final,-9.028115272521973
143,final,-5.712752819061279
144,final,-6.772438049316406
145,final,-8.092143058776855
146,final,-8.068848609924316
147,final,-6.199321269989014
148,final,-6.879179000854492
149,final,-7.633883953094482
150,final,-5.345887184143066
151,final,-8.65095329284668
152,final,-6.011788368225098
153,final,-6.267825603485107
154,final,-8.056146621704102
155,final,-10.391653060913086
156,final,-8.056146621704102
157,final,-6.344902038574219
158,final,-7.26716947555542
159,final,-10.230836868286133
160,final,-3.0542008876800537
161,final,-7.322648048400879
162,final,-3.9521257877349854
163,final,-6.930881500244141
164,final,-6.6217474937438965
165,final,-7.015246868133545
166,final,-6.825442790985107
167,final,-3.1562440395355225
168,final,-6.9845147132873535
169,final,-6.9807891845703125
170,final,-7.459514617919922
171,final,-11.987184524536133
172,final,-7.782191753387451
173,final,-7.649949550628662
174,final,-4.817675590515137
175,final,-5.635293006896973
176,final,-9.938055992126465
177,final,-8.784838676452637
178,final,-2.7476420402526855
179,final,-6.176336765289307
180,final,-3.3933098316192627
181,final,-3.990668296813965
182,final,-7.277463912963867
183,final,-5.941433906555176
184,final,-4.287055015563965
185,final,-6.331294059753418
186,final,-6.449244022369385
187,final,-8.270964622497559
188,final,-3.867173910140991
189,final,-4.399513244628906
190,final,-7.91160774230957
191,final,-7.204640865325928
192,final,-7.328835487365723
193,final,-6.960062026977539
194,final,-7.477391719818115
195,final,-4.116691589355469
196,final,-9.082637786865234
197,final,-6.776592254638672
198,final,-5.404818058013916
199,final,-4.837007522583008
200,final,-2.6579630374908447
201,final,-7.582944393157959
202,final,-2.7513957023620605
203,final,-2.811124324798584
204,final,-5.532968997955322
205,final,-5.532968997955322
206,final,-5.995192527770996
207,final,-3.7325687408447266
208,final,-7.889900207519531
209,final,-8.204465866088867
210,final,-7.141634464263916
211,final,-6.3382134437561035
212,final,-9.376620292663574
213,final,-10.885693550109863
214,final,-6.030921936035156
215,final,-5.342789649963379
216,final,-3.076456069946289
217,final,-8.688905715942383
218,final,-5.62529993057251
219,final,-7.29061222076416
220,final,-4.101927757263184
221,final,-6.704232215881348
222,final,-7.572232723236084
223,final,-9.591147422790527
224,final,-5.197897911071777
225,final,-6.389228343963623
226,final,-6.18936014175415
227,final,-7.178595066070557
228,final,-11.976174354553223
229,final,-10.68873405456543
230,final,-6.756077766418457
231,final,-9.338735580444336
232,final,-9.613368034362793
233,final,-8.303935050964355
234,final,-4.144351959228516
235,final,-6.023728370666504
236,final,-9.246771812438965
237,final,-8.850943565368652
238,final,-9.619186401367188
239,final,-6.892963886260986
240,final,-7.310848712921143
241,final,-8.218841552734375
242,final,-7.504825115203857
243,final,-4.4188008308410645
244,final,-6.631674766540527
245,final,-8.09656810760498
246,final,-7.589205741882324
247,final,-8.213889122009277
248,final,-11.851564407348633
249,final,-9.064164161682129
250,final,-8.500421524047852
251,final,-11.967180252075195
252,final,-4.144351959228516
253,final,-6.704230785369873
254,final,-6.704230785369873
255,final,-10.68873405456543
256,final,-7.0816969871521
257,final,-7.650958061218262
258,final,-6.3844122886657715
259,final,-4.289821147918701
260,final,-8.9309720993042
261,final,-7.592562675476074
262,final,-3.329237699508667
263,final,-3.738792896270752
264,final,-5.954407215118408
265,final,-6.676456928253174
266,final,-8.541088104248047
267,final,-4.547008037567139
268,final,-5.656180381774902
269,final,-5.607229709625244
270,final,-6.598297119140625
271,final,-10.633620262145996
272,final,-9.384614944458008
273,final,-6.012022018432617
274,final,-8.090778350830078
275,final,-8.759849548339844
276,final,-7.150567054748535
277,final,-3.6348485946655273
278,final,-5.221845626831055
279,final,-8.181525230407715
280,final,-7.666459083557129
281,final,-8.301891326904297
282,final,-6.103390216827393
283,final,-4.045290470123291
284,final,-8.898048400878906
285,final,-7.634037017822266
286,final,-4.2953033447265625
287,final,-7.460528373718262
288,final,-10.746400833129883
289,final,-9.151663780212402
290,final,-7.8688507080078125
291,final,-6.562113285064697
292,final,-10.508152961730957
293,final,-9.59388256072998
294,final,-9.720438003540039
295,final,-8.629694938659668
296,final,-10.55367374420166
297,final,-7.430706024169922
298,final,-7.080184459686279
299,final,-11.988237380981445
300,final,-7.080184459686279
301,final,-10.614697456359863
302,final,-7.6315507888793945
303,final,-4.522524833679199
304,final,-11.853371620178223
305,final,-6.639525413513184
306,final,-5.5587592124938965
307,final,-7.463162422180176
308,final,-8.43896198272705
309,final,-8.092529296875
310,final,-8.629694938659668
311,final,-7.3329620361328125
312,final,-6.742008686065674
313,final,-10.746400833129883
314,final,-11.13361644744873
315,final,-7.463162422180176
316,final,-7.390658378601074
317,final,-7.0117621421813965
318,final,-3.843518018722534
319,final,-8.767084121704102
320,final,-5.6664299964904785
321,final,-10.746399879455566
322,final,-4.6319499015808105
323,final,-6.479385852813721
324,final,-5.222716331481934
325,final,-8.94078540802002
326,final,-3.5502710342407227
327,final,-7.525317192077637
328,final,-6.60017728805542
329,final,-3.6128947734832764
330,final,-6.4147629737854
331,final,-9.121052742004395
332,final,-7.955811023712158
333,final,-7.0392913818359375
334,final,-5.853658676147461
335,final,-9.318291664123535
336,final,-8.364188194274902
337,final,-8.685898780822754
338,final,-7.443605422973633
339,final,-9.304149627685547
340,final,-6.752679824829102
341,final,-6.1962432861328125
342,final,-10.795454025268555
343,final,-6.1962432861328125
344,final,-9.017576217651367
345,final,-6.847524642944336
346,final,-6.776071548461914
347,final,-9.121978759765625
348,final,-8.210201263427734
349,final,-7.0482497215271
350,final,-3.9739623069763184
351,final,-6.607801914215088
352,final,-5.00858211517334
353,final,-8.243303298950195
354,final,-5.677182197570801
355,final,-8.123039245605469
356,final,-6.765893936157227
357,final,-7.283051490783691
358,final,-7.480134963989258
359,final,-6.184711456298828
360,final,-6.580228805541992
361,final,-6.702688694000244
362,final,-5.446588516235352
363,final,-7.417369365692139
364,final,-8.013015747070312
365,final,-4.431294918060303
366,final,-7.695521831512451
367,final,-7.128757953643799
368,final,-8.35733699798584
369,final,-8.952611923217773
370,final,-3.880927085876465
371,final,-5.766737937927246
372,final,-6.456718921661377
373,final,-5.915643692016602
374,final,-4.269663333892822
375,final,-6.882873058319092
376,final,-7.63863468170166
377,final,-4.18167781829834
378,final,-5.831844329833984
379,final,-4.122803688049316
380,final,-5.092853546142578
381,final,-7.602113723754883
382,final,-6.217784404754639
383,final,-10.085738182067871
384,final,-8.143322944641113
385,final,-6.933748245239258
386,final,-7.128757953643799
387,final,-5.788558006286621
388,final,-5.7806549072265625
389,final,-6.087637901306152
390,final,-8.413314819335938
391,final,-7.16119384765625
392,final,-6.1833343505859375
393,final,-3.8374764919281006
394,final,-5.857302665710449
395,final,-4.643272876739502
396,final,-7.645770072937012
397,final,-5.210361957550049
398,final,-7.52862024307251
399,final,-6.3622727394104
400,final,-6.679898738861084
401,final,-6.898499488830566
402,final,-5.541465759277344
403,final,-6.129903793334961
404,final,-6.289069175720215
405,final,-5.053012847900391
406,final,-6.92404317855835
407,final,-7.412342071533203
408,final,-4.242593288421631
409,final,-7.2021164894104
410,final,-4.574136257171631
411,final,-7.883366107940674
412,final,-9.670339584350586
413,final,-4.62976598739624
414,final,-8.310172080993652
415,final,-6.167837619781494
416,final,-6.076809406280518
417,final,-8.438989639282227
418,final,-6.075192928314209
419,final,-6.284042835235596
420,final,-7.0692057609558105
421,final,-9.619405746459961
422,final,-7.499501705169678
423,final,-4.424897193908691
424,final,-8.47628116607666
425,final,-8.356593132019043
426,final,-4.839470863342285
427,final,-7.6932373046875
428,final,-9.921064376831055
429,final,-12.173726081848145
430,final,-7.269382476806641
431,final,-7.148465633392334
432,final,-6.939713001251221
433,final,-10.160040855407715
434,final,-8.555951118469238
435,final,-7.749749660491943
436,final,-5.222100257873535
437,final,-4.537334442138672
438,final,-4.932313919067383
439,final,-8.88439655303955
440,final,-4.200860023498535
441,final,-9.151392936706543
442,final,-12.21466064453125
443,final,-7.776203632354736
444,final,-10.051376342773438
445,final,-7.356666088104248
446,final,-10.564709663391113
447,final,-7.517080783843994
448,final,-7.485500335693359
449,final,-4.5800042152404785
450,final,-8.571867942810059
451,final,-10.985919952392578
452,final,-6.413149833679199
453,final,-4.135470867156982
454,final,-6.946446418762207
455,final,-8.550015449523926
456,final,-4.167827606201172
457,final,-7.23826789855957
458,final,-5.489388465881348
459,final,-5.2404046058654785
460,final,-7.237667083740234
461,final,-5.230221271514893
462,final,-5.79667854309082
463,final,-6.462860107421875
464,final,-8.459695816040039
465,final,-6.0617804527282715
466,final,-3.835176706314087
467,final,-7.470589637756348
468,final,-7.190666675567627
469,final,-4.304996013641357
470,final,-6.939516544342041
471,final,-8.670867919921875
472,final,-7.528189182281494
473,final,-7.695199966430664
474,final,-5.63707971572876
475,final,-7.61386775970459
476,final,-6.507511615753174
477,final,-4.878151893615723
478,final,-6.460028648376465
479,final,-6.9816460609436035
480,final,-5.008423805236816
481,final,-5.517648696899414
482,final,-6.204222679138184
483,final,-4.993657112121582
484,final,-7.359325885772705
485,final,-3.2971866130828857
486,final,-7.596457481384277
487,final,-6.176547527313232
488,final,-4.955358505249023
489,final,-9.752745628356934
490,final,-10.290397644042969
491,final,-4.8947343826293945
492,final,-10.118413925170898
493,final,-6.964395046234131
494,final,-7.566853046417236
495,final,-9.982976913452148
496,final,-6.285511016845703
497,final,-4.80772066116333
498,final,-12.194347381591797
499,final,-11.384703636169434
500,final,-4.424289226531982
501,final,-4.67335844039917
502,final,-9.706378936767578
503,final,-10.407692909240723
504,final,-4.718951225280762
505,final,-9.305924415588379
506,final,-9.37047004699707
507,final,-10.944000244140625
508,final,-7.3068060874938965
509,final,-13.791434288024902
510,final,-7.926217555999756
511,final,-10.687291145324707
512,final,-8.406639099121094
513,final,-11.988784790039062
514,final,-11.209142684936523
515,final,-8.816329002380371
516,final,-4.588834285736084
517,final,-8.801200866699219
518,final,-8.789128303527832
519,final,-3.9901583194732666
520,final,-2.842707872390747
521,final,-4.106223106384277
522,final,-9.506013870239258
523,final,-10.94718074798584
524,final,-9.131477355957031
525,final,-9.064982414245605
526,final,-4.267035484313965
527,final,-11.140864372253418
528,final,-9.741857528686523
529,final,-7.930518627166748
530,final,-7.311668395996094
531,final,-14.294581413269043
532,final,-8.422285079956055
533,final,-10.429661750793457
534,final,-10.794210433959961
535,final,-8.291886329650879
536,final,-5.985574722290039
537,final,-6.712535381317139
538,final,-8.855779647827148
539,final,-5.115726947784424
540,final,-4.568462371826172
541,final,-10.85677433013916
542,final,-10.485725402832031
543,final,-4.073838710784912
544,final,-4.06248140335083
545,final,-8.02454948425293
546,final,-9.169447898864746
547,final,-4.029754638671875
548,final,-8.191727638244629
549,final,-7.555450439453125
550,final,-8.884835243225098
551,final,-6.639051914215088
552,final,-12.00085735321045
553,final,-6.785439968109131
554,final,-8.963285446166992
555,final,-11.117263793945312
556,final,-3.6048736572265625
557,final,-4.657703399658203
558,final,-4.960519313812256
559,final,-9.047871589660645
560,final,-13.35685920715332
561,final,-9.131733894348145
562,final,-5.45629358291626
563,final,-10.309677124023438
564,final,-8.995803833007812
565,final,-6.373350143432617
566,final,-5.3399128913879395
567,final,-7.585849285125732
568,final,-10.958094596862793
569,final,-5.933965682983398
570,final,-10.369372367858887
571,final,-11.06749439239502
572,final,-5.239609241485596
573,final,-7.049100399017334
574,final,-14.255311965942383
575,final,-9.223653793334961
576,final,-14.034805297851562
577,final,-6.481010437011719
578,final,-6.481010437011719
579,final,-3.5368857383728027
580,final,-9.047871589660645
581,final,-9.517862319946289
582,final,-4.381516933441162
583,final,-9.095142364501953
584,final,-9.238762855529785
585,final,-8.542609214782715
586,final,-12.817239761352539
587,final,-6.4517998695373535
588,final,-9.329957962036133
589,final,-3.753997325897217
590,final,-7.9465508460998535
591,final,-9.856386184692383
592,final,-7.682639122009277
593,final,-9.223653793334961
594,final,-8.104313850402832
595,final,-7.66122579574585
596,final,-10.671345710754395
597,final,-4.873040676116943
598,final,-9.7521390914917
599,final,-3.174245834350586
600,final,-4.0554327964782715
601,final,-4.48707914352417
602,final,-7.84067964553833
603,final,-11.195350646972656
604,final,-8.014975547790527
605,final,-4.57871675491333
606,final,-9.201001167297363
607,final,-7.6714768409729
608,final,-5.6521382331848145
609,final,-4.608451843261719
610,final,-6.491869926452637
611,final,-9.354942321777344
612,final,-5.085480213165283
613,final,-9.210976600646973
614,final,-9.8788480758667
615,final,-4.742795467376709
616,final,-6.434377193450928
617,final,-11.831189155578613
618,final,-4.602684020996094
619,final,-8.711384773254395
620,final,-11.502561569213867
621,final,-4.743305683135986
622,final,-4.177862644195557
623,final,-8.338866233825684
624,final,-8.788968086242676
625,final,-4.902658462524414
626,final,-4.639586448669434
627,final,-5.761308193206787
628,final,-7.756473064422607
629,final,-6.2857747077941895
630,final,-4.051122188568115
631,final,-9.391907691955566
632,final,-9.179439544677734
633,final,-9.461183547973633
634,final,-7.1347246170043945
635,final,-6.365805149078369
636,final,-8.36779499053955
637,final,-11.921899795532227
638,final,-12.205163955688477
639,final,-8.623553276062012
640,final,-5.513489246368408
641,final,-10.008484840393066
642,final,-4.492746829986572
643,final,-5.921401023864746
644,final,-7.910929203033447
645,final,-4.683361053466797
646,final,-6.256991386413574
647,final,-7.0231781005859375
648,final,-3.708685874938965
649,final,-10.749872207641602
650,final,-7.76437520980835
651,final,-3.8173744678497314
652,final,-8.684225082397461
653,final,-10.821426391601562
654,final,-7.876106262207031
655,final,-8.714662551879883
656,final,-7.239984512329102
657,final,-4.437251091003418
658,final,-8.000016212463379
659,final,-7.566182613372803
660,final,-3.5074687004089355
661,final,-4.223107814788818
662,final,-7.935774326324463
663,final,-10.468582153320312
664,final,-4.509845733642578
665,final,-4.079888343811035
666,final,-7.461790084838867
667,final,-8.219698905944824
668,final,-4.790968418121338
669,final,-4.095846176147461
670,final,-5.472544193267822
671,final,-7.367199897766113
672,final,-5.079492568969727
673,final,-3.602914810180664
674,final,-8.295906066894531
675,final,-8.657161712646484
676,final,-8.67381763458252
677,final,-6.409952640533447
678,final,-5.782492637634277
679,final,-7.624582767486572
680,final,-11.115116119384766
681,final,-11.305333137512207
682,final,-10.13022518157959
683,final,-4.306328296661377
684,final,-11.314080238342285
685,final,-9.752161026000977
686,final,-12.514415740966797
687,final,-3.8929295539855957
688,final,-8.076130867004395
689,final,-8.621910095214844
690,final,-8.887397766113281
691,final,-11.100345611572266
692,final,-9.779828071594238
693,final,-8.347149848937988
694,final,-11.650546073913574
695,final,-8.879037857055664
696,final,-4.028829097747803
697,final,-9.383540153503418
698,final,-10.588278770446777
699,final,-10.103133201599121
700,final,-4.096554279327393
701,final,-10.716231346130371
702,final,-7.737259864807129
703,final,-11.526904106140137
704,final,-6.91972541809082
705,final,-8.71445369720459
706,final,-7.184693336486816
707,final,-11.858672142028809
708,final,-4.654288291931152
709,final,-10.878634452819824
710,final,-5.6780219078063965
711,final,-9.841849327087402
712,final,-5.22678804397583
713,final,-12.120224952697754
714,final,-4.421976566314697
715,final,-12.651860237121582
716,final,-8.93477725982666
717,final,-8.839831352233887
718,final,-9.08800983428955
719,final,-10.84980297088623
720,final,-4.040043354034424
721,final,-9.521936416625977
722,final,-11.873711585998535
723,final,-5.414196491241455
724,final,-9.668547630310059
725,final,-8.801674842834473
726,final,-3.397017002105713
727,final,-9.594355583190918
728,final,-7.87851095199585
729,final,-10.52191162109375
730,final,-3.1065564155578613
731,final,-6.7994561195373535
732,final,-6.838733673095703
733,final,-7.029429912567139
734,final,-9.334587097167969
735,final,-8.805953025817871
736,final,-6.963762283325195
737,final,-10.676787376403809
738,final,-8.368988990783691
739,final,-4.024661064147949
740,final,-7.39975118637085
741,final,-8.560711860656738
742,final,-7.813161373138428
743,final,-3.520338773727417
744,final,-8.439783096313477
745,final,-5.877547740936279
746,final,-5.403849124908447
747,final,-4.843242168426514
748,final,-6.847548484802246
749,final,-4.299764633178711
750,final,-5.754574775695801
751,final,-4.623031139373779
752,final,-6.340775489807129
753,final,-6.1083903312683105
754,final,-8.587732315063477
755,final,-4.4369893074035645
756,final,-6.839627265930176
757,final,-6.184225559234619
758,final,-7.34165620803833
759,final,-7.380336761474609
760,final,-4.397946357727051
761,final,-7.780703544616699
762,final,-5.564189910888672
763,final,-5.605747222900391
764,final,-4.174948215484619
765,final,-6.050675392150879
766,final,-5.482123851776123
767,final,-7.813784122467041
768,final,-7.0003814697265625
769,final,-3.8838822841644287
770,final,-7.351501941680908
771,final,-6.026913642883301
772,final,-4.453789234161377
773,final,-4.412823677062988
774,final,-7.516197204589844
775,final,-8.699244499206543
776,final,-7.199004173278809
777,final,-5.172494411468506
778,final,-3.7617855072021484
779,final,-9.584010124206543
780,final,-4.865565776824951
781,final,-8.374906539916992
782,final,-11.67384147644043
783,final,-4.4200944900512695
784,final,-3.89982008934021
785,final,-10.32606315612793
786,final,-6.300400257110596
787,final,-3.995537281036377
788,final,-4.142890930175781
789,final,-9.171507835388184
790,final,-9.976810455322266
791,final,-3.802647829055786
792,final,-8.722074508666992
793,final,-7.549258232116699
794,final,-6.691794395446777
795,final,-5.136331558227539
796,final,-6.648134708404541
797,final,-4.027101516723633
798,final,-7.537929534912109
799,final,-7.3331780433654785
800,final,-8.123140335083008
801,final,-8.56882381439209
802,final,-3.6610052585601807
803,final,-10.664505958557129
804,final,-4.473306655883789
805,final,-8.271869659423828
806,final,-5.816041946411133
807,final,-3.298537015914917
808,final,-3.478942394256592
809,final,-6.760334014892578
810,final,-3.8836865425109863
811,final,-8.597289085388184
812,final,-6.4934844970703125
813,final,-6.892059326171875
814,final,-5.984770774841309
815,final,-9.367456436157227
816,final,-7.255776882171631
817,final,-6.951623916625977
818,final,-7.501859664916992
819,final,-3.718223810195923
820,final,-3.647454023361206
821,final,-7.307246685028076
822,final,-4.708994388580322
823,final,-4.2700581550598145
824,final,-7.045510292053223
825,final,-3.6843676567077637
826,final,-6.7230987548828125
827,final,-3.9806036949157715
828,final,-9.873804092407227
829,final,-6.040395259857178
830,final,-3.9382171630859375
831,final,-4.151129245758057
832,final,-8.377508163452148
833,final,-9.40726375579834
834,final,-3.8368313312530518
835,final,-7.897542476654053
836,final,-7.091681480407715
837,final,-6.616278648376465
838,final,-4.882754802703857
839,final,-6.5159406661987305
840,final,-3.9967455863952637
841,final,-6.482890605926514
842,final,-7.049393653869629
843,final,-7.658783912658691
844,final,-7.791550636291504
845,final,-3.74059796333313
846,final,-8.954090118408203
847,final,-6.0475053787231445
848,final,-7.474842548370361
849,final,-8.7330904006958
850,final,-7.35403299331665
851,final,-6.635488033294678
852,final,-5.6988701820373535
853,final,-6.572908878326416
854,final,-6.640408039093018
855,final,-10.380523681640625
856,final,-7.828366756439209
857,final,-6.521644115447998
858,final,-11.38427734375
859,final,-6.521644115447998
860,final,-4.432080268859863
861,final,-6.024411678314209
862,final,-11.310275077819824
863,final,-7.296442031860352
864,final,-6.4073662757873535
865,final,-8.067206382751465
866,final,-8.780694961547852
867,final,-3.396761655807495
868,final,-4.07513952255249
869,final,-5.392460823059082
870,final,-7.084532260894775
871,final,-7.600082874298096
872,final,-6.432509899139404
873,final,-7.797447681427002
874,final,-8.5376558303833
875,final,-8.067206382751465
876,final,-3.789354085922241
877,final,-10.36643123626709
878,final,-9.346808433532715
879,final,-7.5712151527404785
880,final,-5.741287708282471
881,final,-8.696930885314941
882,final,-8.622376441955566
883,final,-6.438023567199707
884,final,-6.074522495269775
885,final,-5.392460823059082
886,final,-4.410182476043701
887,final,-6.836742401123047
888,final,-8.7330904006958
889,final,-9.288925170898438
890,final,-5.727554798126221
891,final,-7.222991943359375
892,final,-7.495352745056152
893,final,-6.94434118270874
894,final,-6.514573574066162
895,final,-4.860106945037842
896,final,-6.1472039222717285
897,final,-5.733563423156738
898,final,-9.904621124267578
899,final,-6.733946323394775
900,final,-6.3529052734375
901,final,-9.669097900390625
902,final,-6.3529052734375
903,final,-4.1977338790893555
904,final,-5.649937629699707
905,final,-10.470959663391113
906,final,-7.027890205383301
907,final,-6.100334167480469
908,final,-7.539997100830078
909,final,-8.100109100341797
910,final,-7.694226264953613
911,final,-6.167922496795654
912,final,-4.592801094055176
913,final,-6.626682758331299
914,final,-7.150801658630371
915,final,-4.592801094055176
916,final,-7.602375507354736
917,final,-9.433744430541992
918,final,-4.017549514770508
919,final,-6.736578464508057
920,final,-8.094943046569824
921,final,-6.229513168334961
922,final,-3.485671281814575
923,final,-7.589141368865967
924,final,-6.564889430999756
925,final,-8.069551467895508
926,final,-8.402402877807617
927,final,-6.8959736824035645
928,final,-10.030486106872559
929,final,-6.091677665710449
930,final,-6.001357555389404
931,final,-6.80474328994751
932,final,-6.180520534515381
933,final,-4.067215919494629
934,final,-8.09010124206543
935,final,-7.144707679748535
936,final,-6.301274299621582
937,final,-6.718259811401367
938,final,-4.42558479309082
939,final,-5.705857276916504
940,final,-10.959471702575684
941,final,-8.187614440917969
942,final,-6.349428176879883
943,final,-3.719569206237793
944,final,-4.429163932800293
945,final,-7.5637288093566895
946,final,-8.125460624694824
947,final,-9.579681396484375
948,final,-3.6577682495117188
949,final,-6.508877754211426
950,final,-7.312093257904053
951,final,-6.243832111358643
952,final,-4.934951305389404
953,final,-7.649034023284912
954,final,-6.210546493530273
955,final,-4.768518924713135
956,final,-6.734560489654541
957,final,-7.380663871765137
958,final,-4.768518924713135
959,final,-7.016872406005859
960,final,-9.383340835571289
961,final,-3.994187116622925
962,final,-6.697839736938477
963,final,-7.475218296051025
964,final,-6.704962730407715
965,final,-3.849449872970581
966,final,-7.44575309753418
967,final,-6.723067760467529
968,final,-7.334919452667236
969,final,-7.7278056144714355
970,final,-6.945567607879639
971,final,-9.7239351272583
972,final,-6.2013678550720215
973,final,-6.554648399353027
974,final,-8.460416793823242
975,final,-12.185775756835938
976,final,-8.582106590270996
977,final,-8.93478775024414
978,final,-8.798112869262695
979,final,-7.562113285064697
980,final,-7.012462615966797
981,final,-9.269898414611816
982,final,-6.214433670043945
983,final,-8.40875244140625
984,final,-7.338635444641113
985,final,-6.765071868896484
986,final,-7.64646053314209
987,final,-8.524026870727539
988,final,-7.89138650894165
989,final,-11.506083488464355
990,final,-8.488161087036133
991,final,-5.2100749015808105
992,final,-4.346667766571045
993,final,-6.9230122566223145
994,final,-4.142038345336914
995,final,-7.219913959503174
996,final,-5.469630241394043
997,final,-7.593082904815674
998,final,-7.838168621063232
999,final,-6.832261562347412
1000,final,-6.099682807922363
1001,final,-8.869559288024902
1002,final,-9.107427597045898
1003,final,-4.378758907318115
1004,final,-9.13968276977539
1005,final,-4.6330885887146
1006,final,-6.752681255340576
1007,final,-7.859495639801025
1008,final,-6.860262870788574
1009,final,-8.305888175964355
1010,final,-4.081246376037598
1011,final,-4.413446426391602
1012,final,-4.7597761154174805
1013,final,-6.149446487426758
1014,final,-7.7417449951171875
1015,final,-6.4969916343688965
1016,final,-6.411842346191406
1017,final,-7.27664852142334
1018,final,-11.294286727905273
1019,final,-7.906351089477539
1020,final,-7.961123466491699
1021,final,-7.716010570526123
1022,final,-7.104515075683594
1023,final,-6.867713451385498
1024,final,-7.699543476104736
1025,final,-5.652750015258789
1026,final,-8.059885025024414
1027,final,-6.82048225402832
1028,final,-6.417781352996826
1029,final,-6.980339527130127
1030,final,-7.688694000244141
1031,final,-7.094987869262695
1032,final,-10.509292602539062
1033,final,-7.839390754699707
1034,final,-4.9773406982421875
1035,final,-4.064441204071045
1036,final,-6.934495449066162
1037,final,-7.112087726593018
1038,final,-5.95590353012085
1039,final,-5.013416767120361
1040,final,-7.337460517883301
1041,final,-7.2113423347473145
1042,final,-4.146790981292725
1043,final,-6.921505451202393
1044,final,-6.553334712982178
1045,final,-8.431757926940918
1046,final,-5.975933074951172
1047,final,-4.125232696533203
1048,final,-5.350472450256348
1049,final,-7.140646457672119
1050,final,-4.018072605133057
1051,final,-6.031216144561768
1052,final,-6.043799877166748
1053,final,-7.952688694000244
1054,final,-6.459225654602051
1055,final,-6.394943714141846
1056,final,-5.8533406257629395
1057,final,-9.412883758544922
1058,final,-6.668752670288086
1059,final,-5.240891933441162
1060,final,-6.611255168914795
1061,final,-4.777166366577148
1062,final,-3.44846773147583
1063,final,-7.626803874969482
1064,final,-7.054128170013428
1065,final,-7.235298156738281
1066,final,-4.384359836578369
1067,final,-7.453162670135498
1068,final,-4.116078853607178
1069,final,-3.7861289978027344
1070,final,-3.971710205078125
1071,final,-4.378894805908203
1072,final,-3.8449134826660156
1073,final,-5.804090976715088
1074,final,-6.854673385620117
1075,final,-6.0632219314575195
1076,final,-6.815954685211182
1077,final,-2.8535377979278564
1078,final,-4.280028820037842
1079,final,-3.5189239978790283
1080,final,-8.437790870666504
1081,final,-5.931979656219482
1082,final,-6.945810794830322
1083,final,-4.095413684844971
1084,final,-4.095413684844971
1085,final,-7.981619358062744
1086,final,-7.245207786560059
1087,final,-7.747154235839844
1088,final,-6.008464813232422
1089,final,-6.639889240264893
1090,final,-8.594078063964844
1091,final,-8.887478828430176
1092,final,-3.879700183868408
1093,final,-9.107721328735352
1094,final,-6.367848873138428
1095,final,-9.506711959838867
1096,final,-3.0848467350006104
1097,final,-10.012885093688965
1098,final,-8.682982444763184
1099,final,-4.243601322174072
1100,final,-5.304488182067871
1101,final,-4.6598219871521
1102,final,-10.077824592590332
1103,final,-5.105043888092041
1104,final,-8.71204948425293
1105,final,-7.194834232330322
1106,final,-12.930706024169922
1107,final,-8.337811470031738
1108,final,-5.7040252685546875
1109,final,-9.125174522399902
1110,final,-11.506507873535156
1111,final,-6.687368869781494
1112,final,-6.861820697784424
1113,final,-8.446389198303223
1114,final,-7.137021064758301
1115,final,-3.578742504119873
1116,final,-8.337811470031738
1117,final,-3.6642658710479736
1118,final,-3.5244057178497314
1119,final,-5.886813163757324
1120,final,-2.4127249717712402
1121,final,-3.3588292598724365
1122,final,-3.017904043197632
1123,final,-6.777619361877441
1124,final,-4.8454155921936035
1125,final,-5.521452903747559
1126,final,-3.511781692504883
1127,final,-3.511781692504883
1128,final,-6.585438251495361
1129,final,-6.248246669769287
1130,final,-6.48004150390625
1131,final,-4.976715087890625
1132,final,-5.6818366050720215
1133,final,-6.938336372375488
1134,final,-7.235182762145996
1135,final,-3.287971019744873
1136,final,-7.4891533851623535
1137,final,-5.3801140785217285
1138,final,-8.18986988067627
1139,final,-9.62794017791748
1140,final,-8.997637748718262
1141,final,-4.017999172210693
1142,final,-3.5418717861175537
1143,final,-4.515869617462158
1144,final,-5.978805065155029
1145,final,-4.772945880889893
1146,final,-4.987361431121826
1147,final,-4.039154529571533
1148,final,-13.045366287231445
1149,final,-5.4916672706604
1150,final,-8.33005142211914
1151,final,-8.72021484375
1152,final,-5.6910576820373535
1153,final,-8.305088996887207
1154,final,-3.676967144012451
1155,final,-8.72021484375
1156,final,-9.120891571044922
1157,final,-8.719551086425781
1158,final,-8.03470230102539
1159,final,-9.317069053649902
1160,final,-7.847934246063232
1161,final,-7.39408540725708
1162,final,-7.630070209503174
1163,final,-5.941307067871094
1164,final,-8.29101848602295
1165,final,-9.464924812316895
1166,final,-7.39408540725708
1167,final,-7.024528503417969
1168,final,-8.434174537658691
1169,final,-11.988483428955078
1170,final,-7.173816680908203
1171,final,-4.03203821182251
1172,final,-11.294998168945312
1173,final,-11.294998168945312
1174,final,-8.071857452392578
1175,final,-2.908592939376831
1176,final,-3.888333559036255
1177,final,-4.780096054077148
1178,final,-7.002801895141602
1179,final,-7.398314476013184
1180,final,-7.959593296051025
1181,final,-8.29101848602295
1182,final,-8.066179275512695
1183,final,-7.311223030090332
1184,final,-3.0616846084594727
1185,final,-2.7999138832092285
1186,final,-3.923841953277588
1187,final,-4.995528697967529
1188,final,-3.858553409576416
1189,final,-3.9379231929779053
1190,final,-3.543203353881836
1191,final,-11.522588729858398
1192,final,-4.782408714294434
1193,final,-7.071856498718262
1194,final,-7.241452693939209
1195,final,-4.592158794403076
1196,final,-7.063498497009277
1197,final,-3.010999917984009
1198,final,-7.241452693939209
1199,final,-7.419495582580566
1200,final,-7.289783954620361
1201,final,-6.709070682525635
1202,final,-7.004438400268555
1203,final,-8.012757301330566
1204,final,-6.833934783935547
1205,final,-4.58434534072876
1206,final,-3.9600765705108643
1207,final,-8.122669219970703
1208,final,-11.156595230102539
1209,final,-7.172191619873047
1210,final,-5.552669525146484
1211,final,-4.421350002288818
1212,final,-6.49128532409668
1213,final,-5.610915184020996
1214,final,-3.8875889778137207
1215,final,-6.178776264190674
1216,final,-7.48482608795166
1217,final,-6.400541305541992
1218,final,-5.272350311279297
1219,final,-6.550509452819824
1220,final,-6.504048824310303
1221,final,-6.986705303192139
1222,final,-9.404728889465332
1223,final,-6.923690319061279
1224,final,-3.7605199813842773
1225,final,-8.299203872680664
1226,final,-4.091296195983887
1227,final,-6.395854949951172
1228,final,-8.401702880859375
1229,final,-6.710737705230713
1230,final,-5.142531394958496
1231,final,-7.513225555419922
1232,final,-7.626474857330322
1233,final,-8.831064224243164
1234,final,-5.110457420349121
1235,final,-7.514451026916504
1236,final,-3.940074920654297
1237,final,-7.9903178215026855
1238,final,-11.335503578186035
1239,final,-6.607901573181152
1240,final,-3.839015483856201
1241,final,-7.092065811157227
1242,final,-4.346889972686768
1243,final,-6.921019077301025
1244,final,-4.847739219665527
1245,final,-6.3424973487854
1246,final,-7.2374701499938965
1247,final,-6.265331745147705
1248,final,-4.624401092529297
1249,final,-3.1928317546844482
1250,final,-7.328085899353027
1251,final,-10.256916999816895
1252,final,-6.678044319152832
1253,final,-4.936958312988281
1254,final,-3.978062391281128
1255,final,-6.193589210510254
1256,final,-5.14720344543457
1257,final,-3.6901795864105225
1258,final,-5.437234401702881
1259,final,-6.675836086273193
1260,final,-5.666083335876465
1261,final,-4.616422176361084
1262,final,-5.700801372528076
1263,final,-5.634444236755371
1264,final,-5.987939834594727
1265,final,-7.0162200927734375
1266,final,-4.836479663848877
1267,final,-5.2568039894104
1268,final,-4.53811502456665
1269,final,-5.14607048034668
1270,final,-8.198552131652832
1271,final,-11.07059383392334
1272,final,-5.531796932220459
1273,final,-4.7609405517578125
1274,final,-7.086109638214111
1275,final,-7.339938640594482
1276,final,-9.523161888122559
1277,final,-4.345204830169678
1278,final,-4.223336696624756
1279,final,-8.90156078338623
1280,final,-5.158913612365723
1281,final,-6.959806442260742
1282,final,-9.393622398376465
1283,final,-9.96098518371582
1284,final,-4.118645668029785
1285,final,-12.06781005859375
1286,final,-7.535363674163818
1287,final,-8.189797401428223
1288,final,-4.383159637451172
1289,final,-9.427338600158691
1290,final,-7.820093631744385
1291,final,-8.445571899414062
1292,final,-5.017421245574951
1293,final,-10.087852478027344
1294,final,-9.221390724182129
1295,final,-5.256804466247559
1296,final,-8.542466163635254
1297,final,-7.569885730743408
1298,final,-4.883032321929932
1299,final,-8.05405044555664
1300,final,-5.158913612365723
1301,final,-6.223119258880615
1302,final,-11.7228422164917
1303,final,-6.240964412689209
1304,final,-9.051032066345215
1305,final,-7.018400192260742
1306,final,-5.1956000328063965
1307,final,-5.864688873291016
1308,final,-5.241044521331787
1309,final,-3.839592456817627
1310,final,-4.566493988037109
1311,final,-3.773020029067993
1312,final,-4.485045909881592
1313,final,-6.661487102508545
1314,final,-9.177267074584961
1315,final,-4.485400676727295
1316,final,-3.8144898414611816
1317,final,-6.492738246917725
1318,final,-5.866631984710693
1319,final,-7.872398376464844
1320,final,-3.5504648685455322
1321,final,-3.345886468887329
1322,final,-7.285072326660156
1323,final,-4.466900825500488
1324,final,-5.833637237548828
1325,final,-7.583243370056152
1326,final,-8.561540603637695
1327,final,-3.3747692108154297
1328,final,-3.6589107513427734
1329,final,-6.186690330505371
1330,final,-6.186690330505371
1331,final,-6.474698543548584
1332,final,-6.82481575012207
1333,final,-3.639965057373047
1334,final,-5.9420952796936035
1335,final,-5.3784403800964355
1336,final,-3.8481075763702393
1337,final,-6.65927267074585
1338,final,-3.0669264793395996
1339,final,-6.555055141448975
1340,final,-6.401027202606201
1341,final,-7.774037837982178
1342,final,-6.186492443084717
1343,final,-5.024855136871338
1344,final,-7.896195888519287
1345,final,-3.9016687870025635
1346,final,-3.835643768310547
1347,final,-6.756645679473877
1348,final,-7.013228416442871
1349,final,-6.596304893493652
1350,final,-3.6666996479034424
1351,final,-3.4066648483276367
1352,final,-9.027891159057617
1353,final,-2.2161641120910645
1354,final,-10.130624771118164
1355,final,-4.197919845581055
1356,final,-6.722839832305908
1357,final,-4.737119674682617
1358,final,-4.073919296264648
1359,final,-5.97163200378418
1360,final,-4.89390230178833
1361,final,-3.1677229404449463
1362,final,-5.692807197570801
1363,final,-6.949112892150879
1364,final,-6.296284198760986
1365,final,-8.709940910339355
1366,final,-4.380815505981445
1367,final,-6.123892784118652
0,best,-4.398674011230469
1,best,-10.732177734375
2,best,-5.580302715301514
3,best,-11.79500961303711
4,best,-6.010488033294678
5,best,-10.58499526977539
6,best,-7.018774509429932
7,best,-10.220637321472168
8,best,-2.4587390422821045
9,best,-6.729456901550293
10,best,-8.469944953918457
11,best,-8.271797180175781
12,best,-2.9613850116729736
13,best,-2.4313976764678955
14,best,-7.2933478355407715
15,best,-8.559462547302246
16,best,-6.998455047607422
17,best,-8.271797180175781
18,best,-7.597560882568359
19,best,-5.580302715301514
20,best,-8.063971519470215
21,best,-5.814495086669922
22,best,-9.068217277526855
23,best,-9.046979904174805
24,best,-7.104997158050537
25,best,-5.814495086669922
26,best,-8.353793144226074
27,best,-7.23496675491333
28,best,-4.437948703765869
29,best,-8.353793144226074
30,best,-11.913629531860352
31,best,-9.064257621765137
32,best,-3.632262706756592
33,best,-11.037762641906738
34,best,-10.485318183898926
35,best,-12.086908340454102
36,best,-3.3389298915863037
37,best,-8.318482398986816
38,best,-2.7051048278808594
39,best,-5.863962173461914
40,best,-6.268311023712158
41,best,-3.5081024169921875
42,best,-7.5758376121521
43,best,-6.2631707191467285
44,best,-8.635724067687988
45,best,-9.282842636108398
46,best,-8.166706085205078
47,best,-9.123550415039062
48,best,-9.228596687316895
49,best,-7.891488075256348
50,best,-7.649229526519775
51,best,-6.625470161437988
52,best,-3.790311098098755
53,best,-7.679532051086426
54,best,-7.1587653160095215
55,best,-8.385332107543945
56,best,-7.9693603515625
57,best,-10.625024795532227
58,best,-6.638962268829346
59,best,-5.54581356048584
60,best,-6.7247138023376465
61,best,-8.616734504699707
62,best,-6.347089767456055
63,best,-7.888054370880127
64,best,-9.084056854248047
65,best,-9.155062675476074
66,best,-2.794952392578125
67,best,-10.855216026306152
68,best,-12.144737243652344
69,best,-3.0454840660095215
70,best,-9.925135612487793
71,best,-6.690532207489014
72,best,-8.017724990844727
73,best,-5.864950656890869
74,best,-12.83439826965332
75,best,-9.700704574584961
76,best,-6.108551502227783
77,best,-3.58424973487854
78,best,-4.202066898345947
79,best,-5.569953918457031
80,best,-6.254182815551758
81,best,-6.0202460289001465
82,best,-4.325549602508545
83,best,-8.655097961425781
84,best,-7.65264892578125
85,best,-7.0326008796691895
86,best,-5.973154544830322
87,best,-4.570894718170166
88,best,-8.970823287963867
89,best,-6.820601940155029
90,best,-3.9969089031219482
91,best,-4.019036293029785
92,best,-8.453254699707031
93,best,-4.1041154861450195
94,best,-7.465670585632324
95,best,-7.246029853820801
96,best,-7.667788505554199
97,best,-6.001630783081055
98,best,-5.154943466186523
99,best,-5.034613609313965
100,best,-8.062323570251465
101,best,-6.254284381866455
102,best,-6.034698009490967
103,best,-9.724782943725586
104,best,-3.592409133911133
105,best,-8.154227256774902
106,best,-5.767606258392334
107,best,-11.670896530151367
108,best,-3.592409133911133
109,best,-6.1742448806762695
110,best,-7.746772766113281
111,best,-6.991212368011475
112,best,-4.127808094024658
113,best,-6.420252323150635
114,best,-7.017409324645996
115,best,-3.1550190448760986
116,best,-8.825407028198242
117,best,-6.412196159362793
118,best,-6.170448303222656
119,best,-7.953709125518799
120,best,-5.024786472320557
121,best,-6.693026065826416
122,best,-6.001121997833252
123,best,-4.614696025848389
124,best,-5.01426362991333
125,best,-6.001121997833252
126,best,-6.844735622406006
127,best,-6.350706577301025
128,best,-7.494378566741943
129,best,-2.3487794399261475
130,best,-2.899116277694702
131,best,-5.655266284942627
132,best,-7.276003360748291
133,best,-6.9576239585876465
134,best,-2.2030651569366455
135,best,-9.979315757751465
136,best,-11.457206726074219
137,best,-10.372960090637207
138,best,-2.99688458442688
139,best,-8.627346992492676
140,best,-8.09139633178711
141,best,-3.4042766094207764
142,best,-9.028115272521973
143,best,-5.712752819061279
144,best,-6.772438049316406
145,best,-8.092143058776855
146,best,-8.068848609924316
147,best,-6.199321269989014
148,best,-6.879179000854492
149,best,-7.633883953094482
150,best,-5.345887184143066
151,best,-8.65095329284668
152,best,-6.011788368225098
153,best,-6.267825603485107
154,best,-8.056146621704102
155,best,-10.391653060913086
156,best,-8.056146621704102
157,best,-6.344902038574219
158,best,-7.26716947555542
159,best,-10.230836868286133
160,best,-3.0542008876800537
161,best,-7.322648048400879
162,best,-3.9521257877349854
163,best,-6.930881500244141
164,best,-6.6217474937438965
165,best,-7.015246868133545
166,best,-6.825442790985107
167,best,-3.1562440395355225
168,best,-6.9845147132873535
169,best,-6.9807891845703125
170,best,-7.459514617919922
171,best,-11.987184524536133
172,best,-7.782191753387451
173,best,-7.649949550628662
174,best,-4.817675590515137
175,best,-5.635293006896973
176,best,-9.938055992126465
177,best,-8.784838676452637
178,best,-2.7476420402526855
179,best,-6.176336765289307
180,best,-3.3933098316192627
181,best,-3.990668296813965
182,best,-7.277463912963867
183,best,-5.941433906555176
184,best,-4.287055015563965
185,best,-6.331294059753418
186,best,-6.449244022369385
187,best,-8.270964622497559
188,best,-3.867173910140991
189,best,-4.399513244628906
190,best,-7.91160774230957
191,best,-7.204640865325928
192,best,-7.328835487365723
193,best,-6.960062026977539
194,best,-7.477391719818115
195,best,-4.116691589355469
196,best,-9.082637786865234
197,best,-6.776592254638672
198,best,-5.404818058013916
199,best,-4.837007522583008
200,best,-2.6579630374908447
201,best,-7.582944393157959
202,best,-2.7513957023620605
203,best,-2.811124324798584
204,best,-5.532968997955322
205,best,-5.532968997955322
206,best,-5.995192527770996
207,best,-3.7325687408447266
208,best,-7.889900207519531
209,best,-8.204465866088867
210,best,-7.141634464263916
211,best,-6.3382134437561035
212,best,-9.376620292663574
213,best,-10.885693550109863
214,best,-6.030921936035156
215,best,-5.342789649963379
216,best,-3.076456069946289
217,best,-8.688905715942383
218,best,-5.62529993057251
219,best,-7.29061222076416
220,best,-4.101927757263184
221,best,-6.704232215881348
222,best,-7.572232723236084
223,best,-9.591147422790527
224,best,-5.197897911071777
225,best,-6.389228343963623
226,best,-6.18936014175415
227,best,-7.178595066070557
228,best,-11.976174354553223
229,best,-10.68873405456543
230,best,-6.756077766418457
231,best,-9.338735580444336
232,best,-9.613368034362793
233,best,-8.303935050964355
234,best,-4.144351959228516
235,best,-6.023728370666504
236,best,-9.246771812438965
237,best,-8.850943565368652
238,best,-9.619186401367188
239,best,-6.892963886260986
240,best,-7.310848712921143
241,best,-8.218841552734375
242,best,-7.504825115203857
243,best,-4.4188008308410645
244,best,-6.631674766540527
245,best,-8.09656810760498
246,best,-7.589205741882324
247,best,-8.213889122009277
248,best,-11.851564407348633
249,best,-9.064164161682129
250,best,-8.500421524047852
251,best,-11.967180252075195
252,best,-4.144351959228516
253,best,-6.704230785369873
254,best,-6.704230785369873
255,best,-10.68873405456543
256,best,-7.0816969871521
257,best,-7.650958061218262
258,best,-6.3844122886657715
259,best,-4.289821147918701
260,best,-8.9309720993042
261,best,-7.592562675476074
262,best,-3.329237699508667
263,best,-3.738792896270752
264,best,-5.954407215118408
265,best,-6.676456928253174
266,best,-8.541088104248047
267,best,-4.547008037567139
268,best,-5.656180381774902
269,best,-5.607229709625244
270,best,-6.598297119140625
271,best,-10.633620262145996
272,best,-9.384614944458008
273,best,-6.012022018432617
274,best,-8.090778350830078
275,best,-8.759849548339844
276,best,-7.150567054748535
277,best,-3.6348485946655273
278,best,-5.221845626831055
279,best,-8.181525230407715
280,best,-7.666459083557129
281,best,-8.301891326904297
282,best,-6.103390216827393
283,best,-4.045290470123291
284,best,-8.898048400878906
285,best,-7.634037017822266
286,best,-4.2953033447265625
287,best,-7.460528373718262
288,best,-10.746400833129883
289,best,-9.151663780212402
290,best,-7.8688507080078125
291,best,-6.562113285064697
292,best,-10.508152961730957
293,best,-9.59388256072998
294,best,-9.720438003540039
295,best,-8.629694938659668
296,best,-10.55367374420166
297,best,-7.430706024169922
298,best,-7.080184459686279
299,best,-11.988237380981445
300,best,-7.080184459686279
301,best,-10.614697456359863
302,best,-7.6315507888793945
303,best,-4.522524833679199
304,best,-11.853371620178223
305,best,-6.639525413513184
306,best,-5.5587592124938965
307,best,-7.463162422180176
308,best,-8.43896198272705
309,best,-8.092529296875
310,best,-8.629694938659668
311,best,-7.3329620361328125
312,best,-6.742008686065674
313,best,-10.746400833129883
314,best,-11.13361644744873
315,best,-7.463162422180176
316,best,-7.390658378601074
317,best,-7.0117621421813965
318,best,-3.843518018722534
319,best,-8.767084121704102
320,best,-5.6664299964904785
321,best,-10.746399879455566
322,best,-4.6319499015808105
323,best,-6.479385852813721
324,best,-5.222716331481934
325,best,-8.94078540802002
326,best,-3.5502710342407227
327,best,-7.525317192077637
328,best,-6.60017728805542
329,best,-3.6128947734832764
330,best,-6.4147629737854
331,best,-9.121052742004395
332,best,-7.955811023712158
333,best,-7.0392913818359375
334,best,-5.853658676147461
335,best,-9.318291664123535
336,best,-8.364188194274902
337,best,-8.685898780822754
338,best,-7.443605422973633
339,best,-9.304149627685547
340,best,-6.752679824829102
341,best,-6.1962432861328125
342,best,-10.795454025268555
343,best,-6.1962432861328125
344,best,-9.017576217651367
345,best,-6.847524642944336
346,best,-6.776071548461914
347,best,-9.121978759765625
348,best,-8.210201263427734
349,best,-7.0482497215271
350,best,-3.9739623069763184
351,best,-6.607801914215088
352,best,-5.00858211517334
353,best,-8.243303298950195
354,best,-5.677182197570801
355,best,-8.123039245605469
356,best,-6.765893936157227
357,best,-7.283051490783691
358,best,-7.480134963989258
359,best,-6.184711456298828
360,best,-6.580228805541992
361,best,-6.702688694000244
362,best,-5.446588516235352
363,best,-7.417369365692139
364,best,-8.013015747070312
365,best,-4.431294918060303
366,best,-7.695521831512451
367,best,-7.128757953643799
368,best,-8.35733699798584
369,best,-8.952611923217773
370,best,-3.880927085876465
371,best,-5.766737937927246
372,best,-6.456718921661377
373,best,-5.915643692016602
374,best,-4.269663333892822
375,best,-6.882873058319092
376,best,-7.63863468170166
377,best,-4.18167781829834
378,best,-5.831844329833984
379,best,-4.122803688049316
380,best,-5.092853546142578
381,best,-7.602113723754883
382,best,-6.217784404754639
383,best,-10.085738182067871
384,best,-8.143322944641113
385,best,-6.933748245239258
386,best,-7.128757953643799
387,best,-5.788558006286621
388,best,-5.7806549072265625
389,best,-6.087637901306152
390,best,-8.413314819335938
391,best,-7.16119384765625
392,best,-6.1833343505859375
393,best,-3.8374764919281006
394,best,-5.857302665710449
395,best,-4.643272876739502
396,best,-7.645770072937012
397,best,-5.210361957550049
398,best,-7.52862024307251
399,best,-6.3622727394104
400,best,-6.679898738861084
401,best,-6.898499488830566
402,best,-5.541465759277344
403,best,-6.129903793334961
404,best,-6.289069175720215
405,best,-5.053012847900391
406,best,-6.92404317855835
407,best,-7.412342071533203
408,best,-4.242593288421631
409,best,-7.2021164894104
410,best,-4.574136257171631
411,best,-7.883366107940674
412,best,-9.670339584350586
413,best,-4.62976598739624
414,best,-8.310172080993652
415,best,-6.167837619781494
416,best,-6.076809406280518
417,best,-8.438989639282227
418,best,-6.075192928314209
419,best,-6.284042835235596
420,best,-7.0692057609558105
421,best,-9.619405746459961
422,best,-7.499501705169678
423,best,-4.424897193908691
424,best,-8.47628116607666
425,best,-8.356593132019043
426,best,-4.839470863342285
427,best,-7.6932373046875
428,best,-9.921064376831055
429,best,-12.173726081848145
430,best,-7.269382476806641
431,best,-7.148465633392334
432,best,-6.939713001251221
433,best,-10.160040855407715
434,best,-8.555951118469238
435,best,-7.749749660491943
436,best,-5.222100257873535
437,best,-4.537334442138672
438,best,-4.932313919067383
439,best,-8.88439655303955
440,best,-4.200860023498535
441,best,-9.151392936706543
442,best,-12.21466064453125
443,best,-7.776203632354736
444,best,-10.051376342773438
445,best,-7.356666088104248
446,best,-10.564709663391113
447,best,-7.517080783843994
448,best,-7.485500335693359
449,best,-4.5800042152404785
450,best,-8.571867942810059
451,best,-10.985919952392578
452,best,-6.413149833679199
453,best,-4.135470867156982
454,best,-6.946446418762207
455,best,-8.550015449523926
456,best,-4.167827606201172
457,best,-7.23826789855957
458,best,-5.489388465881348
459,best,-5.2404046058654785
460,best,-7.237667083740234
461,best,-5.230221271514893
462,best,-5.79667854309082
463,best,-6.462860107421875
464,best,-8.459695816040039
465,best,-6.0617804527282715
466,best,-3.835176706314087
467,best,-7.470589637756348
468,best,-7.190666675567627
469,best,-4.304996013641357
470,best,-6.939516544342041
471,best,-8.670867919921875
472,best,-7.528189182281494
473,best,-7.695199966430664
474,best,-5.63707971572876
475,best,-7.61386775970459
476,best,-6.507511615753174
477,best,-4.878151893615723
478,best,-6.460028648376465
479,best,-6.9816460609436035
480,best,-5.008423805236816
481,best,-5.517648696899414
482,best,-6.204222679138184
483,best,-4.993657112121582
484,best,-7.359325885772705
485,best,-3.2971866130828857
486,best,-7.596457481384277
487,best,-6.176547527313232
488,best,-4.955358505249023
489,best,-9.752745628356934
490,best,-10.290397644042969
491,best,-4.8947343826293945
492,best,-10.118413925170898
493,best,-6.964395046234131
494,best,-7.566853046417236
495,best,-9.982976913452148
496,best,-6.285511016845703
497,best,-4.80772066116333
498,best,-12.194347381591797
499,best,-11.384703636169434
500,best,-4.424289226531982
501,best,-4.67335844039917
502,best,-9.706378936767578
503,best,-10.407692909240723
504,best,-4.718951225280762
505,best,-9.305924415588379
506,best,-9.37047004699707
507,best,-10.944000244140625
508,best,-7.3068060874938965
509,best,-13.791434288024902
510,best,-7.926217555999756
511,best,-10.687291145324707
512,best,-8.406639099121094
513,best,-11.988784790039062
514,best,-11.209142684936523
515,best,-8.816329002380371
516,best,-4.588834285736084
517,best,-8.801200866699219
518,best,-8.789128303527832
519,best,-3.9901583194732666
520,best,-2.842707872390747
521,best,-4.106223106384277
522,best,-9.506013870239258
523,best,-10.94718074798584
524,best,-9.131477355957031
525,best,-9.064982414245605
526,best,-4.267035484313965
527,best,-11.140864372253418
528,best,-9.741857528686523
529,best,-7.930518627166748
530,best,-7.311668395996094
531,best,-14.294581413269043
532,best,-8.422285079956055
533,best,-10.429661750793457
534,best,-10.794210433959961
535,best,-8.291886329650879
536,best,-5.985574722290039
537,best,-6.712535381317139
538,best,-8.855779647827148
539,best,-5.115726947784424
540,best,-4.568462371826172
541,best,-10.85677433013916
542,best,-10.485725402832031
543,best,-4.073838710784912
544,best,-4.06248140335083
545,best,-8.02454948425293
546,best,-9.169447898864746
547,best,-4.029754638671875
548,best,-8.191727638244629
549,best,-7.555450439453125
550,best,-8.884835243225098
551,best,-6.639051914215088
552,best,-12.00085735321045
553,best,-6.785439968109131
554,best,-8.963285446166992
555,best,-11.117263793945312
556,best,-3.6048736572265625
557,best,-4.657703399658203
558,best,-4.960519313812256
559,best,-9.047871589660645
560,best,-13.35685920715332
561,best,-9.131733894348145
562,best,-5.45629358291626
563,best,-10.309677124023438
564,best,-8.995803833007812
565,best,-6.373350143432617
566,best,-5.3399128913879395
567,best,-7.585849285125732
568,best,-10.958094596862793
569,best,-5.933965682983398
570,best,-10.369372367858887
571,best,-11.06749439239502
572,best,-5.239609241485596
573,best,-7.049100399017334
574,best,-14.255311965942383
575,best,-9.223653793334961
576,best,-14.034805297851562
577,best,-6.481010437011719
578,best,-6.481010437011719
579,best,-3.5368857383728027
580,best,-9.047871589660645
581,best,-9.517862319946289
582,best,-4.381516933441162
583,best,-9.095142364501953
584,best,-9.238762855529785
585,best,-8.542609214782715
586,best,-12.817239761352539
587,best,-6.4517998695373535
588,best,-9.329957962036133
589,best,-3.753997325897217
590,best,-7.9465508460998535
591,best,-9.856386184692383
592,best,-7.682639122009277
593,best,-9.223653793334961
594,best,-8.104313850402832
595,best,-7.66122579574585
596,best,-10.671345710754395
597,best,-4.873040676116943
598,best,-9.7521390914917
599,best,-3.174245834350586
600,best,-4.0554327964782715
601,best,-4.48707914352417
602,best,-7.84067964553833
603,best,-11.195350646972656
604,best,-8.014975547790527
605,best,-4.57871675491333
606,best,-9.201001167297363
607,best,-7.6714768409729
608,best,-5.6521382331848145
609,best,-4.608451843261719
610,best,-6.491869926452637
611,best,-9.354942321777344
612,best,-5.085480213165283
613,best,-9.210976600646973
614,best,-9.8788480758667
615,best,-4.742795467376709
616,best,-6.434377193450928
617,best,-11.831189155578613
618,best,-4.602684020996094
619,best,-8.711384773254395
620,best,-11.502561569213867
621,best,-4.743305683135986
622,best,-4.177862644195557
623,best,-8.338866233825684
624,best,-8.788968086242676
625,best,-4.902658462524414
626,best,-4.639586448669434
627,best,-5.761308193206787
628,best,-7.756473064422607
629,best,-6.2857747077941895
630,best,-4.051122188568115
631,best,-9.391907691955566
632,best,-9.179439544677734
633,best,-9.461183547973633
634,best,-7.1347246170043945
635,best,-6.365805149078369
636,best,-8.36779499053955
637,best,-11.921899795532227
638,best,-12.205163955688477
639,best,-8.623553276062012
640,best,-5.513489246368408
641,best,-10.008484840393066
642,best,-4.492746829986572
643,best,-5.921401023864746
644,best,-7.910929203033447
645,best,-4.683361053466797
646,best,-6.256991386413574
647,best,-7.0231781005859375
648,best,-3.708685874938965
649,best,-10.749872207641602
650,best,-7.76437520980835
651,best,-3.8173744678497314
652,best,-8.684225082397461
653,best,-10.821426391601562
654,best,-7.876106262207031
655,best,-8.714662551879883
656,best,-7.239984512329102
657,best,-4.437251091003418
658,best,-8.000016212463379
659,best,-7.566182613372803
660,best,-3.5074687004089355
661,best,-4.223107814788818
662,best,-7.935774326324463
663,best,-10.468582153320312
664,best,-4.509845733642578
665,best,-4.079888343811035
666,best,-7.461790084838867
667,best,-8.219698905944824
668,best,-4.790968418121338
669,best,-4.095846176147461
670,best,-5.472544193267822
671,best,-7.367199897766113
672,best,-5.079492568969727
673,best,-3.602914810180664
674,best,-8.295906066894531
675,best,-8.657161712646484
676,best,-8.67381763458252
677,best,-6.409952640533447
678,best,-5.782492637634277
679,best,-7.624582767486572
680,best,-11.115116119384766
681,best,-11.305333137512207
682,best,-10.13022518157959
683,best,-4.306328296661377
684,best,-11.314080238342285
685,best,-9.752161026000977
686,best,-12.514415740966797
687,best,-3.8929295539855957
688,best,-8.076130867004395
689,best,-8.621910095214844
690,best,-8.887397766113281
691,best,-11.100345611572266
692,best,-9.779828071594238
693,best,-8.347149848937988
694,best,-11.650546073913574
695,best,-8.879037857055664
696,best,-4.028829097747803
697,best,-9.383540153503418
698,best,-10.588278770446777
699,best,-10.103133201599121
700,best,-4.096554279327393
701,best,-10.716231346130371
702,best,-7.737259864807129
703,best,-11.526904106140137
704,best,-6.91972541809082
705,best,-8.71445369720459
706,best,-7.184693336486816
707,best,-11.858672142028809
708,best,-4.654288291931152
709,best,-10.878634452819824
710,best,-5.6780219078063965
711,best,-9.841849327087402
712,best,-5.22678804397583
713,best,-12.120224952697754
714,best,-4.421976566314697
715,best,-12.651860237121582
716,best,-8.93477725982666
717,best,-8.839831352233887
718,best,-9.08800983428955
719,best,-10.84980297088623
720,best,-4.040043354034424
721,best,-9.521936416625977
722,best,-11.873711585998535
723,best,-5.414196491241455
724,best,-9.668547630310059
725,best,-8.801674842834473
726,best,-3.397017002105713
727,best,-9.594355583190918
728,best,-7.87851095199585
729,best,-10.52191162109375
730,best,-3.1065564155578613
731,best,-6.7994561195373535
732,best,-6.838733673095703
733,best,-7.029429912567139
734,best,-9.334587097167969
735,best,-8.805953025817871
736,best,-6.963762283325195
737,best,-10.676787376403809
738,best,-8.368988990783691
739,best,-4.024661064147949
740,best,-7.39975118637085
741,best,-8.560711860656738
742,best,-7.813161373138428
743,best,-3.520338773727417
744,best,-8.439783096313477
745,best,-5.877547740936279
746,best,-5.403849124908447
747,best,-4.843242168426514
748,best,-6.847548484802246
749,best,-4.299764633178711
750,best,-5.754574775695801
751,best,-4.623031139373779
752,best,-6.340775489807129
753,best,-6.1083903312683105
754,best,-8.587732315063477
755,best,-4.4369893074035645
756,best,-6.839627265930176
757,best,-6.184225559234619
758,best,-7.34165620803833
759,best,-7.380336761474609
760,best,-4.397946357727051
761,best,-7.780703544616699
762,best,-5.564189910888672
763,best,-5.605747222900391
764,best,-4.174948215484619
765,best,-6.050675392150879
766,best,-5.482123851776123
767,best,-7.813784122467041
768,best,-7.0003814697265625
769,best,-3.8838822841644287
770,best,-7.351501941680908
771,best,-6.026913642883301
772,best,-4.453789234161377
773,best,-4.412823677062988
774,best,-7.516197204589844
775,best,-8.699244499206543
776,best,-7.199004173278809
777,best,-5.172494411468506
778,best,-3.7617855072021484
779,best,-9.584010124206543
780,best,-4.865565776824951
781,best,-8.374906539916992
782,best,-11.67384147644043
783,best,-4.4200944900512695
784,best,-3.89982008934021
785,best,-10.32606315612793
786,best,-6.300400257110596
787,best,-3.995537281036377
788,best,-4.142890930175781
789,best,-9.171507835388184
790,best,-9.976810455322266
791,best,-3.802647829055786
792,best,-8.722074508666992
793,best,-7.549258232116699
794,best,-6.691794395446777
795,best,-5.136331558227539
796,best,-6.648134708404541
797,best,-4.027101516723633
798,best,-7.537929534912109
799,best,-7.3331780433654785
800,best,-8.123140335083008
801,best,-8.56882381439209
802,best,-3.6610052585601807
803,best,-10.664505958557129
804,best,-4.473306655883789
805,best,-8.271869659423828
806,best,-5.816041946411133
807,best,-3.298537015914917
808,best,-3.478942394256592
809,best,-6.760334014892578
810,best,-3.8836865425109863
811,best,-8.597289085388184
812,best,-6.4934844970703125
813,best,-6.892059326171875
814,best,-5.984770774841309
815,best,-9.367456436157227
816,best,-7.255776882171631
817,best,-6.951623916625977
818,best,-7.501859664916992
819,best,-3.718223810195923
820,best,-3.647454023361206
821,best,-7.307246685028076
822,best,-4.708994388580322
823,best,-4.2700581550598145
824,best,-7.045510292053223
825,best,-3.6843676567077637
826,best,-6.7230987548828125
827,best,-3.9806036949157715
828,best,-9.873804092407227
829,best,-6.040395259857178
830,best,-3.9382171630859375
831,best,-4.151129245758057
832,best,-8.377508163452148
833,best,-9.40726375579834
834,best,-3.8368313312530518
835,best,-7.897542476654053
836,best,-7.091681480407715
837,best,-6.616278648376465
838,best,-4.882754802703857
839,best,-6.5159406661987305
840,best,-3.9967455863952637
841,best,-6.482890605926514
842,best,-7.049393653869629
843,best,-7.658783912658691
844,best,-7.791550636291504
845,best,-3.74059796333313
846,best,-8.954090118408203
847,best,-6.0475053787231445
848,best,-7.474842548370361
849,best,-8.7330904006958
850,best,-7.35403299331665
851,best,-6.635488033294678
852,best,-5.6988701820373535
853,best,-6.572908878326416
854,best,-6.640408039093018
855,best,-10.380523681640625
856,best,-7.828366756439209
857,best,-6.521644115447998
858,best,-11.38427734375
859,best,-6.521644115447998
860,best,-4.432080268859863
861,best,-6.024411678314209
862,best,-11.310275077819824
863,best,-7.296442031860352
864,best,-6.4073662757873535
865,best,-8.067206382751465
866,best,-8.780694961547852
867,best,-3.396761655807495
868,best,-4.07513952255249
869,best,-5.392460823059082
870,best,-7.084532260894775
871,best,-7.600082874298096
872,best,-6.432509899139404
873,best,-7.797447681427002
874,best,-8.5376558303833
875,best,-8.067206382751465
876,best,-3.789354085922241
877,best,-10.36643123626709
878,best,-9.346808433532715
879,best,-7.5712151527404785
880,best,-5.741287708282471
881,best,-8.696930885314941
882,best,-8.622376441955566
883,best,-6.438023567199707
884,best,-6.074522495269775
885,best,-5.392460823059082
886,best,-4.410182476043701
887,best,-6.836742401123047
888,best,-8.7330904006958
889,best,-9.288925170898438
890,best,-5.727554798126221
891,best,-7.222991943359375
892,best,-7.495352745056152
893,best,-6.94434118270874
894,best,-6.514573574066162
895,best,-4.860106945037842
896,best,-6.1472039222717285
897,best,-5.733563423156738
898,best,-9.904621124267578
899,best,-6.733946323394775
900,best,-6.3529052734375
901,best,-9.669097900390625
902,best,-6.3529052734375
903,best,-4.1977338790893555
904,best,-5.649937629699707
905,best,-10.470959663391113
906,best,-7.027890205383301
907,best,-6.100334167480469
908,best,-7.539997100830078
909,best,-8.100109100341797
910,best,-7.694226264953613
911,best,-6.167922496795654
912,best,-4.592801094055176
913,best,-6.626682758331299
914,best,-7.150801658630371
915,best,-4.592801094055176
916,best,-7.602375507354736
917,best,-9.433744430541992
918,best,-4.017549514770508
919,best,-6.736578464508057
920,best,-8.094943046569824
921,best,-6.229513168334961
922,best,-3.485671281814575
923,best,-7.589141368865967
924,best,-6.564889430999756
925,best,-8.069551467895508
926,best,-8.402402877807617
927,best,-6.8959736824035645
928,best,-10.030486106872559
929,best,-6.091677665710449
930,best,-6.001357555389404
931,best,-6.80474328994751
932,best,-6.180520534515381
933,best,-4.067215919494629
934,best,-8.09010124206543
935,best,-7.144707679748535
936,best,-6.301274299621582
937,best,-6.718259811401367
938,best,-4.42558479309082
939,best,-5.705857276916504
940,best,-10.959471702575684
941,best,-8.187614440917969
942,best,-6.349428176879883
943,best,-3.719569206237793
944,best,-4.429163932800293
945,best,-7.5637288093566895
946,best,-8.125460624694824
947,best,-9.579681396484375
948,best,-3.6577682495117188
949,best,-6.508877754211426
950,best,-7.312093257904053
951,best,-6.243832111358643
952,best,-4.934951305389404
953,best,-7.649034023284912
954,best,-6.210546493530273
955,best,-4.768518924713135
956,best,-6.734560489654541
957,best,-7.380663871765137
958,best,-4.768518924713135
959,best,-7.016872406005859
960,best,-9.383340835571289
961,best,-3.994187116622925
962,best,-6.697839736938477
963,best,-7.475218296051025
964,best,-6.704962730407715
965,best,-3.849449872970581
966,best,-7.44575309753418
967,best,-6.723067760467529
968,best,-7.334919452667236
969,best,-7.7278056144714355
970,best,-6.945567607879639
971,best,-9.7239351272583
972,best,-6.2013678550720215
973,best,-6.554648399353027
974,best,-8.460416793823242
975,best,-12.185775756835938
976,best,-8.582106590270996
977,best,-8.93478775024414
978,best,-8.798112869262695
979,best,-7.562113285064697
980,best,-7.012462615966797
981,best,-9.269898414611816
982,best,-6.214433670043945
983,best,-8.40875244140625
984,best,-7.338635444641113
985,best,-6.765071868896484
986,best,-7.64646053314209
987,best,-8.524026870727539
988,best,-7.89138650894165
989,best,-11.506083488464355
990,best,-8.488161087036133
991,best,-5.2100749015808105
992,best,-4.346667766571045
993,best,-6.9230122566223145
994,best,-4.142038345336914
995,best,-7.219913959503174
996,best,-5.469630241394043
997,best,-7.593082904815674
998,best,-7.838168621063232
999,best,-6.832261562347412
1000,best,-6.099682807922363
1001,best,-8.869559288024902
1002,best,-9.107427597045898
1003,best,-4.378758907318115
1004,best,-9.13968276977539
1005,best,-4.6330885887146
1006,best,-6.752681255340576
1007,best,-7.859495639801025
1008,best,-6.860262870788574
1009,best,-8.305888175964355
1010,best,-4.081246376037598
1011,best,-4.413446426391602
1012,best,-4.7597761154174805
1013,best,-6.149446487426758
1014,best,-7.7417449951171875
1015,best,-6.4969916343688965
1016,best,-6.411842346191406
1017,best,-7.27664852142334
1018,best,-11.294286727905273
1019,best,-7.906351089477539
1020,best,-7.961123466491699
1021,best,-7.716010570526123
1022,best,-7.104515075683594
1023,best,-6.867713451385498
1024,best,-7.699543476104736
1025,best,-5.652750015258789
1026,best,-8.059885025024414
1027,best,-6.82048225402832
1028,best,-6.417781352996826
1029,best,-6.980339527130127
1030,best,-7.688694000244141
1031,best,-7.094987869262695
1032,best,-10.509292602539062
1033,best,-7.839390754699707
1034,best,-4.9773406982421875
1035,best,-4.064441204071045
1036,best,-6.934495449066162
1037,best,-7.112087726593018
1038,best,-5.95590353012085
1039,best,-5.013416767120361
1040,best,-7.337460517883301
1041,best,-7.2113423347473145
1042,best,-4.146790981292725
1043,best,-6.921505451202393
1044,best,-6.553334712982178
1045,best,-8.431757926940918
1046,best,-5.975933074951172
1047,best,-4.125232696533203
1048,best,-5.350472450256348
1049,best,-7.140646457672119
1050,best,-4.018072605133057
1051,best,-6.031216144561768
1052,best,-6.043799877166748
1053,best,-7.952688694000244
1054,best,-6.459225654602051
1055,best,-6.394943714141846
1056,best,-5.8533406257629395
1057,best,-9.412883758544922
1058,best,-6.668752670288086
1059,best,-5.240891933441162
1060,best,-6.611255168914795
1061,best,-4.777166366577148
1062,best,-3.44846773147583
1063,best,-7.626803874969482
1064,best,-7.054128170013428
1065,best,-7.235298156738281
1066,best,-4.384359836578369
1067,best,-7.453162670135498
1068,best,-4.116078853607178
1069,best,-3.7861289978027344
1070,best,-3.971710205078125
1071,best,-4.378894805908203
1072,best,-3.8449134826660156
1073,best,-5.804090976715088
1074,best,-6.854673385620117
1075,best,-6.0632219314575195
1076,best,-6.815954685211182
1077,best,-2.8535377979278564
1078,best,-4.280028820037842
1079,best,-3.5189239978790283
1080,best,-8.437790870666504
1081,best,-5.931979656219482
1082,best,-6.945810794830322
1083,best,-4.095413684844971
1084,best,-4.095413684844971
1085,best,-7.981619358062744
1086,best,-7.245207786560059
1087,best,-7.747154235839844
1088,best,-6.008464813232422
1089,best,-6.639889240264893
1090,best,-8.594078063964844
1091,best,-8.887478828430176
1092,best,-3.879700183868408
1093,best,-9.107721328735352
1094,best,-6.367848873138428
1095,best,-9.506711959838867
1096,best,-3.0848467350006104
1097,best,-10.012885093688965
1098,best,-8.682982444763184
1099,best,-4.243601322174072
1100,best,-5.304488182067871
1101,best,-4.6598219871521
1102,best,-10.077824592590332
1103,best,-5.105043888092041
1104,best,-8.71204948425293
1105,best,-7.194834232330322
1106,best,-12.930706024169922
1107,best,-8.337811470031738
1108,best,-5.7040252685546875
1109,best,-9.125174522399902
1110,best,-11.506507873535156
1111,best,-6.687368869781494
1112,best,-6.861820697784424
1113,best,-8.446389198303223
1114,best,-7.137021064758301
1115,best,-3.578742504119873
1116,best,-8.337811470031738
1117,best,-3.6642658710479736
1118,best,-3.5244057178497314
1119,best,-5.886813163757324
1120,best,-2.4127249717712402
1121,best,-3.3588292598724365
1122,best,-3.017904043197632
1123,best,-6.777619361877441
1124,best,-4.8454155921936035
1125,best,-5.521452903747559
1126,best,-3.511781692504883
1127,best,-3.511781692504883
1128,best,-6.585438251495361
1129,best,-6.248246669769287
1130,best,-6.48004150390625
1131,best,-4.976715087890625
1132,best,-5.6818366050720215
1133,best,-6.938336372375488
1134,best,-7.235182762145996
1135,best,-3.287971019744873
1136,best,-7.4891533851623535
1137,best,-5.3801140785217285
1138,best,-8.18986988067627
1139,best,-9.62794017791748
1140,best,-8.997637748718262
1141,best,-4.017999172210693
1142,best,-3.5418717861175537
1143,best,-4.515869617462158
1144,best,-5.978805065155029
1145,best,-4.772945880889893
1146,best,-4.987361431121826
1147,best,-4.039154529571533
1148,best,-13.045366287231445
1149,best,-5.4916672706604
1150,best,-8.33005142211914
1151,best,-8.72021484375
1152,best,-5.6910576820373535
1153,best,-8.305088996887207
1154,best,-3.676967144012451
1155,best,-8.72021484375
1156,best,-9.120891571044922
1157,best,-8.719551086425781
1158,best,-8.03470230102539
1159,best,-9.317069053649902
1160,best,-7.847934246063232
1161,best,-7.39408540725708
1162,best,-7.630070209503174
1163,best,-5.941307067871094
1164,best,-8.29101848602295
1165,best,-9.464924812316895
1166,best,-7.39408540725708
1167,best,-7.024528503417969
1168,best,-8.434174537658691
1169,best,-11.988483428955078
1170,best,-7.173816680908203
1171,best,-4.03203821182251
1172,best,-11.294998168945312
1173,best,-11.294998168945312
1174,best,-8.071857452392578
1175,best,-2.908592939376831
1176,best,-3.888333559036255
1177,best,-4.780096054077148
1178,best,-7.002801895141602
1179,best,-7.398314476013184
1180,best,-7.959593296051025
1181,best,-8.29101848602295
1182,best,-8.066179275512695
1183,best,-7.311223030090332
1184,best,-3.0616846084594727
1185,best,-2.7999138832092285
1186,best,-3.923841953277588
1187,best,-4.995528697967529
1188,best,-3.858553409576416
1189,best,-3.9379231929779053
1190,best,-3.543203353881836
1191,best,-11.522588729858398
1192,best,-4.782408714294434
1193,best,-7.071856498718262
1194,best,-7.241452693939209
1195,best,-4.592158794403076
1196,best,-7.063498497009277
1197,best,-3.010999917984009
1198,best,-7.241452693939209
1199,best,-7.419495582580566
1200,best,-7.289783954620361
1201,best,-6.709070682525635
1202,best,-7.004438400268555
1203,best,-8.012757301330566
1204,best,-6.833934783935547
1205,best,-4.58434534072876
1206,best,-3.9600765705108643
1207,best,-8.122669219970703
1208,best,-11.156595230102539
1209,best,-7.172191619873047
1210,best,-5.552669525146484
1211,best,-4.421350002288818
1212,best,-6.49128532409668
1213,best,-5.610915184020996
1214,best,-3.8875889778137207
1215,best,-6.178776264190674
1216,best,-7.48482608795166
1217,best,-6.400541305541992
1218,best,-5.272350311279297
1219,best,-6.550509452819824
1220,best,-6.504048824310303
1221,best,-6.986705303192139
1222,best,-9.404728889465332
1223,best,-6.923690319061279
1224,best,-3.7605199813842773
1225,best,-8.299203872680664
1226,best,-4.091296195983887
1227,best,-6.395854949951172
1228,best,-8.401702880859375
1229,best,-6.710737705230713
1230,best,-5.142531394958496
1231,best,-7.513225555419922
1232,best,-7.626474857330322
1233,best,-8.831064224243164
1234,best,-5.110457420349121
1235,best,-7.514451026916504
1236,best,-3.940074920654297
1237,best,-7.9903178215026855
1238,best,-11.335503578186035
1239,best,-6.607901573181152
1240,best,-3.839015483856201
1241,best,-7.092065811157227
1242,best,-4.346889972686768
1243,best,-6.921019077301025
1244,best,-4.847739219665527
1245,best,-6.3424973487854
1246,best,-7.2374701499938965
1247,best,-6.265331745147705
1248,best,-4.624401092529297
1249,best,-3.1928317546844482
1250,best,-7.328085899353027
1251,best,-10.256916999816895
1252,best,-6.678044319152832
1253,best,-4.936958312988281
1254,best,-3.978062391281128
1255,best,-6.193589210510254
1256,best,-5.14720344543457
1257,best,-3.6901795864105225
1258,best,-5.437234401702881
1259,best,-6.675836086273193
1260,best,-5.666083335876465
1261,best,-4.616422176361084
1262,best,-5.700801372528076
1263,best,-5.634444236755371
1264,best,-5.987939834594727
1265,best,-7.0162200927734375
1266,best,-4.836479663848877
1267,best,-5.2568039894104
1268,best,-4.53811502456665
1269,best,-5.14607048034668
1270,best,-8.198552131652832
1271,best,-11.07059383392334
1272,best,-5.531796932220459
1273,best,-4.7609405517578125
1274,best,-7.086109638214111
1275,best,-7.339938640594482
1276,best,-9.523161888122559
1277,best,-4.345204830169678
1278,best,-4.223336696624756
1279,best,-8.90156078338623
1280,best,-5.158913612365723
1281,best,-6.959806442260742
1282,best,-9.393622398376465
1283,best,-9.96098518371582
1284,best,-4.118645668029785
1285,best,-12.06781005859375
1286,best,-7.535363674163818
1287,best,-8.189797401428223
1288,best,-4.383159637451172
1289,best,-9.427338600158691
1290,best,-7.820093631744385
1291,best,-8.445571899414062
1292,best,-5.017421245574951
1293,best,-10.087852478027344
1294,best,-9.221390724182129
1295,best,-5.256804466247559
1296,best,-8.542466163635254
1297,best,-7.569885730743408
1298,best,-4.883032321929932
1299,best,-8.05405044555664
1300,best,-5.158913612365723
1301,best,-6.223119258880615
1302,best,-11.7228422164917
1303,best,-6.240964412689209
1304,best,-9.051032066345215
1305,best,-7.018400192260742
1306,best,-5.1956000328063965
1307,best,-5.864688873291016
1308,best,-5.241044521331787
1309,best,-3.839592456817627
1310,best,-4.566493988037109
1311,best,-3.773020029067993
1312,best,-4.485045909881592
1313,best,-6.661487102508545
1314,best,-9.177267074584961
1315,best,-4.485400676727295
1316,best,-3.8144898414611816
1317,best,-6.492738246917725
1318,best,-5.866631984710693
1319,best,-7.872398376464844
1320,best,-3.5504648685455322
1321,best,-3.345886468887329
1322,best,-7.285072326660156
1323,best,-4.466900825500488
1324,best,-5.833637237548828
1325,best,-7.583243370056152
1326,best,-8.561540603637695
1327,best,-3.3747692108154297
1328,best,-3.6589107513427734
1329,best,-6.186690330505371
1330,best,-6.186690330505371
1331,best,-6.474698543548584
1332,best,-6.82481575012207
1333,best,-3.639965057373047
1334,best,-5.9420952796936035
1335,best,-5.3784403800964355
1336,best,-3.8481075763702393
1337,best,-6.65927267074585
1338,best,-3.0669264793395996
1339,best,-6.555055141448975
1340,best,-6.401027202606201
1341,best,-7.774037837982178
1342,best,-6.186492443084717
1343,best,-5.024855136871338
1344,best,-7.896195888519287
1345,best,-3.9016687870025635
1346,best,-3.835643768310547
1347,best,-6.756645679473877
1348,best,-7.013228416442871
1349,best,-6.596304893493652
1350,best,-3.6666996479034424
1351,best,-3.4066648483276367
1352,best,-9.027891159057617
1353,best,-2.2161641120910645
1354,best,-10.130624771118164
1355,best,-4.197919845581055
1356,best,-6.722839832305908
1357,best,-4.737119674682617
1358,best,-4.073919296264648
1359,best,-5.97163200378418
1360,best,-4.89390230178833
1361,best,-3.1677229404449463
1362,best,-5.692807197570801
1363,best,-6.949112892150879
1364,best,-6.296284198760986
1365,best,-8.709940910339355
1366,best,-4.380815505981445
1367,best,-6.123892784118652
