item_id,model_state,score
0,initial,-6.2087836265563965
1,initial,-8.65267276763916
2,initial,-7.049618244171143
3,initial,-7.119412899017334
4,initial,-5.934894561767578
5,initial,-8.613043785095215
6,initial,-6.203195095062256
7,initial,-8.30615234375
8,initial,-6.036011219024658
9,initial,-6.950603485107422
10,initial,-7.280918598175049
11,initial,-6.332030296325684
12,initial,-6.335137844085693
13,initial,-6.3752522468566895
14,initial,-6.423374176025391
15,initial,-6.7179412841796875
16,initial,-8.007973670959473
17,initial,-6.332030296325684
18,initial,-7.771900177001953
19,initial,-7.049618244171143
20,initial,-7.440511226654053
21,initial,-7.778210163116455
22,initial,-7.579841613769531
23,initial,-6.6233978271484375
24,initial,-6.1327643394470215
25,initial,-7.778210163116455
26,initial,-7.529185771942139
27,initial,-6.933401584625244
28,initial,-6.5519866943359375
29,initial,-7.529185771942139
30,initial,-6.909866809844971
31,initial,-7.684106826782227
32,initial,-6.184760093688965
33,initial,-7.931455135345459
34,initial,-8.532580375671387
35,initial,-7.087557315826416
36,initial,-6.5460896492004395
37,initial,-7.350025177001953
38,initial,-6.3336920738220215
39,initial,-7.709298610687256
40,initial,-7.652717590332031
41,initial,-5.990866661071777
42,initial,-7.0699462890625
43,initial,-6.141292572021484
44,initial,-6.933314800262451
45,initial,-8.123466491699219
46,initial,-6.334501266479492
47,initial,-7.187548637390137
48,initial,-7.969118118286133
49,initial,-7.4338178634643555
50,initial,-7.509519577026367
51,initial,-7.627658843994141
52,initial,-6.686756134033203
53,initial,-6.781230449676514
54,initial,-6.842254638671875
55,initial,-6.768028259277344
56,initial,-6.801451206207275
57,initial,-7.193068027496338
58,initial,-7.071706771850586
59,initial,-6.732529640197754
60,initial,-7.034683704376221
61,initial,-8.11780834197998
62,initial,-8.346637725830078
63,initial,-8.332928657531738
64,initial,-8.45300006866455
65,initial,-7.308734893798828
66,initial,-7.687239170074463
67,initial,-6.766180038452148
68,initial,-7.620146751403809
69,initial,-6.714536190032959
70,initial,-8.50443172454834
71,initial,-6.743170261383057
72,initial,-7.5557355880737305
73,initial,-8.065462112426758
74,initial,-8.264327049255371
75,initial,-8.54934310913086
76,initial,-7.909414291381836
77,initial,-6.87259578704834
78,initial,-7.516007423400879
79,initial,-6.84041690826416
80,initial,-5.9713568687438965
81,initial,-7.797181129455566
82,initial,-6.702884674072266
83,initial,-6.193736553192139
84,initial,-6.057643413543701
85,initial,-5.896453857421875
86,initial,-6.202220916748047
87,initial,-7.279716968536377
88,initial,-8.277288436889648
89,initial,-6.027144432067871
90,initial,-6.8193206787109375
91,initial,-7.019554138183594
92,initial,-6.839510440826416
93,initial,-5.531849384307861
94,initial,-6.443827152252197
95,initial,-6.590901851654053
96,initial,-7.814382076263428
97,initial,-5.2113847732543945
98,initial,-6.36004638671875
99,initial,-5.5154194831848145
100,initial,-7.69277286529541
101,initial,-6.479820251464844
102,initial,-6.705596446990967
103,initial,-6.940096855163574
104,initial,-7.22868013381958
105,initial,-6.925059795379639
106,initial,-5.622834205627441
107,initial,-7.3469672203063965
108,initial,-7.22868013381958
109,initial,-5.718585014343262
110,initial,-8.169024467468262
111,initial,-6.824278831481934
112,initial,-6.443172454833984
113,initial,-7.494860649108887
114,initial,-6.815948486328125
115,initial,-6.195413589477539
116,initial,-6.960384368896484
117,initial,-8.007100105285645
118,initial,-6.712712287902832
119,initial,-6.997622489929199
120,initial,-7.543310642242432
121,initial,-7.382228374481201
122,initial,-5.661072254180908
123,initial,-6.359334468841553
124,initial,-6.671695232391357
125,initial,-5.661072254180908
126,initial,-7.708465099334717
127,initial,-6.680515289306641
128,initial,-7.167078018188477
129,initial,-6.413965702056885
130,initial,-6.496586322784424
131,initial,-5.974122524261475
132,initial,-7.063833236694336
133,initial,-6.888691425323486
134,initial,-6.093111515045166
135,initial,-7.289602279663086
136,initial,-6.7184953689575195
137,initial,-7.740238666534424
138,initial,-6.534440040588379
139,initial,-7.603206634521484
140,initial,-6.6999430656433105
141,initial,-6.131890773773193
142,initial,-7.617339611053467
143,initial,-6.273463249206543
144,initial,-7.104954719543457
145,initial,-7.276199817657471
146,initial,-6.925132751464844
147,initial,-6.899104118347168
148,initial,-7.216606616973877
149,initial,-6.696095943450928
150,initial,-7.356742858886719
151,initial,-7.355681896209717
152,initial,-6.1860551834106445
153,initial,-6.0552449226379395
154,initial,-6.599161148071289
155,initial,-7.004387855529785
156,initial,-6.599161148071289
157,initial,-6.782595634460449
158,initial,-6.594577789306641
159,initial,-6.613732814788818
160,initial,-7.08184814453125
161,initial,-6.805361747741699
162,initial,-7.7700371742248535
163,initial,-8.36810302734375
164,initial,-7.381408214569092
165,initial,-7.368530750274658
166,initial,-6.416164398193359
167,initial,-6.959986686706543
168,initial,-8.63209342956543
169,initial,-6.576013565063477
170,initial,-8.366798400878906
171,initial,-7.345220565795898
172,initial,-7.899312496185303
173,initial,-7.273797988891602
174,initial,-7.483297348022461
175,initial,-7.103763580322266
176,initial,-8.01620864868164
177,initial,-7.816320896148682
178,initial,-6.135190010070801
179,initial,-7.819047927856445
180,initial,-5.282827854156494
181,initial,-5.820776462554932
182,initial,-5.83328914642334
183,initial,-5.6467671394348145
184,initial,-6.835578918457031
185,initial,-6.960636138916016
186,initial,-5.828164100646973
187,initial,-7.209914207458496
188,initial,-6.872886657714844
189,initial,-7.219144821166992
190,initial,-7.583565711975098
191,initial,-7.091108322143555
192,initial,-6.0818047523498535
193,initial,-7.570341110229492
194,initial,-6.429267883300781
195,initial,-5.203231334686279
196,initial,-7.8152756690979
197,initial,-5.82759952545166
198,initial,-6.862791061401367
199,initial,-5.422738075256348
200,initial,-5.655753135681152
201,initial,-6.740786075592041
202,initial,-6.002854347229004
203,initial,-5.4433817863464355
204,initial,-5.3156938552856445
205,initial,-5.3156938552856445
206,initial,-5.967956066131592
207,initial,-6.373330593109131
208,initial,-7.347519874572754
209,initial,-6.8908209800720215
210,initial,-6.916903972625732
211,initial,-7.043124198913574
212,initial,-7.40871524810791
213,initial,-6.548020839691162
214,initial,-5.538646697998047
215,initial,-6.832381248474121
216,initial,-6.241218566894531
217,initial,-7.58194637298584
218,initial,-7.412154197692871
219,initial,-7.541944980621338
220,initial,-6.9362006187438965
221,initial,-7.346782684326172
222,initial,-7.3788299560546875
223,initial,-8.495200157165527
224,initial,-7.0080037117004395
225,initial,-7.978706359863281
226,initial,-8.16685962677002
227,initial,-7.785797119140625
228,initial,-7.472497940063477
229,initial,-8.602622032165527
230,initial,-7.638970851898193
231,initial,-6.970429420471191
232,initial,-7.87306547164917
233,initial,-7.750088691711426
234,initial,-7.002845764160156
235,initial,-7.780803203582764
236,initial,-8.501266479492188
237,initial,-8.504386901855469
238,initial,-7.376584053039551
239,initial,-6.8253984451293945
240,initial,-7.26974630355835
241,initial,-8.676173210144043
242,initial,-8.141785621643066
243,initial,-7.4138264656066895
244,initial,-7.968296527862549
245,initial,-7.182565212249756
246,initial,-8.559647560119629
247,initial,-7.765334606170654
248,initial,-7.298727035522461
249,initial,-7.708584308624268
250,initial,-8.235923767089844
251,initial,-7.4434814453125
252,initial,-7.002845764160156
253,initial,-7.34678316116333
254,initial,-7.34678316116333
255,initial,-8.602622032165527
256,initial,-7.757960796356201
257,initial,-7.014933109283447
258,initial,-8.516080856323242
259,initial,-7.167541980743408
260,initial,-7.96390438079834
261,initial,-7.818351745605469
262,initial,-7.286120414733887
263,initial,-6.321906089782715
264,initial,-6.598484992980957
265,initial,-6.808897972106934
266,initial,-7.815949440002441
267,initial,-6.291807174682617
268,initial,-7.49015998840332
269,initial,-7.257195949554443
270,initial,-6.8924174308776855
271,initial,-6.826996803283691
272,initial,-7.604126930236816
273,initial,-7.035691261291504
274,initial,-6.350297451019287
275,initial,-6.935973167419434
276,initial,-6.937480449676514
277,initial,-6.341000080108643
278,initial,-7.133116245269775
279,initial,-7.671076774597168
280,initial,-7.305872917175293
281,initial,-6.676562786102295
282,initial,-6.256768703460693
283,initial,-6.5100860595703125
284,initial,-8.079787254333496
285,initial,-7.429677486419678
286,initial,-6.545308589935303
287,initial,-7.0778727531433105
288,initial,-8.455291748046875
289,initial,-7.35675573348999
290,initial,-8.214253425598145
291,initial,-8.174586296081543
292,initial,-8.084212303161621
293,initial,-7.202925205230713
294,initial,-8.10969352722168
295,initial,-7.750476360321045
296,initial,-8.3342866897583
297,initial,-7.008688926696777
298,initial,-7.1965484619140625
299,initial,-7.232866287231445
300,initial,-7.1965484619140625
301,initial,-7.611537933349609
302,initial,-7.863026142120361
303,initial,-7.074422836303711
304,initial,-6.904932498931885
305,initial,-7.34711217880249
306,initial,-7.415589332580566
307,initial,-7.00114107131958
308,initial,-7.249969482421875
309,initial,-7.4983038902282715
310,initial,-7.750476360321045
311,initial,-7.759616374969482
312,initial,-7.874520778656006
313,initial,-8.455291748046875
314,initial,-7.844548225402832
315,initial,-7.00114107131958
316,initial,-7.40552282333374
317,initial,-7.602578163146973
318,initial,-6.924590110778809
319,initial,-8.00952434539795
320,initial,-6.914177417755127
321,initial,-8.455290794372559
322,initial,-6.7779669761657715
323,initial,-7.7058892250061035
324,initial,-6.715042591094971
325,initial,-8.051005363464355
326,initial,-6.299278259277344
327,initial,-7.303897857666016
328,initial,-6.828982353210449
329,initial,-6.106748580932617
330,initial,-6.533904552459717
331,initial,-7.783632278442383
332,initial,-7.1200408935546875
333,initial,-7.865548610687256
334,initial,-7.760456085205078
335,initial,-7.52280330657959
336,initial,-6.67755126953125
337,initial,-7.664343357086182
338,initial,-7.147314548492432
339,initial,-7.804032325744629
340,initial,-6.827478885650635
341,initial,-6.849391937255859
342,initial,-6.9231858253479
343,initial,-6.849391937255859
344,initial,-7.210004806518555
345,initial,-7.459157466888428
346,initial,-6.913850784301758
347,initial,-7.662081241607666
348,initial,-6.866594314575195
349,initial,-6.910176753997803
350,initial,-6.145202159881592
351,initial,-7.269322872161865
352,initial,-6.41551399230957
353,initial,-7.147788047790527
354,initial,-6.724340438842773
355,initial,-6.758905410766602
356,initial,-6.389847278594971
357,initial,-7.21177339553833
358,initial,-6.997262477874756
359,initial,-7.278295040130615
360,initial,-6.765085697174072
361,initial,-6.313986778259277
362,initial,-6.86109733581543
363,initial,-6.687442302703857
364,initial,-7.285019874572754
365,initial,-6.479048252105713
366,initial,-7.204522132873535
367,initial,-6.865228652954102
368,initial,-7.519678115844727
369,initial,-7.096530437469482
370,initial,-6.1016035079956055
371,initial,-7.194365501403809
372,initial,-6.009764671325684
373,initial,-7.12870979309082
374,initial,-6.986635208129883
375,initial,-6.275301933288574
376,initial,-6.935667514801025
377,initial,-6.176758766174316
378,initial,-6.51767635345459
379,initial,-5.944272518157959
380,initial,-6.2639312744140625
381,initial,-7.246821880340576
382,initial,-6.528143882751465
383,initial,-6.230708599090576
384,initial,-6.658178806304932
385,initial,-6.312770366668701
386,initial,-6.865228652954102
387,initial,-6.776540756225586
388,initial,-7.05778694152832
389,initial,-6.292667865753174
390,initial,-7.266664981842041
391,initial,-6.619471549987793
392,initial,-6.36545991897583
393,initial,-5.75903844833374
394,initial,-6.963461399078369
395,initial,-6.344664573669434
396,initial,-6.704748630523682
397,initial,-6.5254669189453125
398,initial,-6.610897064208984
399,initial,-6.253517150878906
400,initial,-7.084961891174316
401,initial,-6.806558132171631
402,initial,-6.9340996742248535
403,initial,-6.430002689361572
404,initial,-6.15067720413208
405,initial,-6.71143102645874
406,initial,-6.637132167816162
407,initial,-6.9937005043029785
408,initial,-6.330196857452393
409,initial,-7.0248942375183105
410,initial,-7.128209114074707
411,initial,-7.834048271179199
412,initial,-8.684492111206055
413,initial,-7.923550128936768
414,initial,-7.343723773956299
415,initial,-7.130799293518066
416,initial,-7.520472526550293
417,initial,-8.016940116882324
418,initial,-7.226397514343262
419,initial,-6.055025577545166
420,initial,-7.281150817871094
421,initial,-8.268893241882324
422,initial,-8.390271186828613
423,initial,-7.089423179626465
424,initial,-8.435120582580566
425,initial,-8.453492164611816
426,initial,-7.95241641998291
427,initial,-7.297057628631592
428,initial,-8.068135261535645
429,initial,-7.029967784881592
430,initial,-8.266087532043457
431,initial,-8.298452377319336
432,initial,-7.65089750289917
433,initial,-8.482417106628418
434,initial,-8.0652494430542
435,initial,-6.928197383880615
436,initial,-6.593962669372559
437,initial,-7.699773788452148
438,initial,-7.130358695983887
439,initial,-8.263511657714844
440,initial,-7.375980377197266
441,initial,-7.647029876708984
442,initial,-7.123781204223633
443,initial,-7.698306560516357
444,initial,-8.18703556060791
445,initial,-7.742949962615967
446,initial,-8.583633422851562
447,initial,-8.018927574157715
448,initial,-8.834609031677246
449,initial,-7.363407611846924
450,initial,-7.7216033935546875
451,initial,-6.681750297546387
452,initial,-7.0406694412231445
453,initial,-6.6538848876953125
454,initial,-7.747323513031006
455,initial,-8.220975875854492
456,initial,-7.634366512298584
457,initial,-6.9748711585998535
458,initial,-6.861971378326416
459,initial,-7.388014793395996
460,initial,-7.73537015914917
461,initial,-7.093699932098389
462,initial,-5.982061862945557
463,initial,-6.675759315490723
464,initial,-7.507359981536865
465,initial,-7.93391752243042
466,initial,-6.355502605438232
467,initial,-7.40427303314209
468,initial,-7.508610248565674
469,initial,-7.784515857696533
470,initial,-7.043745040893555
471,initial,-7.904546737670898
472,initial,-6.063535690307617
473,initial,-7.272951126098633
474,initial,-6.366635799407959
475,initial,-6.959648609161377
476,initial,-7.080068588256836
477,initial,-6.152790546417236
478,initial,-6.479286193847656
479,initial,-6.992201805114746
480,initial,-6.638922214508057
481,initial,-6.943100929260254
482,initial,-6.28809118270874
483,initial,-6.486722469329834
484,initial,-6.857494354248047
485,initial,-5.715505123138428
486,initial,-6.816165924072266
487,initial,-6.792827606201172
488,initial,-6.5886993408203125
489,initial,-6.638879299163818
490,initial,-6.7885589599609375
491,initial,-6.776700973510742
492,initial,-9.75952434539795
493,initial,-8.411138534545898
494,initial,-7.953174591064453
495,initial,-8.242436408996582
496,initial,-8.791631698608398
497,initial,-7.737514972686768
498,initial,-7.145142555236816
499,initial,-8.549650192260742
500,initial,-8.492756843566895
501,initial,-7.719188690185547
502,initial,-9.299205780029297
503,initial,-8.424178123474121
504,initial,-8.495688438415527
505,initial,-8.179959297180176
506,initial,-9.392227172851562
507,initial,-8.419458389282227
508,initial,-7.175027370452881
509,initial,-8.14128303527832
510,initial,-7.949824333190918
511,initial,-9.545862197875977
512,initial,-8.697966575622559
513,initial,-8.295212745666504
514,initial,-9.928478240966797
515,initial,-8.746179580688477
516,initial,-8.118871688842773
517,initial,-8.26988410949707
518,initial,-8.152695655822754
519,initial,-7.051180362701416
520,initial,-7.412790298461914
521,initial,-7.929121017456055
522,initial,-7.048635005950928
523,initial,-9.614089965820312
524,initial,-8.11620807647705
525,initial,-7.6544342041015625
526,initial,-6.65694522857666
527,initial,-7.62537145614624
528,initial,-9.578580856323242
529,initial,-7.865488052368164
530,initial,-9.321762084960938
531,initial,-7.870609283447266
532,initial,-8.394549369812012
533,initial,-8.794676780700684
534,initial,-8.63133430480957
535,initial,-8.317549705505371
536,initial,-7.368045806884766
537,initial,-6.805483341217041
538,initial,-6.804601192474365
539,initial,-7.3514533042907715
540,initial,-7.376938819885254
541,initial,-6.608701229095459
542,initial,-7.745406150817871
543,initial,-7.402332782745361
544,initial,-7.698966979980469
545,initial,-8.091118812561035
546,initial,-7.048192501068115
547,initial,-7.556095600128174
548,initial,-7.395964622497559
549,initial,-7.89926290512085
550,initial,-7.741550445556641
551,initial,-6.379687309265137
552,initial,-7.274465560913086
553,initial,-6.979858875274658
554,initial,-8.048802375793457
555,initial,-7.328643798828125
556,initial,-6.2383599281311035
557,initial,-8.375956535339355
558,initial,-7.6853556632995605
559,initial,-7.825107574462891
560,initial,-9.362421035766602
561,initial,-8.749048233032227
562,initial,-7.450272560119629
563,initial,-7.259456634521484
564,initial,-7.440181732177734
565,initial,-6.917736053466797
566,initial,-7.745632648468018
567,initial,-7.423276901245117
568,initial,-7.4322190284729
569,initial,-7.010578155517578
570,initial,-7.901949405670166
571,initial,-8.1310396194458
572,initial,-7.926246166229248
573,initial,-7.697200775146484
574,initial,-9.3655366897583
575,initial,-8.1846342086792
576,initial,-9.542010307312012
577,initial,-8.349931716918945
578,initial,-8.349931716918945
579,initial,-6.315104007720947
580,initial,-7.825107574462891
581,initial,-9.805558204650879
582,initial,-8.167223930358887
583,initial,-9.388781547546387
584,initial,-7.77228307723999
585,initial,-8.885968208312988
586,initial,-9.911581039428711
587,initial,-7.658204555511475
588,initial,-8.957368850708008
589,initial,-8.250312805175781
590,initial,-9.037256240844727
591,initial,-7.245980739593506
592,initial,-8.258835792541504
593,initial,-8.1846342086792
594,initial,-7.873383522033691
595,initial,-8.01943302154541
596,initial,-8.412710189819336
597,initial,-6.890294551849365
598,initial,-7.154902935028076
599,initial,-5.565381050109863
600,initial,-7.314236164093018
601,initial,-7.380383014678955
602,initial,-7.487561225891113
603,initial,-8.65135383605957
604,initial,-8.48892879486084
605,initial,-6.957294464111328
606,initial,-6.443297386169434
607,initial,-7.946034908294678
608,initial,-6.704962730407715
609,initial,-7.314711093902588
610,initial,-7.529864311218262
611,initial,-7.49941349029541
612,initial,-6.5279107093811035
613,initial,-7.114365577697754
614,initial,-7.80769681930542
615,initial,-7.8854241371154785
616,initial,-7.30501127243042
617,initial,-9.242693901062012
618,initial,-7.596712589263916
619,initial,-8.190655708312988
620,initial,-6.721802711486816
621,initial,-7.105669975280762
622,initial,-7.489211082458496
623,initial,-8.573402404785156
624,initial,-8.371753692626953
625,initial,-7.753096580505371
626,initial,-7.211623668670654
627,initial,-7.511878967285156
628,initial,-7.814547061920166
629,initial,-7.517893314361572
630,initial,-7.337000370025635
631,initial,-7.260566234588623
632,initial,-7.120139122009277
633,initial,-7.7221760749816895
634,initial,-8.47959041595459
635,initial,-7.904477596282959
636,initial,-8.235373497009277
637,initial,-7.568662166595459
638,initial,-7.801279544830322
639,initial,-8.44481372833252
640,initial,-7.392789363861084
641,initial,-8.5339937210083
642,initial,-7.5677008628845215
643,initial,-8.056288719177246
644,initial,-7.701365947723389
645,initial,-6.600792407989502
646,initial,-8.51228141784668
647,initial,-7.076827526092529
648,initial,-6.720677852630615
649,initial,-8.61299991607666
650,initial,-7.971870422363281
651,initial,-6.990699768066406
652,initial,-8.693825721740723
653,initial,-7.942413806915283
654,initial,-7.3902812004089355
655,initial,-8.251651763916016
656,initial,-6.792328834533691
657,initial,-6.653830051422119
658,initial,-8.950837135314941
659,initial,-7.482694149017334
660,initial,-6.931258201599121
661,initial,-7.40586519241333
662,initial,-7.725231170654297
663,initial,-6.549765110015869
664,initial,-6.759176731109619
665,initial,-7.018510818481445
666,initial,-7.643988609313965
667,initial,-7.984391212463379
668,initial,-7.313965797424316
669,initial,-6.948963165283203
670,initial,-6.9168267250061035
671,initial,-7.277821063995361
672,initial,-6.766134262084961
673,initial,-7.025616645812988
674,initial,-6.490963935852051
675,initial,-7.053899765014648
676,initial,-7.086419105529785
677,initial,-8.344975471496582
678,initial,-7.512214660644531
679,initial,-7.947216987609863
680,initial,-7.014981746673584
681,initial,-8.591022491455078
682,initial,-8.725109100341797
683,initial,-7.751760959625244
684,initial,-7.6217827796936035
685,initial,-8.23969554901123
686,initial,-8.40292739868164
687,initial,-6.815151691436768
688,initial,-7.917870044708252
689,initial,-9.544769287109375
690,initial,-8.811003684997559
691,initial,-8.241257667541504
692,initial,-9.246627807617188
693,initial,-6.861184597015381
694,initial,-8.316876411437988
695,initial,-9.673808097839355
696,initial,-7.753992557525635
697,initial,-9.640152931213379
698,initial,-10.092824935913086
699,initial,-9.938206672668457
700,initial,-8.0668363571167
701,initial,-9.027739524841309
702,initial,-9.317712783813477
703,initial,-10.370595932006836
704,initial,-6.175210952758789
705,initial,-7.702216625213623
706,initial,-8.905258178710938
707,initial,-10.853208541870117
708,initial,-7.105623722076416
709,initial,-9.515376091003418
710,initial,-7.298099994659424
711,initial,-8.6397123336792
712,initial,-8.48659610748291
713,initial,-8.787126541137695
714,initial,-7.400333881378174
715,initial,-8.966449737548828
716,initial,-8.688648223876953
717,initial,-8.25950813293457
718,initial,-8.51377010345459
719,initial,-7.310716152191162
720,initial,-7.565131664276123
721,initial,-9.5371675491333
722,initial,-8.429115295410156
723,initial,-7.29276704788208
724,initial,-8.13544750213623
725,initial,-9.038190841674805
726,initial,-7.1332197189331055
727,initial,-8.092412948608398
728,initial,-7.722611904144287
729,initial,-7.929886817932129
730,initial,-5.662820816040039
731,initial,-7.381157398223877
732,initial,-8.946473121643066
733,initial,-7.971092700958252
734,initial,-7.458491802215576
735,initial,-8.989267349243164
736,initial,-6.799013614654541
737,initial,-8.480453491210938
738,initial,-9.392010688781738
739,initial,-7.700520038604736
740,initial,-8.546622276306152
741,initial,-8.987156867980957
742,initial,-8.645859718322754
743,initial,-7.6700568199157715
744,initial,-8.154926300048828
745,initial,-5.975707530975342
746,initial,-7.043554306030273
747,initial,-6.143312454223633
748,initial,-6.759965419769287
749,initial,-6.9109063148498535
750,initial,-6.797117710113525
751,initial,-5.615397930145264
752,initial,-6.606363296508789
753,initial,-6.529011249542236
754,initial,-8.384159088134766
755,initial,-5.7196125984191895
756,initial,-6.883026123046875
757,initial,-8.874913215637207
758,initial,-8.646203994750977
759,initial,-7.331259250640869
760,initial,-8.081916809082031
761,initial,-8.067261695861816
762,initial,-8.077408790588379
763,initial,-6.597254276275635
764,initial,-7.021430015563965
765,initial,-7.132428169250488
766,initial,-6.622228145599365
767,initial,-7.195706367492676
768,initial,-6.456944465637207
769,initial,-7.64690637588501
770,initial,-7.1865129470825195
771,initial,-6.794950008392334
772,initial,-8.236128807067871
773,initial,-7.346922397613525
774,initial,-7.657739162445068
775,initial,-8.28350830078125
776,initial,-7.422112464904785
777,initial,-7.4019036293029785
778,initial,-6.594752311706543
779,initial,-9.39513874053955
780,initial,-7.684794902801514
781,initial,-8.221195220947266
782,initial,-7.163076400756836
783,initial,-7.037225723266602
784,initial,-5.446991920471191
785,initial,-6.430697917938232
786,initial,-6.056704998016357
787,initial,-7.582000732421875
788,initial,-5.896653175354004
789,initial,-6.378176689147949
790,initial,-6.377285957336426
791,initial,-5.843031406402588
792,initial,-7.725595951080322
793,initial,-7.7662763595581055
794,initial,-5.067137241363525
795,initial,-5.744391918182373
796,initial,-6.272580146789551
797,initial,-5.726583480834961
798,initial,-7.76975679397583
799,initial,-6.3045172691345215
800,initial,-6.5773468017578125
801,initial,-6.340367794036865
802,initial,-5.76500940322876
803,initial,-8.938583374023438
804,initial,-7.295166969299316
805,initial,-8.322978973388672
806,initial,-6.425854206085205
807,initial,-5.757105827331543
808,initial,-5.667544841766357
809,initial,-6.566155910491943
810,initial,-6.027745246887207
811,initial,-8.580909729003906
812,initial,-6.1591057777404785
813,initial,-7.078490257263184
814,initial,-7.808525085449219
815,initial,-8.26061725616455
816,initial,-6.772511005401611
817,initial,-5.32788610458374
818,initial,-5.642936706542969
819,initial,-6.794065952301025
820,initial,-5.433999061584473
821,initial,-6.6977691650390625
822,initial,-7.165676116943359
823,initial,-7.254273891448975
824,initial,-7.437920570373535
825,initial,-5.573812007904053
826,initial,-6.327149391174316
827,initial,-5.873356819152832
828,initial,-6.309166431427002
829,initial,-6.217895984649658
830,initial,-7.191611289978027
831,initial,-5.738554000854492
832,initial,-6.3617353439331055
833,initial,-6.053157329559326
834,initial,-6.078287601470947
835,initial,-7.00590705871582
836,initial,-7.386634826660156
837,initial,-5.670479774475098
838,initial,-5.625843524932861
839,initial,-6.124714374542236
840,initial,-5.80251407623291
841,initial,-6.831360816955566
842,initial,-6.3704938888549805
843,initial,-6.611963748931885
844,initial,-6.015862464904785
845,initial,-5.6493144035339355
846,initial,-7.8513078689575195
847,initial,-7.063381195068359
848,initial,-5.443876266479492
849,initial,-8.257913589477539
850,initial,-7.847384452819824
851,initial,-6.253493785858154
852,initial,-7.2769551277160645
853,initial,-5.978717803955078
854,initial,-7.325684070587158
855,initial,-6.501607894897461
856,initial,-7.58807897567749
857,initial,-5.31101131439209
858,initial,-8.372416496276855
859,initial,-5.31101131439209
860,initial,-5.446230888366699
861,initial,-5.928417682647705
862,initial,-6.892633438110352
863,initial,-6.571253299713135
864,initial,-6.250060558319092
865,initial,-5.984145641326904
866,initial,-8.581365585327148
867,initial,-5.214818000793457
868,initial,-6.610531806945801
869,initial,-6.021093368530273
870,initial,-6.438671588897705
871,initial,-7.740129470825195
872,initial,-5.752321243286133
873,initial,-7.920053958892822
874,initial,-6.880901336669922
875,initial,-5.984145641326904
876,initial,-6.8802571296691895
877,initial,-6.264454364776611
878,initial,-6.086946487426758
879,initial,-6.672919750213623
880,initial,-6.560754776000977
881,initial,-8.092850685119629
882,initial,-7.946385383605957
883,initial,-5.279241561889648
884,initial,-5.841277599334717
885,initial,-6.021093368530273
886,initial,-7.370462894439697
887,initial,-6.216899871826172
888,initial,-8.257913589477539
889,initial,-7.411238193511963
890,initial,-6.889538764953613
891,initial,-5.598145008087158
892,initial,-7.585056781768799
893,initial,-7.407618522644043
894,initial,-6.115312099456787
895,initial,-6.961817264556885
896,initial,-6.080935001373291
897,initial,-7.021241188049316
898,initial,-6.313503265380859
899,initial,-7.080194473266602
900,initial,-5.769270896911621
901,initial,-7.902734279632568
902,initial,-5.769270896911621
903,initial,-5.4335503578186035
904,initial,-5.903293609619141
905,initial,-6.4847822189331055
906,initial,-6.4784111976623535
907,initial,-6.350499629974365
908,initial,-6.225526809692383
909,initial,-8.372832298278809
910,initial,-6.356667518615723
911,initial,-6.054746627807617
912,initial,-5.976414203643799
913,initial,-6.172223091125488
914,initial,-7.1195068359375
915,initial,-5.976414203643799
916,initial,-6.958196640014648
917,initial,-6.311107158660889
918,initial,-6.354702949523926
919,initial,-6.351744651794434
920,initial,-6.88665246963501
921,initial,-7.133354187011719
922,initial,-5.7638068199157715
923,initial,-6.1391472816467285
924,initial,-6.543806076049805
925,initial,-6.979785919189453
926,initial,-6.894885063171387
927,initial,-6.509375095367432
928,initial,-6.8105621337890625
929,initial,-5.720778465270996
930,initial,-6.10394287109375
931,initial,-6.496954917907715
932,initial,-5.9598069190979
933,initial,-6.055807113647461
934,initial,-6.935277462005615
935,initial,-8.152019500732422
936,initial,-6.267915725708008
937,initial,-5.779304027557373
938,initial,-6.95152473449707
939,initial,-6.93477201461792
940,initial,-6.7906084060668945
941,initial,-7.337430000305176
942,initial,-8.137377738952637
943,initial,-5.929599285125732
944,initial,-6.904544830322266
945,initial,-6.2096428871154785
946,initial,-6.277285575866699
947,initial,-5.870260715484619
948,initial,-5.740625381469727
949,initial,-6.718874931335449
950,initial,-7.740408897399902
951,initial,-6.453909397125244
952,initial,-5.814426898956299
953,initial,-6.446646213531494
954,initial,-5.798343181610107
955,initial,-5.849013805389404
956,initial,-5.799930572509766
957,initial,-6.502712249755859
958,initial,-5.849013805389404
959,initial,-6.741097450256348
960,initial,-6.1334547996521
961,initial,-6.070335388183594
962,initial,-6.245941638946533
963,initial,-6.519815444946289
964,initial,-6.737971305847168
965,initial,-5.602537155151367
966,initial,-6.038789749145508
967,initial,-6.0426554679870605
968,initial,-6.713574409484863
969,initial,-6.475651264190674
970,initial,-6.472874164581299
971,initial,-6.379062175750732
972,initial,-5.48305082321167
973,initial,-6.331936359405518
974,initial,-9.043272018432617
975,initial,-7.821160316467285
976,initial,-6.653347969055176
977,initial,-7.003124237060547
978,initial,-8.852346420288086
979,initial,-7.254738807678223
980,initial,-6.438233852386475
981,initial,-8.810133934020996
982,initial,-5.571081161499023
983,initial,-6.566069602966309
984,initial,-6.4189958572387695
985,initial,-6.431535243988037
986,initial,-6.565320014953613
987,initial,-8.129103660583496
988,initial,-6.100348949432373
989,initial,-7.017762660980225
990,initial,-7.223330974578857
991,initial,-6.108941555023193
992,initial,-7.11815071105957
993,initial,-6.830193519592285
994,initial,-6.85292387008667
995,initial,-6.676640510559082
996,initial,-7.906299591064453
997,initial,-7.488344669342041
998,initial,-7.556142330169678
999,initial,-6.739006042480469
1000,initial,-6.209282875061035
1001,initial,-7.917956352233887
1002,initial,-6.662362098693848
1003,initial,-6.351929664611816
1004,initial,-8.656702041625977
1005,initial,-8.012043952941895
1006,initial,-6.220732688903809
1007,initial,-7.893686771392822
1008,initial,-6.937851905822754
1009,initial,-7.59929084777832
1010,initial,-6.248641014099121
1011,initial,-6.2754225730896
1012,initial,-6.043004989624023
1013,initial,-6.764047145843506
1014,initial,-7.607200622558594
1015,initial,-7.938239097595215
1016,initial,-6.2650556564331055
1017,initial,-8.761754989624023
1018,initial,-7.605229377746582
1019,initial,-6.486442565917969
1020,initial,-6.845338821411133
1021,initial,-8.0511474609375
1022,initial,-6.734001159667969
1023,initial,-6.2223052978515625
1024,initial,-8.075742721557617
1025,initial,-5.347513675689697
1026,initial,-6.473059177398682
1027,initial,-6.326109409332275
1028,initial,-6.066185474395752
1029,initial,-6.313150882720947
1030,initial,-7.1587371826171875
1031,initial,-6.084547519683838
1032,initial,-6.682028293609619
1033,initial,-7.07828426361084
1034,initial,-5.822632312774658
1035,initial,-6.658853054046631
1036,initial,-7.593557357788086
1037,initial,-6.381863117218018
1038,initial,-5.073006629943848
1039,initial,-5.178089618682861
1040,initial,-7.571234226226807
1041,initial,-6.329837799072266
1042,initial,-5.783226013183594
1043,initial,-6.903854846954346
1044,initial,-5.397215843200684
1045,initial,-5.401126384735107
1046,initial,-6.733788013458252
1047,initial,-5.79487943649292
1048,initial,-5.4362664222717285
1049,initial,-6.6057281494140625
1050,initial,-5.29926061630249
1051,initial,-5.644874095916748
1052,initial,-7.647366523742676
1053,initial,-6.780514240264893
1054,initial,-6.231672763824463
1055,initial,-5.812350749969482
1056,initial,-5.577795505523682
1057,initial,-7.609640121459961
1058,initial,-7.339629173278809
1059,initial,-6.90384578704834
1060,initial,-6.710065841674805
1061,initial,-5.743445873260498
1062,initial,-6.775656223297119
1063,initial,-7.211049556732178
1064,initial,-7.25526762008667
1065,initial,-7.53287410736084
1066,initial,-6.541689395904541
1067,initial,-5.701883316040039
1068,initial,-5.558752536773682
1069,initial,-5.02346658706665
1070,initial,-6.284581661224365
1071,initial,-6.659387111663818
1072,initial,-5.985591411590576
1073,initial,-6.939446926116943
1074,initial,-7.079367160797119
1075,initial,-5.435159683227539
1076,initial,-6.970251560211182
1077,initial,-6.5495781898498535
1078,initial,-7.619846343994141
1079,initial,-8.321967124938965
1080,initial,-8.160357475280762
1081,initial,-7.79104471206665
1082,initial,-8.18198299407959
1083,initial,-7.569793701171875
1084,initial,-7.569793701171875
1085,initial,-7.6946282386779785
1086,initial,-7.392521381378174
1087,initial,-7.496095180511475
1088,initial,-7.696622848510742
1089,initial,-7.365005016326904
1090,initial,-7.871551513671875
1091,initial,-7.805620193481445
1092,initial,-7.5022873878479
1093,initial,-7.865490436553955
1094,initial,-7.8845696449279785
1095,initial,-7.727232456207275
1096,initial,-6.524781227111816
1097,initial,-8.901775360107422
1098,initial,-7.210178375244141
1099,initial,-7.726288795471191
1100,initial,-7.879310131072998
1101,initial,-7.136528491973877
1102,initial,-8.466462135314941
1103,initial,-7.99348258972168
1104,initial,-8.845077514648438
1105,initial,-6.754191875457764
1106,initial,-7.68132209777832
1107,initial,-8.289711952209473
1108,initial,-7.418074131011963
1109,initial,-8.47969913482666
1110,initial,-9.531449317932129
1111,initial,-6.485447406768799
1112,initial,-8.525656700134277
1113,initial,-7.691742420196533
1114,initial,-7.678714752197266
1115,initial,-7.296365261077881
1116,initial,-8.289711952209473
1117,initial,-6.985875129699707
1118,initial,-6.684028148651123
1119,initial,-5.854475975036621
1120,initial,-5.729768753051758
1121,initial,-7.055091857910156
1122,initial,-7.259657382965088
1123,initial,-7.177711486816406
1124,initial,-6.573098659515381
1125,initial,-7.113808631896973
1126,initial,-6.707523822784424
1127,initial,-6.707523822784424
1128,initial,-6.938884735107422
1129,initial,-6.56689453125
1130,initial,-6.844708442687988
1131,initial,-6.665196418762207
1132,initial,-6.270668983459473
1133,initial,-6.825379371643066
1134,initial,-6.980859279632568
1135,initial,-6.6823906898498535
1136,initial,-6.764630317687988
1137,initial,-6.731857776641846
1138,initial,-6.626498222351074
1139,initial,-7.818323612213135
1140,initial,-8.014545440673828
1141,initial,-6.916979789733887
1142,initial,-6.304515361785889
1143,initial,-7.219117164611816
1144,initial,-8.021951675415039
1145,initial,-7.245466709136963
1146,initial,-6.952171325683594
1147,initial,-7.945586681365967
1148,initial,-7.271301746368408
1149,initial,-7.746997833251953
1150,initial,-7.849653720855713
1151,initial,-8.37108325958252
1152,initial,-7.975892543792725
1153,initial,-8.132648468017578
1154,initial,-6.3843584060668945
1155,initial,-8.371084213256836
1156,initial,-7.757858753204346
1157,initial,-8.514671325683594
1158,initial,-7.650331974029541
1159,initial,-7.2440571784973145
1160,initial,-7.991051197052002
1161,initial,-8.028497695922852
1162,initial,-6.621968746185303
1163,initial,-6.97717809677124
1164,initial,-7.556272506713867
1165,initial,-9.093796730041504
1166,initial,-8.028497695922852
1167,initial,-6.258810520172119
1168,initial,-7.654679775238037
1169,initial,-9.827296257019043
1170,initial,-7.705618381500244
1171,initial,-7.313662528991699
1172,initial,-8.105681419372559
1173,initial,-8.105681419372559
1174,initial,-8.390087127685547
1175,initial,-7.008420467376709
1176,initial,-6.370177745819092
1177,initial,-6.9614129066467285
1178,initial,-7.12860631942749
1179,initial,-7.180720806121826
1180,initial,-7.657783031463623
1181,initial,-7.556272506713867
1182,initial,-7.26305627822876
1183,initial,-7.009875774383545
1184,initial,-6.058948993682861
1185,initial,-5.961923122406006
1186,initial,-6.776613235473633
1187,initial,-7.223967552185059
1188,initial,-6.659952163696289
1189,initial,-6.262510776519775
1190,initial,-7.310962200164795
1191,initial,-6.789653778076172
1192,initial,-7.193859577178955
1193,initial,-6.987651348114014
1194,initial,-7.4510064125061035
1195,initial,-7.263667583465576
1196,initial,-7.159276485443115
1197,initial,-5.8954362869262695
1198,initial,-7.4510064125061035
1199,initial,-7.080746650695801
1200,initial,-7.517263889312744
1201,initial,-6.98317813873291
1202,initial,-7.7477006912231445
1203,initial,-7.211969375610352
1204,initial,-7.519846439361572
1205,initial,-7.043695449829102
1206,initial,-7.457092761993408
1207,initial,-6.367378234863281
1208,initial,-7.501120090484619
1209,initial,-8.128527641296387
1210,initial,-7.323935508728027
1211,initial,-6.685994625091553
1212,initial,-8.685637474060059
1213,initial,-7.184414386749268
1214,initial,-7.435450553894043
1215,initial,-6.645360946655273
1216,initial,-7.366866111755371
1217,initial,-6.8802032470703125
1218,initial,-7.749430179595947
1219,initial,-7.7726922035217285
1220,initial,-6.579776763916016
1221,initial,-7.747844696044922
1222,initial,-7.801556587219238
1223,initial,-6.549382209777832
1224,initial,-7.278417110443115
1225,initial,-7.5802836418151855
1226,initial,-7.527273178100586
1227,initial,-7.167556285858154
1228,initial,-6.701956748962402
1229,initial,-6.71296501159668
1230,initial,-6.875378608703613
1231,initial,-7.971458435058594
1232,initial,-7.4539079666137695
1233,initial,-7.468655109405518
1234,initial,-6.735145568847656
1235,initial,-8.239474296569824
1236,initial,-6.864499092102051
1237,initial,-8.324073791503906
1238,initial,-7.417215824127197
1239,initial,-7.10219144821167
1240,initial,-6.535310745239258
1241,initial,-7.569380283355713
1242,initial,-7.208292007446289
1243,initial,-6.812613487243652
1244,initial,-7.199869155883789
1245,initial,-6.748502731323242
1246,initial,-6.584356307983398
1247,initial,-6.346279621124268
1248,initial,-6.698548793792725
1249,initial,-6.716782569885254
1250,initial,-5.837771892547607
1251,initial,-6.969657897949219
1252,initial,-7.0805864334106445
1253,initial,-6.600430488586426
1254,initial,-6.393537998199463
1255,initial,-7.971433639526367
1256,initial,-6.7311272621154785
1257,initial,-6.931310653686523
1258,initial,-6.1324849128723145
1259,initial,-6.721079349517822
1260,initial,-6.277599811553955
1261,initial,-6.732385635375977
1262,initial,-7.2783989906311035
1263,initial,-5.597049713134766
1264,initial,-6.561490058898926
1265,initial,-8.258307456970215
1266,initial,-8.130884170532227
1267,initial,-7.523555278778076
1268,initial,-7.78661584854126
1269,initial,-8.75412368774414
1270,initial,-7.185878753662109
1271,initial,-9.277883529663086
1272,initial,-8.01801586151123
1273,initial,-7.561695575714111
1274,initial,-7.856839179992676
1275,initial,-7.647578716278076
1276,initial,-8.382177352905273
1277,initial,-7.208099842071533
1278,initial,-7.342921733856201
1279,initial,-7.878355503082275
1280,initial,-7.220654010772705
1281,initial,-8.318326950073242
1282,initial,-9.207709312438965
1283,initial,-7.892458438873291
1284,initial,-7.293314456939697
1285,initial,-9.153409004211426
1286,initial,-7.96852970123291
1287,initial,-9.123648643493652
1288,initial,-7.887977600097656
1289,initial,-9.00674057006836
1290,initial,-7.94325590133667
1291,initial,-7.808271884918213
1292,initial,-8.002494812011719
1293,initial,-8.76028060913086
1294,initial,-8.767964363098145
1295,initial,-7.523554801940918
1296,initial,-8.873244285583496
1297,initial,-8.517531394958496
1298,initial,-7.9548659324646
1299,initial,-7.238395690917969
1300,initial,-7.220654010772705
1301,initial,-7.061171531677246
1302,initial,-9.506756782531738
1303,initial,-8.263060569763184
1304,initial,-7.72053337097168
1305,initial,-8.645706176757812
1306,initial,-7.5752739906311035
1307,initial,-7.43761682510376
1308,initial,-7.641908168792725
1309,initial,-6.454695701599121
1310,initial,-7.460367202758789
1311,initial,-7.025102615356445
1312,initial,-8.368880271911621
1313,initial,-6.9413628578186035
1314,initial,-8.470209121704102
1315,initial,-7.389432430267334
1316,initial,-7.099913120269775
1317,initial,-7.1422438621521
1318,initial,-6.468207359313965
1319,initial,-7.9727864265441895
1320,initial,-7.027142524719238
1321,initial,-6.576119422912598
1322,initial,-6.982217311859131
1323,initial,-6.187559604644775
1324,initial,-7.725990295410156
1325,initial,-8.083016395568848
1326,initial,-7.412292003631592
1327,initial,-6.752094268798828
1328,initial,-6.124043941497803
1329,initial,-6.315765380859375
1330,initial,-6.315765380859375
1331,initial,-7.680508136749268
1332,initial,-7.758303165435791
1333,initial,-6.204487323760986
1334,initial,-7.36289119720459
1335,initial,-6.186627388000488
1336,initial,-6.904245376586914
1337,initial,-6.7200026512146
1338,initial,-5.660480499267578
1339,initial,-6.253360271453857
1340,initial,-6.171008110046387
1341,initial,-7.443043231964111
1342,initial,-6.947607040405273
1343,initial,-6.151605129241943
1344,initial,-6.882940769195557
1345,initial,-5.6884613037109375
1346,initial,-5.751169204711914
1347,initial,-5.715641021728516
1348,initial,-6.793324947357178
1349,initial,-6.806900978088379
1350,initial,-6.140429496765137
1351,initial,-6.210054397583008
1352,initial,-7.959953784942627
1353,initial,-5.9469313621521
1354,initial,-6.410323143005371
1355,initial,-6.0399250984191895
1356,initial,-6.8244147300720215
1357,initial,-6.381927490234375
1358,initial,-6.50024938583374
1359,initial,-6.52750301361084
1360,initial,-6.677495956420898
1361,initial,-5.842692852020264
1362,initial,-5.868341445922852
1363,initial,-6.991217136383057
1364,initial,-6.817829608917236
1365,initial,-7.237795829772949
1366,initial,-6.120328426361084
1367,initial,-6.953700065612793
0,final,-4.613542556762695
1,final,-6.377050399780273
2,final,-4.698224067687988
3,final,-5.90906286239624
4,final,-4.480268955230713
5,final,-5.97036600112915
6,final,-5.141683101654053
7,final,-5.719120502471924
8,final,-3.9163055419921875
9,final,-4.6094441413879395
10,final,-4.7531352043151855
11,final,-3.9220199584960938
12,final,-3.758608102798462
13,final,-4.462453842163086
14,final,-5.1967244148254395
15,final,-4.393876552581787
16,final,-5.588929653167725
17,final,-3.9220199584960938
18,final,-5.100316047668457
19,final,-4.698224067687988
20,final,-5.575817584991455
21,final,-5.582066059112549
22,final,-5.168170928955078
23,final,-4.684308052062988
24,final,-5.10996150970459
25,final,-5.582066059112549
26,final,-5.298791408538818
27,final,-4.855885982513428
28,final,-4.81223726272583
29,final,-5.298791408538818
30,final,-5.393266201019287
31,final,-5.335853099822998
32,final,-4.487732887268066
33,final,-5.808608531951904
34,final,-6.192786693572998
35,final,-5.840218544006348
36,final,-4.027968883514404
37,final,-4.833064556121826
38,final,-4.261866569519043
39,final,-5.449437618255615
40,final,-5.7672247886657715
41,final,-4.305849075317383
42,final,-5.255481243133545
43,final,-4.890824317932129
44,final,-5.334317207336426
45,final,-6.273585319519043
46,final,-4.642229080200195
47,final,-5.294498920440674
48,final,-5.991485118865967
49,final,-5.63230037689209
50,final,-5.542037487030029
51,final,-5.6775736808776855
52,final,-4.625275135040283
53,final,-4.83376932144165
54,final,-4.814213275909424
55,final,-4.722123622894287
56,final,-4.719018936157227
57,final,-5.846206188201904
58,final,-5.334710597991943
59,final,-4.785459995269775
60,final,-5.318323612213135
61,final,-5.498056888580322
62,final,-6.181519985198975
63,final,-5.7849345207214355
64,final,-6.412500381469727
65,final,-5.1009135246276855
66,final,-5.4966044425964355
67,final,-5.374946594238281
68,final,-6.400058269500732
69,final,-4.681793212890625
70,final,-6.333509922027588
71,final,-4.454498767852783
72,final,-5.094164848327637
73,final,-5.464084625244141
74,final,-6.974076271057129
75,final,-6.018690586090088
76,final,-5.511043548583984
77,final,-4.749050140380859
78,final,-5.300422191619873
79,final,-4.552530765533447
80,final,-4.224501132965088
81,final,-5.904723167419434
82,final,-5.083117485046387
83,final,-4.564965724945068
84,final,-4.426355838775635
85,final,-4.135202407836914
86,final,-4.657334327697754
87,final,-5.705331325531006
88,final,-6.1817626953125
89,final,-4.515951633453369
90,final,-4.6985039710998535
91,final,-4.952291488647461
92,final,-5.0569305419921875
93,final,-4.154391765594482
94,final,-5.103697776794434
95,final,-5.403277397155762
96,final,-5.751506805419922
97,final,-4.349466800689697
98,final,-5.064568042755127
99,final,-4.560296058654785
100,final,-5.747439861297607
101,final,-4.793159484863281
102,final,-4.82351541519165
103,final,-4.8444671630859375
104,final,-5.118559837341309
105,final,-4.822662353515625
106,final,-4.251360893249512
107,final,-5.903805255889893
108,final,-5.118559837341309
109,final,-4.287178039550781
110,final,-5.960644721984863
111,final,-4.640047550201416
112,final,-4.2868218421936035
113,final,-5.028152942657471
114,final,-4.692225456237793
115,final,-4.082418441772461
116,final,-5.009523391723633
117,final,-6.010659217834473
118,final,-4.9565229415893555
119,final,-4.801332950592041
120,final,-4.9757819175720215
121,final,-4.696845531463623
122,final,-4.13446569442749
123,final,-4.022889614105225
124,final,-4.262491703033447
125,final,-4.13446569442749
126,final,-4.908069133758545
127,final,-4.27347993850708
128,final,-4.756998538970947
129,final,-4.093571662902832
130,final,-4.2454986572265625
131,final,-4.3938822746276855
132,final,-4.625265121459961
133,final,-4.875779628753662
134,final,-3.8567144870758057
135,final,-4.907296657562256
136,final,-5.338003158569336
137,final,-5.260621547698975
138,final,-4.008363246917725
139,final,-4.893880367279053
140,final,-4.848461627960205
141,final,-4.158518314361572
142,final,-5.6891703605651855
143,final,-4.973141670227051
144,final,-4.995772838592529
145,final,-5.166409492492676
146,final,-5.039798259735107
147,final,-5.196855545043945
148,final,-5.562070846557617
149,final,-4.592921733856201
150,final,-5.29229736328125
151,final,-5.508525848388672
152,final,-4.136621475219727
153,final,-4.750613212585449
154,final,-4.628073215484619
155,final,-5.759696006774902
156,final,-4.628073215484619
157,final,-4.659541606903076
158,final,-4.612602233886719
159,final,-5.433686256408691
160,final,-4.8013410568237305
161,final,-4.505455493927002
162,final,-5.388194561004639
163,final,-5.780830383300781
164,final,-4.735660076141357
165,final,-4.901062965393066
166,final,-4.842529773712158
167,final,-4.684700012207031
168,final,-6.0141777992248535
169,final,-5.197083950042725
170,final,-5.594329833984375
171,final,-5.942844390869141
172,final,-5.799528121948242
173,final,-4.433058738708496
174,final,-5.5537495613098145
175,final,-4.718142986297607
176,final,-5.694285869598389
177,final,-4.926102161407471
178,final,-4.0774664878845215
179,final,-5.141429424285889
180,final,-3.802398681640625
181,final,-4.19180965423584
182,final,-4.078428745269775
183,final,-4.808084011077881
184,final,-5.141989231109619
185,final,-5.273934364318848
186,final,-4.241391658782959
187,final,-5.165011882781982
188,final,-4.860217571258545
189,final,-5.283114910125732
190,final,-5.502169609069824
191,final,-5.421233177185059
192,final,-4.571207046508789
193,final,-5.896564483642578
194,final,-4.8601789474487305
195,final,-4.023623466491699
196,final,-5.952577590942383
197,final,-4.289159297943115
198,final,-4.864683628082275
199,final,-3.7589433193206787
200,final,-3.6974682807922363
201,final,-4.4286789894104
202,final,-3.984931230545044
203,final,-3.584146022796631
204,final,-3.9885125160217285
205,final,-3.9885125160217285
206,final,-4.545539379119873
207,final,-4.212080478668213
208,final,-4.976603031158447
209,final,-4.489149570465088
210,final,-5.098875999450684
211,final,-4.602847576141357
212,final,-5.153994560241699
213,final,-5.213029384613037
214,final,-4.126773357391357
215,final,-4.518992900848389
216,final,-3.965587615966797
217,final,-5.456200122833252
218,final,-5.152168273925781
219,final,-5.142003059387207
220,final,-4.640462875366211
221,final,-5.441185474395752
222,final,-5.707112789154053
223,final,-6.276451587677002
224,final,-5.242084503173828
225,final,-5.7360053062438965
226,final,-5.815651893615723
227,final,-5.881392002105713
228,final,-6.166215896606445
229,final,-6.611656665802002
230,final,-5.321658134460449
231,final,-4.863209247589111
232,final,-5.7087321281433105
233,final,-5.500889301300049
234,final,-4.591691017150879
235,final,-5.349236011505127
236,final,-5.948825836181641
237,final,-6.090822696685791
238,final,-5.38408088684082
239,final,-4.616360664367676
240,final,-4.935086727142334
241,final,-6.173217296600342
242,final,-6.314881801605225
243,final,-5.039135932922363
244,final,-5.7605695724487305
245,final,-4.95791482925415
246,final,-6.394041538238525
247,final,-6.079161643981934
248,final,-6.149118423461914
249,final,-5.4547438621521
250,final,-6.555159568786621
251,final,-6.197024822235107
252,final,-4.591691017150879
253,final,-5.441185474395752
254,final,-5.441185474395752
255,final,-6.611656665802002
256,final,-5.620414733886719
257,final,-5.571771144866943
258,final,-5.974936485290527
259,final,-5.038244247436523
260,final,-5.413960933685303
261,final,-6.017712116241455
262,final,-5.14926290512085
263,final,-4.974254131317139
264,final,-5.15435266494751
265,final,-5.64243221282959
266,final,-6.133919715881348
267,final,-4.672397613525391
268,final,-5.6483025550842285
269,final,-5.598498344421387
270,final,-5.420344829559326
271,final,-5.8849310874938965
272,final,-5.987364768981934
273,final,-5.297399997711182
274,final,-4.849714279174805
275,final,-5.470015048980713
276,final,-5.1790618896484375
277,final,-4.913086414337158
278,final,-5.460585594177246
279,final,-6.075519561767578
280,final,-5.68359375
281,final,-5.278352737426758
282,final,-4.6414103507995605
283,final,-4.828311443328857
284,final,-6.1399078369140625
285,final,-5.601893901824951
286,final,-4.606942176818848
287,final,-5.026906967163086
288,final,-6.7096686363220215
289,final,-5.210208892822266
290,final,-6.0744781494140625
291,final,-6.0477986335754395
292,final,-6.315764427185059
293,final,-5.388275623321533
294,final,-5.918215274810791
295,final,-5.836570739746094
296,final,-6.584286212921143
297,final,-5.565228462219238
298,final,-5.377287864685059
299,final,-6.102450847625732
300,final,-5.377287864685059
301,final,-5.674729347229004
302,final,-6.0456647872924805
303,final,-5.366279602050781
304,final,-5.762240409851074
305,final,-5.2516350746154785
306,final,-5.726141929626465
307,final,-5.480143070220947
308,final,-5.00748348236084
309,final,-5.90864896774292
310,final,-5.836570739746094
311,final,-5.714997291564941
312,final,-5.838981628417969
313,final,-6.7096686363220215
314,final,-5.933830261230469
315,final,-5.480143070220947
316,final,-5.927188396453857
317,final,-5.578245639801025
318,final,-4.935263633728027
319,final,-6.133512020111084
320,final,-5.196554660797119
321,final,-6.709668159484863
322,final,-4.859119892120361
323,final,-5.56543493270874
324,final,-5.084105014801025
325,final,-6.149066925048828
326,final,-5.020944118499756
327,final,-5.60521936416626
328,final,-5.396252632141113
329,final,-4.786439418792725
330,final,-4.949666976928711
331,final,-6.222212791442871
332,final,-5.441110134124756
333,final,-5.996613025665283
334,final,-5.901211738586426
335,final,-5.910075664520264
336,final,-5.210870265960693
337,final,-5.903126239776611
338,final,-5.412636756896973
339,final,-6.251001834869385
340,final,-5.614553451538086
341,final,-5.400217056274414
342,final,-6.0772318840026855
343,final,-5.400217056274414
344,final,-5.618592262268066
345,final,-5.968175888061523
346,final,-5.4669623374938965
347,final,-6.3052849769592285
348,final,-5.3126325607299805
349,final,-5.558050155639648
350,final,-4.653039455413818
351,final,-5.764851093292236
352,final,-5.11093807220459
353,final,-5.684165000915527
354,final,-5.280755996704102
355,final,-5.312397003173828
356,final,-5.284653663635254
357,final,-5.702986717224121
358,final,-5.632383823394775
359,final,-5.87480354309082
360,final,-5.593023300170898
361,final,-5.355281829833984
362,final,-5.571013450622559
363,final,-5.272193908691406
364,final,-5.731508255004883
365,final,-5.115339756011963
366,final,-5.495903968811035
367,final,-5.6674652099609375
368,final,-5.892374038696289
369,final,-5.8053975105285645
370,final,-4.806001663208008
371,final,-5.63545036315918
372,final,-5.0817437171936035
373,final,-5.706226348876953
374,final,-5.564101219177246
375,final,-5.281438827514648
376,final,-5.306131362915039
377,final,-4.784038543701172
378,final,-5.144105434417725
379,final,-4.920942306518555
380,final,-4.998830318450928
381,final,-5.858021259307861
382,final,-5.2740159034729
383,final,-5.441524982452393
384,final,-5.221505165100098
385,final,-4.878927230834961
386,final,-5.6674652099609375
387,final,-5.382959365844727
388,final,-5.458177089691162
389,final,-4.896059989929199
390,final,-5.987845420837402
391,final,-5.1753129959106445
392,final,-5.046602249145508
393,final,-4.515142917633057
394,final,-5.511202812194824
395,final,-4.899779319763184
396,final,-5.234697341918945
397,final,-5.057379722595215
398,final,-5.2192888259887695
399,final,-5.027438640594482
400,final,-5.590342998504639
401,final,-5.318690299987793
402,final,-5.543881893157959
403,final,-5.254758358001709
404,final,-5.187525749206543
405,final,-5.391639232635498
406,final,-5.087475299835205
407,final,-5.504557132720947
408,final,-5.135684013366699
409,final,-5.860641956329346
410,final,-5.556640625
411,final,-6.78759765625
412,final,-6.917159080505371
413,final,-6.916702747344971
414,final,-5.566973686218262
415,final,-5.799249649047852
416,final,-6.2542405128479
417,final,-6.443841457366943
418,final,-6.107183933258057
419,final,-4.25057315826416
420,final,-6.0573225021362305
421,final,-6.577956199645996
422,final,-6.868488311767578
423,final,-5.697046279907227
424,final,-7.0020904541015625
425,final,-7.209481239318848
426,final,-6.655102729797363
427,final,-6.029970645904541
428,final,-6.5378499031066895
429,final,-6.344594478607178
430,final,-6.553638935089111
431,final,-6.729964733123779
432,final,-6.314299583435059
433,final,-6.843535900115967
434,final,-6.596377849578857
435,final,-5.797668933868408
436,final,-4.893272876739502
437,final,-6.036405086517334
438,final,-5.97929573059082
439,final,-6.714900493621826
440,final,-5.913095951080322
441,final,-5.993321418762207
442,final,-6.352483749389648
443,final,-6.544002056121826
444,final,-6.918080806732178
445,final,-6.444925308227539
446,final,-7.167459011077881
447,final,-6.636221408843994
448,final,-7.308898448944092
449,final,-6.112050533294678
450,final,-6.43500280380249
451,final,-6.058317184448242
452,final,-5.289661884307861
453,final,-5.089921951293945
454,final,-6.244751930236816
455,final,-6.284318923950195
456,final,-6.038704872131348
457,final,-5.11179256439209
458,final,-5.216451644897461
459,final,-5.709934234619141
460,final,-5.948486328125
461,final,-5.71928596496582
462,final,-4.487084865570068
463,final,-5.543522834777832
464,final,-5.91254997253418
465,final,-6.18631649017334
466,final,-5.0106987953186035
467,final,-5.879011154174805
468,final,-6.172305107116699
469,final,-6.054401397705078
470,final,-5.5002923011779785
471,final,-6.175284385681152
472,final,-4.553491115570068
473,final,-5.766199111938477
474,final,-4.854945182800293
475,final,-5.2017822265625
476,final,-5.769830703735352
477,final,-4.752945899963379
478,final,-5.138507843017578
479,final,-5.390908241271973
480,final,-5.123467445373535
481,final,-5.242331504821777
482,final,-4.802481651306152
483,final,-5.0882415771484375
484,final,-5.2523603439331055
485,final,-4.404077053070068
486,final,-5.27182674407959
487,final,-5.1225481033325195
488,final,-4.9636921882629395
489,final,-5.744024276733398
490,final,-5.9315409660339355
491,final,-5.144125461578369
492,final,-6.559676170349121
493,final,-5.853457450866699
494,final,-5.40007209777832
495,final,-5.285984516143799
496,final,-6.3921661376953125
497,final,-5.166982173919678
498,final,-5.794363975524902
499,final,-5.455539703369141
500,final,-5.596424579620361
501,final,-5.263996601104736
502,final,-7.2026543617248535
503,final,-5.7292094230651855
504,final,-5.6959052085876465
505,final,-5.824148654937744
506,final,-7.0132246017456055
507,final,-5.871570110321045
508,final,-4.823635578155518
509,final,-6.807521820068359
510,final,-6.279382705688477
511,final,-6.739493370056152
512,final,-5.947652339935303
513,final,-6.141834259033203
514,final,-6.993124485015869
515,final,-6.986435890197754
516,final,-5.170399188995361
517,final,-5.7905449867248535
518,final,-5.502874374389648
519,final,-4.802081108093262
520,final,-4.920797824859619
521,final,-4.873783111572266
522,final,-4.6314873695373535
523,final,-6.489509582519531
524,final,-5.423059940338135
525,final,-6.21436071395874
526,final,-4.591156005859375
527,final,-5.542713165283203
528,final,-6.849637031555176
529,final,-5.2590413093566895
530,final,-6.4323410987854
531,final,-6.603188514709473
532,final,-5.517906188964844
533,final,-6.283041954040527
534,final,-5.784468650817871
535,final,-6.349001407623291
536,final,-5.845216751098633
537,final,-5.393460750579834
538,final,-5.127303123474121
539,final,-5.66752815246582
540,final,-5.8752288818359375
541,final,-5.663007736206055
542,final,-6.013139247894287
543,final,-6.037205219268799
544,final,-6.159138202667236
545,final,-6.411802291870117
546,final,-5.424289703369141
547,final,-6.0678391456604
548,final,-5.852082252502441
549,final,-6.1974663734436035
550,final,-6.142381191253662
551,final,-5.384119987487793
552,final,-6.481624126434326
553,final,-5.58349084854126
554,final,-6.294763088226318
555,final,-5.050022602081299
556,final,-4.174001693725586
557,final,-5.671710968017578
558,final,-5.971698760986328
559,final,-5.366739749908447
560,final,-7.107444763183594
561,final,-6.832057952880859
562,final,-5.637760162353516
563,final,-4.861787796020508
564,final,-6.2220611572265625
565,final,-4.549394130706787
566,final,-5.597121715545654
567,final,-5.016012191772461
568,final,-5.0332183837890625
569,final,-4.4942851066589355
570,final,-5.206315517425537
571,final,-5.778229236602783
572,final,-5.631771087646484
573,final,-5.28415060043335
574,final,-6.8481950759887695
575,final,-5.6851420402526855
576,final,-7.348371982574463
577,final,-6.41796875
578,final,-6.41796875
579,final,-3.92773699760437
580,final,-5.366739749908447
581,final,-7.12692403793335
582,final,-6.026293754577637
583,final,-6.851914882659912
584,final,-5.4413628578186035
585,final,-6.350089073181152
586,final,-7.302864074707031
587,final,-4.96464204788208
588,final,-6.317727565765381
589,final,-5.48271369934082
590,final,-6.329216003417969
591,final,-4.612344741821289
592,final,-5.693098545074463
593,final,-5.6851420402526855
594,final,-5.492079734802246
595,final,-5.500229835510254
596,final,-5.715209007263184
597,final,-4.958695411682129
598,final,-5.707039833068848
599,final,-4.159209251403809
600,final,-5.775134086608887
601,final,-6.122847557067871
602,final,-5.861643314361572
603,final,-7.197404861450195
604,final,-7.379862308502197
605,final,-5.557247161865234
606,final,-4.870494365692139
607,final,-6.847721099853516
608,final,-5.355654239654541
609,final,-6.018430233001709
610,final,-6.089486598968506
611,final,-5.915848731994629
612,final,-4.697234630584717
613,final,-5.417120933532715
614,final,-6.3521318435668945
615,final,-6.4895148277282715
616,final,-5.291011333465576
617,final,-7.494614124298096
618,final,-5.995973110198975
619,final,-6.913015842437744
620,final,-6.005922317504883
621,final,-5.565964698791504
622,final,-6.012787342071533
623,final,-6.796473979949951
624,final,-6.826670169830322
625,final,-6.271503925323486
626,final,-5.758838653564453
627,final,-6.123530387878418
628,final,-6.143758296966553
629,final,-5.869874000549316
630,final,-5.815798282623291
631,final,-5.65350341796875
632,final,-5.450753211975098
633,final,-6.055755615234375
634,final,-6.778583526611328
635,final,-6.207190990447998
636,final,-6.773242950439453
637,final,-6.691776275634766
638,final,-6.823028564453125
639,final,-6.705565929412842
640,final,-5.760645866394043
641,final,-6.846447944641113
642,final,-5.952723026275635
643,final,-6.677422523498535
644,final,-6.466949939727783
645,final,-5.254504203796387
646,final,-6.805247783660889
647,final,-5.632841110229492
648,final,-5.011948108673096
649,final,-6.839386463165283
650,final,-6.750472068786621
651,final,-5.393815040588379
652,final,-6.961758613586426
653,final,-6.423941135406494
654,final,-5.881857872009277
655,final,-6.183909893035889
656,final,-5.07594633102417
657,final,-5.447981834411621
658,final,-7.2839035987854
659,final,-5.69760799407959
660,final,-5.428151607513428
661,final,-6.119960784912109
662,final,-6.546523094177246
663,final,-5.8698883056640625
664,final,-5.544822692871094
665,final,-5.951939105987549
666,final,-6.364836692810059
667,final,-6.459670066833496
668,final,-6.09337043762207
669,final,-5.652410507202148
670,final,-5.833983898162842
671,final,-6.0149102210998535
672,final,-5.146025657653809
673,final,-5.43930721282959
674,final,-5.01248836517334
675,final,-5.8210673332214355
676,final,-5.620929718017578
677,final,-6.794064521789551
678,final,-6.358548164367676
679,final,-6.713581562042236
680,final,-6.208826065063477
681,final,-7.137734889984131
682,final,-7.246622562408447
683,final,-6.172086715698242
684,final,-6.24162483215332
685,final,-7.652132987976074
686,final,-6.992686748504639
687,final,-5.166248798370361
688,final,-6.950947284698486
689,final,-8.182905197143555
690,final,-7.890821933746338
691,final,-6.77423620223999
692,final,-7.3450188636779785
693,final,-5.97716760635376
694,final,-6.454280853271484
695,final,-7.9980878829956055
696,final,-5.857431411743164
697,final,-8.062725067138672
698,final,-8.337998390197754
699,final,-8.105649948120117
700,final,-6.143431186676025
701,final,-7.196253299713135
702,final,-7.788884162902832
703,final,-8.904970169067383
704,final,-4.44891881942749
705,final,-5.736413955688477
706,final,-8.220220565795898
707,final,-9.24146556854248
708,final,-5.6027631759643555
709,final,-8.410491943359375
710,final,-6.635970115661621
711,final,-6.487949371337891
712,final,-7.196304798126221
713,final,-7.7251763343811035
714,final,-6.060768127441406
715,final,-7.345279216766357
716,final,-7.474560260772705
717,final,-6.68065881729126
718,final,-7.421073913574219
719,final,-5.82051420211792
720,final,-6.330240249633789
721,final,-7.881197929382324
722,final,-7.46798849105835
723,final,-5.914570331573486
724,final,-6.389906406402588
725,final,-7.220118045806885
726,final,-5.630728244781494
727,final,-6.316986560821533
728,final,-6.514453411102295
729,final,-6.384371280670166
730,final,-4.307463645935059
731,final,-6.102680206298828
732,final,-7.3026604652404785
733,final,-6.527849197387695
734,final,-5.700545310974121
735,final,-6.994507312774658
736,final,-5.195674419403076
737,final,-6.521848201751709
738,final,-7.627231597900391
739,final,-5.937014102935791
740,final,-6.994228363037109
741,final,-7.325388431549072
742,final,-6.7287917137146
743,final,-5.966999053955078
744,final,-6.7976393699646
745,final,-4.643516540527344
746,final,-5.660565376281738
747,final,-5.072786331176758
748,final,-5.956117630004883
749,final,-5.880623817443848
750,final,-5.832393169403076
751,final,-4.473025798797607
752,final,-5.45134162902832
753,final,-5.553752899169922
754,final,-7.131105422973633
755,final,-5.182969570159912
756,final,-6.24218225479126
757,final,-7.724475383758545
758,final,-7.345857620239258
759,final,-6.180438995361328
760,final,-6.800773620605469
761,final,-6.718719482421875
762,final,-6.69218111038208
763,final,-5.3776140213012695
764,final,-5.411769866943359
765,final,-5.815644264221191
766,final,-5.329075813293457
767,final,-5.702202320098877
768,final,-4.4147186279296875
769,final,-5.788534641265869
770,final,-5.6462297439575195
771,final,-5.447153568267822
772,final,-7.099379062652588
773,final,-5.881718635559082
774,final,-5.677676677703857
775,final,-6.458876609802246
776,final,-6.429000377655029
777,final,-6.21661901473999
778,final,-5.143917083740234
779,final,-7.521622657775879
780,final,-6.378193378448486
781,final,-6.644798755645752
782,final,-6.39562463760376
783,final,-5.6916303634643555
784,final,-4.000497817993164
785,final,-5.4224019050598145
786,final,-4.158316612243652
787,final,-5.409060478210449
788,final,-3.932757616043091
789,final,-4.556990623474121
790,final,-5.343067646026611
791,final,-4.273836135864258
792,final,-5.096806049346924
793,final,-5.282594203948975
794,final,-4.25461483001709
795,final,-3.930330991744995
796,final,-4.376853942871094
797,final,-4.2894206047058105
798,final,-5.585530757904053
799,final,-4.639524459838867
800,final,-4.885541915893555
801,final,-4.44063138961792
802,final,-3.5251193046569824
803,final,-6.72446346282959
804,final,-5.123554229736328
805,final,-5.6544189453125
806,final,-4.852452754974365
807,final,-4.0039496421813965
808,final,-3.5845324993133545
809,final,-4.569695472717285
810,final,-4.555919170379639
811,final,-5.919116497039795
812,final,-4.35186243057251
813,final,-5.440261363983154
814,final,-5.434834003448486
815,final,-5.581964015960693
816,final,-5.535609245300293
817,final,-4.3047566413879395
818,final,-4.136981010437012
819,final,-4.670653343200684
820,final,-3.5334765911102295
821,final,-4.869528770446777
822,final,-5.337767124176025
823,final,-5.1333160400390625
824,final,-5.458468914031982
825,final,-3.7811691761016846
826,final,-4.334765434265137
827,final,-4.717060565948486
828,final,-5.6208014488220215
829,final,-4.741975784301758
830,final,-5.717706203460693
831,final,-4.546194553375244
832,final,-5.461709022521973
833,final,-5.349035263061523
834,final,-4.734775543212891
835,final,-5.311659336090088
836,final,-5.6918559074401855
837,final,-5.0519118309021
838,final,-4.671765327453613
839,final,-4.778004169464111
840,final,-4.863993167877197
841,final,-5.125514030456543
842,final,-5.164102554321289
843,final,-5.450915336608887
844,final,-4.9659318923950195
845,final,-4.396714210510254
846,final,-6.104580402374268
847,final,-4.880960941314697
848,final,-3.642469644546509
849,final,-6.252129554748535
850,final,-5.429473400115967
851,final,-4.439301490783691
852,final,-5.498382091522217
853,final,-4.388829708099365
854,final,-5.067648887634277
855,final,-5.552857398986816
856,final,-5.587982177734375
857,final,-4.289720058441162
858,final,-6.581257343292236
859,final,-4.289720058441162
860,final,-4.1052775382995605
861,final,-4.268117427825928
862,final,-5.604241371154785
863,final,-5.06566047668457
864,final,-4.590806484222412
865,final,-4.3271403312683105
866,final,-6.414164066314697
867,final,-3.460218906402588
868,final,-4.81298828125
869,final,-4.095368385314941
870,final,-4.608938217163086
871,final,-5.581600189208984
872,final,-3.813969850540161
873,final,-5.825456142425537
874,final,-4.733428478240967
875,final,-4.3271403312683105
876,final,-4.771052837371826
877,final,-5.332371234893799
878,final,-4.3491997718811035
879,final,-5.17392635345459
880,final,-4.874016284942627
881,final,-6.156319618225098
882,final,-6.3687896728515625
883,final,-4.395332336425781
884,final,-4.377547740936279
885,final,-4.095368385314941
886,final,-5.268798351287842
887,final,-4.722654819488525
888,final,-6.252129554748535
889,final,-5.557870388031006
890,final,-5.376317977905273
891,final,-4.212307929992676
892,final,-5.665687561035156
893,final,-5.543271064758301
894,final,-4.750985622406006
895,final,-5.118457794189453
896,final,-5.076445579528809
897,final,-5.221967697143555
898,final,-5.624414920806885
899,final,-5.425024032592773
900,final,-5.0018720626831055
901,final,-6.128647804260254
902,final,-5.0018720626831055
903,final,-4.445941925048828
904,final,-4.842092990875244
905,final,-5.660006523132324
906,final,-5.558995723724365
907,final,-5.254477024078369
908,final,-5.213847637176514
909,final,-6.49037504196167
910,final,-4.815023899078369
911,final,-4.6252264976501465
912,final,-4.664562702178955
913,final,-4.717923164367676
914,final,-5.274537563323975
915,final,-4.664562702178955
916,final,-5.343732833862305
917,final,-5.6342573165893555
918,final,-4.8879618644714355
919,final,-4.9313154220581055
920,final,-5.375431537628174
921,final,-5.736124038696289
922,final,-4.390145778656006
923,final,-4.688784122467041
924,final,-5.234626770019531
925,final,-5.553216457366943
926,final,-5.414497375488281
927,final,-5.152059555053711
928,final,-5.930997848510742
929,final,-4.7711310386657715
930,final,-4.950811862945557
931,final,-5.405664443969727
932,final,-4.966101169586182
933,final,-4.826684474945068
934,final,-5.659775257110596
935,final,-6.525460243225098
936,final,-4.965667247772217
937,final,-4.878321170806885
938,final,-5.608041763305664
939,final,-5.415502071380615
940,final,-5.937190532684326
941,final,-5.701748371124268
942,final,-6.4597578048706055
943,final,-4.617434501647949
944,final,-5.411372184753418
945,final,-4.913612365722656
946,final,-4.89816427230835
947,final,-5.209860801696777
948,final,-4.320563793182373
949,final,-5.499666690826416
950,final,-6.11140251159668
951,final,-5.282263278961182
952,final,-4.332216739654541
953,final,-5.225507736206055
954,final,-4.574530124664307
955,final,-4.844045639038086
956,final,-4.89015531539917
957,final,-4.999847412109375
958,final,-4.844045639038086
959,final,-5.040131092071533
960,final,-5.536815166473389
961,final,-5.17623233795166
962,final,-5.016279697418213
963,final,-5.127277374267578
964,final,-5.536452293395996
965,final,-4.3304219245910645
966,final,-4.946621417999268
967,final,-5.2462849617004395
968,final,-5.350231170654297
969,final,-5.108783721923828
970,final,-5.461803436279297
971,final,-5.640396595001221
972,final,-4.798748016357422
973,final,-4.712996959686279
974,final,-7.7338547706604
975,final,-7.111977577209473
976,final,-5.0939860343933105
977,final,-5.558633327484131
978,final,-6.940399169921875
979,final,-5.947025775909424
980,final,-5.088382720947266
981,final,-7.126658916473389
982,final,-3.9426310062408447
983,final,-5.242693901062012
984,final,-5.234969615936279
985,final,-4.994739055633545
986,final,-5.006640434265137
987,final,-6.022842884063721
988,final,-4.585492134094238
989,final,-6.371996879577637
990,final,-5.961935043334961
991,final,-4.426938533782959
992,final,-5.649256706237793
993,final,-5.60765266418457
994,final,-5.812441349029541
995,final,-5.920105457305908
996,final,-6.620820999145508
997,final,-6.151238918304443
998,final,-6.093070983886719
999,final,-5.451045036315918
1000,final,-4.911594867706299
1001,final,-6.136604309082031
1002,final,-5.7749342918396
1003,final,-4.961265563964844
1004,final,-7.185460567474365
1005,final,-6.238738059997559
1006,final,-5.22983455657959
1007,final,-6.337581157684326
1008,final,-5.686832904815674
1009,final,-6.120589256286621
1010,final,-4.719302654266357
1011,final,-5.1294636726379395
1012,final,-4.870156288146973
1013,final,-5.403043270111084
1014,final,-6.2921342849731445
1015,final,-6.130299091339111
1016,final,-4.90395450592041
1017,final,-6.756095886230469
1018,final,-6.676064491271973
1019,final,-4.95380163192749
1020,final,-5.778131484985352
1021,final,-6.277153491973877
1022,final,-5.750518321990967
1023,final,-4.900397777557373
1024,final,-6.138912677764893
1025,final,-4.096580982208252
1026,final,-5.0733842849731445
1027,final,-5.218891620635986
1028,final,-4.690597057342529
1029,final,-5.08459997177124
1030,final,-5.201301574707031
1031,final,-5.105809211730957
1032,final,-5.823846817016602
1033,final,-5.858647346496582
1034,final,-4.787688732147217
1035,final,-5.322504997253418
1036,final,-6.103381633758545
1037,final,-5.237154006958008
1038,final,-4.106693744659424
1039,final,-4.351039409637451
1040,final,-6.152420520782471
1041,final,-5.161041736602783
1042,final,-4.8486504554748535
1043,final,-5.612983703613281
1044,final,-4.6270928382873535
1045,final,-4.868112087249756
1046,final,-5.875431060791016
1047,final,-4.933967590332031
1048,final,-4.401157379150391
1049,final,-5.603058815002441
1050,final,-4.480247974395752
1051,final,-4.649038791656494
1052,final,-6.079971790313721
1053,final,-5.484257221221924
1054,final,-5.30836296081543
1055,final,-5.106154918670654
1056,final,-4.428423881530762
1057,final,-6.007896900177002
1058,final,-5.780810356140137
1059,final,-5.468331813812256
1060,final,-5.081413269042969
1061,final,-4.792137145996094
1062,final,-4.931790828704834
1063,final,-5.758557319641113
1064,final,-5.912805557250977
1065,final,-5.890365123748779
1066,final,-5.192765235900879
1067,final,-4.7192230224609375
1068,final,-4.330892562866211
1069,final,-4.003947734832764
1070,final,-4.945448398590088
1071,final,-5.268366813659668
1072,final,-4.59257698059082
1073,final,-5.114404678344727
1074,final,-5.947134494781494
1075,final,-4.435677528381348
1076,final,-4.92479944229126
1077,final,-4.212295055389404
1078,final,-4.925546646118164
1079,final,-5.451915740966797
1080,final,-5.052055358886719
1081,final,-4.476901531219482
1082,final,-5.324127197265625
1083,final,-4.681220054626465
1084,final,-4.681220054626465
1085,final,-4.8513407707214355
1086,final,-4.555121898651123
1087,final,-4.645355224609375
1088,final,-4.524709224700928
1089,final,-5.371589183807373
1090,final,-5.183780193328857
1091,final,-4.5136919021606445
1092,final,-4.540346622467041
1093,final,-4.945492267608643
1094,final,-5.001987934112549
1095,final,-4.967281818389893
1096,final,-4.223480224609375
1097,final,-5.7116827964782715
1098,final,-4.377631664276123
1099,final,-5.012636661529541
1100,final,-5.1572651863098145
1101,final,-4.427577495574951
1102,final,-5.601708889007568
1103,final,-5.578188419342041
1104,final,-5.656947612762451
1105,final,-4.604272365570068
1106,final,-6.332550048828125
1107,final,-5.319848537445068
1108,final,-4.701493740081787
1109,final,-5.115363597869873
1110,final,-6.999715328216553
1111,final,-4.6006903648376465
1112,final,-5.479196071624756
1113,final,-5.089417934417725
1114,final,-4.688821315765381
1115,final,-4.533652305603027
1116,final,-5.319848537445068
1117,final,-4.811479091644287
1118,final,-3.993434429168701
1119,final,-4.449388027191162
1120,final,-4.057657241821289
1121,final,-5.24377965927124
1122,final,-5.046511650085449
1123,final,-4.624170780181885
1124,final,-4.248516082763672
1125,final,-4.917804718017578
1126,final,-4.646790504455566
1127,final,-4.646790504455566
1128,final,-4.5352702140808105
1129,final,-4.386285781860352
1130,final,-4.355143070220947
1131,final,-4.406735420227051
1132,final,-4.826861381530762
1133,final,-4.66989278793335
1134,final,-4.479456901550293
1135,final,-4.711728096008301
1136,final,-4.611876010894775
1137,final,-4.430492877960205
1138,final,-4.603856563568115
1139,final,-5.0788350105285645
1140,final,-5.759731769561768
1141,final,-4.7637739181518555
1142,final,-4.32625675201416
1143,final,-4.928267955780029
1144,final,-5.412438869476318
1145,final,-4.987403869628906
1146,final,-5.1728668212890625
1147,final,-5.405324459075928
1148,final,-5.985556602478027
1149,final,-5.828461170196533
1150,final,-5.907344341278076
1151,final,-5.88666296005249
1152,final,-5.452860355377197
1153,final,-6.187397003173828
1154,final,-4.063342571258545
1155,final,-5.88666296005249
1156,final,-4.884111404418945
1157,final,-6.140846252441406
1158,final,-5.3800368309021
1159,final,-4.815876483917236
1160,final,-5.496346950531006
1161,final,-5.384633541107178
1162,final,-4.735193252563477
1163,final,-4.557404041290283
1164,final,-4.938950061798096
1165,final,-6.685492038726807
1166,final,-5.384633541107178
1167,final,-4.488900661468506
1168,final,-5.877783298492432
1169,final,-7.695302486419678
1170,final,-5.36930513381958
1171,final,-5.0960469245910645
1172,final,-5.773044586181641
1173,final,-5.773044586181641
1174,final,-6.211872577667236
1175,final,-4.623658657073975
1176,final,-4.394540309906006
1177,final,-4.916012763977051
1178,final,-5.399299621582031
1179,final,-4.669161319732666
1180,final,-5.743605136871338
1181,final,-4.938950061798096
1182,final,-4.748752117156982
1183,final,-4.870231628417969
1184,final,-4.50424337387085
1185,final,-4.308158874511719
1186,final,-4.697667598724365
1187,final,-4.838683605194092
1188,final,-4.876148223876953
1189,final,-4.480720043182373
1190,final,-4.76757287979126
1191,final,-5.70548677444458
1192,final,-5.069041728973389
1193,final,-4.9512939453125
1194,final,-5.0815277099609375
1195,final,-4.9525885581970215
1196,final,-5.240835666656494
1197,final,-3.9673409461975098
1198,final,-5.0815277099609375
1199,final,-4.532894611358643
1200,final,-5.369518280029297
1201,final,-5.0884504318237305
1202,final,-6.336047649383545
1203,final,-5.490373611450195
1204,final,-6.118917465209961
1205,final,-5.362600326538086
1206,final,-5.700185298919678
1207,final,-4.749605655670166
1208,final,-6.50381326675415
1209,final,-6.187236785888672
1210,final,-5.662703514099121
1211,final,-5.0344719886779785
1212,final,-6.951685905456543
1213,final,-5.6693949699401855
1214,final,-5.630596160888672
1215,final,-4.862515449523926
1216,final,-5.738542079925537
1217,final,-5.572041034698486
1218,final,-6.155364036560059
1219,final,-5.850412845611572
1220,final,-5.400615692138672
1221,final,-6.308676719665527
1222,final,-6.148733139038086
1223,final,-5.400432109832764
1224,final,-5.275907039642334
1225,final,-5.76542854309082
1226,final,-5.818511486053467
1227,final,-5.735348701477051
1228,final,-4.954143047332764
1229,final,-5.006758689880371
1230,final,-5.083040237426758
1231,final,-6.668391704559326
1232,final,-5.46657657623291
1233,final,-5.75356388092041
1234,final,-5.212133407592773
1235,final,-6.432098388671875
1236,final,-5.473924160003662
1237,final,-6.663905620574951
1238,final,-6.517345428466797
1239,final,-5.621090888977051
1240,final,-4.893290042877197
1241,final,-5.796154022216797
1242,final,-5.75310754776001
1243,final,-5.580765247344971
1244,final,-5.536313056945801
1245,final,-5.3798089027404785
1246,final,-4.701687335968018
1247,final,-5.007318019866943
1248,final,-4.994316577911377
1249,final,-5.4033660888671875
1250,final,-4.264585018157959
1251,final,-5.946891784667969
1252,final,-5.09076452255249
1253,final,-5.193688869476318
1254,final,-4.931249618530273
1255,final,-6.182801246643066
1256,final,-5.309292316436768
1257,final,-5.2570109367370605
1258,final,-4.459768772125244
1259,final,-4.878844261169434
1260,final,-5.146980285644531
1261,final,-5.299998760223389
1262,final,-5.250476837158203
1263,final,-4.610544204711914
1264,final,-5.088037967681885
1265,final,-6.408641338348389
1266,final,-6.06987190246582
1267,final,-5.6982741355896
1268,final,-5.882343769073486
1269,final,-7.44479513168335
1270,final,-5.6089606285095215
1271,final,-7.498356342315674
1272,final,-6.409887313842773
1273,final,-6.051708221435547
1274,final,-6.003067493438721
1275,final,-5.6917901039123535
1276,final,-6.533195972442627
1277,final,-5.725947856903076
1278,final,-5.818403720855713
1279,final,-5.352540493011475
1280,final,-4.822393894195557
1281,final,-6.738410472869873
1282,final,-7.130672454833984
1283,final,-5.946774482727051
1284,final,-5.637639045715332
1285,final,-7.56198263168335
1286,final,-5.837985515594482
1287,final,-7.059056758880615
1288,final,-5.921631336212158
1289,final,-7.157382965087891
1290,final,-6.336852550506592
1291,final,-6.415582656860352
1292,final,-6.534767150878906
1293,final,-6.993875503540039
1294,final,-6.798006057739258
1295,final,-5.6982741355896
1296,final,-7.019712448120117
1297,final,-6.201371669769287
1298,final,-6.254422664642334
1299,final,-5.561351299285889
1300,final,-4.822393894195557
1301,final,-5.5148138999938965
1302,final,-7.474338531494141
1303,final,-6.593173503875732
1304,final,-6.497894287109375
1305,final,-6.580905914306641
1306,final,-6.017568111419678
1307,final,-6.262508392333984
1308,final,-5.415477275848389
1309,final,-4.595454216003418
1310,final,-5.467870235443115
1311,final,-5.135614395141602
1312,final,-6.4928741455078125
1313,final,-4.9313459396362305
1314,final,-5.922362804412842
1315,final,-5.535913944244385
1316,final,-5.312870025634766
1317,final,-5.184317111968994
1318,final,-4.645637512207031
1319,final,-5.498969078063965
1320,final,-5.134350776672363
1321,final,-4.906061172485352
1322,final,-4.453047752380371
1323,final,-4.043484210968018
1324,final,-5.771008491516113
1325,final,-5.693958282470703
1326,final,-5.319703102111816
1327,final,-5.030099868774414
1328,final,-4.422060966491699
1329,final,-4.856332302093506
1330,final,-4.856332302093506
1331,final,-5.759358882904053
1332,final,-6.202057361602783
1333,final,-4.694294452667236
1334,final,-5.644975662231445
1335,final,-4.906800746917725
1336,final,-5.248804092407227
1337,final,-4.975645542144775
1338,final,-4.461581230163574
1339,final,-4.695693492889404
1340,final,-4.895165920257568
1341,final,-5.408365249633789
1342,final,-5.147802352905273
1343,final,-4.312213897705078
1344,final,-5.164145469665527
1345,final,-4.387120723724365
1346,final,-4.430837631225586
1347,final,-4.372550964355469
1348,final,-4.736057758331299
1349,final,-4.724722385406494
1350,final,-4.329265117645264
1351,final,-4.567928314208984
1352,final,-6.186848163604736
1353,final,-4.335029602050781
1354,final,-5.322495937347412
1355,final,-4.1850080490112305
1356,final,-5.057236194610596
1357,final,-4.346094608306885
1358,final,-4.817163467407227
1359,final,-4.308832168579102
1360,final,-4.7464141845703125
1361,final,-4.236311435699463
1362,final,-4.343140602111816
1363,final,-4.763809680938721
1364,final,-5.25042724609375
1365,final,-5.292441368103027
1366,final,-4.469478607177734
1367,final,-5.126315116882324
0,best,-4.613542556762695
1,best,-6.377050399780273
2,best,-4.698224067687988
3,best,-5.90906286239624
4,best,-4.480268955230713
5,best,-5.97036600112915
6,best,-5.141683101654053
7,best,-5.719120502471924
8,best,-3.9163055419921875
9,best,-4.6094441413879395
10,best,-4.7531352043151855
11,best,-3.9220199584960938
12,best,-3.758608102798462
13,best,-4.462453842163086
14,best,-5.1967244148254395
15,best,-4.393876552581787
16,best,-5.588929653167725
17,best,-3.9220199584960938
18,best,-5.100316047668457
19,best,-4.698224067687988
20,best,-5.575817584991455
21,best,-5.582066059112549
22,best,-5.168170928955078
23,best,-4.684308052062988
24,best,-5.10996150970459
25,best,-5.582066059112549
26,best,-5.298791408538818
27,best,-4.855885982513428
28,best,-4.81223726272583
29,best,-5.298791408538818
30,best,-5.393266201019287
31,best,-5.335853099822998
32,best,-4.487732887268066
33,best,-5.808608531951904
34,best,-6.192786693572998
35,best,-5.840218544006348
36,best,-4.027968883514404
37,best,-4.833064556121826
38,best,-4.261866569519043
39,best,-5.449437618255615
40,best,-5.7672247886657715
41,best,-4.305849075317383
42,best,-5.255481243133545
43,best,-4.890824317932129
44,best,-5.334317207336426
45,best,-6.273585319519043
46,best,-4.642229080200195
47,best,-5.294498920440674
48,best,-5.991485118865967
49,best,-5.63230037689209
50,best,-5.542037487030029
51,best,-5.6775736808776855
52,best,-4.625275135040283
53,best,-4.83376932144165
54,best,-4.814213275909424
55,best,-4.722123622894287
56,best,-4.719018936157227
57,best,-5.846206188201904
58,best,-5.334710597991943
59,best,-4.785459995269775
60,best,-5.318323612213135
61,best,-5.498056888580322
62,best,-6.181519985198975
63,best,-5.7849345207214355
64,best,-6.412500381469727
65,best,-5.1009135246276855
66,best,-5.4966044425964355
67,best,-5.374946594238281
68,best,-6.400058269500732
69,best,-4.681793212890625
70,best,-6.333509922027588
71,best,-4.454498767852783
72,best,-5.094164848327637
73,best,-5.464084625244141
74,best,-6.974076271057129
75,best,-6.018690586090088
76,best,-5.511043548583984
77,best,-4.749050140380859
78,best,-5.300422191619873
79,best,-4.552530765533447
80,best,-4.224501132965088
81,best,-5.904723167419434
82,best,-5.083117485046387
83,best,-4.564965724945068
84,best,-4.426355838775635
85,best,-4.135202407836914
86,best,-4.657334327697754
87,best,-5.705331325531006
88,best,-6.1817626953125
89,best,-4.515951633453369
90,best,-4.6985039710998535
91,best,-4.952291488647461
92,best,-5.0569305419921875
93,best,-4.154391765594482
94,best,-5.103697776794434
95,best,-5.403277397155762
96,best,-5.751506805419922
97,best,-4.349466800689697
98,best,-5.064568042755127
99,best,-4.560296058654785
100,best,-5.747439861297607
101,best,-4.793159484863281
102,best,-4.82351541519165
103,best,-4.8444671630859375
104,best,-5.118559837341309
105,best,-4.822662353515625
106,best,-4.251360893249512
107,best,-5.903805255889893
108,best,-5.118559837341309
109,best,-4.287178039550781
110,best,-5.960644721984863
111,best,-4.640047550201416
112,best,-4.2868218421936035
113,best,-5.028152942657471
114,best,-4.692225456237793
115,best,-4.082418441772461
116,best,-5.009523391723633
117,best,-6.010659217834473
118,best,-4.9565229415893555
119,best,-4.801332950592041
120,best,-4.9757819175720215
121,best,-4.696845531463623
122,best,-4.13446569442749
123,best,-4.022889614105225
124,best,-4.262491703033447
125,best,-4.13446569442749
126,best,-4.908069133758545
127,best,-4.27347993850708
128,best,-4.756998538970947
129,best,-4.093571662902832
130,best,-4.2454986572265625
131,best,-4.3938822746276855
132,best,-4.625265121459961
133,best,-4.875779628753662
134,best,-3.8567144870758057
135,best,-4.907296657562256
136,best,-5.338003158569336
137,best,-5.260621547698975
138,best,-4.008363246917725
139,best,-4.893880367279053
140,best,-4.848461627960205
141,best,-4.158518314361572
142,best,-5.6891703605651855
143,best,-4.973141670227051
144,best,-4.995772838592529
145,best,-5.166409492492676
146,best,-5.039798259735107
147,best,-5.196855545043945
148,best,-5.562070846557617
149,best,-4.592921733856201
150,best,-5.29229736328125
151,best,-5.508525848388672
152,best,-4.136621475219727
153,best,-4.750613212585449
154,best,-4.628073215484619
155,best,-5.759696006774902
156,best,-4.628073215484619
157,best,-4.659541606903076
158,best,-4.612602233886719
159,best,-5.433686256408691
160,best,-4.8013410568237305
161,best,-4.505455493927002
162,best,-5.388194561004639
163,best,-5.780830383300781
164,best,-4.735660076141357
165,best,-4.901062965393066
166,best,-4.842529773712158
167,best,-4.684700012207031
168,best,-6.0141777992248535
169,best,-5.197083950042725
170,best,-5.594329833984375
171,best,-5.942844390869141
172,best,-5.799528121948242
173,best,-4.433058738708496
174,best,-5.5537495613098145
175,best,-4.718142986297607
176,best,-5.694285869598389
177,best,-4.926102161407471
178,best,-4.0774664878845215
179,best,-5.141429424285889
180,best,-3.802398681640625
181,best,-4.19180965423584
182,best,-4.078428745269775
183,best,-4.808084011077881
184,best,-5.141989231109619
185,best,-5.273934364318848
186,best,-4.241391658782959
187,best,-5.165011882781982
188,best,-4.860217571258545
189,best,-5.283114910125732
190,best,-5.502169609069824
191,best,-5.421233177185059
192,best,-4.571207046508789
193,best,-5.896564483642578
194,best,-4.8601789474487305
195,best,-4.023623466491699
196,best,-5.952577590942383
197,best,-4.289159297943115
198,best,-4.864683628082275
199,best,-3.7589433193206787
200,best,-3.6974682807922363
201,best,-4.4286789894104
202,best,-3.984931230545044
203,best,-3.584146022796631
204,best,-3.9885125160217285
205,best,-3.9885125160217285
206,best,-4.545539379119873
207,best,-4.212080478668213
208,best,-4.976603031158447
209,best,-4.489149570465088
210,best,-5.098875999450684
211,best,-4.602847576141357
212,best,-5.153994560241699
213,best,-5.213029384613037
214,best,-4.126773357391357
215,best,-4.518992900848389
216,best,-3.965587615966797
217,best,-5.456200122833252
218,best,-5.152168273925781
219,best,-5.142003059387207
220,best,-4.640462875366211
221,best,-5.441185474395752
222,best,-5.707112789154053
223,best,-6.276451587677002
224,best,-5.242084503173828
225,best,-5.7360053062438965
226,best,-5.815651893615723
227,best,-5.881392002105713
228,best,-6.166215896606445
229,best,-6.611656665802002
230,best,-5.321658134460449
231,best,-4.863209247589111
232,best,-5.7087321281433105
233,best,-5.500889301300049
234,best,-4.591691017150879
235,best,-5.349236011505127
236,best,-5.948825836181641
237,best,-6.090822696685791
238,best,-5.38408088684082
239,best,-4.616360664367676
240,best,-4.935086727142334
241,best,-6.173217296600342
242,best,-6.314881801605225
243,best,-5.039135932922363
244,best,-5.7605695724487305
245,best,-4.95791482925415
246,best,-6.394041538238525
247,best,-6.079161643981934
248,best,-6.149118423461914
249,best,-5.4547438621521
250,best,-6.555159568786621
251,best,-6.197024822235107
252,best,-4.591691017150879
253,best,-5.441185474395752
254,best,-5.441185474395752
255,best,-6.611656665802002
256,best,-5.620414733886719
257,best,-5.571771144866943
258,best,-5.974936485290527
259,best,-5.038244247436523
260,best,-5.413960933685303
261,best,-6.017712116241455
262,best,-5.14926290512085
263,best,-4.974254131317139
264,best,-5.15435266494751
265,best,-5.64243221282959
266,best,-6.133919715881348
267,best,-4.672397613525391
268,best,-5.6483025550842285
269,best,-5.598498344421387
270,best,-5.420344829559326
271,best,-5.8849310874938965
272,best,-5.987364768981934
273,best,-5.297399997711182
274,best,-4.849714279174805
275,best,-5.470015048980713
276,best,-5.1790618896484375
277,best,-4.913086414337158
278,best,-5.460585594177246
279,best,-6.075519561767578
280,best,-5.68359375
281,best,-5.278352737426758
282,best,-4.6414103507995605
283,best,-4.828311443328857
284,best,-6.1399078369140625
285,best,-5.601893901824951
286,best,-4.606942176818848
287,best,-5.026906967163086
288,best,-6.7096686363220215
289,best,-5.210208892822266
290,best,-6.0744781494140625
291,best,-6.0477986335754395
292,best,-6.315764427185059
293,best,-5.388275623321533
294,best,-5.918215274810791
295,best,-5.836570739746094
296,best,-6.584286212921143
297,best,-5.565228462219238
298,best,-5.377287864685059
299,best,-6.102450847625732
300,best,-5.377287864685059
301,best,-5.674729347229004
302,best,-6.0456647872924805
303,best,-5.366279602050781
304,best,-5.762240409851074
305,best,-5.2516350746154785
306,best,-5.726141929626465
307,best,-5.480143070220947
308,best,-5.00748348236084
309,best,-5.90864896774292
310,best,-5.836570739746094
311,best,-5.714997291564941
312,best,-5.838981628417969
313,best,-6.7096686363220215
314,best,-5.933830261230469
315,best,-5.480143070220947
316,best,-5.927188396453857
317,best,-5.578245639801025
318,best,-4.935263633728027
319,best,-6.133512020111084
320,best,-5.196554660797119
321,best,-6.709668159484863
322,best,-4.859119892120361
323,best,-5.56543493270874
324,best,-5.084105014801025
325,best,-6.149066925048828
326,best,-5.020944118499756
327,best,-5.60521936416626
328,best,-5.396252632141113
329,best,-4.786439418792725
330,best,-4.949666976928711
331,best,-6.222212791442871
332,best,-5.441110134124756
333,best,-5.996613025665283
334,best,-5.901211738586426
335,best,-5.910075664520264
336,best,-5.210870265960693
337,best,-5.903126239776611
338,best,-5.412636756896973
339,best,-6.251001834869385
340,best,-5.614553451538086
341,best,-5.400217056274414
342,best,-6.0772318840026855
343,best,-5.400217056274414
344,best,-5.618592262268066
345,best,-5.968175888061523
346,best,-5.4669623374938965
347,best,-6.3052849769592285
348,best,-5.3126325607299805
349,best,-5.558050155639648
350,best,-4.653039455413818
351,best,-5.764851093292236
352,best,-5.11093807220459
353,best,-5.684165000915527
354,best,-5.280755996704102
355,best,-5.312397003173828
356,best,-5.284653663635254
357,best,-5.702986717224121
358,best,-5.632383823394775
359,best,-5.87480354309082
360,best,-5.593023300170898
361,best,-5.355281829833984
362,best,-5.571013450622559
363,best,-5.272193908691406
364,best,-5.731508255004883
365,best,-5.115339756011963
366,best,-5.495903968811035
367,best,-5.6674652099609375
368,best,-5.892374038696289
369,best,-5.8053975105285645
370,best,-4.806001663208008
371,best,-5.63545036315918
372,best,-5.0817437171936035
373,best,-5.706226348876953
374,best,-5.564101219177246
375,best,-5.281438827514648
376,best,-5.306131362915039
377,best,-4.784038543701172
378,best,-5.144105434417725
379,best,-4.920942306518555
380,best,-4.998830318450928
381,best,-5.858021259307861
382,best,-5.2740159034729
383,best,-5.441524982452393
384,best,-5.221505165100098
385,best,-4.878927230834961
386,best,-5.6674652099609375
387,best,-5.382959365844727
388,best,-5.458177089691162
389,best,-4.896059989929199
390,best,-5.987845420837402
391,best,-5.1753129959106445
392,best,-5.046602249145508
393,best,-4.515142917633057
394,best,-5.511202812194824
395,best,-4.899779319763184
396,best,-5.234697341918945
397,best,-5.057379722595215
398,best,-5.2192888259887695
399,best,-5.027438640594482
400,best,-5.590342998504639
401,best,-5.318690299987793
402,best,-5.543881893157959
403,best,-5.254758358001709
404,best,-5.187525749206543
405,best,-5.391639232635498
406,best,-5.087475299835205
407,best,-5.504557132720947
408,best,-5.135684013366699
409,best,-5.860641956329346
410,best,-5.556640625
411,best,-6.78759765625
412,best,-6.917159080505371
413,best,-6.916702747344971
414,best,-5.566973686218262
415,best,-5.799249649047852
416,best,-6.2542405128479
417,best,-6.443841457366943
418,best,-6.107183933258057
419,best,-4.25057315826416
420,best,-6.0573225021362305
421,best,-6.577956199645996
422,best,-6.868488311767578
423,best,-5.697046279907227
424,best,-7.0020904541015625
425,best,-7.209481239318848
426,best,-6.655102729797363
427,best,-6.029970645904541
428,best,-6.5378499031066895
429,best,-6.344594478607178
430,best,-6.553638935089111
431,best,-6.729964733123779
432,best,-6.314299583435059
433,best,-6.843535900115967
434,best,-6.596377849578857
435,best,-5.797668933868408
436,best,-4.893272876739502
437,best,-6.036405086517334
438,best,-5.97929573059082
439,best,-6.714900493621826
440,best,-5.913095951080322
441,best,-5.993321418762207
442,best,-6.352483749389648
443,best,-6.544002056121826
444,best,-6.918080806732178
445,best,-6.444925308227539
446,best,-7.167459011077881
447,best,-6.636221408843994
448,best,-7.308898448944092
449,best,-6.112050533294678
450,best,-6.43500280380249
451,best,-6.058317184448242
452,best,-5.289661884307861
453,best,-5.089921951293945
454,best,-6.244751930236816
455,best,-6.284318923950195
456,best,-6.038704872131348
457,best,-5.11179256439209
458,best,-5.216451644897461
459,best,-5.709934234619141
460,best,-5.948486328125
461,best,-5.71928596496582
462,best,-4.487084865570068
463,best,-5.543522834777832
464,best,-5.91254997253418
465,best,-6.18631649017334
466,best,-5.0106987953186035
467,best,-5.879011154174805
468,best,-6.172305107116699
469,best,-6.054401397705078
470,best,-5.5002923011779785
471,best,-6.175284385681152
472,best,-4.553491115570068
473,best,-5.766199111938477
474,best,-4.854945182800293
475,best,-5.2017822265625
476,best,-5.769830703735352
477,best,-4.752945899963379
478,best,-5.138507843017578
479,best,-5.390908241271973
480,best,-5.123467445373535
481,best,-5.242331504821777
482,best,-4.802481651306152
483,best,-5.0882415771484375
484,best,-5.2523603439331055
485,best,-4.404077053070068
486,best,-5.27182674407959
487,best,-5.1225481033325195
488,best,-4.9636921882629395
489,best,-5.744024276733398
490,best,-5.9315409660339355
491,best,-5.144125461578369
492,best,-6.559676170349121
493,best,-5.853457450866699
494,best,-5.40007209777832
495,best,-5.285984516143799
496,best,-6.3921661376953125
497,best,-5.166982173919678
498,best,-5.794363975524902
499,best,-5.455539703369141
500,best,-5.596424579620361
501,best,-5.263996601104736
502,best,-7.2026543617248535
503,best,-5.7292094230651855
504,best,-5.6959052085876465
505,best,-5.824148654937744
506,best,-7.0132246017456055
507,best,-5.871570110321045
508,best,-4.823635578155518
509,best,-6.807521820068359
510,best,-6.279382705688477
511,best,-6.739493370056152
512,best,-5.947652339935303
513,best,-6.141834259033203
514,best,-6.993124485015869
515,best,-6.986435890197754
516,best,-5.170399188995361
517,best,-5.7905449867248535
518,best,-5.502874374389648
519,best,-4.802081108093262
520,best,-4.920797824859619
521,best,-4.873783111572266
522,best,-4.6314873695373535
523,best,-6.489509582519531
524,best,-5.423059940338135
525,best,-6.21436071395874
526,best,-4.591156005859375
527,best,-5.542713165283203
528,best,-6.849637031555176
529,best,-5.2590413093566895
530,best,-6.4323410987854
531,best,-6.603188514709473
532,best,-5.517906188964844
533,best,-6.283041954040527
534,best,-5.784468650817871
535,best,-6.349001407623291
536,best,-5.845216751098633
537,best,-5.393460750579834
538,best,-5.127303123474121
539,best,-5.66752815246582
540,best,-5.8752288818359375
541,best,-5.663007736206055
542,best,-6.013139247894287
543,best,-6.037205219268799
544,best,-6.159138202667236
545,best,-6.411802291870117
546,best,-5.424289703369141
547,best,-6.0678391456604
548,best,-5.852082252502441
549,best,-6.1974663734436035
550,best,-6.142381191253662
551,best,-5.384119987487793
552,best,-6.481624126434326
553,best,-5.58349084854126
554,best,-6.294763088226318
555,best,-5.050022602081299
556,best,-4.174001693725586
557,best,-5.671710968017578
558,best,-5.971698760986328
559,best,-5.366739749908447
560,best,-7.107444763183594
561,best,-6.832057952880859
562,best,-5.637760162353516
563,best,-4.861787796020508
564,best,-6.2220611572265625
565,best,-4.549394130706787
566,best,-5.597121715545654
567,best,-5.016012191772461
568,best,-5.0332183837890625
569,best,-4.4942851066589355
570,best,-5.206315517425537
571,best,-5.778229236602783
572,best,-5.631771087646484
573,best,-5.28415060043335
574,best,-6.8481950759887695
575,best,-5.6851420402526855
576,best,-7.348371982574463
577,best,-6.41796875
578,best,-6.41796875
579,best,-3.92773699760437
580,best,-5.366739749908447
581,best,-7.12692403793335
582,best,-6.026293754577637
583,best,-6.851914882659912
584,best,-5.4413628578186035
585,best,-6.350089073181152
586,best,-7.302864074707031
587,best,-4.96464204788208
588,best,-6.317727565765381
589,best,-5.48271369934082
590,best,-6.329216003417969
591,best,-4.612344741821289
592,best,-5.693098545074463
593,best,-5.6851420402526855
594,best,-5.492079734802246
595,best,-5.500229835510254
596,best,-5.715209007263184
597,best,-4.958695411682129
598,best,-5.707039833068848
599,best,-4.159209251403809
600,best,-5.775134086608887
601,best,-6.122847557067871
602,best,-5.861643314361572
603,best,-7.197404861450195
604,best,-7.379862308502197
605,best,-5.557247161865234
606,best,-4.870494365692139
607,best,-6.847721099853516
608,best,-5.355654239654541
609,best,-6.018430233001709
610,best,-6.089486598968506
611,best,-5.915848731994629
612,best,-4.697234630584717
613,best,-5.417120933532715
614,best,-6.3521318435668945
615,best,-6.4895148277282715
616,best,-5.291011333465576
617,best,-7.494614124298096
618,best,-5.995973110198975
619,best,-6.913015842437744
620,best,-6.005922317504883
621,best,-5.565964698791504
622,best,-6.012787342071533
623,best,-6.796473979949951
624,best,-6.826670169830322
625,best,-6.271503925323486
626,best,-5.758838653564453
627,best,-6.123530387878418
628,best,-6.143758296966553
629,best,-5.869874000549316
630,best,-5.815798282623291
631,best,-5.65350341796875
632,best,-5.450753211975098
633,best,-6.055755615234375
634,best,-6.778583526611328
635,best,-6.207190990447998
636,best,-6.773242950439453
637,best,-6.691776275634766
638,best,-6.823028564453125
639,best,-6.705565929412842
640,best,-5.760645866394043
641,best,-6.846447944641113
642,best,-5.952723026275635
643,best,-6.677422523498535
644,best,-6.466949939727783
645,best,-5.254504203796387
646,best,-6.805247783660889
647,best,-5.632841110229492
648,best,-5.011948108673096
649,best,-6.839386463165283
650,best,-6.750472068786621
651,best,-5.393815040588379
652,best,-6.961758613586426
653,best,-6.423941135406494
654,best,-5.881857872009277
655,best,-6.183909893035889
656,best,-5.07594633102417
657,best,-5.447981834411621
658,best,-7.2839035987854
659,best,-5.69760799407959
660,best,-5.428151607513428
661,best,-6.119960784912109
662,best,-6.546523094177246
663,best,-5.8698883056640625
664,best,-5.544822692871094
665,best,-5.951939105987549
666,best,-6.364836692810059
667,best,-6.459670066833496
668,best,-6.09337043762207
669,best,-5.652410507202148
670,best,-5.833983898162842
671,best,-6.0149102210998535
672,best,-5.146025657653809
673,best,-5.43930721282959
674,best,-5.01248836517334
675,best,-5.8210673332214355
676,best,-5.620929718017578
677,best,-6.794064521789551
678,best,-6.358548164367676
679,best,-6.713581562042236
680,best,-6.208826065063477
681,best,-7.137734889984131
682,best,-7.246622562408447
683,best,-6.172086715698242
684,best,-6.24162483215332
685,best,-7.652132987976074
686,best,-6.992686748504639
687,best,-5.166248798370361
688,best,-6.950947284698486
689,best,-8.182905197143555
690,best,-7.890821933746338
691,best,-6.77423620223999
692,best,-7.3450188636779785
693,best,-5.97716760635376
694,best,-6.454280853271484
695,best,-7.9980878829956055
696,best,-5.857431411743164
697,best,-8.062725067138672
698,best,-8.337998390197754
699,best,-8.105649948120117
700,best,-6.143431186676025
701,best,-7.196253299713135
702,best,-7.788884162902832
703,best,-8.904970169067383
704,best,-4.44891881942749
705,best,-5.736413955688477
706,best,-8.220220565795898
707,best,-9.24146556854248
708,best,-5.6027631759643555
709,best,-8.410491943359375
710,best,-6.635970115661621
711,best,-6.487949371337891
712,best,-7.196304798126221
713,best,-7.7251763343811035
714,best,-6.060768127441406
715,best,-7.345279216766357
716,best,-7.474560260772705
717,best,-6.68065881729126
718,best,-7.421073913574219
719,best,-5.82051420211792
720,best,-6.330240249633789
721,best,-7.881197929382324
722,best,-7.46798849105835
723,best,-5.914570331573486
724,best,-6.389906406402588
725,best,-7.220118045806885
726,best,-5.630728244781494
727,best,-6.316986560821533
728,best,-6.514453411102295
729,best,-6.384371280670166
730,best,-4.307463645935059
731,best,-6.102680206298828
732,best,-7.3026604652404785
733,best,-6.527849197387695
734,best,-5.700545310974121
735,best,-6.994507312774658
736,best,-5.195674419403076
737,best,-6.521848201751709
738,best,-7.627231597900391
739,best,-5.937014102935791
740,best,-6.994228363037109
741,best,-7.325388431549072
742,best,-6.7287917137146
743,best,-5.966999053955078
744,best,-6.7976393699646
745,best,-4.643516540527344
746,best,-5.660565376281738
747,best,-5.072786331176758
748,best,-5.956117630004883
749,best,-5.880623817443848
750,best,-5.832393169403076
751,best,-4.473025798797607
752,best,-5.45134162902832
753,best,-5.553752899169922
754,best,-7.131105422973633
755,best,-5.182969570159912
756,best,-6.24218225479126
757,best,-7.724475383758545
758,best,-7.345857620239258
759,best,-6.180438995361328
760,best,-6.800773620605469
761,best,-6.718719482421875
762,best,-6.69218111038208
763,best,-5.3776140213012695
764,best,-5.411769866943359
765,best,-5.815644264221191
766,best,-5.329075813293457
767,best,-5.702202320098877
768,best,-4.4147186279296875
769,best,-5.788534641265869
770,best,-5.6462297439575195
771,best,-5.447153568267822
772,best,-7.099379062652588
773,best,-5.881718635559082
774,best,-5.677676677703857
775,best,-6.458876609802246
776,best,-6.429000377655029
777,best,-6.21661901473999
778,best,-5.143917083740234
779,best,-7.521622657775879
780,best,-6.378193378448486
781,best,-6.644798755645752
782,best,-6.39562463760376
783,best,-5.6916303634643555
784,best,-4.000497817993164
785,best,-5.4224019050598145
786,best,-4.158316612243652
787,best,-5.409060478210449
788,best,-3.932757616043091
789,best,-4.556990623474121
790,best,-5.343067646026611
791,best,-4.273836135864258
792,best,-5.096806049346924
793,best,-5.282594203948975
794,best,-4.25461483001709
795,best,-3.930330991744995
796,best,-4.376853942871094
797,best,-4.2894206047058105
798,best,-5.585530757904053
799,best,-4.639524459838867
800,best,-4.885541915893555
801,best,-4.44063138961792
802,best,-3.5251193046569824
803,best,-6.72446346282959
804,best,-5.123554229736328
805,best,-5.6544189453125
806,best,-4.852452754974365
807,best,-4.0039496421813965
808,best,-3.5845324993133545
809,best,-4.569695472717285
810,best,-4.555919170379639
811,best,-5.919116497039795
812,best,-4.35186243057251
813,best,-5.440261363983154
814,best,-5.434834003448486
815,best,-5.581964015960693
816,best,-5.535609245300293
817,best,-4.3047566413879395
818,best,-4.136981010437012
819,best,-4.670653343200684
820,best,-3.5334765911102295
821,best,-4.869528770446777
822,best,-5.337767124176025
823,best,-5.1333160400390625
824,best,-5.458468914031982
825,best,-3.7811691761016846
826,best,-4.334765434265137
827,best,-4.717060565948486
828,best,-5.6208014488220215
829,best,-4.741975784301758
830,best,-5.717706203460693
831,best,-4.546194553375244
832,best,-5.461709022521973
833,best,-5.349035263061523
834,best,-4.734775543212891
835,best,-5.311659336090088
836,best,-5.6918559074401855
837,best,-5.0519118309021
838,best,-4.671765327453613
839,best,-4.778004169464111
840,best,-4.863993167877197
841,best,-5.125514030456543
842,best,-5.164102554321289
843,best,-5.450915336608887
844,best,-4.9659318923950195
845,best,-4.396714210510254
846,best,-6.104580402374268
847,best,-4.880960941314697
848,best,-3.642469644546509
849,best,-6.252129554748535
850,best,-5.429473400115967
851,best,-4.439301490783691
852,best,-5.498382091522217
853,best,-4.388829708099365
854,best,-5.067648887634277
855,best,-5.552857398986816
856,best,-5.587982177734375
857,best,-4.289720058441162
858,best,-6.581257343292236
859,best,-4.289720058441162
860,best,-4.1052775382995605
861,best,-4.268117427825928
862,best,-5.604241371154785
863,best,-5.06566047668457
864,best,-4.590806484222412
865,best,-4.3271403312683105
866,best,-6.414164066314697
867,best,-3.460218906402588
868,best,-4.81298828125
869,best,-4.095368385314941
870,best,-4.608938217163086
871,best,-5.581600189208984
872,best,-3.813969850540161
873,best,-5.825456142425537
874,best,-4.733428478240967
875,best,-4.3271403312683105
876,best,-4.771052837371826
877,best,-5.332371234893799
878,best,-4.3491997718811035
879,best,-5.17392635345459
880,best,-4.874016284942627
881,best,-6.156319618225098
882,best,-6.3687896728515625
883,best,-4.395332336425781
884,best,-4.377547740936279
885,best,-4.095368385314941
886,best,-5.268798351287842
887,best,-4.722654819488525
888,best,-6.252129554748535
889,best,-5.557870388031006
890,best,-5.376317977905273
891,best,-4.212307929992676
892,best,-5.665687561035156
893,best,-5.543271064758301
894,best,-4.750985622406006
895,best,-5.118457794189453
896,best,-5.076445579528809
897,best,-5.221967697143555
898,best,-5.624414920806885
899,best,-5.425024032592773
900,best,-5.0018720626831055
901,best,-6.128647804260254
902,best,-5.0018720626831055
903,best,-4.445941925048828
904,best,-4.842092990875244
905,best,-5.660006523132324
906,best,-5.558995723724365
907,best,-5.254477024078369
908,best,-5.213847637176514
909,best,-6.49037504196167
910,best,-4.815023899078369
911,best,-4.6252264976501465
912,best,-4.664562702178955
913,best,-4.717923164367676
914,best,-5.274537563323975
915,best,-4.664562702178955
916,best,-5.343732833862305
917,best,-5.6342573165893555
918,best,-4.8879618644714355
919,best,-4.9313154220581055
920,best,-5.375431537628174
921,best,-5.736124038696289
922,best,-4.390145778656006
923,best,-4.688784122467041
924,best,-5.234626770019531
925,best,-5.553216457366943
926,best,-5.414497375488281
927,best,-5.152059555053711
928,best,-5.930997848510742
929,best,-4.7711310386657715
930,best,-4.950811862945557
931,best,-5.405664443969727
932,best,-4.966101169586182
933,best,-4.826684474945068
934,best,-5.659775257110596
935,best,-6.525460243225098
936,best,-4.965667247772217
937,best,-4.878321170806885
938,best,-5.608041763305664
939,best,-5.415502071380615
940,best,-5.937190532684326
941,best,-5.701748371124268
942,best,-6.4597578048706055
943,best,-4.617434501647949
944,best,-5.411372184753418
945,best,-4.913612365722656
946,best,-4.89816427230835
947,best,-5.209860801696777
948,best,-4.320563793182373
949,best,-5.499666690826416
950,best,-6.11140251159668
951,best,-5.282263278961182
952,best,-4.332216739654541
953,best,-5.225507736206055
954,best,-4.574530124664307
955,best,-4.844045639038086
956,best,-4.89015531539917
957,best,-4.999847412109375
958,best,-4.844045639038086
959,best,-5.040131092071533
960,best,-5.536815166473389
961,best,-5.17623233795166
962,best,-5.016279697418213
963,best,-5.127277374267578
964,best,-5.536452293395996
965,best,-4.3304219245910645
966,best,-4.946621417999268
967,best,-5.2462849617004395
968,best,-5.350231170654297
969,best,-5.108783721923828
970,best,-5.461803436279297
971,best,-5.640396595001221
972,best,-4.798748016357422
973,best,-4.712996959686279
974,best,-7.7338547706604
975,best,-7.111977577209473
976,best,-5.0939860343933105
977,best,-5.558633327484131
978,best,-6.940399169921875
979,best,-5.947025775909424
980,best,-5.088382720947266
981,best,-7.126658916473389
982,best,-3.9426310062408447
983,best,-5.242693901062012
984,best,-5.234969615936279
985,best,-4.994739055633545
986,best,-5.006640434265137
987,best,-6.022842884063721
988,best,-4.585492134094238
989,best,-6.371996879577637
990,best,-5.961935043334961
991,best,-4.426938533782959
992,best,-5.649256706237793
993,best,-5.60765266418457
994,best,-5.812441349029541
995,best,-5.920105457305908
996,best,-6.620820999145508
997,best,-6.151238918304443
998,best,-6.093070983886719
999,best,-5.451045036315918
1000,best,-4.911594867706299
1001,best,-6.136604309082031
1002,best,-5.7749342918396
1003,best,-4.961265563964844
1004,best,-7.185460567474365
1005,best,-6.238738059997559
1006,best,-5.22983455657959
1007,best,-6.337581157684326
1008,best,-5.686832904815674
1009,best,-6.120589256286621
1010,best,-4.719302654266357
1011,best,-5.1294636726379395
1012,best,-4.870156288146973
1013,best,-5.403043270111084
1014,best,-6.2921342849731445
1015,best,-6.130299091339111
1016,best,-4.90395450592041
1017,best,-6.756095886230469
1018,best,-6.676064491271973
1019,best,-4.95380163192749
1020,best,-5.778131484985352
1021,best,-6.277153491973877
1022,best,-5.750518321990967
1023,best,-4.900397777557373
1024,best,-6.138912677764893
1025,best,-4.096580982208252
1026,best,-5.0733842849731445
1027,best,-5.218891620635986
1028,best,-4.690597057342529
1029,best,-5.08459997177124
1030,best,-5.201301574707031
1031,best,-5.105809211730957
1032,best,-5.823846817016602
1033,best,-5.858647346496582
1034,best,-4.787688732147217
1035,best,-5.322504997253418
1036,best,-6.103381633758545
1037,best,-5.237154006958008
1038,best,-4.106693744659424
1039,best,-4.351039409637451
1040,best,-6.152420520782471
1041,best,-5.161041736602783
1042,best,-4.8486504554748535
1043,best,-5.612983703613281
1044,best,-4.6270928382873535
1045,best,-4.868112087249756
1046,best,-5.875431060791016
1047,best,-4.933967590332031
1048,best,-4.401157379150391
1049,best,-5.603058815002441
1050,best,-4.480247974395752
1051,best,-4.649038791656494
1052,best,-6.079971790313721
1053,best,-5.484257221221924
1054,best,-5.30836296081543
1055,best,-5.106154918670654
1056,best,-4.428423881530762
1057,best,-6.007896900177002
1058,best,-5.780810356140137
1059,best,-5.468331813812256
1060,best,-5.081413269042969
1061,best,-4.792137145996094
1062,best,-4.931790828704834
1063,best,-5.758557319641113
1064,best,-5.912805557250977
1065,best,-5.890365123748779
1066,best,-5.192765235900879
1067,best,-4.7192230224609375
1068,best,-4.330892562866211
1069,best,-4.003947734832764
1070,best,-4.945448398590088
1071,best,-5.268366813659668
1072,best,-4.59257698059082
1073,best,-5.114404678344727
1074,best,-5.947134494781494
1075,best,-4.435677528381348
1076,best,-4.92479944229126
1077,best,-4.212295055389404
1078,best,-4.925546646118164
1079,best,-5.451915740966797
1080,best,-5.052055358886719
1081,best,-4.476901531219482
1082,best,-5.324127197265625
1083,best,-4.681220054626465
1084,best,-4.681220054626465
1085,best,-4.8513407707214355
1086,best,-4.555121898651123
1087,best,-4.645355224609375
1088,best,-4.524709224700928
1089,best,-5.371589183807373
1090,best,-5.183780193328857
1091,best,-4.5136919021606445
1092,best,-4.540346622467041
1093,best,-4.945492267608643
1094,best,-5.001987934112549
1095,best,-4.967281818389893
1096,best,-4.223480224609375
1097,best,-5.7116827964782715
1098,best,-4.377631664276123
1099,best,-5.012636661529541
1100,best,-5.1572651863098145
1101,best,-4.427577495574951
1102,best,-5.601708889007568
1103,best,-5.578188419342041
1104,best,-5.656947612762451
1105,best,-4.604272365570068
1106,best,-6.332550048828125
1107,best,-5.319848537445068
1108,best,-4.701493740081787
1109,best,-5.115363597869873
1110,best,-6.999715328216553
1111,best,-4.6006903648376465
1112,best,-5.479196071624756
1113,best,-5.089417934417725
1114,best,-4.688821315765381
1115,best,-4.533652305603027
1116,best,-5.319848537445068
1117,best,-4.811479091644287
1118,best,-3.993434429168701
1119,best,-4.449388027191162
1120,best,-4.057657241821289
1121,best,-5.24377965927124
1122,best,-5.046511650085449
1123,best,-4.624170780181885
1124,best,-4.248516082763672
1125,best,-4.917804718017578
1126,best,-4.646790504455566
1127,best,-4.646790504455566
1128,best,-4.5352702140808105
1129,best,-4.386285781860352
1130,best,-4.355143070220947
1131,best,-4.406735420227051
1132,best,-4.826861381530762
1133,best,-4.66989278793335
1134,best,-4.479456901550293
1135,best,-4.711728096008301
1136,best,-4.611876010894775
1137,best,-4.430492877960205
1138,best,-4.603856563568115
1139,best,-5.0788350105285645
1140,best,-5.759731769561768
1141,best,-4.7637739181518555
1142,best,-4.32625675201416
1143,best,-4.928267955780029
1144,best,-5.412438869476318
1145,best,-4.987403869628906
1146,best,-5.1728668212890625
1147,best,-5.405324459075928
1148,best,-5.985556602478027
1149,best,-5.828461170196533
1150,best,-5.907344341278076
1151,best,-5.88666296005249
1152,best,-5.452860355377197
1153,best,-6.187397003173828
1154,best,-4.063342571258545
1155,best,-5.88666296005249
1156,best,-4.884111404418945
1157,best,-6.140846252441406
1158,best,-5.3800368309021
1159,best,-4.815876483917236
1160,best,-5.496346950531006
1161,best,-5.384633541107178
1162,best,-4.735193252563477
1163,best,-4.557404041290283
1164,best,-4.938950061798096
1165,best,-6.685492038726807
1166,best,-5.384633541107178
1167,best,-4.488900661468506
1168,best,-5.877783298492432
1169,best,-7.695302486419678
1170,best,-5.36930513381958
1171,best,-5.0960469245910645
1172,best,-5.773044586181641
1173,best,-5.773044586181641
1174,best,-6.211872577667236
1175,best,-4.623658657073975
1176,best,-4.394540309906006
1177,best,-4.916012763977051
1178,best,-5.399299621582031
1179,best,-4.669161319732666
1180,best,-5.743605136871338
1181,best,-4.938950061798096
1182,best,-4.748752117156982
1183,best,-4.870231628417969
1184,best,-4.50424337387085
1185,best,-4.308158874511719
1186,best,-4.697667598724365
1187,best,-4.838683605194092
1188,best,-4.876148223876953
1189,best,-4.480720043182373
1190,best,-4.76757287979126
1191,best,-5.70548677444458
1192,best,-5.069041728973389
1193,best,-4.9512939453125
1194,best,-5.0815277099609375
1195,best,-4.9525885581970215
1196,best,-5.240835666656494
1197,best,-3.9673409461975098
1198,best,-5.0815277099609375
1199,best,-4.532894611358643
1200,best,-5.369518280029297
1201,best,-5.0884504318237305
1202,best,-6.336047649383545
1203,best,-5.490373611450195
1204,best,-6.118917465209961
1205,best,-5.362600326538086
1206,best,-5.700185298919678
1207,best,-4.749605655670166
1208,best,-6.50381326675415
1209,best,-6.187236785888672
1210,best,-5.662703514099121
1211,best,-5.0344719886779785
1212,best,-6.951685905456543
1213,best,-5.6693949699401855
1214,best,-5.630596160888672
1215,best,-4.862515449523926
1216,best,-5.738542079925537
1217,best,-5.572041034698486
1218,best,-6.155364036560059
1219,best,-5.850412845611572
1220,best,-5.400615692138672
1221,best,-6.308676719665527
1222,best,-6.148733139038086
1223,best,-5.400432109832764
1224,best,-5.275907039642334
1225,best,-5.76542854309082
1226,best,-5.818511486053467
1227,best,-5.735348701477051
1228,best,-4.954143047332764
1229,best,-5.006758689880371
1230,best,-5.083040237426758
1231,best,-6.668391704559326
1232,best,-5.46657657623291
1233,best,-5.75356388092041
1234,best,-5.212133407592773
1235,best,-6.432098388671875
1236,best,-5.473924160003662
1237,best,-6.663905620574951
1238,best,-6.517345428466797
1239,best,-5.621090888977051
1240,best,-4.893290042877197
1241,best,-5.796154022216797
1242,best,-5.75310754776001
1243,best,-5.580765247344971
1244,best,-5.536313056945801
1245,best,-5.3798089027404785
1246,best,-4.701687335968018
1247,best,-5.007318019866943
1248,best,-4.994316577911377
1249,best,-5.4033660888671875
1250,best,-4.264585018157959
1251,best,-5.946891784667969
1252,best,-5.09076452255249
1253,best,-5.193688869476318
1254,best,-4.931249618530273
1255,best,-6.182801246643066
1256,best,-5.309292316436768
1257,best,-5.2570109367370605
1258,best,-4.459768772125244
1259,best,-4.878844261169434
1260,best,-5.146980285644531
1261,best,-5.299998760223389
1262,best,-5.250476837158203
1263,best,-4.610544204711914
1264,best,-5.088037967681885
1265,best,-6.408641338348389
1266,best,-6.06987190246582
1267,best,-5.6982741355896
1268,best,-5.882343769073486
1269,best,-7.44479513168335
1270,best,-5.6089606285095215
1271,best,-7.498356342315674
1272,best,-6.409887313842773
1273,best,-6.051708221435547
1274,best,-6.003067493438721
1275,best,-5.6917901039123535
1276,best,-6.533195972442627
1277,best,-5.725947856903076
1278,best,-5.818403720855713
1279,best,-5.352540493011475
1280,best,-4.822393894195557
1281,best,-6.738410472869873
1282,best,-7.130672454833984
1283,best,-5.946774482727051
1284,best,-5.637639045715332
1285,best,-7.56198263168335
1286,best,-5.837985515594482
1287,best,-7.059056758880615
1288,best,-5.921631336212158
1289,best,-7.157382965087891
1290,best,-6.336852550506592
1291,best,-6.415582656860352
1292,best,-6.534767150878906
1293,best,-6.993875503540039
1294,best,-6.798006057739258
1295,best,-5.6982741355896
1296,best,-7.019712448120117
1297,best,-6.201371669769287
1298,best,-6.254422664642334
1299,best,-5.561351299285889
1300,best,-4.822393894195557
1301,best,-5.5148138999938965
1302,best,-7.474338531494141
1303,best,-6.593173503875732
1304,best,-6.497894287109375
1305,best,-6.580905914306641
1306,best,-6.017568111419678
1307,best,-6.262508392333984
1308,best,-5.415477275848389
1309,best,-4.595454216003418
1310,best,-5.467870235443115
1311,best,-5.135614395141602
1312,best,-6.4928741455078125
1313,best,-4.9313459396362305
1314,best,-5.922362804412842
1315,best,-5.535913944244385
1316,best,-5.312870025634766
1317,best,-5.184317111968994
1318,best,-4.645637512207031
1319,best,-5.498969078063965
1320,best,-5.134350776672363
1321,best,-4.906061172485352
1322,best,-4.453047752380371
1323,best,-4.043484210968018
1324,best,-5.771008491516113
1325,best,-5.693958282470703
1326,best,-5.319703102111816
1327,best,-5.030099868774414
1328,best,-4.422060966491699
1329,best,-4.856332302093506
1330,best,-4.856332302093506
1331,best,-5.759358882904053
1332,best,-6.202057361602783
1333,best,-4.694294452667236
1334,best,-5.644975662231445
1335,best,-4.906800746917725
1336,best,-5.248804092407227
1337,best,-4.975645542144775
1338,best,-4.461581230163574
1339,best,-4.695693492889404
1340,best,-4.895165920257568
1341,best,-5.408365249633789
1342,best,-5.147802352905273
1343,best,-4.312213897705078
1344,best,-5.164145469665527
1345,best,-4.387120723724365
1346,best,-4.430837631225586
1347,best,-4.372550964355469
1348,best,-4.736057758331299
1349,best,-4.724722385406494
1350,best,-4.329265117645264
1351,best,-4.567928314208984
1352,best,-6.186848163604736
1353,best,-4.335029602050781
1354,best,-5.322495937347412
1355,best,-4.1850080490112305
1356,best,-5.057236194610596
1357,best,-4.346094608306885
1358,best,-4.817163467407227
1359,best,-4.308832168579102
1360,best,-4.7464141845703125
1361,best,-4.236311435699463
1362,best,-4.343140602111816
1363,best,-4.763809680938721
1364,best,-5.25042724609375
1365,best,-5.292441368103027
1366,best,-4.469478607177734
1367,best,-5.126315116882324
