item_id,model_state,score
0,initial,-6.202125549316406
1,initial,-8.651871681213379
2,initial,-7.046237945556641
3,initial,-7.119260787963867
4,initial,-5.928046703338623
5,initial,-8.610278129577637
6,initial,-6.2005181312561035
7,initial,-8.303635597229004
8,initial,-6.0370025634765625
9,initial,-6.9465508460998535
10,initial,-7.278980255126953
11,initial,-6.33034610748291
12,initial,-6.333034992218018
13,initial,-6.374736785888672
14,initial,-6.420087814331055
15,initial,-6.717315673828125
16,initial,-8.011099815368652
17,initial,-6.33034610748291
18,initial,-7.77055025100708
19,initial,-7.046237945556641
20,initial,-7.436542510986328
21,initial,-7.77851676940918
22,initial,-7.57668924331665
23,initial,-6.6229400634765625
24,initial,-6.128039836883545
25,initial,-7.77851676940918
26,initial,-7.524168014526367
27,initial,-6.9294962882995605
28,initial,-6.543666362762451
29,initial,-7.524168014526367
30,initial,-6.90863561630249
31,initial,-7.681743621826172
32,initial,-6.180910587310791
33,initial,-7.926666736602783
34,initial,-8.530080795288086
35,initial,-7.0875678062438965
36,initial,-6.542561054229736
37,initial,-7.34481954574585
38,initial,-6.330886363983154
39,initial,-7.708961486816406
40,initial,-7.653514385223389
41,initial,-5.984735488891602
42,initial,-7.066600799560547
43,initial,-6.134235858917236
44,initial,-6.932126045227051
45,initial,-8.122902870178223
46,initial,-6.334602355957031
47,initial,-7.183114051818848
48,initial,-7.967559814453125
49,initial,-7.4302849769592285
50,initial,-7.505882263183594
51,initial,-7.629361152648926
52,initial,-6.682302474975586
53,initial,-6.7767839431762695
54,initial,-6.840950965881348
55,initial,-6.766849040985107
56,initial,-6.800116539001465
57,initial,-7.19174337387085
58,initial,-7.069828033447266
59,initial,-6.729588985443115
60,initial,-7.0311198234558105
61,initial,-8.115147590637207
62,initial,-8.348856925964355
63,initial,-8.33322525024414
64,initial,-8.448996543884277
65,initial,-7.309458255767822
66,initial,-7.68748140335083
67,initial,-6.765174865722656
68,initial,-7.620467662811279
69,initial,-6.7122578620910645
70,initial,-8.503500938415527
71,initial,-6.739148139953613
72,initial,-7.552258014678955
73,initial,-8.065049171447754
74,initial,-8.263933181762695
75,initial,-8.548242568969727
76,initial,-7.909505367279053
77,initial,-6.867960453033447
78,initial,-7.515251636505127
79,initial,-6.837801456451416
80,initial,-5.96931266784668
81,initial,-7.7974653244018555
82,initial,-6.698590278625488
83,initial,-6.190478801727295
84,initial,-6.0542473793029785
85,initial,-5.8916497230529785
86,initial,-6.20212459564209
87,initial,-7.278423309326172
88,initial,-8.275067329406738
89,initial,-6.023849010467529
90,initial,-6.81651496887207
91,initial,-7.015873432159424
92,initial,-6.837286472320557
93,initial,-5.528966903686523
94,initial,-6.442400932312012
95,initial,-6.589173793792725
96,initial,-7.811619758605957
97,initial,-5.206147193908691
98,initial,-6.352498531341553
99,initial,-5.511025428771973
100,initial,-7.68896484375
101,initial,-6.478786945343018
102,initial,-6.704363822937012
103,initial,-6.936463832855225
104,initial,-7.227421760559082
105,initial,-6.923256874084473
106,initial,-5.616947650909424
107,initial,-7.345903396606445
108,initial,-7.227421760559082
109,initial,-5.711207389831543
110,initial,-8.169112205505371
111,initial,-6.82230281829834
112,initial,-6.441176891326904
113,initial,-7.496157646179199
114,initial,-6.814175605773926
115,initial,-6.192263126373291
116,initial,-6.959784030914307
117,initial,-8.007908821105957
118,initial,-6.712713718414307
119,initial,-6.996738433837891
120,initial,-7.543420314788818
121,initial,-7.382238864898682
122,initial,-5.65664529800415
123,initial,-6.357223033905029
124,initial,-6.667735576629639
125,initial,-5.65664529800415
126,initial,-7.707950592041016
127,initial,-6.676519870758057
128,initial,-7.165150165557861
129,initial,-6.411258697509766
130,initial,-6.494953632354736
131,initial,-5.9669671058654785
132,initial,-7.061233043670654
133,initial,-6.886462688446045
134,initial,-6.092807769775391
135,initial,-7.284825801849365
136,initial,-6.718512058258057
137,initial,-7.735473155975342
138,initial,-6.5317487716674805
139,initial,-7.6018595695495605
140,initial,-6.6982831954956055
141,initial,-6.128309726715088
142,initial,-7.612941265106201
143,initial,-6.264761924743652
144,initial,-7.103442192077637
145,initial,-7.273045063018799
146,initial,-6.924386978149414
147,initial,-6.897567272186279
148,initial,-7.213656902313232
149,initial,-6.695117950439453
150,initial,-7.356067180633545
151,initial,-7.354815483093262
152,initial,-6.182345390319824
153,initial,-6.046777725219727
154,initial,-6.598684310913086
155,initial,-7.003949165344238
156,initial,-6.598684310913086
157,initial,-6.782177925109863
158,initial,-6.590217590332031
159,initial,-6.613362789154053
160,initial,-7.083296298980713
161,initial,-6.802398204803467
162,initial,-7.76662540435791
163,initial,-8.36837100982666
164,initial,-7.3810505867004395
165,initial,-7.36538553237915
166,initial,-6.413211822509766
167,initial,-6.958072185516357
168,initial,-8.632576942443848
169,initial,-6.574516296386719
170,initial,-8.367132186889648
171,initial,-7.345620632171631
172,initial,-7.897190093994141
173,initial,-7.270291805267334
174,initial,-7.475874423980713
175,initial,-7.103065013885498
176,initial,-8.014781951904297
177,initial,-7.817773342132568
178,initial,-6.133568286895752
179,initial,-7.819940567016602
180,initial,-5.280129909515381
181,initial,-5.818770885467529
182,initial,-5.830366134643555
183,initial,-5.640626430511475
184,initial,-6.83286714553833
185,initial,-6.959177017211914
186,initial,-5.82483434677124
187,initial,-7.209283828735352
188,initial,-6.869564056396484
189,initial,-7.216531753540039
190,initial,-7.580397605895996
191,initial,-7.08933162689209
192,initial,-6.080368518829346
193,initial,-7.5693817138671875
194,initial,-6.428030967712402
195,initial,-5.196803569793701
196,initial,-7.814557075500488
197,initial,-5.8244781494140625
198,initial,-6.860175132751465
199,initial,-5.419269561767578
200,initial,-5.652992248535156
201,initial,-6.736527919769287
202,initial,-6.0005645751953125
203,initial,-5.439671516418457
204,initial,-5.308724403381348
205,initial,-5.308724403381348
206,initial,-5.959964275360107
207,initial,-6.371878147125244
208,initial,-7.343801975250244
209,initial,-6.889161586761475
210,initial,-6.914482116699219
211,initial,-7.042293548583984
212,initial,-7.403736114501953
213,initial,-6.54808235168457
214,initial,-5.531822204589844
215,initial,-6.834319114685059
216,initial,-6.237588882446289
217,initial,-7.580928325653076
218,initial,-7.413018703460693
219,initial,-7.541613578796387
220,initial,-6.928905010223389
221,initial,-7.344843864440918
222,initial,-7.373973846435547
223,initial,-8.493157386779785
224,initial,-6.999171733856201
225,initial,-7.977654457092285
226,initial,-8.164931297302246
227,initial,-7.782820701599121
228,initial,-7.47080659866333
229,initial,-8.600049018859863
230,initial,-7.639057636260986
231,initial,-6.968581199645996
232,initial,-7.871219158172607
233,initial,-7.74648380279541
234,initial,-6.999621391296387
235,initial,-7.778591632843018
236,initial,-8.499187469482422
237,initial,-8.502745628356934
238,initial,-7.373888969421387
239,initial,-6.819363594055176
240,initial,-7.264988899230957
241,initial,-8.674656867980957
242,initial,-8.139260292053223
243,initial,-7.410680770874023
244,initial,-7.9629740715026855
245,initial,-7.176487922668457
246,initial,-8.55635929107666
247,initial,-7.761526584625244
248,initial,-7.298244953155518
249,initial,-7.706455230712891
250,initial,-8.232112884521484
251,initial,-7.441810607910156
252,initial,-6.999621391296387
253,initial,-7.344844341278076
254,initial,-7.344844341278076
255,initial,-8.600049018859863
256,initial,-7.755560398101807
257,initial,-7.005453586578369
258,initial,-8.514816284179688
259,initial,-7.161498546600342
260,initial,-7.9613189697265625
261,initial,-7.813889026641846
262,initial,-7.280409812927246
263,initial,-6.318451881408691
264,initial,-6.596286773681641
265,initial,-6.803874969482422
266,initial,-7.811594486236572
267,initial,-6.282458782196045
268,initial,-7.488017559051514
269,initial,-7.2542572021484375
270,initial,-6.888678550720215
271,initial,-6.826231479644775
272,initial,-7.6017351150512695
273,initial,-7.035769462585449
274,initial,-6.350245952606201
275,initial,-6.934966564178467
276,initial,-6.934947967529297
277,initial,-6.340036392211914
278,initial,-7.131998538970947
279,initial,-7.667643070220947
280,initial,-7.303606986999512
281,initial,-6.6758246421813965
282,initial,-6.252861976623535
283,initial,-6.507137298583984
284,initial,-8.077163696289062
285,initial,-7.425441265106201
286,initial,-6.540945053100586
287,initial,-7.072761535644531
288,initial,-8.452604293823242
289,initial,-7.354989051818848
290,initial,-8.212213516235352
291,initial,-8.173423767089844
292,initial,-8.082343101501465
293,initial,-7.200547218322754
294,initial,-8.107640266418457
295,initial,-7.747679710388184
296,initial,-8.332388877868652
297,initial,-7.00236177444458
298,initial,-7.193936824798584
299,initial,-7.232155799865723
300,initial,-7.193936824798584
301,initial,-7.606276035308838
302,initial,-7.860678672790527
303,initial,-7.07136869430542
304,initial,-6.9038872718811035
305,initial,-7.341705322265625
306,initial,-7.406081199645996
307,initial,-6.992425441741943
308,initial,-7.243855953216553
309,initial,-7.4950056076049805
310,initial,-7.747679710388184
311,initial,-7.759341239929199
312,initial,-7.872363567352295
313,initial,-8.452604293823242
314,initial,-7.838143348693848
315,initial,-6.992425441741943
316,initial,-7.397159099578857
317,initial,-7.601816654205322
318,initial,-6.920669078826904
319,initial,-8.006147384643555
320,initial,-6.903436183929443
321,initial,-8.452604293823242
322,initial,-6.772237777709961
323,initial,-7.702218532562256
324,initial,-6.707335948944092
325,initial,-8.048177719116211
326,initial,-6.2957305908203125
327,initial,-7.300905704498291
328,initial,-6.823635101318359
329,initial,-6.10213041305542
330,initial,-6.528486251831055
331,initial,-7.7804107666015625
332,initial,-7.116336345672607
333,initial,-7.8619065284729
334,initial,-7.757768630981445
335,initial,-7.520053863525391
336,initial,-6.6755523681640625
337,initial,-7.659393310546875
338,initial,-7.14460563659668
339,initial,-7.801727771759033
340,initial,-6.819178581237793
341,initial,-6.846307277679443
342,initial,-6.922820091247559
343,initial,-6.846307277679443
344,initial,-7.207106113433838
345,initial,-7.4552154541015625
346,initial,-6.9105658531188965
347,initial,-7.659761905670166
348,initial,-6.863043785095215
349,initial,-6.906484603881836
350,initial,-6.142347812652588
351,initial,-7.268072128295898
352,initial,-6.409832000732422
353,initial,-7.145720481872559
354,initial,-6.721783638000488
355,initial,-6.755157947540283
356,initial,-6.386309623718262
357,initial,-7.209483623504639
358,initial,-6.995360374450684
359,initial,-7.274222373962402
360,initial,-6.762117862701416
361,initial,-6.307679653167725
362,initial,-6.853577613830566
363,initial,-6.686217308044434
364,initial,-7.280851364135742
365,initial,-6.475653648376465
366,initial,-7.200311660766602
367,initial,-6.861845016479492
368,initial,-7.51743745803833
369,initial,-7.094974517822266
370,initial,-6.093961715698242
371,initial,-7.191506385803223
372,initial,-6.00471305847168
373,initial,-7.126777648925781
374,initial,-6.979579925537109
375,initial,-6.27243185043335
376,initial,-6.93018913269043
377,initial,-6.172053813934326
378,initial,-6.51395320892334
379,initial,-5.940224647521973
380,initial,-6.256503105163574
381,initial,-7.245228290557861
382,initial,-6.521910190582275
383,initial,-6.231014728546143
384,initial,-6.655892372131348
385,initial,-6.309686660766602
386,initial,-6.861845016479492
387,initial,-6.775118350982666
388,initial,-7.055704116821289
389,initial,-6.289572715759277
390,initial,-7.264943599700928
391,initial,-6.615544319152832
392,initial,-6.362103462219238
393,initial,-5.755883693695068
394,initial,-6.962267875671387
395,initial,-6.338715553283691
396,initial,-6.701638698577881
397,initial,-6.5222578048706055
398,initial,-6.607032775878906
399,initial,-6.249919891357422
400,initial,-7.081862449645996
401,initial,-6.80414342880249
402,initial,-6.9299821853637695
403,initial,-6.4267096519470215
404,initial,-6.143599510192871
405,initial,-6.704134941101074
406,initial,-6.635016441345215
407,initial,-6.988707065582275
408,initial,-6.325775623321533
409,initial,-7.022270679473877
410,initial,-7.124136924743652
411,initial,-7.830658435821533
412,initial,-8.680312156677246
413,initial,-7.919178485870361
414,initial,-7.337743282318115
415,initial,-7.128094673156738
416,initial,-7.515200138092041
417,initial,-8.018778800964355
418,initial,-7.2275776863098145
419,initial,-6.049867630004883
420,initial,-7.27722692489624
421,initial,-8.268938064575195
422,initial,-8.3905668258667
423,initial,-7.084878921508789
424,initial,-8.433526039123535
425,initial,-8.454179763793945
426,initial,-7.951549053192139
427,initial,-7.293633460998535
428,initial,-8.066176414489746
429,initial,-7.0326056480407715
430,initial,-8.261091232299805
431,initial,-8.30075740814209
432,initial,-7.651459693908691
433,initial,-8.481951713562012
434,initial,-8.065119743347168
435,initial,-6.9256591796875
436,initial,-6.59059476852417
437,initial,-7.697239875793457
438,initial,-7.1311211585998535
439,initial,-8.262718200683594
440,initial,-7.375721454620361
441,initial,-7.645504474639893
442,initial,-7.122608661651611
443,initial,-7.700592994689941
444,initial,-8.19173526763916
445,initial,-7.744320392608643
446,initial,-8.582600593566895
447,initial,-8.01695728302002
448,initial,-8.838117599487305
449,initial,-7.360138416290283
450,initial,-7.719261646270752
451,initial,-6.6816205978393555
452,initial,-7.0406341552734375
453,initial,-6.651579856872559
454,initial,-7.74416446685791
455,initial,-8.21554183959961
456,initial,-7.627025127410889
457,initial,-6.9713568687438965
458,initial,-6.860381603240967
459,initial,-7.379628658294678
460,initial,-7.734338760375977
461,initial,-7.088383197784424
462,initial,-5.978986740112305
463,initial,-6.670620441436768
464,initial,-7.503651142120361
465,initial,-7.931339263916016
466,initial,-6.351021766662598
467,initial,-7.400503158569336
468,initial,-7.502217769622803
469,initial,-7.779851913452148
470,initial,-7.04058837890625
471,initial,-7.900906562805176
472,initial,-6.063419342041016
473,initial,-7.270426273345947
474,initial,-6.361972808837891
475,initial,-6.9543328285217285
476,initial,-7.07831335067749
477,initial,-6.149670124053955
478,initial,-6.475991249084473
479,initial,-6.990457534790039
480,initial,-6.631985187530518
481,initial,-6.9411540031433105
482,initial,-6.283811569213867
483,initial,-6.481244087219238
484,initial,-6.854893684387207
485,initial,-5.713089942932129
486,initial,-6.813441753387451
487,initial,-6.791681289672852
488,initial,-6.588855266571045
489,initial,-6.6386871337890625
490,initial,-6.788630962371826
491,initial,-6.768735408782959
492,initial,-9.758478164672852
493,initial,-8.412487983703613
494,initial,-7.952017307281494
495,initial,-8.242358207702637
496,initial,-8.794958114624023
497,initial,-7.736806392669678
498,initial,-7.144387245178223
499,initial,-8.546456336975098
500,initial,-8.489924430847168
501,initial,-7.717388153076172
502,initial,-9.296327590942383
503,initial,-8.424214363098145
504,initial,-8.491524696350098
505,initial,-8.175477027893066
506,initial,-9.38911247253418
507,initial,-8.41882038116455
508,initial,-7.170529365539551
509,initial,-8.142546653747559
510,initial,-7.946673393249512
511,initial,-9.549566268920898
512,initial,-8.695413589477539
513,initial,-8.290876388549805
514,initial,-9.925090789794922
515,initial,-8.740621566772461
516,initial,-8.113251686096191
517,initial,-8.267159461975098
518,initial,-8.147950172424316
519,initial,-7.047657489776611
520,initial,-7.408280849456787
521,initial,-7.9243292808532715
522,initial,-7.047028541564941
523,initial,-9.615457534790039
524,initial,-8.114313125610352
525,initial,-7.646605014801025
526,initial,-6.653003215789795
527,initial,-7.627361297607422
528,initial,-9.576699256896973
529,initial,-7.859412670135498
530,initial,-9.318178176879883
531,initial,-7.871883869171143
532,initial,-8.393348693847656
533,initial,-8.793852806091309
534,initial,-8.626029968261719
535,initial,-8.317999839782715
536,initial,-7.375438213348389
537,initial,-6.802380084991455
538,initial,-6.806778907775879
539,initial,-7.357076168060303
540,initial,-7.381186485290527
541,initial,-6.6088104248046875
542,initial,-7.7466959953308105
543,initial,-7.402790069580078
544,initial,-7.703258037567139
545,initial,-8.091423988342285
546,initial,-7.053116798400879
547,initial,-7.555185794830322
548,initial,-7.393466472625732
549,initial,-7.8996429443359375
550,initial,-7.744842052459717
551,initial,-6.378572463989258
552,initial,-7.277637481689453
553,initial,-6.981645107269287
554,initial,-8.05473804473877
555,initial,-7.328919887542725
556,initial,-6.233458042144775
557,initial,-8.37279987335205
558,initial,-7.680196762084961
559,initial,-7.8225998878479
560,initial,-9.36209774017334
561,initial,-8.746676445007324
562,initial,-7.442427635192871
563,initial,-7.259847164154053
564,initial,-7.432928562164307
565,initial,-6.915059566497803
566,initial,-7.7458648681640625
567,initial,-7.424289226531982
568,initial,-7.433246612548828
569,initial,-7.004226207733154
570,initial,-7.902506351470947
571,initial,-8.128349304199219
572,initial,-7.924582004547119
573,initial,-7.69608736038208
574,initial,-9.361360549926758
575,initial,-8.18117618560791
576,initial,-9.534690856933594
577,initial,-8.340688705444336
578,initial,-8.340688705444336
579,initial,-6.309983253479004
580,initial,-7.8225998878479
581,initial,-9.802528381347656
582,initial,-8.16368293762207
583,initial,-9.387842178344727
584,initial,-7.769954681396484
585,initial,-8.884424209594727
586,initial,-9.909688949584961
587,initial,-7.65541410446167
588,initial,-8.95811653137207
589,initial,-8.247928619384766
590,initial,-9.038043022155762
591,initial,-7.244896411895752
592,initial,-8.256048202514648
593,initial,-8.18117618560791
594,initial,-7.869811058044434
595,initial,-8.018816947937012
596,initial,-8.410269737243652
597,initial,-6.880914688110352
598,initial,-7.159721374511719
599,initial,-5.559887886047363
600,initial,-7.312525272369385
601,initial,-7.377224445343018
602,initial,-7.490586280822754
603,initial,-8.656394004821777
604,initial,-8.486615180969238
605,initial,-6.954526424407959
606,initial,-6.447075843811035
607,initial,-7.941128253936768
608,initial,-6.702205657958984
609,initial,-7.319792747497559
610,initial,-7.531078815460205
611,initial,-7.504717826843262
612,initial,-6.522343635559082
613,initial,-7.1157121658325195
614,initial,-7.8062262535095215
615,initial,-7.887491703033447
616,initial,-7.302819728851318
617,initial,-9.245285034179688
618,initial,-7.594992637634277
619,initial,-8.188824653625488
620,initial,-6.722807884216309
621,initial,-7.107112407684326
622,initial,-7.487792491912842
623,initial,-8.572113990783691
624,initial,-8.366406440734863
625,initial,-7.747844696044922
626,initial,-7.207876205444336
627,initial,-7.507766246795654
628,initial,-7.816233158111572
629,initial,-7.518939971923828
630,initial,-7.329153537750244
631,initial,-7.259049415588379
632,initial,-7.119352340698242
633,initial,-7.7224578857421875
634,initial,-8.476014137268066
635,initial,-7.8925018310546875
636,initial,-8.22874641418457
637,initial,-7.570838928222656
638,initial,-7.802915096282959
639,initial,-8.439661026000977
640,initial,-7.38427734375
641,initial,-8.533875465393066
642,initial,-7.565695285797119
643,initial,-8.047019004821777
644,initial,-7.701066017150879
645,initial,-6.60048246383667
646,initial,-8.504530906677246
647,initial,-7.07357931137085
648,initial,-6.716960430145264
649,initial,-8.612601280212402
650,initial,-7.966042518615723
651,initial,-6.987212181091309
652,initial,-8.690661430358887
653,initial,-7.941901206970215
654,initial,-7.387875556945801
655,initial,-8.246455192565918
656,initial,-6.7880964279174805
657,initial,-6.655241012573242
658,initial,-8.944926261901855
659,initial,-7.483068943023682
660,initial,-6.925384044647217
661,initial,-7.410858631134033
662,initial,-7.727056980133057
663,initial,-6.551108360290527
664,initial,-6.761475563049316
665,initial,-7.023463249206543
666,initial,-7.648220062255859
667,initial,-7.980743408203125
668,initial,-7.311820030212402
669,initial,-6.946428298950195
670,initial,-6.917922496795654
671,initial,-7.282642841339111
672,initial,-6.768014430999756
673,initial,-7.02386474609375
674,initial,-6.487508296966553
675,initial,-7.053468704223633
676,initial,-7.090443134307861
677,initial,-8.3453950881958
678,initial,-7.5065741539001465
679,initial,-7.943885803222656
680,initial,-7.0156402587890625
681,initial,-8.596453666687012
682,initial,-8.726080894470215
683,initial,-7.752824783325195
684,initial,-7.626824855804443
685,initial,-8.236775398254395
686,initial,-8.404219627380371
687,initial,-6.811676502227783
688,initial,-7.912599086761475
689,initial,-9.546552658081055
690,initial,-8.822385787963867
691,initial,-8.249650955200195
692,initial,-9.244011878967285
693,initial,-6.861445903778076
694,initial,-8.317084312438965
695,initial,-9.681488037109375
696,initial,-7.747626781463623
697,initial,-9.63871955871582
698,initial,-10.098596572875977
699,initial,-9.944782257080078
700,initial,-8.070191383361816
701,initial,-9.02699089050293
702,initial,-9.323527336120605
703,initial,-10.369009017944336
704,initial,-6.171431064605713
705,initial,-7.696735382080078
706,initial,-8.901371955871582
707,initial,-10.846796989440918
708,initial,-7.101661682128906
709,initial,-9.51838493347168
710,initial,-7.296635150909424
711,initial,-8.6430025100708
712,initial,-8.484574317932129
713,initial,-8.79692268371582
714,initial,-7.405630111694336
715,initial,-8.967232704162598
716,initial,-8.687127113342285
717,initial,-8.252572059631348
718,initial,-8.510563850402832
719,initial,-7.317293167114258
720,initial,-7.571338653564453
721,initial,-9.54511833190918
722,initial,-8.427413940429688
723,initial,-7.288488864898682
724,initial,-8.132828712463379
725,initial,-9.04039478302002
726,initial,-7.134706020355225
727,initial,-8.0995454788208
728,initial,-7.721630573272705
729,initial,-7.934508323669434
730,initial,-5.6587934494018555
731,initial,-7.3711256980896
732,initial,-8.946149826049805
733,initial,-7.978891372680664
734,initial,-7.465174198150635
735,initial,-8.987067222595215
736,initial,-6.79937219619751
737,initial,-8.482832908630371
738,initial,-9.394475936889648
739,initial,-7.699115753173828
740,initial,-8.552230834960938
741,initial,-8.989139556884766
742,initial,-8.651166915893555
743,initial,-7.672264099121094
744,initial,-8.154525756835938
745,initial,-5.9738383293151855
746,initial,-7.041281700134277
747,initial,-6.141778945922852
748,initial,-6.758732795715332
749,initial,-6.911515235900879
750,initial,-6.795023441314697
751,initial,-5.609704971313477
752,initial,-6.603015422821045
753,initial,-6.520650863647461
754,initial,-8.38654899597168
755,initial,-5.719459533691406
756,initial,-6.879858493804932
757,initial,-8.871369361877441
758,initial,-8.646429061889648
759,initial,-7.329725742340088
760,initial,-8.080955505371094
761,initial,-8.063422203063965
762,initial,-8.075611114501953
763,initial,-6.597352504730225
764,initial,-7.020648956298828
765,initial,-7.131069183349609
766,initial,-6.620745658874512
767,initial,-7.193662166595459
768,initial,-6.451647758483887
769,initial,-7.652580261230469
770,initial,-7.187285423278809
771,initial,-6.796156883239746
772,initial,-8.232711791992188
773,initial,-7.344164848327637
774,initial,-7.6573309898376465
775,initial,-8.279502868652344
776,initial,-7.420345306396484
777,initial,-7.403800964355469
778,initial,-6.598448753356934
779,initial,-9.393229484558105
780,initial,-7.68126916885376
781,initial,-8.217214584350586
782,initial,-7.1652984619140625
783,initial,-7.041604995727539
784,initial,-5.447895050048828
785,initial,-6.429713249206543
786,initial,-6.054407596588135
787,initial,-7.5789594650268555
788,initial,-5.894373893737793
789,initial,-6.375748634338379
790,initial,-6.376129150390625
791,initial,-5.8437628746032715
792,initial,-7.723700523376465
793,initial,-7.762203216552734
794,initial,-5.063732624053955
795,initial,-5.741994380950928
796,initial,-6.269285678863525
797,initial,-5.724249839782715
798,initial,-7.768353462219238
799,initial,-6.3038716316223145
800,initial,-6.576935291290283
801,initial,-6.337472915649414
802,initial,-5.7623162269592285
803,initial,-8.935272216796875
804,initial,-7.291719436645508
805,initial,-8.32168960571289
806,initial,-6.426510334014893
807,initial,-5.7528839111328125
808,initial,-5.661762237548828
809,initial,-6.56523323059082
810,initial,-6.025753021240234
811,initial,-8.579187393188477
812,initial,-6.159231662750244
813,initial,-7.077525615692139
814,initial,-7.807672023773193
815,initial,-8.25896167755127
816,initial,-6.766472339630127
817,initial,-5.325104713439941
818,initial,-5.640264511108398
819,initial,-6.790600776672363
820,initial,-5.431582450866699
821,initial,-6.6954193115234375
822,initial,-7.160106658935547
823,initial,-7.252171516418457
824,initial,-7.436300754547119
825,initial,-5.570000648498535
826,initial,-6.323678016662598
827,initial,-5.872896194458008
828,initial,-6.3095383644104
829,initial,-6.2164998054504395
830,initial,-7.1898908615112305
831,initial,-5.737033367156982
832,initial,-6.361783027648926
833,initial,-6.053508758544922
834,initial,-6.0773820877075195
835,initial,-7.005797386169434
836,initial,-7.382731914520264
837,initial,-5.668142795562744
838,initial,-5.623116493225098
839,initial,-6.121713161468506
840,initial,-5.802315711975098
841,initial,-6.828758239746094
842,initial,-6.369572162628174
843,initial,-6.612060546875
844,initial,-6.014623641967773
845,initial,-5.647877216339111
846,initial,-7.84897518157959
847,initial,-7.060702323913574
848,initial,-5.443554878234863
849,initial,-8.255195617675781
850,initial,-7.8470048904418945
851,initial,-6.249516010284424
852,initial,-7.268237590789795
853,initial,-5.978948593139648
854,initial,-7.3224382400512695
855,initial,-6.501370429992676
856,initial,-7.5864410400390625
857,initial,-5.306983470916748
858,initial,-8.367344856262207
859,initial,-5.306983470916748
860,initial,-5.440096855163574
861,initial,-5.927812099456787
862,initial,-6.892642974853516
863,initial,-6.569314956665039
864,initial,-6.25038480758667
865,initial,-5.983242511749268
866,initial,-8.579233169555664
867,initial,-5.212538719177246
868,initial,-6.6067214012146
869,initial,-6.020471096038818
870,initial,-6.438357353210449
871,initial,-7.735810279846191
872,initial,-5.748407363891602
873,initial,-7.918822765350342
874,initial,-6.879997253417969
875,initial,-5.983242511749268
876,initial,-6.878146171569824
877,initial,-6.2644453048706055
878,initial,-6.083091735839844
879,initial,-6.669094562530518
880,initial,-6.560972213745117
881,initial,-8.091326713562012
882,initial,-7.944301128387451
883,initial,-5.273838520050049
884,initial,-5.839061260223389
885,initial,-6.020471096038818
886,initial,-7.368075370788574
887,initial,-6.214719772338867
888,initial,-8.255194664001465
889,initial,-7.41001033782959
890,initial,-6.886617183685303
891,initial,-5.597582817077637
892,initial,-7.581462860107422
893,initial,-7.405728340148926
894,initial,-6.111984729766846
895,initial,-6.952075481414795
896,initial,-6.081449031829834
897,initial,-7.017068862915039
898,initial,-6.313786029815674
899,initial,-7.076993942260742
900,initial,-5.76516056060791
901,initial,-7.8982696533203125
902,initial,-5.76516056060791
903,initial,-5.427256107330322
904,initial,-5.90260648727417
905,initial,-6.4851555824279785
906,initial,-6.475638389587402
907,initial,-6.350732326507568
908,initial,-6.225726127624512
909,initial,-8.36931324005127
910,initial,-6.353826999664307
911,initial,-6.051738262176514
912,initial,-5.975016117095947
913,initial,-6.168447494506836
914,initial,-7.11570405960083
915,initial,-5.975016117095947
916,initial,-6.95310115814209
917,initial,-6.3109540939331055
918,initial,-6.34861946105957
919,initial,-6.349604606628418
920,initial,-6.884783744812012
921,initial,-7.131163597106934
922,initial,-5.761449813842773
923,initial,-6.138463497161865
924,initial,-6.5417633056640625
925,initial,-6.977795600891113
926,initial,-6.893223762512207
927,initial,-6.508537769317627
928,initial,-6.810183525085449
929,initial,-5.7170562744140625
930,initial,-6.102121353149414
931,initial,-6.489927291870117
932,initial,-5.953938007354736
933,initial,-6.051726818084717
934,initial,-6.933869361877441
935,initial,-8.150235176086426
936,initial,-6.265481472015381
937,initial,-5.773417949676514
938,initial,-6.948476314544678
939,initial,-6.9308857917785645
940,initial,-6.790125846862793
941,initial,-7.336035251617432
942,initial,-8.134825706481934
943,initial,-5.924314975738525
944,initial,-6.900518894195557
945,initial,-6.20796012878418
946,initial,-6.273926258087158
947,initial,-5.869980335235596
948,initial,-5.737671375274658
949,initial,-6.717199325561523
950,initial,-7.73871374130249
951,initial,-6.452011585235596
952,initial,-5.81154727935791
953,initial,-6.443753242492676
954,initial,-5.795531749725342
955,initial,-5.8489484786987305
956,initial,-5.796837329864502
957,initial,-6.499986171722412
958,initial,-5.8489484786987305
959,initial,-6.736748695373535
960,initial,-6.133565425872803
961,initial,-6.0674052238464355
962,initial,-6.243415832519531
963,initial,-6.518275260925293
964,initial,-6.736464023590088
965,initial,-5.599910736083984
966,initial,-6.03779411315918
967,initial,-6.040225505828857
968,initial,-6.711516857147217
969,initial,-6.473617076873779
970,initial,-6.471498966217041
971,initial,-6.37908411026001
972,initial,-5.480123519897461
973,initial,-6.329057693481445
974,initial,-9.043488502502441
975,initial,-7.823696613311768
976,initial,-6.653989791870117
977,initial,-7.000820159912109
978,initial,-8.855981826782227
979,initial,-7.254555702209473
980,initial,-6.436279296875
981,initial,-8.812814712524414
982,initial,-5.565744876861572
983,initial,-6.565003395080566
984,initial,-6.417545318603516
985,initial,-6.428769111633301
986,initial,-6.5656418800354
987,initial,-8.128768920898438
988,initial,-6.097940444946289
989,initial,-7.018490791320801
990,initial,-7.225287437438965
991,initial,-6.1069231033325195
992,initial,-7.120554447174072
993,initial,-6.833646774291992
994,initial,-6.853537559509277
995,initial,-6.673245429992676
996,initial,-7.902473449707031
997,initial,-7.48797607421875
998,initial,-7.557789325714111
999,initial,-6.744321823120117
1000,initial,-6.209892272949219
1001,initial,-7.917744159698486
1002,initial,-6.6612091064453125
1003,initial,-6.351010799407959
1004,initial,-8.658967971801758
1005,initial,-8.01782512664795
1006,initial,-6.22097110748291
1007,initial,-7.893388271331787
1008,initial,-6.940248489379883
1009,initial,-7.594795227050781
1010,initial,-6.242505073547363
1011,initial,-6.274264335632324
1012,initial,-6.042014122009277
1013,initial,-6.765434741973877
1014,initial,-7.60316801071167
1015,initial,-7.939223766326904
1016,initial,-6.262173652648926
1017,initial,-8.761618614196777
1018,initial,-7.605856418609619
1019,initial,-6.485666275024414
1020,initial,-6.843917369842529
1021,initial,-8.048538208007812
1022,initial,-6.731695652008057
1023,initial,-6.219619274139404
1024,initial,-8.073012351989746
1025,initial,-5.344239711761475
1026,initial,-6.473079681396484
1027,initial,-6.324419021606445
1028,initial,-6.062954425811768
1029,initial,-6.310059547424316
1030,initial,-7.155975341796875
1031,initial,-6.084451198577881
1032,initial,-6.682692527770996
1033,initial,-7.079710483551025
1034,initial,-5.822260856628418
1035,initial,-6.658827781677246
1036,initial,-7.589207172393799
1037,initial,-6.379340648651123
1038,initial,-5.070768356323242
1039,initial,-5.176213264465332
1040,initial,-7.5686235427856445
1041,initial,-6.329061031341553
1042,initial,-5.780491352081299
1043,initial,-6.9017720222473145
1044,initial,-5.3952813148498535
1045,initial,-5.401171684265137
1046,initial,-6.734530925750732
1047,initial,-5.791998386383057
1048,initial,-5.4330878257751465
1049,initial,-6.603026866912842
1050,initial,-5.297537326812744
1051,initial,-5.643706321716309
1052,initial,-7.646233558654785
1053,initial,-6.7791829109191895
1054,initial,-6.226160049438477
1055,initial,-5.810095310211182
1056,initial,-5.574713706970215
1057,initial,-7.607046127319336
1058,initial,-7.338902950286865
1059,initial,-6.899059772491455
1060,initial,-6.706778049468994
1061,initial,-5.739852428436279
1062,initial,-6.772940635681152
1063,initial,-7.208227157592773
1064,initial,-7.253360271453857
1065,initial,-7.529918193817139
1066,initial,-6.538232326507568
1067,initial,-5.70019006729126
1068,initial,-5.556040287017822
1069,initial,-5.020639896392822
1070,initial,-6.281795024871826
1071,initial,-6.657172203063965
1072,initial,-5.983672142028809
1073,initial,-6.939283847808838
1074,initial,-7.075837135314941
1075,initial,-5.431220054626465
1076,initial,-6.96515417098999
1077,initial,-6.544933319091797
1078,initial,-7.616958141326904
1079,initial,-8.321202278137207
1080,initial,-8.155933380126953
1081,initial,-7.788367748260498
1082,initial,-8.18431568145752
1083,initial,-7.566471576690674
1084,initial,-7.566471576690674
1085,initial,-7.691854953765869
1086,initial,-7.3875298500061035
1087,initial,-7.493843078613281
1088,initial,-7.69374418258667
1089,initial,-7.361141681671143
1090,initial,-7.867384433746338
1091,initial,-7.799710750579834
1092,initial,-7.4983110427856445
1093,initial,-7.864658832550049
1094,initial,-7.881017208099365
1095,initial,-7.724757671356201
1096,initial,-6.521576404571533
1097,initial,-8.902177810668945
1098,initial,-7.207794666290283
1099,initial,-7.720876216888428
1100,initial,-7.873323440551758
1101,initial,-7.127546310424805
1102,initial,-8.465062141418457
1103,initial,-7.990255832672119
1104,initial,-8.843360900878906
1105,initial,-6.747385501861572
1106,initial,-7.681935787200928
1107,initial,-8.289582252502441
1108,initial,-7.413373947143555
1109,initial,-8.478297233581543
1110,initial,-9.52960205078125
1111,initial,-6.482955455780029
1112,initial,-8.52721118927002
1113,initial,-7.688108444213867
1114,initial,-7.671487331390381
1115,initial,-7.294071197509766
1116,initial,-8.289582252502441
1117,initial,-6.98138427734375
1118,initial,-6.681023597717285
1119,initial,-5.847910404205322
1120,initial,-5.726982116699219
1121,initial,-7.052863121032715
1122,initial,-7.256359577178955
1123,initial,-7.174655437469482
1124,initial,-6.5672149658203125
1125,initial,-7.115782260894775
1126,initial,-6.705101013183594
1127,initial,-6.705101013183594
1128,initial,-6.937137603759766
1129,initial,-6.5615973472595215
1130,initial,-6.842353820800781
1131,initial,-6.660237789154053
1132,initial,-6.263935565948486
1133,initial,-6.823927879333496
1134,initial,-6.975710868835449
1135,initial,-6.680933952331543
1136,initial,-6.763678550720215
1137,initial,-6.72609806060791
1138,initial,-6.625380516052246
1139,initial,-7.816137790679932
1140,initial,-8.011856079101562
1141,initial,-6.913559913635254
1142,initial,-6.302497386932373
1143,initial,-7.2164998054504395
1144,initial,-8.020907402038574
1145,initial,-7.243982791900635
1146,initial,-6.945535182952881
1147,initial,-7.945398807525635
1148,initial,-7.271309852600098
1149,initial,-7.74119758605957
1150,initial,-7.846866130828857
1151,initial,-8.367984771728516
1152,initial,-7.976406097412109
1153,initial,-8.129925727844238
1154,initial,-6.381551265716553
1155,initial,-8.367984771728516
1156,initial,-7.752355098724365
1157,initial,-8.511614799499512
1158,initial,-7.6490349769592285
1159,initial,-7.243190765380859
1160,initial,-7.989587783813477
1161,initial,-8.026849746704102
1162,initial,-6.61375617980957
1163,initial,-6.973227024078369
1164,initial,-7.55259370803833
1165,initial,-9.091669082641602
1166,initial,-8.026849746704102
1167,initial,-6.250539302825928
1168,initial,-7.6517333984375
1169,initial,-9.82593059539795
1170,initial,-7.7064290046691895
1171,initial,-7.309536933898926
1172,initial,-8.099860191345215
1173,initial,-8.099860191345215
1174,initial,-8.389156341552734
1175,initial,-7.008077621459961
1176,initial,-6.366540431976318
1177,initial,-6.952980041503906
1178,initial,-7.119673252105713
1179,initial,-7.175267696380615
1180,initial,-7.655792713165283
1181,initial,-7.55259370803833
1182,initial,-7.259613037109375
1183,initial,-7.0080976486206055
1184,initial,-6.056553840637207
1185,initial,-5.958639621734619
1186,initial,-6.773701190948486
1187,initial,-7.222362995147705
1188,initial,-6.658725738525391
1189,initial,-6.254657745361328
1190,initial,-7.307745933532715
1191,initial,-6.789961814880371
1192,initial,-7.186277866363525
1193,initial,-6.984147071838379
1194,initial,-7.448090553283691
1195,initial,-7.264530181884766
1196,initial,-7.155979633331299
1197,initial,-5.893160820007324
1198,initial,-7.448090553283691
1199,initial,-7.074361324310303
1200,initial,-7.5152587890625
1201,initial,-6.981403350830078
1202,initial,-7.7411789894104
1203,initial,-7.211491584777832
1204,initial,-7.513896465301514
1205,initial,-7.041171073913574
1206,initial,-7.44936990737915
1207,initial,-6.367158889770508
1208,initial,-7.500857353210449
1209,initial,-8.127311706542969
1210,initial,-7.317102909088135
1211,initial,-6.682897567749023
1212,initial,-8.684253692626953
1213,initial,-7.175815582275391
1214,initial,-7.432494163513184
1215,initial,-6.641701698303223
1216,initial,-7.3633222579956055
1217,initial,-6.872226715087891
1218,initial,-7.741976737976074
1219,initial,-7.772428035736084
1220,initial,-6.574986457824707
1221,initial,-7.744755744934082
1222,initial,-7.799648761749268
1223,initial,-6.541282653808594
1224,initial,-7.277451992034912
1225,initial,-7.577836036682129
1226,initial,-7.526328086853027
1227,initial,-7.160032272338867
1228,initial,-6.700366973876953
1229,initial,-6.708342552185059
1230,initial,-6.874521255493164
1231,initial,-7.964569568634033
1232,initial,-7.4490861892700195
1233,initial,-7.467013835906982
1234,initial,-6.7262282371521
1235,initial,-8.237555503845215
1236,initial,-6.862070083618164
1237,initial,-8.321630477905273
1238,initial,-7.417067527770996
1239,initial,-7.096054553985596
1240,initial,-6.533131122589111
1241,initial,-7.5670552253723145
1242,initial,-7.204296588897705
1243,initial,-6.803454399108887
1244,initial,-7.193078517913818
1245,initial,-6.74130392074585
1246,initial,-6.582939147949219
1247,initial,-6.340482711791992
1248,initial,-6.695446968078613
1249,initial,-6.711592197418213
1250,initial,-5.836853981018066
1251,initial,-6.968828201293945
1252,initial,-7.079578399658203
1253,initial,-6.594708442687988
1254,initial,-6.3907623291015625
1255,initial,-7.971103191375732
1256,initial,-6.72508430480957
1257,initial,-6.928399085998535
1258,initial,-6.127990245819092
1259,initial,-6.717285633087158
1260,initial,-6.270723819732666
1261,initial,-6.72584867477417
1262,initial,-7.276679992675781
1263,initial,-5.5926337242126465
1264,initial,-6.55988883972168
1265,initial,-8.262833595275879
1266,initial,-8.127750396728516
1267,initial,-7.5256242752075195
1268,initial,-7.786677360534668
1269,initial,-8.750511169433594
1270,initial,-7.184248447418213
1271,initial,-9.27446460723877
1272,initial,-8.01798152923584
1273,initial,-7.566752910614014
1274,initial,-7.854439735412598
1275,initial,-7.642105579376221
1276,initial,-8.380857467651367
1277,initial,-7.207347869873047
1278,initial,-7.346297740936279
1279,initial,-7.873151779174805
1280,initial,-7.216507434844971
1281,initial,-8.325681686401367
1282,initial,-9.211039543151855
1283,initial,-7.892578125
1284,initial,-7.291802406311035
1285,initial,-9.158928871154785
1286,initial,-7.966756343841553
1287,initial,-9.131150245666504
1288,initial,-7.887165069580078
1289,initial,-9.004267692565918
1290,initial,-7.949594974517822
1291,initial,-7.814183712005615
1292,initial,-7.999461650848389
1293,initial,-8.757195472717285
1294,initial,-8.768324851989746
1295,initial,-7.525623798370361
1296,initial,-8.8828125
1297,initial,-8.51973819732666
1298,initial,-7.9579596519470215
1299,initial,-7.2396979331970215
1300,initial,-7.216507434844971
1301,initial,-7.054214954376221
1302,initial,-9.508687973022461
1303,initial,-8.26517391204834
1304,initial,-7.723043918609619
1305,initial,-8.649361610412598
1306,initial,-7.57454776763916
1307,initial,-7.440580368041992
1308,initial,-7.642365455627441
1309,initial,-6.449132442474365
1310,initial,-7.459834098815918
1311,initial,-7.023725509643555
1312,initial,-8.36591911315918
1313,initial,-6.939827919006348
1314,initial,-8.467172622680664
1315,initial,-7.384988307952881
1316,initial,-7.099125385284424
1317,initial,-7.140103816986084
1318,initial,-6.459265232086182
1319,initial,-7.9701385498046875
1320,initial,-7.026206016540527
1321,initial,-6.575448036193848
1322,initial,-6.976505756378174
1323,initial,-6.181818008422852
1324,initial,-7.7243428230285645
1325,initial,-8.081278800964355
1326,initial,-7.411498069763184
1327,initial,-6.749189376831055
1328,initial,-6.120596408843994
1329,initial,-6.313647747039795
1330,initial,-6.313647747039795
1331,initial,-7.6798834800720215
1332,initial,-7.757087707519531
1333,initial,-6.200024604797363
1334,initial,-7.363930702209473
1335,initial,-6.183720111846924
1336,initial,-6.901580333709717
1337,initial,-6.7181901931762695
1338,initial,-5.654829025268555
1339,initial,-6.2521071434021
1340,initial,-6.1689653396606445
1341,initial,-7.440042972564697
1342,initial,-6.945373058319092
1343,initial,-6.149981498718262
1344,initial,-6.881872653961182
1345,initial,-5.686899662017822
1346,initial,-5.75011682510376
1347,initial,-5.714291095733643
1348,initial,-6.792102813720703
1349,initial,-6.803003311157227
1350,initial,-6.136889457702637
1351,initial,-6.207504749298096
1352,initial,-7.959044933319092
1353,initial,-5.942730903625488
1354,initial,-6.410069942474365
1355,initial,-6.037325859069824
1356,initial,-6.821500778198242
1357,initial,-6.37649393081665
1358,initial,-6.499203205108643
1359,initial,-6.521137714385986
1360,initial,-6.673902988433838
1361,initial,-5.840883731842041
1362,initial,-5.859711647033691
1363,initial,-6.986701965332031
1364,initial,-6.808595657348633
1365,initial,-7.23560905456543
1366,initial,-6.115498065948486
1367,initial,-6.9523138999938965
0,final,-5.511847972869873
1,final,-8.078289985656738
2,final,-6.223297595977783
3,final,-6.735010623931885
4,final,-5.405157566070557
5,final,-7.970999240875244
6,final,-5.704505920410156
7,final,-7.661341190338135
8,final,-5.356229782104492
9,final,-6.303642272949219
10,final,-6.556178569793701
11,final,-5.459582328796387
12,final,-5.5861992835998535
13,final,-5.787525177001953
14,final,-5.909243106842041
15,final,-5.837677001953125
16,final,-7.36180305480957
17,final,-5.459582328796387
18,final,-6.930549144744873
19,final,-6.223297595977783
20,final,-6.757259845733643
21,final,-6.7630438804626465
22,final,-6.899246692657471
23,final,-5.824947357177734
24,final,-5.697559356689453
25,final,-6.7630438804626465
26,final,-6.705604076385498
27,final,-6.232290744781494
28,final,-5.8585638999938965
29,final,-6.705604076385498
30,final,-6.42513370513916
31,final,-6.8350701332092285
32,final,-5.408348083496094
33,final,-6.916325092315674
34,final,-8.026361465454102
35,final,-6.6902265548706055
36,final,-5.834456443786621
37,final,-6.488946437835693
38,final,-5.6341071128845215
39,final,-6.902446746826172
40,final,-7.163114547729492
41,final,-5.347693920135498
42,final,-6.37083101272583
43,final,-5.764568328857422
44,final,-6.297708034515381
45,final,-7.711024284362793
46,final,-5.731958389282227
47,final,-6.509777069091797
48,final,-7.579170227050781
49,final,-6.750516891479492
50,final,-6.803859710693359
51,final,-7.147196292877197
52,final,-6.152268886566162
53,final,-6.138784408569336
54,final,-6.224262237548828
55,final,-6.089498996734619
56,final,-6.272411823272705
57,final,-6.773301124572754
58,final,-6.490993976593018
59,final,-6.115428924560547
60,final,-6.532607555389404
61,final,-7.288417816162109
62,final,-7.35041618347168
63,final,-7.619712829589844
64,final,-7.772831439971924
65,final,-6.512086391448975
66,final,-7.125209331512451
67,final,-6.38238000869751
68,final,-7.237006187438965
69,final,-6.235628604888916
70,final,-7.9885053634643555
71,final,-6.147346019744873
72,final,-6.83140230178833
73,final,-7.201221466064453
74,final,-7.876304626464844
75,final,-7.734657287597656
76,final,-7.081700801849365
77,final,-6.077905178070068
78,final,-6.777573585510254
79,final,-6.207102298736572
80,final,-5.422941207885742
81,final,-7.171635150909424
82,final,-6.106290817260742
83,final,-5.561760902404785
84,final,-5.606917858123779
85,final,-5.302901744842529
86,final,-5.7067461013793945
87,final,-6.714112281799316
88,final,-7.702094554901123
89,final,-5.465875625610352
90,final,-6.220525741577148
91,final,-6.477778911590576
92,final,-6.432732582092285
93,final,-5.064538955688477
94,final,-5.933630466461182
95,final,-6.055617809295654
96,final,-7.118325233459473
97,final,-4.85355281829834
98,final,-5.825916290283203
99,final,-5.100905418395996
100,final,-6.950794696807861
101,final,-5.6726274490356445
102,final,-6.0515875816345215
103,final,-6.051986217498779
104,final,-6.7248454093933105
105,final,-6.140086650848389
106,final,-5.158668518066406
107,final,-6.901479244232178
108,final,-6.7248454093933105
109,final,-5.2042059898376465
110,final,-7.575001239776611
111,final,-6.2333245277404785
112,final,-5.876724720001221
113,final,-6.774771690368652
114,final,-6.24692964553833
115,final,-5.451083660125732
116,final,-6.2391510009765625
117,final,-7.322409629821777
118,final,-6.015477657318115
119,final,-6.400593280792236
120,final,-6.632172107696533
121,final,-6.681636810302734
122,final,-5.144003391265869
123,final,-5.64919900894165
124,final,-5.957139492034912
125,final,-5.144003391265869
126,final,-7.011857986450195
127,final,-5.9877190589904785
128,final,-6.45642614364624
129,final,-5.616014003753662
130,final,-5.81928014755249
131,final,-5.344923496246338
132,final,-6.343295574188232
133,final,-6.079757213592529
134,final,-5.340681076049805
135,final,-6.375265598297119
136,final,-6.454627990722656
137,final,-6.838785171508789
138,final,-5.873238563537598
139,final,-6.75927734375
140,final,-6.115947246551514
141,final,-5.550126075744629
142,final,-6.927228927612305
143,final,-5.801102161407471
144,final,-6.548404216766357
145,final,-6.624079704284668
146,final,-6.3458380699157715
147,final,-6.35789155960083
148,final,-6.61263370513916
149,final,-6.091306686401367
150,final,-6.660382270812988
151,final,-7.05752420425415
152,final,-5.648332118988037
153,final,-5.575325965881348
154,final,-6.02637243270874
155,final,-6.780461311340332
156,final,-6.02637243270874
157,final,-6.273275852203369
158,final,-5.967822551727295
159,final,-6.39615535736084
160,final,-6.368824481964111
161,final,-6.075499057769775
162,final,-7.0716552734375
163,final,-7.685640335083008
164,final,-6.704935073852539
165,final,-6.683199405670166
166,final,-5.875577926635742
167,final,-6.272022724151611
168,final,-7.945522785186768
169,final,-6.08531379699707
170,final,-7.671968460083008
171,final,-7.092042922973633
172,final,-7.107676982879639
173,final,-6.382138729095459
174,final,-6.723787784576416
175,final,-6.4790873527526855
176,final,-7.62518310546875
177,final,-6.975406169891357
178,final,-5.530362129211426
179,final,-7.139993667602539
180,final,-4.835851192474365
181,final,-5.4074602127075195
182,final,-5.298659801483154
183,final,-5.3129472732543945
184,final,-6.282582759857178
185,final,-6.40867805480957
186,final,-5.3154377937316895
187,final,-6.6374335289001465
188,final,-6.306974411010742
189,final,-6.690799713134766
190,final,-6.959280490875244
191,final,-6.494690418243408
192,final,-5.585016250610352
193,final,-7.043824195861816
194,final,-5.946185111999512
195,final,-4.763163089752197
196,final,-7.527176856994629
197,final,-5.32235050201416
198,final,-6.313557147979736
199,final,-4.96006441116333
200,final,-5.004927635192871
201,final,-6.003718376159668
202,final,-5.340368747711182
203,final,-4.790808200836182
204,final,-4.791264533996582
205,final,-4.791264533996582
206,final,-5.4476189613342285
207,final,-5.812375545501709
208,final,-6.6434526443481445
209,final,-6.168214321136475
210,final,-6.2435808181762695
211,final,-6.454025745391846
212,final,-6.595024585723877
213,final,-6.294858932495117
214,final,-5.027355194091797
215,final,-6.247313499450684
216,final,-5.577625751495361
217,final,-7.24143648147583
218,final,-6.639560699462891
219,final,-6.929242134094238
220,final,-6.301357269287109
221,final,-6.807117938995361
222,final,-7.018074989318848
223,final,-7.94917631149292
224,final,-6.42661714553833
225,final,-7.290405750274658
226,final,-7.5767951011657715
227,final,-7.208984375
228,final,-7.161435604095459
229,final,-8.254252433776855
230,final,-7.092468738555908
231,final,-6.399024486541748
232,final,-7.259777545928955
233,final,-7.081897258758545
234,final,-6.466855049133301
235,final,-6.964692115783691
236,final,-7.862364292144775
237,final,-7.78830099105835
238,final,-6.80767822265625
239,final,-6.415243148803711
240,final,-6.829102516174316
241,final,-8.097284317016602
242,final,-7.598147869110107
243,final,-6.838532447814941
244,final,-7.346074104309082
245,final,-6.509253978729248
246,final,-8.0300874710083
247,final,-7.260487079620361
248,final,-6.995909214019775
249,final,-7.145738124847412
250,final,-7.721558094024658
251,final,-7.134038925170898
252,final,-6.466855049133301
253,final,-6.807117938995361
254,final,-6.807117938995361
255,final,-8.254252433776855
256,final,-7.222351551055908
257,final,-6.589493274688721
258,final,-7.690033912658691
259,final,-6.692954063415527
260,final,-7.315227508544922
261,final,-7.2652668952941895
262,final,-6.838111400604248
263,final,-5.833201885223389
264,final,-5.938994884490967
265,final,-6.3044586181640625
266,final,-7.259243965148926
267,final,-5.518890380859375
268,final,-6.865052223205566
269,final,-6.610847473144531
270,final,-6.200584888458252
271,final,-6.593616485595703
272,final,-7.320672988891602
273,final,-6.5879106521606445
274,final,-5.8439040184021
275,final,-6.398561477661133
276,final,-6.433133602142334
277,final,-6.009659290313721
278,final,-6.514533996582031
279,final,-7.1536383628845215
280,final,-6.834232330322266
281,final,-6.181057929992676
282,final,-5.844290733337402
283,final,-6.059007167816162
284,final,-7.590995788574219
285,final,-6.888932228088379
286,final,-6.116645336151123
287,final,-6.678225517272949
288,final,-8.245705604553223
289,final,-6.805533409118652
290,final,-7.720276832580566
291,final,-7.505822658538818
292,final,-7.871009826660156
293,final,-6.742946624755859
294,final,-7.557624816894531
295,final,-7.259652137756348
296,final,-8.103449821472168
297,final,-6.585395812988281
298,final,-6.667542457580566
299,final,-7.056924819946289
300,final,-6.667542457580566
301,final,-7.013780117034912
302,final,-7.3255615234375
303,final,-6.627725124359131
304,final,-6.736323356628418
305,final,-6.840975761413574
306,final,-6.9168925285339355
307,final,-6.57619571685791
308,final,-6.636325359344482
309,final,-6.999112129211426
310,final,-7.259652137756348
311,final,-7.331423759460449
312,final,-7.256243705749512
313,final,-8.245705604553223
314,final,-7.252073764801025
315,final,-6.57619571685791
316,final,-6.928643226623535
317,final,-7.186327934265137
318,final,-6.366601467132568
319,final,-7.505155086517334
320,final,-6.406294822692871
321,final,-8.245705604553223
322,final,-6.327280044555664
323,final,-7.185683727264404
324,final,-6.223942756652832
325,final,-7.5539374351501465
326,final,-5.808448791503906
327,final,-6.769477367401123
328,final,-6.147560119628906
329,final,-5.689074993133545
330,final,-6.117055892944336
331,final,-7.519752502441406
332,final,-6.622321605682373
333,final,-7.417035102844238
334,final,-7.14626407623291
335,final,-7.242818355560303
336,final,-6.166604518890381
337,final,-7.077808856964111
338,final,-6.663546085357666
339,final,-7.553195476531982
340,final,-6.293905258178711
341,final,-6.215084552764893
342,final,-6.719657897949219
343,final,-6.215084552764893
344,final,-6.558131694793701
345,final,-6.799232006072998
346,final,-6.467344284057617
347,final,-7.533205509185791
348,final,-6.514237880706787
349,final,-6.471229076385498
350,final,-5.8768463134765625
351,final,-7.016759395599365
352,final,-6.025660514831543
353,final,-6.83795166015625
354,final,-6.381284713745117
355,final,-6.398583889007568
356,final,-6.020814895629883
357,final,-6.883742332458496
358,final,-6.6662678718566895
359,final,-6.916424751281738
360,final,-6.4113616943359375
361,final,-6.039449214935303
362,final,-6.4006428718566895
363,final,-6.390693187713623
364,final,-6.839883804321289
365,final,-6.201387882232666
366,final,-6.743479251861572
367,final,-6.465281963348389
368,final,-7.201404094696045
369,final,-6.981183052062988
370,final,-5.814329147338867
371,final,-6.803094863891602
372,final,-5.765912055969238
373,final,-6.746840000152588
374,final,-6.706725597381592
375,final,-5.959722518920898
376,final,-6.451353073120117
377,final,-5.89162015914917
378,final,-6.116332054138184
379,final,-5.692194938659668
380,final,-5.8346476554870605
381,final,-6.886490345001221
382,final,-6.138710021972656
383,final,-6.091334819793701
384,final,-6.291520118713379
385,final,-5.97952127456665
386,final,-6.465281963348389
387,final,-6.3965630531311035
388,final,-6.634040355682373
389,final,-5.749729156494141
390,final,-7.051201820373535
391,final,-6.104084491729736
392,final,-5.812378883361816
393,final,-5.422835350036621
394,final,-6.603537082672119
395,final,-5.798157691955566
396,final,-6.232006072998047
397,final,-5.970217227935791
398,final,-6.153580665588379
399,final,-5.6321563720703125
400,final,-6.710687160491943
401,final,-6.352679252624512
402,final,-6.350114345550537
403,final,-5.883845329284668
404,final,-5.747748851776123
405,final,-6.166905403137207
406,final,-6.228939533233643
407,final,-6.405207633972168
408,final,-5.984804153442383
409,final,-6.934560775756836
410,final,-6.87531042098999
411,final,-7.600998878479004
412,final,-8.366061210632324
413,final,-7.822146892547607
414,final,-6.86283016204834
415,final,-6.9390974044799805
416,final,-7.233494281768799
417,final,-7.784599304199219
418,final,-6.8986053466796875
419,final,-5.773418426513672
420,final,-6.96311616897583
421,final,-8.005949020385742
422,final,-8.057706832885742
423,final,-6.8812575340271
424,final,-8.091604232788086
425,final,-8.134222984313965
426,final,-7.677320957183838
427,final,-7.147444248199463
428,final,-7.817355632781982
429,final,-6.912944316864014
430,final,-7.924036979675293
431,final,-8.10423755645752
432,final,-7.206742286682129
433,final,-8.224725723266602
434,final,-7.652717113494873
435,final,-6.724659442901611
436,final,-6.25376558303833
437,final,-7.496464252471924
438,final,-7.025737762451172
439,final,-7.815518856048584
440,final,-7.096416473388672
441,final,-7.367178916931152
442,final,-7.001732349395752
443,final,-7.446033954620361
444,final,-7.860398292541504
445,final,-7.661389350891113
446,final,-8.512639045715332
447,final,-7.730072021484375
448,final,-8.53847599029541
449,final,-7.228404521942139
450,final,-7.620331764221191
451,final,-6.632673740386963
452,final,-6.547905445098877
453,final,-6.309860706329346
454,final,-7.111233711242676
455,final,-7.505336761474609
456,final,-7.270321369171143
457,final,-6.299282073974609
458,final,-6.3415350914001465
459,final,-6.656386375427246
460,final,-7.215230941772461
461,final,-6.462334632873535
462,final,-5.557931423187256
463,final,-6.264103412628174
464,final,-7.005321502685547
465,final,-7.316119194030762
466,final,-5.897897720336914
467,final,-6.802140235900879
468,final,-6.946754455566406
469,final,-7.115871429443359
470,final,-6.6296796798706055
471,final,-7.382139682769775
472,final,-5.580583572387695
473,final,-6.851950168609619
474,final,-5.7468743324279785
475,final,-6.3337883949279785
476,final,-6.5222649574279785
477,final,-5.596678256988525
478,final,-5.945061206817627
479,final,-6.550848007202148
480,final,-6.059961795806885
481,final,-6.387911319732666
482,final,-5.901418209075928
483,final,-5.939107894897461
484,final,-6.402137279510498
485,final,-5.343026161193848
486,final,-6.359033107757568
487,final,-6.374823093414307
488,final,-6.023299217224121
489,final,-6.437147617340088
490,final,-6.569598197937012
491,final,-6.086627960205078
492,final,-8.829792976379395
493,final,-7.630565643310547
494,final,-7.388298034667969
495,final,-7.469885349273682
496,final,-8.021458625793457
497,final,-7.0399017333984375
498,final,-6.779013633728027
499,final,-7.5953145027160645
500,final,-7.7192063331604
501,final,-7.150198459625244
502,final,-8.532722473144531
503,final,-7.581056594848633
504,final,-7.847916126251221
505,final,-7.578371047973633
506,final,-8.426383972167969
507,final,-7.627025604248047
508,final,-6.650500774383545
509,final,-7.741119861602783
510,final,-7.381919860839844
511,final,-8.751520156860352
512,final,-7.818473815917969
513,final,-7.704439163208008
514,final,-9.067732810974121
515,final,-8.174285888671875
516,final,-7.5733642578125
517,final,-7.627843856811523
518,final,-7.441093921661377
519,final,-6.509166717529297
520,final,-6.897758960723877
521,final,-7.150604724884033
522,final,-6.3798747062683105
523,final,-8.846334457397461
524,final,-7.363370418548584
525,final,-7.178489685058594
526,final,-6.14442777633667
527,final,-6.847529888153076
528,final,-8.583621978759766
529,final,-7.292738437652588
530,final,-8.447996139526367
531,final,-7.508714199066162
532,final,-7.719600200653076
533,final,-8.020439147949219
534,final,-7.798121452331543
535,final,-7.816063404083252
536,final,-6.873786449432373
537,final,-6.5714497566223145
538,final,-6.366661071777344
539,final,-6.7614898681640625
540,final,-7.044402599334717
541,final,-6.352677345275879
542,final,-7.3016157150268555
543,final,-6.960529804229736
544,final,-7.3905558586120605
545,final,-7.405272006988525
546,final,-6.553269386291504
547,final,-7.289743900299072
548,final,-7.198916912078857
549,final,-7.209603786468506
550,final,-7.23690938949585
551,final,-6.114666938781738
552,final,-7.050087928771973
553,final,-6.410943508148193
554,final,-7.571231365203857
555,final,-6.563573837280273
556,final,-5.701463222503662
557,final,-7.795004367828369
558,final,-7.142318248748779
559,final,-7.279637813568115
560,final,-8.98015308380127
561,final,-8.137592315673828
562,final,-6.749485969543457
563,final,-6.596420764923096
564,final,-7.009518623352051
565,final,-6.343637466430664
566,final,-7.183228969573975
567,final,-6.984195709228516
568,final,-6.750598430633545
569,final,-6.37628698348999
570,final,-7.314168930053711
571,final,-7.4372172355651855
572,final,-7.344379425048828
573,final,-7.160412311553955
574,final,-8.594843864440918
575,final,-7.642337799072266
576,final,-8.855328559875488
577,final,-7.788540840148926
578,final,-7.788540840148926
579,final,-5.82598352432251
580,final,-7.279637813568115
581,final,-9.222101211547852
582,final,-7.5804033279418945
583,final,-8.871160507202148
584,final,-7.277641296386719
585,final,-8.181150436401367
586,final,-9.578582763671875
587,final,-7.12212610244751
588,final,-8.312369346618652
589,final,-7.529335021972656
590,final,-8.41145133972168
591,final,-6.551356792449951
592,final,-7.577854156494141
593,final,-7.642337799072266
594,final,-7.116713047027588
595,final,-7.438116550445557
596,final,-7.670106410980225
597,final,-6.274669647216797
598,final,-6.727166175842285
599,final,-4.999340057373047
600,final,-6.8607306480407715
601,final,-7.025722026824951
602,final,-7.085505485534668
603,final,-8.361424446105957
604,final,-8.175651550292969
605,final,-6.43299674987793
606,final,-5.941437244415283
607,final,-7.6572723388671875
608,final,-6.393171787261963
609,final,-6.917202472686768
610,final,-7.357560157775879
611,final,-7.0966796875
612,final,-5.833949565887451
613,final,-6.690585613250732
614,final,-7.419463157653809
615,final,-7.5806965827941895
616,final,-6.854962348937988
617,final,-8.630610466003418
618,final,-6.953261375427246
619,final,-7.710352420806885
620,final,-6.528636455535889
621,final,-6.780077934265137
622,final,-7.20943021774292
623,final,-8.107133865356445
624,final,-7.828945636749268
625,final,-7.461711406707764
626,final,-6.912471294403076
627,final,-6.952755451202393
628,final,-7.397551536560059
629,final,-7.033607006072998
630,final,-6.991283893585205
631,final,-6.777205467224121
632,final,-6.692236423492432
633,final,-7.285150051116943
634,final,-7.9593071937561035
635,final,-7.25390625
636,final,-7.736374378204346
637,final,-7.430147171020508
638,final,-7.684010028839111
639,final,-7.999587535858154
640,final,-6.809214115142822
641,final,-8.38073444366455
642,final,-6.9663166999816895
643,final,-7.50169038772583
644,final,-7.2171101570129395
645,final,-6.331083297729492
646,final,-7.9004340171813965
647,final,-6.609661102294922
648,final,-6.11920690536499
649,final,-8.041779518127441
650,final,-7.458732604980469
651,final,-6.530442237854004
652,final,-8.268990516662598
653,final,-7.3710784912109375
654,final,-6.928878307342529
655,final,-7.666325092315674
656,final,-6.471553802490234
657,final,-6.430208206176758
658,final,-8.472817420959473
659,final,-7.115198135375977
660,final,-6.6130571365356445
661,final,-6.920251846313477
662,final,-7.365710735321045
663,final,-6.343360900878906
664,final,-6.491452217102051
665,final,-6.77513313293457
666,final,-7.377434730529785
667,final,-7.499403476715088
668,final,-6.995944499969482
669,final,-6.572024822235107
670,final,-6.536639213562012
671,final,-7.0273542404174805
672,final,-6.253636837005615
673,final,-6.71901273727417
674,final,-5.862271308898926
675,final,-6.748787879943848
676,final,-6.715770244598389
677,final,-7.836071014404297
678,final,-7.093320846557617
679,final,-7.550278663635254
680,final,-6.8741302490234375
681,final,-8.389302253723145
682,final,-8.548871040344238
683,final,-7.513021469116211
684,final,-7.415813446044922
685,final,-8.123883247375488
686,final,-8.062649726867676
687,final,-6.612483501434326
688,final,-7.635705471038818
689,final,-9.303619384765625
690,final,-8.463621139526367
691,final,-7.97074556350708
692,final,-9.122902870178223
693,final,-6.786509990692139
694,final,-7.955852508544922
695,final,-9.493915557861328
696,final,-7.2014336585998535
697,final,-9.28563117980957
698,final,-9.724772453308105
699,final,-9.73603630065918
700,final,-7.811031818389893
701,final,-8.865181922912598
702,final,-9.04135799407959
703,final,-10.112958908081055
704,final,-5.8962883949279785
705,final,-7.165744781494141
706,final,-8.756197929382324
707,final,-10.538549423217773
708,final,-6.906156063079834
709,final,-9.286553382873535
710,final,-7.194386959075928
711,final,-8.427207946777344
712,final,-8.237588882446289
713,final,-8.555669784545898
714,final,-7.18010950088501
715,final,-8.733729362487793
716,final,-8.531188011169434
717,final,-7.762325286865234
718,final,-8.388286590576172
719,final,-6.914087295532227
720,final,-7.221052646636963
721,final,-9.319204330444336
722,final,-8.329513549804688
723,final,-6.671321392059326
724,final,-7.786366939544678
725,final,-8.687597274780273
726,final,-6.681883811950684
727,final,-7.709588050842285
728,final,-7.275346755981445
729,final,-7.466104984283447
730,final,-5.102514743804932
731,final,-6.7135515213012695
732,final,-8.544651985168457
733,final,-7.367825031280518
734,final,-7.0256218910217285
735,final,-8.645058631896973
736,final,-6.413259029388428
737,final,-8.066915512084961
738,final,-9.113631248474121
739,final,-7.186899662017822
740,final,-8.064190864562988
741,final,-8.449440956115723
742,final,-8.207953453063965
743,final,-7.3724870681762695
744,final,-7.742888927459717
745,final,-5.651875019073486
746,final,-6.490147113800049
747,final,-5.871323108673096
748,final,-6.536990165710449
749,final,-6.596120357513428
750,final,-6.4869842529296875
751,final,-5.120314121246338
752,final,-6.043729782104492
753,final,-5.997190475463867
754,final,-8.063163757324219
755,final,-5.6233601570129395
756,final,-6.722437858581543
757,final,-8.638672828674316
758,final,-8.49259090423584
759,final,-6.979976654052734
760,final,-7.747854709625244
761,final,-7.820420742034912
762,final,-7.766628742218018
763,final,-6.237088203430176
764,final,-6.6615447998046875
765,final,-6.835595607757568
766,final,-6.346944808959961
767,final,-6.981648921966553
768,final,-5.705100059509277
769,final,-7.171481609344482
770,final,-6.759786128997803
771,final,-6.636779308319092
772,final,-8.048337936401367
773,final,-7.062485694885254
774,final,-7.198475360870361
775,final,-7.704317569732666
776,final,-7.134638786315918
777,final,-7.011268615722656
778,final,-6.183689117431641
779,final,-9.032615661621094
780,final,-7.407393455505371
781,final,-7.852384090423584
782,final,-7.01279354095459
783,final,-6.649031162261963
784,final,-4.9615478515625
785,final,-6.1553425788879395
786,final,-5.609401702880859
787,final,-7.074732303619385
788,final,-5.337564945220947
789,final,-5.718368053436279
790,final,-6.091082572937012
791,final,-5.368160247802734
792,final,-6.982954978942871
793,final,-7.116376876831055
794,final,-4.796037197113037
795,final,-5.128985404968262
796,final,-5.825051307678223
797,final,-5.303424835205078
798,final,-7.148207664489746
799,final,-5.823235988616943
800,final,-6.117777347564697
801,final,-5.633739948272705
802,final,-5.19371223449707
803,final,-8.534930229187012
804,final,-6.6229987144470215
805,final,-7.5745930671691895
806,final,-5.906821250915527
807,final,-5.286140441894531
808,final,-5.088372230529785
809,final,-6.064040184020996
810,final,-5.6526641845703125
811,final,-7.806248188018799
812,final,-5.635825157165527
813,final,-6.530840873718262
814,final,-7.004802227020264
815,final,-7.5549702644348145
816,final,-6.447890281677246
817,final,-5.02960729598999
818,final,-5.163284778594971
819,final,-6.148573398590088
820,final,-4.880142688751221
821,final,-6.053174018859863
822,final,-6.614980220794678
823,final,-6.642283916473389
824,final,-6.891181945800781
825,final,-4.966076374053955
826,final,-5.798858165740967
827,final,-5.425351619720459
828,final,-6.123000621795654
829,final,-5.915811538696289
830,final,-6.749884128570557
831,final,-5.426801681518555
832,final,-6.044241428375244
833,final,-5.85520601272583
834,final,-5.600135803222656
835,final,-6.490656852722168
836,final,-6.954816818237305
837,final,-5.347750663757324
838,final,-5.301424503326416
839,final,-5.778880596160889
840,final,-5.436398506164551
841,final,-6.083481311798096
842,final,-6.02083158493042
843,final,-6.235837459564209
844,final,-5.6098222732543945
845,final,-5.4088850021362305
846,final,-7.546557426452637
847,final,-6.4608588218688965
848,final,-5.048785209655762
849,final,-7.776174068450928
850,final,-7.293097496032715
851,final,-5.855475425720215
852,final,-6.833146572113037
853,final,-5.556375503540039
854,final,-6.817703723907471
855,final,-6.340926647186279
856,final,-7.050179958343506
857,final,-4.9733967781066895
858,final,-7.8500075340271
859,final,-4.9733967781066895
860,final,-4.981201171875
861,final,-5.4931960105896
862,final,-6.686509609222412
863,final,-6.0877203941345215
864,final,-5.853490352630615
865,final,-5.472823143005371
866,final,-8.044655799865723
867,final,-4.732876300811768
868,final,-6.092719554901123
869,final,-5.425065994262695
870,final,-5.9826788902282715
871,final,-7.269005298614502
872,final,-5.34269380569458
873,final,-7.456909656524658
874,final,-6.348258972167969
875,final,-5.472823143005371
876,final,-6.215216159820557
877,final,-6.101962089538574
878,final,-5.57358455657959
879,final,-6.251553058624268
880,final,-6.012032985687256
881,final,-7.48328161239624
882,final,-7.519722938537598
883,final,-4.890469074249268
884,final,-5.343629837036133
885,final,-5.425065994262695
886,final,-6.842464923858643
887,final,-5.709077835083008
888,final,-7.776173114776611
889,final,-6.948099136352539
890,final,-6.429319381713867
891,final,-5.221897125244141
892,final,-7.008261680603027
893,final,-6.96204137802124
894,final,-5.765580177307129
895,final,-6.245957374572754
896,final,-5.777679443359375
897,final,-6.335268974304199
898,final,-6.131933689117432
899,final,-6.362589359283447
900,final,-5.452986717224121
901,final,-7.084835529327393
902,final,-5.452986717224121
903,final,-5.003686904907227
904,final,-5.603311538696289
905,final,-6.243976593017578
906,final,-6.162572860717773
907,final,-6.072476387023926
908,final,-5.900990962982178
909,final,-7.91703462600708
910,final,-5.890558242797852
911,final,-5.783430099487305
912,final,-5.732909679412842
913,final,-5.672746658325195
914,final,-6.5243425369262695
915,final,-5.732909679412842
916,final,-6.466914653778076
917,final,-6.152958393096924
918,final,-6.047735691070557
919,final,-5.996314525604248
920,final,-6.494052886962891
921,final,-6.615774154663086
922,final,-5.2712554931640625
923,final,-5.792867660522461
924,final,-6.130327224731445
925,final,-6.621434688568115
926,final,-6.513930320739746
927,final,-6.185201644897461
928,final,-6.634402275085449
929,final,-5.407482624053955
930,final,-5.675386428833008
931,final,-6.167440891265869
932,final,-5.616173267364502
933,final,-5.770170211791992
934,final,-6.777793884277344
935,final,-7.771030902862549
936,final,-5.82147216796875
937,final,-5.446849822998047
938,final,-6.539572715759277
939,final,-6.518952369689941
940,final,-6.660707473754883
941,final,-6.928123474121094
942,final,-7.6247711181640625
943,final,-5.64216423034668
944,final,-6.576563835144043
945,final,-5.872107982635498
946,final,-5.780198097229004
947,final,-5.72998571395874
948,final,-5.202424049377441
949,final,-6.310990810394287
950,final,-7.348443031311035
951,final,-6.069243907928467
952,final,-5.375612735748291
953,final,-6.105090141296387
954,final,-5.50163459777832
955,final,-5.606954097747803
956,final,-5.489956378936768
957,final,-6.0959343910217285
958,final,-5.606954097747803
959,final,-6.083761215209961
960,final,-5.962865352630615
961,final,-5.754695892333984
962,final,-5.917806625366211
963,final,-6.055561542510986
964,final,-6.363324165344238
965,final,-5.145719528198242
966,final,-5.69221830368042
967,final,-5.782003879547119
968,final,-6.238504409790039
969,final,-5.991926670074463
970,final,-6.174530506134033
971,final,-6.167210102081299
972,final,-5.213405132293701
973,final,-5.944362163543701
974,final,-8.845170974731445
975,final,-7.737154006958008
976,final,-6.383447647094727
977,final,-6.793193817138672
978,final,-8.544212341308594
979,final,-6.838956832885742
980,final,-6.1806416511535645
981,final,-8.506598472595215
982,final,-5.256435871124268
983,final,-6.342841625213623
984,final,-6.326178073883057
985,final,-6.178609371185303
986,final,-6.183778762817383
987,final,-7.542956829071045
988,final,-5.653683662414551
989,final,-6.850149154663086
990,final,-6.979256629943848
991,final,-5.626611709594727
992,final,-6.719689846038818
993,final,-6.595057010650635
994,final,-6.754307746887207
995,final,-6.486556053161621
996,final,-7.703039169311523
997,final,-7.204745769500732
998,final,-7.236705303192139
999,final,-6.610661029815674
1000,final,-5.95262336730957
1001,final,-7.306756019592285
1002,final,-6.546144008636475
1003,final,-6.101726531982422
1004,final,-8.317039489746094
1005,final,-7.627597808837891
1006,final,-5.990645408630371
1007,final,-7.6703667640686035
1008,final,-6.847271919250488
1009,final,-7.248561382293701
1010,final,-5.824308395385742
1011,final,-5.9681196212768555
1012,final,-5.805716514587402
1013,final,-6.456602096557617
1014,final,-7.35373592376709
1015,final,-7.386727809906006
1016,final,-5.902163028717041
1017,final,-8.284255981445312
1018,final,-7.391394138336182
1019,final,-6.077629089355469
1020,final,-6.624264717102051
1021,final,-7.610010147094727
1022,final,-6.406700134277344
1023,final,-5.885496139526367
1024,final,-7.502860069274902
1025,final,-5.010858058929443
1026,final,-6.09055233001709
1027,final,-6.021917343139648
1028,final,-5.7241435050964355
1029,final,-5.876692295074463
1030,final,-6.617826461791992
1031,final,-5.781805515289307
1032,final,-6.434973239898682
1033,final,-6.705402374267578
1034,final,-5.507248401641846
1035,final,-6.193906784057617
1036,final,-7.226395130157471
1037,final,-6.000889301300049
1038,final,-4.815831661224365
1039,final,-4.921020030975342
1040,final,-7.202009677886963
1041,final,-5.978775501251221
1042,final,-5.493805408477783
1043,final,-6.604335308074951
1044,final,-5.14368200302124
1045,final,-5.249932765960693
1046,final,-6.474417209625244
1047,final,-5.494637966156006
1048,final,-5.094401836395264
1049,final,-6.24075174331665
1050,final,-5.033956050872803
1051,final,-5.392047882080078
1052,final,-7.141016960144043
1053,final,-6.394124984741211
1054,final,-5.896458625793457
1055,final,-5.544449329376221
1056,final,-5.1620378494262695
1057,final,-7.099416732788086
1058,final,-7.001567363739014
1059,final,-6.411027908325195
1060,final,-6.082516193389893
1061,final,-5.369140625
1062,final,-6.076227188110352
1063,final,-6.736666679382324
1064,final,-6.85081672668457
1065,final,-7.11223030090332
1066,final,-6.098830223083496
1067,final,-5.344934463500977
1068,final,-5.177631855010986
1069,final,-4.656442165374756
1070,final,-5.8591461181640625
1071,final,-6.297609806060791
1072,final,-5.502993583679199
1073,final,-6.518456935882568
1074,final,-6.758993148803711
1075,final,-5.099693298339844
1076,final,-6.336055755615234
1077,final,-5.925296306610107
1078,final,-6.944295883178711
1079,final,-7.820171356201172
1080,final,-7.273373126983643
1081,final,-6.8376784324646
1082,final,-7.532094478607178
1083,final,-6.910416603088379
1084,final,-6.910416603088379
1085,final,-6.858295440673828
1086,final,-6.715861797332764
1087,final,-6.60744047164917
1088,final,-6.851857662200928
1089,final,-6.744170665740967
1090,final,-7.013723373413086
1091,final,-6.871699810028076
1092,final,-6.854732036590576
1093,final,-7.110320568084717
1094,final,-7.136632442474365
1095,final,-6.947754859924316
1096,final,-5.891451835632324
1097,final,-8.169169425964355
1098,final,-6.441864967346191
1099,final,-7.0853352546691895
1100,final,-7.168248653411865
1101,final,-6.34332799911499
1102,final,-7.779203414916992
1103,final,-7.320364475250244
1104,final,-7.925009250640869
1105,final,-6.164751052856445
1106,final,-7.318806171417236
1107,final,-7.617536544799805
1108,final,-6.627664089202881
1109,final,-7.570450305938721
1110,final,-9.087818145751953
1111,final,-6.062009334564209
1112,final,-7.767890453338623
1113,final,-6.920620441436768
1114,final,-7.1007609367370605
1115,final,-6.601463794708252
1116,final,-7.617536544799805
1117,final,-6.2711076736450195
1118,final,-5.9823455810546875
1119,final,-5.125401496887207
1120,final,-5.095170021057129
1121,final,-6.582115650177002
1122,final,-6.758903503417969
1123,final,-6.42313814163208
1124,final,-5.592406272888184
1125,final,-6.522313117980957
1126,final,-6.17808198928833
1127,final,-6.17808198928833
1128,final,-6.036745548248291
1129,final,-5.94410514831543
1130,final,-5.8926239013671875
1131,final,-5.723419189453125
1132,final,-5.480682849884033
1133,final,-6.096984386444092
1134,final,-5.984894275665283
1135,final,-6.186063766479492
1136,final,-5.962269306182861
1137,final,-5.764861106872559
1138,final,-5.9264750480651855
1139,final,-7.124009609222412
1140,final,-7.416007995605469
1141,final,-6.416574954986572
1142,final,-5.76986837387085
1143,final,-6.756568908691406
1144,final,-7.232516765594482
1145,final,-6.718849182128906
1146,final,-6.377044677734375
1147,final,-7.286449909210205
1148,final,-7.080201625823975
1149,final,-7.227181911468506
1150,final,-7.251240253448486
1151,final,-7.7438201904296875
1152,final,-7.208286762237549
1153,final,-7.518936634063721
1154,final,-5.884592533111572
1155,final,-7.7438201904296875
1156,final,-7.010619640350342
1157,final,-7.900703430175781
1158,final,-6.974668502807617
1159,final,-6.707912921905518
1160,final,-7.475044250488281
1161,final,-7.482629299163818
1162,final,-6.10630989074707
1163,final,-6.344178676605225
1164,final,-6.816837787628174
1165,final,-8.522254943847656
1166,final,-7.482629299163818
1167,final,-5.720137119293213
1168,final,-7.081753253936768
1169,final,-9.565449714660645
1170,final,-7.202524185180664
1171,final,-6.744250774383545
1172,final,-7.411174774169922
1173,final,-7.411174774169922
1174,final,-7.800548076629639
1175,final,-6.331929683685303
1176,final,-5.845259666442871
1177,final,-6.357501983642578
1178,final,-6.511964797973633
1179,final,-6.656601905822754
1180,final,-7.071723461151123
1181,final,-6.816837787628174
1182,final,-6.448323726654053
1183,final,-6.298990726470947
1184,final,-5.49135684967041
1185,final,-5.377850532531738
1186,final,-6.274933815002441
1187,final,-6.353331089019775
1188,final,-6.06687593460083
1189,final,-5.405796051025391
1190,final,-6.2434611320495605
1191,final,-6.499610900878906
1192,final,-6.309661865234375
1193,final,-6.12876033782959
1194,final,-6.751430034637451
1195,final,-6.54311990737915
1196,final,-6.286179542541504
1197,final,-5.378423690795898
1198,final,-6.751430034637451
1199,final,-6.069179058074951
1200,final,-6.81455135345459
1201,final,-6.128955841064453
1202,final,-7.37448263168335
1203,final,-6.8371381759643555
1204,final,-7.08917236328125
1205,final,-6.712486743927002
1206,final,-7.147068977355957
1207,final,-5.963316917419434
1208,final,-7.342856407165527
1209,final,-7.75154972076416
1210,final,-6.785810947418213
1211,final,-6.3392133712768555
1212,final,-8.225150108337402
1213,final,-6.6275811195373535
1214,final,-6.786073207855225
1215,final,-6.360543727874756
1216,final,-6.884346961975098
1217,final,-6.422980308532715
1218,final,-7.191483974456787
1219,final,-7.427968502044678
1220,final,-6.192668914794922
1221,final,-7.29746150970459
1222,final,-7.341831207275391
1223,final,-6.176897048950195
1224,final,-6.762686729431152
1225,final,-7.143257141113281
1226,final,-6.993969440460205
1227,final,-6.712017059326172
1228,final,-6.260365962982178
1229,final,-6.43885612487793
1230,final,-6.391598701477051
1231,final,-7.6854143142700195
1232,final,-6.901506423950195
1233,final,-7.052468776702881
1234,final,-6.17275857925415
1235,final,-7.822888374328613
1236,final,-6.539257049560547
1237,final,-7.942049503326416
1238,final,-7.2506303787231445
1239,final,-6.688384532928467
1240,final,-6.178316116333008
1241,final,-7.205393314361572
1242,final,-6.866127014160156
1243,final,-6.444916248321533
1244,final,-6.626693248748779
1245,final,-6.1884074211120605
1246,final,-6.022470951080322
1247,final,-5.823526859283447
1248,final,-6.274940490722656
1249,final,-6.341398239135742
1250,final,-5.330349922180176
1251,final,-6.721362113952637
1252,final,-6.597832679748535
1253,final,-5.936147689819336
1254,final,-5.870694637298584
1255,final,-7.362298011779785
1256,final,-6.052358150482178
1257,final,-6.131632328033447
1258,final,-5.717766761779785
1259,final,-5.927362442016602
1260,final,-5.757791519165039
1261,final,-6.0171589851379395
1262,final,-6.705935001373291
1263,final,-5.0798234939575195
1264,final,-5.8963541984558105
1265,final,-7.875885009765625
1266,final,-7.520710468292236
1267,final,-7.302121639251709
1268,final,-7.4513397216796875
1269,final,-8.565966606140137
1270,final,-7.078446865081787
1271,final,-8.89494800567627
1272,final,-7.715114593505859
1273,final,-7.241624355316162
1274,final,-7.360652446746826
1275,final,-7.164495944976807
1276,final,-8.034086227416992
1277,final,-7.024197101593018
1278,final,-7.158169746398926
1279,final,-7.242908954620361
1280,final,-6.647235870361328
1281,final,-7.915119171142578
1282,final,-8.831170082092285
1283,final,-7.522209167480469
1284,final,-7.06052303314209
1285,final,-8.929882049560547
1286,final,-7.751652240753174
1287,final,-8.72416877746582
1288,final,-7.475575923919678
1289,final,-8.724926948547363
1290,final,-7.649118900299072
1291,final,-7.563951015472412
1292,final,-7.738228797912598
1293,final,-8.429298400878906
1294,final,-8.07443618774414
1295,final,-7.302123069763184
1296,final,-8.74148941040039
1297,final,-8.131326675415039
1298,final,-7.8374409675598145
1299,final,-6.805394649505615
1300,final,-6.647235870361328
1301,final,-6.460253715515137
1302,final,-8.961981773376465
1303,final,-8.058085441589355
1304,final,-7.348626613616943
1305,final,-8.209869384765625
1306,final,-7.315535545349121
1307,final,-7.041904449462891
1308,final,-6.861582279205322
1309,final,-5.534725666046143
1310,final,-6.962876319885254
1311,final,-6.525346279144287
1312,final,-7.877541542053223
1313,final,-6.377236366271973
1314,final,-7.635701656341553
1315,final,-6.621884822845459
1316,final,-6.500955104827881
1317,final,-6.384758949279785
1318,final,-5.67606782913208
1319,final,-7.080628395080566
1320,final,-6.614523887634277
1321,final,-5.999514102935791
1322,final,-5.973576545715332
1323,final,-5.335805416107178
1324,final,-6.8850626945495605
1325,final,-7.394972324371338
1326,final,-6.717626094818115
1327,final,-6.164542198181152
1328,final,-5.585587501525879
1329,final,-5.723638534545898
1330,final,-5.723638534545898
1331,final,-7.217203617095947
1332,final,-7.070988178253174
1333,final,-5.868751525878906
1334,final,-6.895976543426514
1335,final,-5.635993480682373
1336,final,-6.12587833404541
1337,final,-6.266261100769043
1338,final,-5.332701683044434
1339,final,-5.765697002410889
1340,final,-5.636645793914795
1341,final,-6.648471355438232
1342,final,-6.439676284790039
1343,final,-5.650786876678467
1344,final,-6.352991580963135
1345,final,-5.273375034332275
1346,final,-5.443759441375732
1347,final,-5.270461559295654
1348,final,-6.185998916625977
1349,final,-5.904793739318848
1350,final,-5.55831241607666
1351,final,-5.672800540924072
1352,final,-7.597871780395508
1353,final,-5.5234808921813965
1354,final,-6.146264553070068
1355,final,-5.329678535461426
1356,final,-6.022807598114014
1357,final,-5.524578094482422
1358,final,-6.0423431396484375
1359,final,-5.922916889190674
1360,final,-5.838146686553955
1361,final,-5.399850845336914
1362,final,-5.205365180969238
1363,final,-6.101156234741211
1364,final,-6.12876033782959
1365,final,-6.368260383605957
1366,final,-5.357564926147461
1367,final,-6.222177028656006
0,best,-5.511847972869873
1,best,-8.078289985656738
2,best,-6.223297595977783
3,best,-6.735010623931885
4,best,-5.405157566070557
5,best,-7.970999240875244
6,best,-5.704505920410156
7,best,-7.661341190338135
8,best,-5.356229782104492
9,best,-6.303642272949219
10,best,-6.556178569793701
11,best,-5.459582328796387
12,best,-5.5861992835998535
13,best,-5.787525177001953
14,best,-5.909243106842041
15,best,-5.837677001953125
16,best,-7.36180305480957
17,best,-5.459582328796387
18,best,-6.930549144744873
19,best,-6.223297595977783
20,best,-6.757259845733643
21,best,-6.7630438804626465
22,best,-6.899246692657471
23,best,-5.824947357177734
24,best,-5.697559356689453
25,best,-6.7630438804626465
26,best,-6.705604076385498
27,best,-6.232290744781494
28,best,-5.8585638999938965
29,best,-6.705604076385498
30,best,-6.42513370513916
31,best,-6.8350701332092285
32,best,-5.408348083496094
33,best,-6.916325092315674
34,best,-8.026361465454102
35,best,-6.6902265548706055
36,best,-5.834456443786621
37,best,-6.488946437835693
38,best,-5.6341071128845215
39,best,-6.902446746826172
40,best,-7.163114547729492
41,best,-5.347693920135498
42,best,-6.37083101272583
43,best,-5.764568328857422
44,best,-6.297708034515381
45,best,-7.711024284362793
46,best,-5.731958389282227
47,best,-6.509777069091797
48,best,-7.579170227050781
49,best,-6.750516891479492
50,best,-6.803859710693359
51,best,-7.147196292877197
52,best,-6.152268886566162
53,best,-6.138784408569336
54,best,-6.224262237548828
55,best,-6.089498996734619
56,best,-6.272411823272705
57,best,-6.773301124572754
58,best,-6.490993976593018
59,best,-6.115428924560547
60,best,-6.532607555389404
61,best,-7.288417816162109
62,best,-7.35041618347168
63,best,-7.619712829589844
64,best,-7.772831439971924
65,best,-6.512086391448975
66,best,-7.125209331512451
67,best,-6.38238000869751
68,best,-7.237006187438965
69,best,-6.235628604888916
70,best,-7.9885053634643555
71,best,-6.147346019744873
72,best,-6.83140230178833
73,best,-7.201221466064453
74,best,-7.876304626464844
75,best,-7.734657287597656
76,best,-7.081700801849365
77,best,-6.077905178070068
78,best,-6.777573585510254
79,best,-6.207102298736572
80,best,-5.422941207885742
81,best,-7.171635150909424
82,best,-6.106290817260742
83,best,-5.561760902404785
84,best,-5.606917858123779
85,best,-5.302901744842529
86,best,-5.7067461013793945
87,best,-6.714112281799316
88,best,-7.702094554901123
89,best,-5.465875625610352
90,best,-6.220525741577148
91,best,-6.477778911590576
92,best,-6.432732582092285
93,best,-5.064538955688477
94,best,-5.933630466461182
95,best,-6.055617809295654
96,best,-7.118325233459473
97,best,-4.85355281829834
98,best,-5.825916290283203
99,best,-5.100905418395996
100,best,-6.950794696807861
101,best,-5.6726274490356445
102,best,-6.0515875816345215
103,best,-6.051986217498779
104,best,-6.7248454093933105
105,best,-6.140086650848389
106,best,-5.158668518066406
107,best,-6.901479244232178
108,best,-6.7248454093933105
109,best,-5.2042059898376465
110,best,-7.575001239776611
111,best,-6.2333245277404785
112,best,-5.876724720001221
113,best,-6.774771690368652
114,best,-6.24692964553833
115,best,-5.451083660125732
116,best,-6.2391510009765625
117,best,-7.322409629821777
118,best,-6.015477657318115
119,best,-6.400593280792236
120,best,-6.632172107696533
121,best,-6.681636810302734
122,best,-5.144003391265869
123,best,-5.64919900894165
124,best,-5.957139492034912
125,best,-5.144003391265869
126,best,-7.011857986450195
127,best,-5.9877190589904785
128,best,-6.45642614364624
129,best,-5.616014003753662
130,best,-5.81928014755249
131,best,-5.344923496246338
132,best,-6.343295574188232
133,best,-6.079757213592529
134,best,-5.340681076049805
135,best,-6.375265598297119
136,best,-6.454627990722656
137,best,-6.838785171508789
138,best,-5.873238563537598
139,best,-6.75927734375
140,best,-6.115947246551514
141,best,-5.550126075744629
142,best,-6.927228927612305
143,best,-5.801102161407471
144,best,-6.548404216766357
145,best,-6.624079704284668
146,best,-6.3458380699157715
147,best,-6.35789155960083
148,best,-6.61263370513916
149,best,-6.091306686401367
150,best,-6.660382270812988
151,best,-7.05752420425415
152,best,-5.648332118988037
153,best,-5.575325965881348
154,best,-6.02637243270874
155,best,-6.780461311340332
156,best,-6.02637243270874
157,best,-6.273275852203369
158,best,-5.967822551727295
159,best,-6.39615535736084
160,best,-6.368824481964111
161,best,-6.075499057769775
162,best,-7.0716552734375
163,best,-7.685640335083008
164,best,-6.704935073852539
165,best,-6.683199405670166
166,best,-5.875577926635742
167,best,-6.272022724151611
168,best,-7.945522785186768
169,best,-6.08531379699707
170,best,-7.671968460083008
171,best,-7.092042922973633
172,best,-7.107676982879639
173,best,-6.382138729095459
174,best,-6.723787784576416
175,best,-6.4790873527526855
176,best,-7.62518310546875
177,best,-6.975406169891357
178,best,-5.530362129211426
179,best,-7.139993667602539
180,best,-4.835851192474365
181,best,-5.4074602127075195
182,best,-5.298659801483154
183,best,-5.3129472732543945
184,best,-6.282582759857178
185,best,-6.40867805480957
186,best,-5.3154377937316895
187,best,-6.6374335289001465
188,best,-6.306974411010742
189,best,-6.690799713134766
190,best,-6.959280490875244
191,best,-6.494690418243408
192,best,-5.585016250610352
193,best,-7.043824195861816
194,best,-5.946185111999512
195,best,-4.763163089752197
196,best,-7.527176856994629
197,best,-5.32235050201416
198,best,-6.313557147979736
199,best,-4.96006441116333
200,best,-5.004927635192871
201,best,-6.003718376159668
202,best,-5.340368747711182
203,best,-4.790808200836182
204,best,-4.791264533996582
205,best,-4.791264533996582
206,best,-5.4476189613342285
207,best,-5.812375545501709
208,best,-6.6434526443481445
209,best,-6.168214321136475
210,best,-6.2435808181762695
211,best,-6.454025745391846
212,best,-6.595024585723877
213,best,-6.294858932495117
214,best,-5.027355194091797
215,best,-6.247313499450684
216,best,-5.577625751495361
217,best,-7.24143648147583
218,best,-6.639560699462891
219,best,-6.929242134094238
220,best,-6.301357269287109
221,best,-6.807117938995361
222,best,-7.018074989318848
223,best,-7.94917631149292
224,best,-6.42661714553833
225,best,-7.290405750274658
226,best,-7.5767951011657715
227,best,-7.208984375
228,best,-7.161435604095459
229,best,-8.254252433776855
230,best,-7.092468738555908
231,best,-6.399024486541748
232,best,-7.259777545928955
233,best,-7.081897258758545
234,best,-6.466855049133301
235,best,-6.964692115783691
236,best,-7.862364292144775
237,best,-7.78830099105835
238,best,-6.80767822265625
239,best,-6.415243148803711
240,best,-6.829102516174316
241,best,-8.097284317016602
242,best,-7.598147869110107
243,best,-6.838532447814941
244,best,-7.346074104309082
245,best,-6.509253978729248
246,best,-8.0300874710083
247,best,-7.260487079620361
248,best,-6.995909214019775
249,best,-7.145738124847412
250,best,-7.721558094024658
251,best,-7.134038925170898
252,best,-6.466855049133301
253,best,-6.807117938995361
254,best,-6.807117938995361
255,best,-8.254252433776855
256,best,-7.222351551055908
257,best,-6.589493274688721
258,best,-7.690033912658691
259,best,-6.692954063415527
260,best,-7.315227508544922
261,best,-7.2652668952941895
262,best,-6.838111400604248
263,best,-5.833201885223389
264,best,-5.938994884490967
265,best,-6.3044586181640625
266,best,-7.259243965148926
267,best,-5.518890380859375
268,best,-6.865052223205566
269,best,-6.610847473144531
270,best,-6.200584888458252
271,best,-6.593616485595703
272,best,-7.320672988891602
273,best,-6.5879106521606445
274,best,-5.8439040184021
275,best,-6.398561477661133
276,best,-6.433133602142334
277,best,-6.009659290313721
278,best,-6.514533996582031
279,best,-7.1536383628845215
280,best,-6.834232330322266
281,best,-6.181057929992676
282,best,-5.844290733337402
283,best,-6.059007167816162
284,best,-7.590995788574219
285,best,-6.888932228088379
286,best,-6.116645336151123
287,best,-6.678225517272949
288,best,-8.245705604553223
289,best,-6.805533409118652
290,best,-7.720276832580566
291,best,-7.505822658538818
292,best,-7.871009826660156
293,best,-6.742946624755859
294,best,-7.557624816894531
295,best,-7.259652137756348
296,best,-8.103449821472168
297,best,-6.585395812988281
298,best,-6.667542457580566
299,best,-7.056924819946289
300,best,-6.667542457580566
301,best,-7.013780117034912
302,best,-7.3255615234375
303,best,-6.627725124359131
304,best,-6.736323356628418
305,best,-6.840975761413574
306,best,-6.9168925285339355
307,best,-6.57619571685791
308,best,-6.636325359344482
309,best,-6.999112129211426
310,best,-7.259652137756348
311,best,-7.331423759460449
312,best,-7.256243705749512
313,best,-8.245705604553223
314,best,-7.252073764801025
315,best,-6.57619571685791
316,best,-6.928643226623535
317,best,-7.186327934265137
318,best,-6.366601467132568
319,best,-7.505155086517334
320,best,-6.406294822692871
321,best,-8.245705604553223
322,best,-6.327280044555664
323,best,-7.185683727264404
324,best,-6.223942756652832
325,best,-7.5539374351501465
326,best,-5.808448791503906
327,best,-6.769477367401123
328,best,-6.147560119628906
329,best,-5.689074993133545
330,best,-6.117055892944336
331,best,-7.519752502441406
332,best,-6.622321605682373
333,best,-7.417035102844238
334,best,-7.14626407623291
335,best,-7.242818355560303
336,best,-6.166604518890381
337,best,-7.077808856964111
338,best,-6.663546085357666
339,best,-7.553195476531982
340,best,-6.293905258178711
341,best,-6.215084552764893
342,best,-6.719657897949219
343,best,-6.215084552764893
344,best,-6.558131694793701
345,best,-6.799232006072998
346,best,-6.467344284057617
347,best,-7.533205509185791
348,best,-6.514237880706787
349,best,-6.471229076385498
350,best,-5.8768463134765625
351,best,-7.016759395599365
352,best,-6.025660514831543
353,best,-6.83795166015625
354,best,-6.381284713745117
355,best,-6.398583889007568
356,best,-6.020814895629883
357,best,-6.883742332458496
358,best,-6.6662678718566895
359,best,-6.916424751281738
360,best,-6.4113616943359375
361,best,-6.039449214935303
362,best,-6.4006428718566895
363,best,-6.390693187713623
364,best,-6.839883804321289
365,best,-6.201387882232666
366,best,-6.743479251861572
367,best,-6.465281963348389
368,best,-7.201404094696045
369,best,-6.981183052062988
370,best,-5.814329147338867
371,best,-6.803094863891602
372,best,-5.765912055969238
373,best,-6.746840000152588
374,best,-6.706725597381592
375,best,-5.959722518920898
376,best,-6.451353073120117
377,best,-5.89162015914917
378,best,-6.116332054138184
379,best,-5.692194938659668
380,best,-5.8346476554870605
381,best,-6.886490345001221
382,best,-6.138710021972656
383,best,-6.091334819793701
384,best,-6.291520118713379
385,best,-5.97952127456665
386,best,-6.465281963348389
387,best,-6.3965630531311035
388,best,-6.634040355682373
389,best,-5.749729156494141
390,best,-7.051201820373535
391,best,-6.104084491729736
392,best,-5.812378883361816
393,best,-5.422835350036621
394,best,-6.603537082672119
395,best,-5.798157691955566
396,best,-6.232006072998047
397,best,-5.970217227935791
398,best,-6.153580665588379
399,best,-5.6321563720703125
400,best,-6.710687160491943
401,best,-6.352679252624512
402,best,-6.350114345550537
403,best,-5.883845329284668
404,best,-5.747748851776123
405,best,-6.166905403137207
406,best,-6.228939533233643
407,best,-6.405207633972168
408,best,-5.984804153442383
409,best,-6.934560775756836
410,best,-6.87531042098999
411,best,-7.600998878479004
412,best,-8.366061210632324
413,best,-7.822146892547607
414,best,-6.86283016204834
415,best,-6.9390974044799805
416,best,-7.233494281768799
417,best,-7.784599304199219
418,best,-6.8986053466796875
419,best,-5.773418426513672
420,best,-6.96311616897583
421,best,-8.005949020385742
422,best,-8.057706832885742
423,best,-6.8812575340271
424,best,-8.091604232788086
425,best,-8.134222984313965
426,best,-7.677320957183838
427,best,-7.147444248199463
428,best,-7.817355632781982
429,best,-6.912944316864014
430,best,-7.924036979675293
431,best,-8.10423755645752
432,best,-7.206742286682129
433,best,-8.224725723266602
434,best,-7.652717113494873
435,best,-6.724659442901611
436,best,-6.25376558303833
437,best,-7.496464252471924
438,best,-7.025737762451172
439,best,-7.815518856048584
440,best,-7.096416473388672
441,best,-7.367178916931152
442,best,-7.001732349395752
443,best,-7.446033954620361
444,best,-7.860398292541504
445,best,-7.661389350891113
446,best,-8.512639045715332
447,best,-7.730072021484375
448,best,-8.53847599029541
449,best,-7.228404521942139
450,best,-7.620331764221191
451,best,-6.632673740386963
452,best,-6.547905445098877
453,best,-6.309860706329346
454,best,-7.111233711242676
455,best,-7.505336761474609
456,best,-7.270321369171143
457,best,-6.299282073974609
458,best,-6.3415350914001465
459,best,-6.656386375427246
460,best,-7.215230941772461
461,best,-6.462334632873535
462,best,-5.557931423187256
463,best,-6.264103412628174
464,best,-7.005321502685547
465,best,-7.316119194030762
466,best,-5.897897720336914
467,best,-6.802140235900879
468,best,-6.946754455566406
469,best,-7.115871429443359
470,best,-6.6296796798706055
471,best,-7.382139682769775
472,best,-5.580583572387695
473,best,-6.851950168609619
474,best,-5.7468743324279785
475,best,-6.3337883949279785
476,best,-6.5222649574279785
477,best,-5.596678256988525
478,best,-5.945061206817627
479,best,-6.550848007202148
480,best,-6.059961795806885
481,best,-6.387911319732666
482,best,-5.901418209075928
483,best,-5.939107894897461
484,best,-6.402137279510498
485,best,-5.343026161193848
486,best,-6.359033107757568
487,best,-6.374823093414307
488,best,-6.023299217224121
489,best,-6.437147617340088
490,best,-6.569598197937012
491,best,-6.086627960205078
492,best,-8.829792976379395
493,best,-7.630565643310547
494,best,-7.388298034667969
495,best,-7.469885349273682
496,best,-8.021458625793457
497,best,-7.0399017333984375
498,best,-6.779013633728027
499,best,-7.5953145027160645
500,best,-7.7192063331604
501,best,-7.150198459625244
502,best,-8.532722473144531
503,best,-7.581056594848633
504,best,-7.847916126251221
505,best,-7.578371047973633
506,best,-8.426383972167969
507,best,-7.627025604248047
508,best,-6.650500774383545
509,best,-7.741119861602783
510,best,-7.381919860839844
511,best,-8.751520156860352
512,best,-7.818473815917969
513,best,-7.704439163208008
514,best,-9.067732810974121
515,best,-8.174285888671875
516,best,-7.5733642578125
517,best,-7.627843856811523
518,best,-7.441093921661377
519,best,-6.509166717529297
520,best,-6.897758960723877
521,best,-7.150604724884033
522,best,-6.3798747062683105
523,best,-8.846334457397461
524,best,-7.363370418548584
525,best,-7.178489685058594
526,best,-6.14442777633667
527,best,-6.847529888153076
528,best,-8.583621978759766
529,best,-7.292738437652588
530,best,-8.447996139526367
531,best,-7.508714199066162
532,best,-7.719600200653076
533,best,-8.020439147949219
534,best,-7.798121452331543
535,best,-7.816063404083252
536,best,-6.873786449432373
537,best,-6.5714497566223145
538,best,-6.366661071777344
539,best,-6.7614898681640625
540,best,-7.044402599334717
541,best,-6.352677345275879
542,best,-7.3016157150268555
543,best,-6.960529804229736
544,best,-7.3905558586120605
545,best,-7.405272006988525
546,best,-6.553269386291504
547,best,-7.289743900299072
548,best,-7.198916912078857
549,best,-7.209603786468506
550,best,-7.23690938949585
551,best,-6.114666938781738
552,best,-7.050087928771973
553,best,-6.410943508148193
554,best,-7.571231365203857
555,best,-6.563573837280273
556,best,-5.701463222503662
557,best,-7.795004367828369
558,best,-7.142318248748779
559,best,-7.279637813568115
560,best,-8.98015308380127
561,best,-8.137592315673828
562,best,-6.749485969543457
563,best,-6.596420764923096
564,best,-7.009518623352051
565,best,-6.343637466430664
566,best,-7.183228969573975
567,best,-6.984195709228516
568,best,-6.750598430633545
569,best,-6.37628698348999
570,best,-7.314168930053711
571,best,-7.4372172355651855
572,best,-7.344379425048828
573,best,-7.160412311553955
574,best,-8.594843864440918
575,best,-7.642337799072266
576,best,-8.855328559875488
577,best,-7.788540840148926
578,best,-7.788540840148926
579,best,-5.82598352432251
580,best,-7.279637813568115
581,best,-9.222101211547852
582,best,-7.5804033279418945
583,best,-8.871160507202148
584,best,-7.277641296386719
585,best,-8.181150436401367
586,best,-9.578582763671875
587,best,-7.12212610244751
588,best,-8.312369346618652
589,best,-7.529335021972656
590,best,-8.41145133972168
591,best,-6.551356792449951
592,best,-7.577854156494141
593,best,-7.642337799072266
594,best,-7.116713047027588
595,best,-7.438116550445557
596,best,-7.670106410980225
597,best,-6.274669647216797
598,best,-6.727166175842285
599,best,-4.999340057373047
600,best,-6.8607306480407715
601,best,-7.025722026824951
602,best,-7.085505485534668
603,best,-8.361424446105957
604,best,-8.175651550292969
605,best,-6.43299674987793
606,best,-5.941437244415283
607,best,-7.6572723388671875
608,best,-6.393171787261963
609,best,-6.917202472686768
610,best,-7.357560157775879
611,best,-7.0966796875
612,best,-5.833949565887451
613,best,-6.690585613250732
614,best,-7.419463157653809
615,best,-7.5806965827941895
616,best,-6.854962348937988
617,best,-8.630610466003418
618,best,-6.953261375427246
619,best,-7.710352420806885
620,best,-6.528636455535889
621,best,-6.780077934265137
622,best,-7.20943021774292
623,best,-8.107133865356445
624,best,-7.828945636749268
625,best,-7.461711406707764
626,best,-6.912471294403076
627,best,-6.952755451202393
628,best,-7.397551536560059
629,best,-7.033607006072998
630,best,-6.991283893585205
631,best,-6.777205467224121
632,best,-6.692236423492432
633,best,-7.285150051116943
634,best,-7.9593071937561035
635,best,-7.25390625
636,best,-7.736374378204346
637,best,-7.430147171020508
638,best,-7.684010028839111
639,best,-7.999587535858154
640,best,-6.809214115142822
641,best,-8.38073444366455
642,best,-6.9663166999816895
643,best,-7.50169038772583
644,best,-7.2171101570129395
645,best,-6.331083297729492
646,best,-7.9004340171813965
647,best,-6.609661102294922
648,best,-6.11920690536499
649,best,-8.041779518127441
650,best,-7.458732604980469
651,best,-6.530442237854004
652,best,-8.268990516662598
653,best,-7.3710784912109375
654,best,-6.928878307342529
655,best,-7.666325092315674
656,best,-6.471553802490234
657,best,-6.430208206176758
658,best,-8.472817420959473
659,best,-7.115198135375977
660,best,-6.6130571365356445
661,best,-6.920251846313477
662,best,-7.365710735321045
663,best,-6.343360900878906
664,best,-6.491452217102051
665,best,-6.77513313293457
666,best,-7.377434730529785
667,best,-7.499403476715088
668,best,-6.995944499969482
669,best,-6.572024822235107
670,best,-6.536639213562012
671,best,-7.0273542404174805
672,best,-6.253636837005615
673,best,-6.71901273727417
674,best,-5.862271308898926
675,best,-6.748787879943848
676,best,-6.715770244598389
677,best,-7.836071014404297
678,best,-7.093320846557617
679,best,-7.550278663635254
680,best,-6.8741302490234375
681,best,-8.389302253723145
682,best,-8.548871040344238
683,best,-7.513021469116211
684,best,-7.415813446044922
685,best,-8.123883247375488
686,best,-8.062649726867676
687,best,-6.612483501434326
688,best,-7.635705471038818
689,best,-9.303619384765625
690,best,-8.463621139526367
691,best,-7.97074556350708
692,best,-9.122902870178223
693,best,-6.786509990692139
694,best,-7.955852508544922
695,best,-9.493915557861328
696,best,-7.2014336585998535
697,best,-9.28563117980957
698,best,-9.724772453308105
699,best,-9.73603630065918
700,best,-7.811031818389893
701,best,-8.865181922912598
702,best,-9.04135799407959
703,best,-10.112958908081055
704,best,-5.8962883949279785
705,best,-7.165744781494141
706,best,-8.756197929382324
707,best,-10.538549423217773
708,best,-6.906156063079834
709,best,-9.286553382873535
710,best,-7.194386959075928
711,best,-8.427207946777344
712,best,-8.237588882446289
713,best,-8.555669784545898
714,best,-7.18010950088501
715,best,-8.733729362487793
716,best,-8.531188011169434
717,best,-7.762325286865234
718,best,-8.388286590576172
719,best,-6.914087295532227
720,best,-7.221052646636963
721,best,-9.319204330444336
722,best,-8.329513549804688
723,best,-6.671321392059326
724,best,-7.786366939544678
725,best,-8.687597274780273
726,best,-6.681883811950684
727,best,-7.709588050842285
728,best,-7.275346755981445
729,best,-7.466104984283447
730,best,-5.102514743804932
731,best,-6.7135515213012695
732,best,-8.544651985168457
733,best,-7.367825031280518
734,best,-7.0256218910217285
735,best,-8.645058631896973
736,best,-6.413259029388428
737,best,-8.066915512084961
738,best,-9.113631248474121
739,best,-7.186899662017822
740,best,-8.064190864562988
741,best,-8.449440956115723
742,best,-8.207953453063965
743,best,-7.3724870681762695
744,best,-7.742888927459717
745,best,-5.651875019073486
746,best,-6.490147113800049
747,best,-5.871323108673096
748,best,-6.536990165710449
749,best,-6.596120357513428
750,best,-6.4869842529296875
751,best,-5.120314121246338
752,best,-6.043729782104492
753,best,-5.997190475463867
754,best,-8.063163757324219
755,best,-5.6233601570129395
756,best,-6.722437858581543
757,best,-8.638672828674316
758,best,-8.49259090423584
759,best,-6.979976654052734
760,best,-7.747854709625244
761,best,-7.820420742034912
762,best,-7.766628742218018
763,best,-6.237088203430176
764,best,-6.6615447998046875
765,best,-6.835595607757568
766,best,-6.346944808959961
767,best,-6.981648921966553
768,best,-5.705100059509277
769,best,-7.171481609344482
770,best,-6.759786128997803
771,best,-6.636779308319092
772,best,-8.048337936401367
773,best,-7.062485694885254
774,best,-7.198475360870361
775,best,-7.704317569732666
776,best,-7.134638786315918
777,best,-7.011268615722656
778,best,-6.183689117431641
779,best,-9.032615661621094
780,best,-7.407393455505371
781,best,-7.852384090423584
782,best,-7.01279354095459
783,best,-6.649031162261963
784,best,-4.9615478515625
785,best,-6.1553425788879395
786,best,-5.609401702880859
787,best,-7.074732303619385
788,best,-5.337564945220947
789,best,-5.718368053436279
790,best,-6.091082572937012
791,best,-5.368160247802734
792,best,-6.982954978942871
793,best,-7.116376876831055
794,best,-4.796037197113037
795,best,-5.128985404968262
796,best,-5.825051307678223
797,best,-5.303424835205078
798,best,-7.148207664489746
799,best,-5.823235988616943
800,best,-6.117777347564697
801,best,-5.633739948272705
802,best,-5.19371223449707
803,best,-8.534930229187012
804,best,-6.6229987144470215
805,best,-7.5745930671691895
806,best,-5.906821250915527
807,best,-5.286140441894531
808,best,-5.088372230529785
809,best,-6.064040184020996
810,best,-5.6526641845703125
811,best,-7.806248188018799
812,best,-5.635825157165527
813,best,-6.530840873718262
814,best,-7.004802227020264
815,best,-7.5549702644348145
816,best,-6.447890281677246
817,best,-5.02960729598999
818,best,-5.163284778594971
819,best,-6.148573398590088
820,best,-4.880142688751221
821,best,-6.053174018859863
822,best,-6.614980220794678
823,best,-6.642283916473389
824,best,-6.891181945800781
825,best,-4.966076374053955
826,best,-5.798858165740967
827,best,-5.425351619720459
828,best,-6.123000621795654
829,best,-5.915811538696289
830,best,-6.749884128570557
831,best,-5.426801681518555
832,best,-6.044241428375244
833,best,-5.85520601272583
834,best,-5.600135803222656
835,best,-6.490656852722168
836,best,-6.954816818237305
837,best,-5.347750663757324
838,best,-5.301424503326416
839,best,-5.778880596160889
840,best,-5.436398506164551
841,best,-6.083481311798096
842,best,-6.02083158493042
843,best,-6.235837459564209
844,best,-5.6098222732543945
845,best,-5.4088850021362305
846,best,-7.546557426452637
847,best,-6.4608588218688965
848,best,-5.048785209655762
849,best,-7.776174068450928
850,best,-7.293097496032715
851,best,-5.855475425720215
852,best,-6.833146572113037
853,best,-5.556375503540039
854,best,-6.817703723907471
855,best,-6.340926647186279
856,best,-7.050179958343506
857,best,-4.9733967781066895
858,best,-7.8500075340271
859,best,-4.9733967781066895
860,best,-4.981201171875
861,best,-5.4931960105896
862,best,-6.686509609222412
863,best,-6.0877203941345215
864,best,-5.853490352630615
865,best,-5.472823143005371
866,best,-8.044655799865723
867,best,-4.732876300811768
868,best,-6.092719554901123
869,best,-5.425065994262695
870,best,-5.9826788902282715
871,best,-7.269005298614502
872,best,-5.34269380569458
873,best,-7.456909656524658
874,best,-6.348258972167969
875,best,-5.472823143005371
876,best,-6.215216159820557
877,best,-6.101962089538574
878,best,-5.57358455657959
879,best,-6.251553058624268
880,best,-6.012032985687256
881,best,-7.48328161239624
882,best,-7.519722938537598
883,best,-4.890469074249268
884,best,-5.343629837036133
885,best,-5.425065994262695
886,best,-6.842464923858643
887,best,-5.709077835083008
888,best,-7.776173114776611
889,best,-6.948099136352539
890,best,-6.429319381713867
891,best,-5.221897125244141
892,best,-7.008261680603027
893,best,-6.96204137802124
894,best,-5.765580177307129
895,best,-6.245957374572754
896,best,-5.777679443359375
897,best,-6.335268974304199
898,best,-6.131933689117432
899,best,-6.362589359283447
900,best,-5.452986717224121
901,best,-7.084835529327393
902,best,-5.452986717224121
903,best,-5.003686904907227
904,best,-5.603311538696289
905,best,-6.243976593017578
906,best,-6.162572860717773
907,best,-6.072476387023926
908,best,-5.900990962982178
909,best,-7.91703462600708
910,best,-5.890558242797852
911,best,-5.783430099487305
912,best,-5.732909679412842
913,best,-5.672746658325195
914,best,-6.5243425369262695
915,best,-5.732909679412842
916,best,-6.466914653778076
917,best,-6.152958393096924
918,best,-6.047735691070557
919,best,-5.996314525604248
920,best,-6.494052886962891
921,best,-6.615774154663086
922,best,-5.2712554931640625
923,best,-5.792867660522461
924,best,-6.130327224731445
925,best,-6.621434688568115
926,best,-6.513930320739746
927,best,-6.185201644897461
928,best,-6.634402275085449
929,best,-5.407482624053955
930,best,-5.675386428833008
931,best,-6.167440891265869
932,best,-5.616173267364502
933,best,-5.770170211791992
934,best,-6.777793884277344
935,best,-7.771030902862549
936,best,-5.82147216796875
937,best,-5.446849822998047
938,best,-6.539572715759277
939,best,-6.518952369689941
940,best,-6.660707473754883
941,best,-6.928123474121094
942,best,-7.6247711181640625
943,best,-5.64216423034668
944,best,-6.576563835144043
945,best,-5.872107982635498
946,best,-5.780198097229004
947,best,-5.72998571395874
948,best,-5.202424049377441
949,best,-6.310990810394287
950,best,-7.348443031311035
951,best,-6.069243907928467
952,best,-5.375612735748291
953,best,-6.105090141296387
954,best,-5.50163459777832
955,best,-5.606954097747803
956,best,-5.489956378936768
957,best,-6.0959343910217285
958,best,-5.606954097747803
959,best,-6.083761215209961
960,best,-5.962865352630615
961,best,-5.754695892333984
962,best,-5.917806625366211
963,best,-6.055561542510986
964,best,-6.363324165344238
965,best,-5.145719528198242
966,best,-5.69221830368042
967,best,-5.782003879547119
968,best,-6.238504409790039
969,best,-5.991926670074463
970,best,-6.174530506134033
971,best,-6.167210102081299
972,best,-5.213405132293701
973,best,-5.944362163543701
974,best,-8.845170974731445
975,best,-7.737154006958008
976,best,-6.383447647094727
977,best,-6.793193817138672
978,best,-8.544212341308594
979,best,-6.838956832885742
980,best,-6.1806416511535645
981,best,-8.506598472595215
982,best,-5.256435871124268
983,best,-6.342841625213623
984,best,-6.326178073883057
985,best,-6.178609371185303
986,best,-6.183778762817383
987,best,-7.542956829071045
988,best,-5.653683662414551
989,best,-6.850149154663086
990,best,-6.979256629943848
991,best,-5.626611709594727
992,best,-6.719689846038818
993,best,-6.595057010650635
994,best,-6.754307746887207
995,best,-6.486556053161621
996,best,-7.703039169311523
997,best,-7.204745769500732
998,best,-7.236705303192139
999,best,-6.610661029815674
1000,best,-5.95262336730957
1001,best,-7.306756019592285
1002,best,-6.546144008636475
1003,best,-6.101726531982422
1004,best,-8.317039489746094
1005,best,-7.627597808837891
1006,best,-5.990645408630371
1007,best,-7.6703667640686035
1008,best,-6.847271919250488
1009,best,-7.248561382293701
1010,best,-5.824308395385742
1011,best,-5.9681196212768555
1012,best,-5.805716514587402
1013,best,-6.456602096557617
1014,best,-7.35373592376709
1015,best,-7.386727809906006
1016,best,-5.902163028717041
1017,best,-8.284255981445312
1018,best,-7.391394138336182
1019,best,-6.077629089355469
1020,best,-6.624264717102051
1021,best,-7.610010147094727
1022,best,-6.406700134277344
1023,best,-5.885496139526367
1024,best,-7.502860069274902
1025,best,-5.010858058929443
1026,best,-6.09055233001709
1027,best,-6.021917343139648
1028,best,-5.7241435050964355
1029,best,-5.876692295074463
1030,best,-6.617826461791992
1031,best,-5.781805515289307
1032,best,-6.434973239898682
1033,best,-6.705402374267578
1034,best,-5.507248401641846
1035,best,-6.193906784057617
1036,best,-7.226395130157471
1037,best,-6.000889301300049
1038,best,-4.815831661224365
1039,best,-4.921020030975342
1040,best,-7.202009677886963
1041,best,-5.978775501251221
1042,best,-5.493805408477783
1043,best,-6.604335308074951
1044,best,-5.14368200302124
1045,best,-5.249932765960693
1046,best,-6.474417209625244
1047,best,-5.494637966156006
1048,best,-5.094401836395264
1049,best,-6.24075174331665
1050,best,-5.033956050872803
1051,best,-5.392047882080078
1052,best,-7.141016960144043
1053,best,-6.394124984741211
1054,best,-5.896458625793457
1055,best,-5.544449329376221
1056,best,-5.1620378494262695
1057,best,-7.099416732788086
1058,best,-7.001567363739014
1059,best,-6.411027908325195
1060,best,-6.082516193389893
1061,best,-5.369140625
1062,best,-6.076227188110352
1063,best,-6.736666679382324
1064,best,-6.85081672668457
1065,best,-7.11223030090332
1066,best,-6.098830223083496
1067,best,-5.344934463500977
1068,best,-5.177631855010986
1069,best,-4.656442165374756
1070,best,-5.8591461181640625
1071,best,-6.297609806060791
1072,best,-5.502993583679199
1073,best,-6.518456935882568
1074,best,-6.758993148803711
1075,best,-5.099693298339844
1076,best,-6.336055755615234
1077,best,-5.925296306610107
1078,best,-6.944295883178711
1079,best,-7.820171356201172
1080,best,-7.273373126983643
1081,best,-6.8376784324646
1082,best,-7.532094478607178
1083,best,-6.910416603088379
1084,best,-6.910416603088379
1085,best,-6.858295440673828
1086,best,-6.715861797332764
1087,best,-6.60744047164917
1088,best,-6.851857662200928
1089,best,-6.744170665740967
1090,best,-7.013723373413086
1091,best,-6.871699810028076
1092,best,-6.854732036590576
1093,best,-7.110320568084717
1094,best,-7.136632442474365
1095,best,-6.947754859924316
1096,best,-5.891451835632324
1097,best,-8.169169425964355
1098,best,-6.441864967346191
1099,best,-7.0853352546691895
1100,best,-7.168248653411865
1101,best,-6.34332799911499
1102,best,-7.779203414916992
1103,best,-7.320364475250244
1104,best,-7.925009250640869
1105,best,-6.164751052856445
1106,best,-7.318806171417236
1107,best,-7.617536544799805
1108,best,-6.627664089202881
1109,best,-7.570450305938721
1110,best,-9.087818145751953
1111,best,-6.062009334564209
1112,best,-7.767890453338623
1113,best,-6.920620441436768
1114,best,-7.1007609367370605
1115,best,-6.601463794708252
1116,best,-7.617536544799805
1117,best,-6.2711076736450195
1118,best,-5.9823455810546875
1119,best,-5.125401496887207
1120,best,-5.095170021057129
1121,best,-6.582115650177002
1122,best,-6.758903503417969
1123,best,-6.42313814163208
1124,best,-5.592406272888184
1125,best,-6.522313117980957
1126,best,-6.17808198928833
1127,best,-6.17808198928833
1128,best,-6.036745548248291
1129,best,-5.94410514831543
1130,best,-5.8926239013671875
1131,best,-5.723419189453125
1132,best,-5.480682849884033
1133,best,-6.096984386444092
1134,best,-5.984894275665283
1135,best,-6.186063766479492
1136,best,-5.962269306182861
1137,best,-5.764861106872559
1138,best,-5.9264750480651855
1139,best,-7.124009609222412
1140,best,-7.416007995605469
1141,best,-6.416574954986572
1142,best,-5.76986837387085
1143,best,-6.756568908691406
1144,best,-7.232516765594482
1145,best,-6.718849182128906
1146,best,-6.377044677734375
1147,best,-7.286449909210205
1148,best,-7.080201625823975
1149,best,-7.227181911468506
1150,best,-7.251240253448486
1151,best,-7.7438201904296875
1152,best,-7.208286762237549
1153,best,-7.518936634063721
1154,best,-5.884592533111572
1155,best,-7.7438201904296875
1156,best,-7.010619640350342
1157,best,-7.900703430175781
1158,best,-6.974668502807617
1159,best,-6.707912921905518
1160,best,-7.475044250488281
1161,best,-7.482629299163818
1162,best,-6.10630989074707
1163,best,-6.344178676605225
1164,best,-6.816837787628174
1165,best,-8.522254943847656
1166,best,-7.482629299163818
1167,best,-5.720137119293213
1168,best,-7.081753253936768
1169,best,-9.565449714660645
1170,best,-7.202524185180664
1171,best,-6.744250774383545
1172,best,-7.411174774169922
1173,best,-7.411174774169922
1174,best,-7.800548076629639
1175,best,-6.331929683685303
1176,best,-5.845259666442871
1177,best,-6.357501983642578
1178,best,-6.511964797973633
1179,best,-6.656601905822754
1180,best,-7.071723461151123
1181,best,-6.816837787628174
1182,best,-6.448323726654053
1183,best,-6.298990726470947
1184,best,-5.49135684967041
1185,best,-5.377850532531738
1186,best,-6.274933815002441
1187,best,-6.353331089019775
1188,best,-6.06687593460083
1189,best,-5.405796051025391
1190,best,-6.2434611320495605
1191,best,-6.499610900878906
1192,best,-6.309661865234375
1193,best,-6.12876033782959
1194,best,-6.751430034637451
1195,best,-6.54311990737915
1196,best,-6.286179542541504
1197,best,-5.378423690795898
1198,best,-6.751430034637451
1199,best,-6.069179058074951
1200,best,-6.81455135345459
1201,best,-6.128955841064453
1202,best,-7.37448263168335
1203,best,-6.8371381759643555
1204,best,-7.08917236328125
1205,best,-6.712486743927002
1206,best,-7.147068977355957
1207,best,-5.963316917419434
1208,best,-7.342856407165527
1209,best,-7.75154972076416
1210,best,-6.785810947418213
1211,best,-6.3392133712768555
1212,best,-8.225150108337402
1213,best,-6.6275811195373535
1214,best,-6.786073207855225
1215,best,-6.360543727874756
1216,best,-6.884346961975098
1217,best,-6.422980308532715
1218,best,-7.191483974456787
1219,best,-7.427968502044678
1220,best,-6.192668914794922
1221,best,-7.29746150970459
1222,best,-7.341831207275391
1223,best,-6.176897048950195
1224,best,-6.762686729431152
1225,best,-7.143257141113281
1226,best,-6.993969440460205
1227,best,-6.712017059326172
1228,best,-6.260365962982178
1229,best,-6.43885612487793
1230,best,-6.391598701477051
1231,best,-7.6854143142700195
1232,best,-6.901506423950195
1233,best,-7.052468776702881
1234,best,-6.17275857925415
1235,best,-7.822888374328613
1236,best,-6.539257049560547
1237,best,-7.942049503326416
1238,best,-7.2506303787231445
1239,best,-6.688384532928467
1240,best,-6.178316116333008
1241,best,-7.205393314361572
1242,best,-6.866127014160156
1243,best,-6.444916248321533
1244,best,-6.626693248748779
1245,best,-6.1884074211120605
1246,best,-6.022470951080322
1247,best,-5.823526859283447
1248,best,-6.274940490722656
1249,best,-6.341398239135742
1250,best,-5.330349922180176
1251,best,-6.721362113952637
1252,best,-6.597832679748535
1253,best,-5.936147689819336
1254,best,-5.870694637298584
1255,best,-7.362298011779785
1256,best,-6.052358150482178
1257,best,-6.131632328033447
1258,best,-5.717766761779785
1259,best,-5.927362442016602
1260,best,-5.757791519165039
1261,best,-6.0171589851379395
1262,best,-6.705935001373291
1263,best,-5.0798234939575195
1264,best,-5.8963541984558105
1265,best,-7.875885009765625
1266,best,-7.520710468292236
1267,best,-7.302121639251709
1268,best,-7.4513397216796875
1269,best,-8.565966606140137
1270,best,-7.078446865081787
1271,best,-8.89494800567627
1272,best,-7.715114593505859
1273,best,-7.241624355316162
1274,best,-7.360652446746826
1275,best,-7.164495944976807
1276,best,-8.034086227416992
1277,best,-7.024197101593018
1278,best,-7.158169746398926
1279,best,-7.242908954620361
1280,best,-6.647235870361328
1281,best,-7.915119171142578
1282,best,-8.831170082092285
1283,best,-7.522209167480469
1284,best,-7.06052303314209
1285,best,-8.929882049560547
1286,best,-7.751652240753174
1287,best,-8.72416877746582
1288,best,-7.475575923919678
1289,best,-8.724926948547363
1290,best,-7.649118900299072
1291,best,-7.563951015472412
1292,best,-7.738228797912598
1293,best,-8.429298400878906
1294,best,-8.07443618774414
1295,best,-7.302123069763184
1296,best,-8.74148941040039
1297,best,-8.131326675415039
1298,best,-7.8374409675598145
1299,best,-6.805394649505615
1300,best,-6.647235870361328
1301,best,-6.460253715515137
1302,best,-8.961981773376465
1303,best,-8.058085441589355
1304,best,-7.348626613616943
1305,best,-8.209869384765625
1306,best,-7.315535545349121
1307,best,-7.041904449462891
1308,best,-6.861582279205322
1309,best,-5.534725666046143
1310,best,-6.962876319885254
1311,best,-6.525346279144287
1312,best,-7.877541542053223
1313,best,-6.377236366271973
1314,best,-7.635701656341553
1315,best,-6.621884822845459
1316,best,-6.500955104827881
1317,best,-6.384758949279785
1318,best,-5.67606782913208
1319,best,-7.080628395080566
1320,best,-6.614523887634277
1321,best,-5.999514102935791
1322,best,-5.973576545715332
1323,best,-5.335805416107178
1324,best,-6.8850626945495605
1325,best,-7.394972324371338
1326,best,-6.717626094818115
1327,best,-6.164542198181152
1328,best,-5.585587501525879
1329,best,-5.723638534545898
1330,best,-5.723638534545898
1331,best,-7.217203617095947
1332,best,-7.070988178253174
1333,best,-5.868751525878906
1334,best,-6.895976543426514
1335,best,-5.635993480682373
1336,best,-6.12587833404541
1337,best,-6.266261100769043
1338,best,-5.332701683044434
1339,best,-5.765697002410889
1340,best,-5.636645793914795
1341,best,-6.648471355438232
1342,best,-6.439676284790039
1343,best,-5.650786876678467
1344,best,-6.352991580963135
1345,best,-5.273375034332275
1346,best,-5.443759441375732
1347,best,-5.270461559295654
1348,best,-6.185998916625977
1349,best,-5.904793739318848
1350,best,-5.55831241607666
1351,best,-5.672800540924072
1352,best,-7.597871780395508
1353,best,-5.5234808921813965
1354,best,-6.146264553070068
1355,best,-5.329678535461426
1356,best,-6.022807598114014
1357,best,-5.524578094482422
1358,best,-6.0423431396484375
1359,best,-5.922916889190674
1360,best,-5.838146686553955
1361,best,-5.399850845336914
1362,best,-5.205365180969238
1363,best,-6.101156234741211
1364,best,-6.12876033782959
1365,best,-6.368260383605957
1366,best,-5.357564926147461
1367,best,-6.222177028656006
