item_id,model_state,dative,score
1,initial,pp,-8.109503746032715
2,initial,pp,-8.659982681274414
3,initial,pp,-7.849914073944092
4,initial,pp,-7.99664831161499
5,initial,pp,-7.587926387786865
6,initial,pp,-7.9549102783203125
7,initial,pp,-8.04932689666748
8,initial,pp,-7.7283148765563965
9,initial,pp,-6.2821879386901855
10,initial,pp,-7.9920783042907715
11,initial,pp,-6.482168197631836
12,initial,pp,-5.859339714050293
13,initial,pp,-7.852275848388672
14,initial,pp,-6.176799774169922
15,initial,pp,-7.998874187469482
16,initial,pp,-7.7283148765563965
17,initial,pp,-8.016556739807129
18,initial,pp,-6.955252170562744
19,initial,pp,-8.124738693237305
20,initial,pp,-6.648993968963623
21,initial,pp,-7.755563735961914
22,initial,pp,-6.810278415679932
23,initial,pp,-8.10096549987793
24,initial,pp,-8.599017143249512
25,initial,pp,-8.400994300842285
26,initial,pp,-7.851399898529053
27,initial,pp,-8.004323959350586
28,initial,pp,-7.776153564453125
29,initial,pp,-7.83811616897583
30,initial,pp,-8.455577850341797
31,initial,pp,-8.118593215942383
32,initial,pp,-8.599017143249512
33,initial,pp,-7.735359191894531
34,initial,pp,-8.694336891174316
35,initial,pp,-6.29077672958374
36,initial,pp,-6.62160587310791
37,initial,pp,-7.8381171226501465
38,initial,pp,-6.579648971557617
39,initial,pp,-8.617311477661133
40,initial,pp,-8.089412689208984
41,initial,pp,-7.267416954040527
42,initial,pp,-7.650064945220947
43,initial,pp,-6.818877220153809
44,initial,pp,-8.213044166564941
45,initial,pp,-7.935687065124512
46,initial,pp,-7.613677024841309
47,initial,pp,-8.176955223083496
48,initial,pp,-6.713553428649902
49,initial,pp,-7.361013889312744
50,initial,pp,-7.165602207183838
51,initial,pp,-7.711753845214844
52,initial,pp,-6.818835258483887
53,initial,pp,-7.638352394104004
54,initial,pp,-7.671669960021973
55,initial,pp,-7.432480335235596
56,initial,pp,-6.063432693481445
57,initial,pp,-5.964278697967529
58,initial,pp,-7.535480499267578
59,initial,pp,-7.656745433807373
60,initial,pp,-7.8389177322387695
61,initial,pp,-8.530073165893555
62,initial,pp,-7.701467037200928
63,initial,pp,-8.782898902893066
64,initial,pp,-8.660629272460938
65,initial,pp,-7.510602951049805
66,initial,pp,-8.339852333068848
67,initial,pp,-6.431162357330322
68,initial,pp,-8.143546104431152
69,initial,pp,-8.976615905761719
70,initial,pp,-8.020249366760254
71,initial,pp,-5.9604058265686035
72,initial,pp,-8.433863639831543
73,initial,pp,-8.547136306762695
74,initial,pp,-8.955090522766113
75,initial,pp,-7.861344814300537
76,initial,pp,-7.559747219085693
77,initial,pp,-6.886440277099609
78,initial,pp,-6.815940856933594
79,initial,pp,-7.169983863830566
80,initial,pp,-8.801066398620605
81,initial,pp,-7.861246585845947
82,initial,pp,-6.736668586730957
83,initial,pp,-7.196071624755859
84,initial,pp,-6.29079008102417
85,initial,pp,-6.736668586730957
86,initial,pp,-6.486303806304932
87,initial,pp,-6.92535400390625
88,initial,pp,-6.0727949142456055
89,initial,pp,-7.07308292388916
90,initial,pp,-6.200389385223389
91,initial,pp,-6.336861610412598
92,initial,pp,-8.548068046569824
93,initial,pp,-6.71727991104126
94,initial,pp,-6.570390224456787
95,initial,pp,-6.562800884246826
96,initial,pp,-6.252084732055664
97,initial,pp,-8.18864631652832
98,initial,pp,-8.267529487609863
99,initial,pp,-7.575616836547852
100,initial,pp,-7.455821514129639
101,initial,pp,-6.364880084991455
102,initial,pp,-7.78108549118042
103,initial,pp,-7.131877422332764
104,initial,pp,-6.878959655761719
105,initial,pp,-7.273493766784668
106,initial,pp,-7.309154987335205
107,initial,pp,-6.848036289215088
108,initial,pp,-7.5495195388793945
109,initial,pp,-7.119121074676514
110,initial,pp,-7.655465602874756
111,initial,pp,-7.567237377166748
112,initial,pp,-7.267960548400879
113,initial,pp,-6.945525169372559
114,initial,pp,-6.301851272583008
115,initial,pp,-7.928545951843262
116,initial,pp,-6.682581901550293
117,initial,pp,-7.72355318069458
118,initial,pp,-6.550241947174072
119,initial,pp,-7.375853538513184
120,initial,pp,-8.210691452026367
121,initial,pp,-7.9649529457092285
122,initial,pp,-8.495545387268066
123,initial,pp,-6.996718406677246
124,initial,pp,-8.04075813293457
125,initial,pp,-6.85498046875
126,initial,pp,-8.182530403137207
127,initial,pp,-6.977806091308594
128,initial,pp,-8.453078269958496
129,initial,pp,-6.856714248657227
130,initial,pp,-6.95120096206665
131,initial,pp,-6.856714248657227
132,initial,pp,-8.4955472946167
133,initial,pp,-8.441412925720215
134,initial,pp,-7.58604621887207
135,initial,pp,-8.4955472946167
136,initial,pp,-8.182530403137207
137,initial,pp,-8.10333251953125
138,initial,pp,-5.894777297973633
139,initial,pp,-7.935593128204346
140,initial,pp,-7.9065704345703125
141,initial,pp,-7.062880516052246
142,initial,pp,-6.999414920806885
143,initial,pp,-7.524107933044434
144,initial,pp,-7.718507766723633
145,initial,pp,-6.51965856552124
146,initial,pp,-6.816059112548828
147,initial,pp,-7.403163909912109
148,initial,pp,-7.520267963409424
149,initial,pp,-6.668671131134033
150,initial,pp,-6.1660051345825195
151,initial,pp,-7.320071697235107
152,initial,pp,-7.317358016967773
153,initial,pp,-7.480289936065674
154,initial,pp,-7.2293925285339355
155,initial,pp,-7.449930191040039
156,initial,pp,-6.725987434387207
157,initial,pp,-6.451236248016357
158,initial,pp,-6.419547080993652
159,initial,pp,-7.628354072570801
160,initial,pp,-7.5978193283081055
161,initial,pp,-8.934539794921875
162,initial,pp,-7.544551372528076
163,initial,pp,-8.310772895812988
164,initial,pp,-7.003715515136719
165,initial,pp,-7.130228519439697
166,initial,pp,-5.422435760498047
167,initial,pp,-7.836487770080566
168,initial,pp,-9.122997283935547
169,initial,pp,-7.782967567443848
170,initial,pp,-6.487562656402588
171,initial,pp,-8.310772895812988
172,initial,pp,-6.36417818069458
173,initial,pp,-6.363193988800049
174,initial,pp,-8.739886283874512
175,initial,pp,-7.12498140335083
176,initial,pp,-7.130228519439697
177,initial,pp,-8.484910011291504
178,initial,pp,-8.915926933288574
179,initial,pp,-5.988389015197754
180,initial,pp,-7.724512577056885
181,initial,pp,-6.77993631362915
182,initial,pp,-8.15015697479248
183,initial,pp,-6.245814800262451
184,initial,pp,-7.058669090270996
185,initial,pp,-6.732110500335693
186,initial,pp,-6.691222190856934
187,initial,pp,-6.038506984710693
188,initial,pp,-6.654397964477539
189,initial,pp,-6.797764301300049
190,initial,pp,-5.783936977386475
191,initial,pp,-7.020716190338135
192,initial,pp,-6.268620491027832
193,initial,pp,-6.506249904632568
194,initial,pp,-6.536093711853027
195,initial,pp,-6.532040596008301
196,initial,pp,-6.204905033111572
197,initial,pp,-7.593594551086426
198,initial,pp,-6.615170478820801
199,initial,pp,-6.2786993980407715
200,initial,pp,-8.101099967956543
201,initial,pp,-5.882865905761719
202,initial,pp,-5.951079368591309
203,initial,pp,-8.258828163146973
204,initial,pp,-7.484775066375732
205,initial,pp,-8.08180046081543
206,initial,pp,-7.484131336212158
207,initial,pp,-6.980273723602295
208,initial,pp,-6.459715843200684
209,initial,pp,-7.8248467445373535
210,initial,pp,-6.473773002624512
211,initial,pp,-7.184889793395996
212,initial,pp,-6.68903112411499
213,initial,pp,-6.6878228187561035
214,initial,pp,-7.411346435546875
215,initial,pp,-6.700610160827637
216,initial,pp,-5.752466678619385
217,initial,pp,-7.570358753204346
218,initial,pp,-7.50639009475708
219,initial,pp,-7.39184045791626
220,initial,pp,-6.709309101104736
221,initial,do,-8.09518051147461
222,initial,do,-7.708834171295166
223,initial,do,-7.4574785232543945
224,initial,do,-6.462151527404785
225,initial,do,-8.666302680969238
226,initial,do,-7.114505767822266
227,initial,do,-8.603449821472168
228,initial,do,-8.2073392868042
229,initial,do,-8.424992561340332
230,initial,do,-8.131599426269531
231,initial,do,-7.390693664550781
232,initial,do,-8.163590431213379
233,initial,do,-7.672097682952881
234,initial,do,-8.2073392868042
235,initial,do,-6.283254623413086
236,initial,do,-6.978371620178223
237,initial,do,-7.933676719665527
238,initial,do,-7.915280818939209
239,initial,do,-7.957111358642578
240,initial,do,-7.067965984344482
241,initial,do,-7.672097682952881
242,initial,do,-8.383581161499023
243,initial,do,-7.912003040313721
244,initial,do,-7.915280818939209
245,initial,do,-8.29628849029541
246,initial,do,-6.518438816070557
247,initial,do,-8.19690227508545
248,initial,do,-8.304944038391113
249,initial,do,-7.558204174041748
250,initial,do,-7.376032829284668
251,initial,do,-7.71352481842041
252,initial,do,-7.278177261352539
253,initial,do,-8.408805847167969
254,initial,do,-8.53196907043457
255,initial,do,-8.199128150939941
256,initial,do,-8.260055541992188
257,initial,do,-7.149053573608398
258,initial,do,-8.53196907043457
259,initial,do,-6.549835205078125
260,initial,do,-7.71352481842041
261,initial,do,-7.376032829284668
262,initial,do,-6.406004905700684
263,initial,do,-7.365177631378174
264,initial,pp,-7.407329082489014
265,initial,pp,-7.315546035766602
266,initial,pp,-6.863494396209717
267,initial,pp,-6.201728820800781
268,initial,pp,-7.402016639709473
269,initial,pp,-6.851598262786865
270,initial,pp,-7.46933126449585
271,initial,pp,-7.898185729980469
272,initial,pp,-7.775386333465576
273,initial,pp,-7.546100616455078
274,initial,pp,-7.18219518661499
275,initial,pp,-7.2596635818481445
276,initial,pp,-7.199129104614258
277,initial,pp,-7.898185729980469
278,initial,pp,-6.005724906921387
279,initial,pp,-6.587419509887695
280,initial,pp,-7.262582302093506
281,initial,pp,-7.147796630859375
282,initial,pp,-7.469578266143799
283,initial,pp,-6.701139450073242
284,initial,do,-7.256564617156982
285,initial,do,-7.106978416442871
286,initial,do,-8.329458236694336
287,initial,do,-7.4381561279296875
288,initial,do,-7.930863380432129
289,initial,do,-6.685366153717041
290,initial,do,-7.083729267120361
291,initial,do,-8.360369682312012
292,initial,do,-7.930863380432129
293,initial,do,-7.793520450592041
294,initial,do,-6.7420125007629395
295,initial,do,-7.5527801513671875
296,initial,do,-6.471583366394043
297,initial,do,-8.145840644836426
298,initial,do,-7.8438897132873535
299,initial,do,-7.6759772300720215
300,initial,do,-7.736299991607666
301,initial,do,-7.010094165802002
302,initial,do,-7.526913166046143
303,initial,do,-7.28125524520874
304,initial,do,-6.807371616363525
305,initial,do,-7.083729267120361
306,initial,do,-8.062568664550781
307,initial,do,-7.002622604370117
308,initial,do,-7.4381561279296875
309,initial,do,-6.801894664764404
310,initial,do,-6.392904281616211
311,initial,do,-7.8936285972595215
312,initial,do,-7.4381561279296875
313,initial,do,-8.717053413391113
314,initial,do,-6.845387935638428
315,initial,do,-8.165762901306152
316,initial,do,-7.9441680908203125
317,initial,do,-8.27082633972168
318,initial,do,-6.392904281616211
319,initial,do,-7.010094165802002
320,initial,do,-6.762946128845215
321,initial,do,-6.924500465393066
322,initial,do,-8.32945728302002
323,initial,do,-8.3263578414917
324,initial,do,-7.8715643882751465
325,initial,do,-8.253671646118164
326,initial,do,-7.251261234283447
327,initial,pp,-7.129453182220459
328,initial,pp,-6.872004985809326
329,initial,pp,-7.906530857086182
330,initial,pp,-7.161596775054932
331,initial,pp,-7.359720706939697
332,initial,pp,-6.472298622131348
333,initial,pp,-6.949706077575684
334,initial,pp,-8.134100914001465
335,initial,pp,-7.359720706939697
336,initial,pp,-7.225841522216797
337,initial,pp,-6.4665021896362305
338,initial,pp,-6.854638576507568
339,initial,pp,-6.415467262268066
340,initial,pp,-7.452132701873779
341,initial,pp,-7.309198379516602
342,initial,pp,-7.250077724456787
343,initial,pp,-7.408304214477539
344,initial,pp,-6.970911026000977
345,initial,pp,-7.156746864318848
346,initial,pp,-7.0925116539001465
347,initial,do,-6.722477912902832
348,initial,do,-5.887832164764404
349,initial,do,-6.77565860748291
350,initial,do,-6.320347309112549
351,initial,do,-6.77112340927124
352,initial,do,-6.110623836517334
353,initial,do,-6.90578031539917
354,initial,do,-6.3910393714904785
355,initial,do,-6.7823405265808105
356,initial,do,-6.409200668334961
357,initial,do,-7.124276161193848
358,initial,do,-7.0997314453125
359,initial,do,-6.452932834625244
360,initial,do,-6.543759822845459
361,initial,do,-6.566882610321045
362,initial,do,-6.658960342407227
363,initial,do,-6.504383087158203
364,initial,do,-7.1204681396484375
365,initial,do,-6.781943321228027
366,initial,do,-6.00448751449585
367,initial,do,-6.446817874908447
368,initial,do,-6.095108985900879
369,initial,do,-6.649922847747803
370,initial,do,-5.511037826538086
371,initial,do,-6.520243167877197
372,initial,do,-7.80833625793457
373,initial,do,-6.284890174865723
374,initial,do,-6.928916931152344
375,initial,do,-5.621805191040039
376,initial,do,-6.961430072784424
377,initial,do,-6.224709987640381
378,initial,do,-6.637485027313232
379,initial,do,-6.698432445526123
380,initial,do,-6.6386542320251465
381,initial,do,-7.17819356918335
382,initial,do,-6.859421253204346
383,initial,do,-6.139430046081543
384,initial,do,-6.520243167877197
385,initial,do,-6.054725646972656
386,initial,do,-6.284890651702881
387,initial,do,-6.604335308074951
388,initial,do,-6.5100297927856445
389,initial,do,-6.962063789367676
390,initial,pp,-6.648890018463135
391,initial,pp,-6.045048236846924
392,initial,pp,-6.767237663269043
393,initial,pp,-5.941392421722412
394,initial,pp,-6.8236870765686035
395,initial,pp,-6.206912994384766
396,initial,pp,-7.0271735191345215
397,initial,pp,-6.391639709472656
398,initial,pp,-6.836653232574463
399,initial,pp,-6.213384628295898
400,initial,pp,-7.232812404632568
401,initial,pp,-6.951120853424072
402,initial,pp,-6.281921863555908
403,initial,pp,-6.850031852722168
404,initial,pp,-6.734307765960693
405,initial,pp,-6.28469181060791
406,initial,pp,-6.822701454162598
407,initial,pp,-7.078848838806152
408,initial,pp,-6.779200077056885
409,initial,pp,-6.200774669647217
410,initial,do,-8.214241981506348
411,initial,do,-7.726053714752197
412,initial,do,-7.809396266937256
413,initial,do,-9.08786678314209
414,initial,do,-8.908236503601074
415,initial,do,-7.408501148223877
416,initial,do,-7.827009201049805
417,initial,do,-8.109489440917969
418,initial,do,-5.860454082489014
419,initial,do,-7.789989948272705
420,initial,do,-8.164077758789062
421,initial,do,-8.393896102905273
422,initial,do,-8.76911449432373
423,initial,do,-8.395245552062988
424,initial,do,-7.1779398918151855
425,initial,do,-8.5737886428833
426,initial,do,-6.777022361755371
427,initial,do,-8.052865028381348
428,initial,do,-7.199047565460205
429,initial,do,-8.164765357971191
430,initial,do,-8.582198143005371
431,initial,do,-7.229222774505615
432,initial,do,-8.052865028381348
433,initial,do,-7.661594867706299
434,initial,do,-8.286455154418945
435,initial,do,-7.900027275085449
436,initial,do,-8.208788871765137
437,initial,do,-8.668266296386719
438,initial,do,-7.524044513702393
439,initial,do,-8.69372844696045
440,initial,do,-8.584940910339355
441,initial,do,-8.495508193969727
442,initial,do,-8.65827465057373
443,initial,do,-8.547605514526367
444,initial,do,-7.425845623016357
445,initial,do,-7.634895324707031
446,initial,do,-8.5737886428833
447,initial,do,-8.55750846862793
448,initial,do,-7.0138959884643555
449,initial,do,-7.419528484344482
450,initial,do,-8.187434196472168
451,initial,do,-8.119138717651367
452,initial,do,-8.07302188873291
453,initial,pp,-7.632364273071289
454,initial,pp,-7.142678737640381
455,initial,pp,-7.082773208618164
456,initial,pp,-8.34000301361084
457,initial,pp,-8.290764808654785
458,initial,pp,-7.073354721069336
459,initial,pp,-7.263296127319336
460,initial,pp,-7.443355560302734
461,initial,pp,-5.989032745361328
462,initial,pp,-7.203364849090576
463,initial,pp,-7.982426643371582
464,initial,pp,-8.227248191833496
465,initial,pp,-8.257604598999023
466,initial,pp,-7.916542053222656
467,initial,pp,-6.823916435241699
468,initial,pp,-8.072368621826172
469,initial,pp,-6.292657852172852
470,initial,pp,-7.790380954742432
471,initial,pp,-6.947306156158447
472,initial,pp,-7.729606628417969
473,initial,pp,-7.42621374130249
474,initial,pp,-8.199949264526367
475,initial,pp,-7.355976581573486
476,initial,pp,-7.116604328155518
477,initial,pp,-6.327759265899658
478,initial,pp,-7.107001304626465
479,initial,pp,-6.715730667114258
480,initial,pp,-6.598076343536377
481,initial,pp,-7.227334022521973
482,initial,pp,-7.511936664581299
483,initial,pp,-6.485506534576416
484,initial,pp,-7.739391803741455
485,initial,pp,-7.789154052734375
486,initial,pp,-6.553946495056152
487,initial,pp,-7.6470770835876465
488,initial,pp,-6.745231628417969
489,initial,pp,-6.778432369232178
490,initial,pp,-7.663357257843018
491,initial,pp,-6.523172378540039
492,initial,pp,-7.167281150817871
493,initial,do,-8.305917739868164
494,initial,do,-7.711325168609619
495,initial,do,-8.254854202270508
496,initial,do,-8.83395004272461
497,initial,do,-10.19066333770752
498,initial,do,-6.051537036895752
499,initial,do,-8.560766220092773
500,initial,do,-9.492033004760742
501,initial,do,-7.762847423553467
502,initial,do,-6.511388301849365
503,initial,do,-8.950818061828613
504,initial,do,-8.147805213928223
505,initial,do,-9.050806045532227
506,initial,do,-7.964696884155273
507,initial,do,-9.809652328491211
508,initial,do,-9.630865097045898
509,initial,do,-8.06175422668457
510,initial,do,-7.82171106338501
511,initial,do,-8.006793975830078
512,initial,do,-9.611549377441406
513,initial,do,-7.470089435577393
514,initial,do,-9.37863826751709
515,initial,do,-9.212420463562012
516,initial,do,-10.329538345336914
517,initial,do,-8.220675468444824
518,initial,do,-9.531672477722168
519,initial,do,-9.048999786376953
520,initial,do,-8.845765113830566
521,initial,do,-9.156550407409668
522,initial,do,-8.245481491088867
523,initial,do,-7.165427207946777
524,initial,do,-8.4520902633667
525,initial,do,-8.82005500793457
526,initial,do,-9.558629989624023
527,initial,do,-7.896080017089844
528,initial,do,-9.019929885864258
529,initial,do,-9.019929885864258
530,initial,do,-9.847789764404297
531,initial,do,-10.118408203125
532,initial,do,-10.125650405883789
533,initial,do,-9.716254234313965
534,initial,do,-8.231151580810547
535,initial,do,-7.799318313598633
536,initial,pp,-8.03629207611084
537,initial,pp,-7.889719009399414
538,initial,pp,-7.883480072021484
539,initial,pp,-8.251737594604492
540,initial,pp,-9.632237434387207
541,initial,pp,-5.624267578125
542,initial,pp,-8.29427433013916
543,initial,pp,-9.262740135192871
544,initial,pp,-7.692598819732666
545,initial,pp,-6.3244171142578125
546,initial,pp,-8.741841316223145
547,initial,pp,-8.289140701293945
548,initial,pp,-8.692967414855957
549,initial,pp,-8.051451683044434
550,initial,pp,-9.07107925415039
551,initial,pp,-8.864656448364258
552,initial,pp,-7.641765117645264
553,initial,pp,-7.482710838317871
554,initial,pp,-6.94718599319458
555,initial,pp,-9.330540657043457
556,initial,do,-8.228182792663574
557,initial,do,-9.443456649780273
558,initial,do,-8.361723899841309
559,initial,do,-9.217554092407227
560,initial,do,-9.822464942932129
561,initial,do,-7.704492568969727
562,initial,do,-7.5761542320251465
563,initial,do,-9.139177322387695
564,initial,do,-9.443456649780273
565,initial,do,-9.5809907913208
566,initial,do,-6.654905319213867
567,initial,do,-6.612094402313232
568,initial,do,-7.632437705993652
569,initial,do,-7.885754108428955
570,initial,do,-6.672101020812988
571,initial,do,-9.0471830368042
572,initial,do,-9.07890510559082
573,initial,do,-9.09673023223877
574,initial,do,-9.09673023223877
575,initial,do,-9.43842887878418
576,initial,do,-7.848320007324219
577,initial,do,-7.578405857086182
578,initial,do,-9.07890510559082
579,initial,do,-8.151724815368652
580,initial,do,-7.855889797210693
581,initial,do,-7.632437705993652
582,initial,do,-9.15963363647461
583,initial,do,-6.471309661865234
584,initial,do,-7.109204292297363
585,initial,do,-9.282172203063965
586,initial,do,-8.312889099121094
587,initial,do,-8.335864067077637
588,initial,do,-6.471309661865234
589,initial,do,-7.808730602264404
590,initial,do,-7.919991970062256
591,initial,do,-8.54426097869873
592,initial,do,-9.300243377685547
593,initial,do,-8.54426097869873
594,initial,do,-9.565160751342773
595,initial,do,-8.361723899841309
596,initial,do,-9.267817497253418
597,initial,do,-7.632437705993652
598,initial,do,-9.5809907913208
599,initial,pp,-8.312548637390137
600,initial,pp,-9.48942756652832
601,initial,pp,-8.102204322814941
602,initial,pp,-9.300633430480957
603,initial,pp,-9.778717041015625
604,initial,pp,-8.111851692199707
605,initial,pp,-7.221012592315674
606,initial,pp,-8.598305702209473
607,initial,pp,-9.48942756652832
608,initial,pp,-9.489677429199219
609,initial,pp,-7.147505760192871
610,initial,pp,-6.353763103485107
611,initial,pp,-7.436760902404785
612,initial,pp,-7.863811016082764
613,initial,pp,-6.673527240753174
614,initial,pp,-8.514965057373047
615,initial,pp,-9.256773948669434
616,initial,pp,-8.900106430053711
617,initial,pp,-8.900106430053711
618,initial,pp,-9.13006591796875
619,initial,do,-6.91606330871582
620,initial,do,-7.053739070892334
621,initial,do,-7.494633197784424
622,initial,do,-7.426283836364746
623,initial,do,-8.231444358825684
624,initial,do,-7.734504222869873
625,initial,do,-7.249797821044922
626,initial,do,-7.770904541015625
627,initial,do,-7.70957612991333
628,initial,do,-7.727676868438721
629,initial,do,-7.464870452880859
630,initial,do,-5.663802623748779
631,initial,do,-6.277292728424072
632,initial,do,-6.566874027252197
633,initial,do,-6.185483455657959
634,initial,do,-7.728551387786865
635,initial,do,-6.891708850860596
636,initial,do,-8.034975051879883
637,initial,do,-6.277292728424072
638,initial,do,-7.2708635330200195
639,initial,do,-7.846964359283447
640,initial,do,-8.549978256225586
641,initial,do,-7.713859558105469
642,initial,do,-8.908933639526367
643,initial,do,-8.170426368713379
644,initial,do,-6.372742652893066
645,initial,do,-8.681100845336914
646,initial,do,-7.516561031341553
647,initial,do,-7.770003318786621
648,initial,do,-7.574220180511475
649,initial,do,-7.3824005126953125
650,initial,do,-8.874167442321777
651,initial,do,-8.425031661987305
652,initial,do,-8.463909149169922
653,initial,do,-7.958651542663574
654,initial,do,-6.952726364135742
655,initial,do,-7.458323955535889
656,initial,do,-8.178827285766602
657,initial,do,-8.178149223327637
658,initial,do,-6.277292728424072
659,initial,do,-8.469562530517578
660,initial,do,-8.865174293518066
661,initial,do,-7.028582572937012
662,initial,pp,-7.596927165985107
663,initial,pp,-6.611793518066406
664,initial,pp,-7.484911918640137
665,initial,pp,-7.616053104400635
666,initial,pp,-8.24909496307373
667,initial,pp,-7.887456893920898
668,initial,pp,-7.847200870513916
669,initial,pp,-8.185816764831543
670,initial,pp,-8.445212364196777
671,initial,pp,-8.144024848937988
672,initial,pp,-7.36573600769043
673,initial,pp,-5.690210342407227
674,initial,pp,-6.426112174987793
675,initial,pp,-6.341568946838379
676,initial,pp,-6.400875091552734
677,initial,pp,-8.096428871154785
678,initial,pp,-6.482213973999023
679,initial,pp,-8.266988754272461
680,initial,pp,-6.426112174987793
681,initial,pp,-7.717762470245361
682,initial,do,-9.019535064697266
683,initial,do,-10.018468856811523
684,initial,do,-7.876192569732666
685,initial,do,-6.806619167327881
686,initial,do,-8.283174514770508
687,initial,do,-8.413975715637207
688,initial,do,-10.071550369262695
689,initial,do,-10.315053939819336
690,initial,do,-7.923876762390137
691,initial,do,-8.661637306213379
692,initial,do,-6.895910263061523
693,initial,do,-9.30858325958252
694,initial,do,-7.570242881774902
695,initial,do,-8.114510536193848
696,initial,do,-9.091778755187988
697,initial,do,-7.678614139556885
698,initial,do,-8.193610191345215
699,initial,do,-8.539341926574707
700,initial,do,-9.145673751831055
701,initial,do,-7.305124759674072
702,initial,do,-8.767005920410156
703,initial,do,-8.822237014770508
704,initial,do,-9.817541122436523
705,initial,do,-8.300951957702637
706,initial,do,-8.568723678588867
707,initial,do,-9.851902961730957
708,initial,do,-7.657137393951416
709,initial,do,-7.640617847442627
710,initial,do,-10.3163480758667
711,initial,do,-8.516791343688965
712,initial,do,-9.169525146484375
713,initial,do,-10.526949882507324
714,initial,do,-9.84267807006836
715,initial,do,-8.960355758666992
716,initial,do,-10.195859909057617
717,initial,do,-10.289663314819336
718,initial,do,-9.832751274108887
719,initial,do,-9.666643142700195
720,initial,do,-7.3986735343933105
721,initial,do,-8.679561614990234
722,initial,do,-7.9069671630859375
723,initial,do,-8.36609935760498
724,initial,do,-8.194748878479004
725,initial,pp,-9.004547119140625
726,initial,pp,-9.442089080810547
727,initial,pp,-6.8404645919799805
728,initial,pp,-6.498453617095947
729,initial,pp,-8.654062271118164
730,initial,pp,-7.712934970855713
731,initial,pp,-9.7548189163208
732,initial,pp,-9.740494728088379
733,initial,pp,-7.691770553588867
734,initial,pp,-8.497102737426758
735,initial,pp,-7.011231422424316
736,initial,pp,-8.327698707580566
737,initial,pp,-7.833742141723633
738,initial,pp,-8.364574432373047
739,initial,pp,-9.650609016418457
740,initial,pp,-8.6160249710083
741,initial,pp,-7.341623783111572
742,initial,pp,-7.68796968460083
743,initial,pp,-9.068405151367188
744,initial,pp,-7.599575042724609
745,initial,pp,-7.389598846435547
746,initial,pp,-7.153476238250732
747,initial,pp,-7.632223129272461
748,initial,pp,-7.17423152923584
749,initial,pp,-8.352314949035645
750,initial,pp,-8.475439071655273
751,initial,pp,-8.715896606445312
752,initial,pp,-7.674483299255371
753,initial,pp,-6.975208759307861
754,initial,pp,-7.871310710906982
755,initial,pp,-6.475078582763672
756,initial,pp,-6.550906181335449
757,initial,pp,-7.615228652954102
758,initial,pp,-6.825551986694336
759,initial,pp,-7.239651203155518
760,initial,pp,-8.249614715576172
761,initial,pp,-9.37842845916748
762,initial,pp,-9.343952178955078
763,initial,pp,-7.067025661468506
764,initial,pp,-7.620030403137207
765,initial,pp,-7.898063659667969
766,initial,pp,-8.0553560256958
767,initial,pp,-8.412433624267578
768,initial,pp,-6.748895645141602
769,initial,pp,-8.214659690856934
770,initial,pp,-8.482443809509277
771,initial,pp,-8.395486831665039
772,initial,pp,-8.460115432739258
773,initial,pp,-7.586551666259766
774,initial,pp,-6.330885887145996
775,initial,pp,-7.775940895080566
776,initial,pp,-6.8118486404418945
777,initial,pp,-6.789475440979004
778,initial,pp,-8.08651065826416
779,initial,pp,-8.37067985534668
780,initial,pp,-8.354951858520508
781,initial,pp,-8.418113708496094
782,initial,pp,-6.665974140167236
783,initial,pp,-8.630084991455078
784,initial,pp,-8.64033317565918
785,initial,do,-7.50335168838501
786,initial,do,-6.585396766662598
787,initial,do,-6.649787425994873
788,initial,do,-6.383083343505859
789,initial,do,-7.621574878692627
790,initial,do,-6.5754194259643555
791,initial,do,-6.3974609375
792,initial,do,-6.627965450286865
793,initial,do,-8.581413269042969
794,initial,do,-8.116292953491211
795,initial,do,-6.739343643188477
796,initial,do,-5.588570594787598
797,initial,do,-6.51360559463501
798,initial,do,-8.877166748046875
799,initial,do,-5.947629451751709
800,initial,do,-5.655460834503174
801,initial,do,-7.634783744812012
802,initial,do,-6.71799373626709
803,initial,do,-8.738831520080566
804,initial,do,-8.939383506774902
805,initial,do,-8.137951850891113
806,initial,do,-6.276374816894531
807,initial,do,-7.822661876678467
808,initial,do,-8.98694896697998
809,initial,do,-6.687070369720459
810,initial,do,-5.988522052764893
811,initial,do,-7.459339618682861
812,initial,do,-6.997528553009033
813,initial,do,-7.21083927154541
814,initial,do,-6.611272811889648
815,initial,do,-7.012058258056641
816,initial,do,-7.013393878936768
817,initial,do,-6.25338888168335
818,initial,do,-5.418713569641113
819,initial,do,-7.64247465133667
820,initial,do,-5.655460834503174
821,initial,do,-9.04019832611084
822,initial,do,-6.944355487823486
823,initial,do,-6.669392108917236
824,initial,do,-8.720023155212402
825,initial,do,-7.708364963531494
826,initial,do,-7.026772499084473
827,initial,do,-8.519067764282227
828,initial,pp,-7.121434688568115
829,initial,pp,-6.2780961990356445
830,initial,pp,-6.406191349029541
831,initial,pp,-6.249290943145752
832,initial,pp,-6.885269641876221
833,initial,pp,-6.506025314331055
834,initial,pp,-6.5346760749816895
835,initial,pp,-6.3457465171813965
836,initial,pp,-7.8982038497924805
837,initial,pp,-7.398871421813965
838,initial,pp,-6.385594844818115
839,initial,pp,-5.58380651473999
840,initial,pp,-6.7087554931640625
841,initial,pp,-7.618416786193848
842,initial,pp,-5.599228858947754
843,initial,pp,-5.509303569793701
844,initial,pp,-7.298200607299805
845,initial,pp,-6.200669288635254
846,initial,pp,-8.282719612121582
847,initial,pp,-7.615660667419434
848,initial,do,-6.294775009155273
849,initial,do,-6.683870315551758
850,initial,do,-6.454598903656006
851,initial,do,-8.704275131225586
852,initial,do,-6.251128673553467
853,initial,do,-7.999702453613281
854,initial,do,-7.464158058166504
855,initial,do,-6.1926589012146
856,initial,do,-6.565714359283447
857,initial,do,-6.783473014831543
858,initial,do,-7.938873291015625
859,initial,do,-6.249495029449463
860,initial,do,-7.378783702850342
861,initial,do,-5.239409446716309
862,initial,do,-5.8034186363220215
863,initial,do,-5.922840595245361
864,initial,do,-6.224739074707031
865,initial,do,-8.172439575195312
866,initial,do,-5.842204570770264
867,initial,do,-6.253316879272461
868,initial,do,-7.401317119598389
869,initial,do,-6.2219953536987305
870,initial,do,-8.659589767456055
871,initial,do,-5.835149765014648
872,initial,do,-6.325624942779541
873,initial,do,-6.705236434936523
874,initial,do,-6.565714359283447
875,initial,do,-6.6847381591796875
876,initial,do,-6.617830753326416
877,initial,do,-7.671619415283203
878,initial,do,-6.750158309936523
879,initial,do,-5.685594081878662
880,initial,do,-8.556580543518066
881,initial,do,-7.739712238311768
882,initial,do,-6.716317176818848
883,initial,do,-7.037421226501465
884,initial,do,-6.294775009155273
885,initial,do,-6.719761848449707
886,initial,do,-5.8449177742004395
887,initial,do,-7.376428604125977
888,initial,do,-8.615554809570312
889,initial,do,-7.559535980224609
890,initial,do,-6.2599263191223145
891,initial,pp,-6.572049617767334
892,initial,pp,-6.40239953994751
893,initial,pp,-6.483874320983887
894,initial,pp,-8.304183959960938
895,initial,pp,-5.903341770172119
896,initial,pp,-7.584293365478516
897,initial,pp,-7.099794864654541
898,initial,pp,-6.104370594024658
899,initial,pp,-6.677654266357422
900,initial,pp,-6.7059006690979
901,initial,pp,-7.506899833679199
902,initial,pp,-6.241664409637451
903,initial,pp,-7.056992530822754
904,initial,pp,-5.294126987457275
905,initial,pp,-5.854495048522949
906,initial,pp,-5.877742290496826
907,initial,pp,-6.264533996582031
908,initial,pp,-7.874916076660156
909,initial,pp,-5.667823314666748
910,initial,pp,-6.188607692718506
911,initial,do,-7.078713893890381
912,initial,do,-7.445858478546143
913,initial,do,-6.6316046714782715
914,initial,do,-7.37893009185791
915,initial,do,-6.434220314025879
916,initial,do,-6.583621501922607
917,initial,do,-7.115331649780273
918,initial,do,-7.396918296813965
919,initial,do,-6.792567253112793
920,initial,do,-7.4177093505859375
921,initial,do,-6.730302333831787
922,initial,do,-6.506500244140625
923,initial,do,-7.774731159210205
924,initial,do,-6.616456508636475
925,initial,do,-6.184971332550049
926,initial,do,-6.980794429779053
927,initial,do,-7.080323696136475
928,initial,do,-7.300247669219971
929,initial,do,-6.653467178344727
930,initial,do,-5.897067546844482
931,initial,do,-7.2433061599731445
932,initial,do,-6.282517433166504
933,initial,do,-6.6740403175354
934,initial,do,-6.0147504806518555
935,initial,do,-6.4838547706604
936,initial,do,-7.184393882751465
937,initial,do,-5.582825660705566
938,initial,do,-5.896743297576904
939,initial,do,-7.484458923339844
940,initial,do,-6.489711284637451
941,initial,do,-7.316306114196777
942,initial,do,-7.662599563598633
943,initial,do,-6.737312316894531
944,initial,do,-6.891407012939453
945,initial,do,-6.561926364898682
946,initial,do,-7.564600467681885
947,initial,do,-6.661499500274658
948,initial,do,-6.852049827575684
949,initial,do,-7.417708396911621
950,initial,do,-6.842329025268555
951,initial,do,-7.524430274963379
952,initial,do,-6.182123184204102
953,initial,do,-7.423044681549072
954,initial,pp,-6.8409810066223145
955,initial,pp,-6.813494682312012
956,initial,pp,-6.677147388458252
957,initial,pp,-7.397863864898682
958,initial,pp,-6.604794502258301
959,initial,pp,-6.57140588760376
960,initial,pp,-7.2649827003479
961,initial,pp,-7.5965704917907715
962,initial,pp,-6.977811336517334
963,initial,pp,-7.4353814125061035
964,initial,pp,-6.734116077423096
965,initial,pp,-6.4707207679748535
966,initial,pp,-7.39346170425415
967,initial,pp,-6.464053630828857
968,initial,pp,-6.475259780883789
969,initial,pp,-7.006525993347168
970,initial,pp,-6.978004455566406
971,initial,pp,-7.388515472412109
972,initial,pp,-6.4954729080200195
973,initial,pp,-5.9458327293396
974,initial,do,-8.054821014404297
975,initial,do,-7.8594183921813965
976,initial,do,-9.190820693969727
977,initial,do,-8.37619686126709
978,initial,do,-7.2987470626831055
979,initial,do,-6.4416093826293945
980,initial,do,-8.613341331481934
981,initial,do,-6.849338531494141
982,initial,do,-8.122515678405762
983,initial,do,-7.405054092407227
984,initial,do,-7.890295028686523
985,initial,do,-8.003900527954102
986,initial,do,-8.478693008422852
987,initial,do,-7.518074989318848
988,initial,do,-9.582738876342773
989,initial,do,-8.881884574890137
990,initial,do,-9.538431167602539
991,initial,do,-7.079669952392578
992,initial,do,-7.378469467163086
993,initial,do,-7.17465877532959
994,initial,do,-6.76295280456543
995,initial,do,-8.582205772399902
996,initial,do,-7.757511615753174
997,initial,do,-7.798091411590576
998,initial,do,-7.750679016113281
999,initial,do,-6.200530052185059
1000,initial,do,-7.3341851234436035
1001,initial,do,-6.258343696594238
1002,initial,do,-7.304609298706055
1003,initial,do,-7.17465877532959
1004,initial,do,-7.187291145324707
1005,initial,do,-6.629486083984375
1006,initial,do,-8.309216499328613
1007,initial,do,-7.206966876983643
1008,initial,do,-6.888366222381592
1009,initial,do,-6.703649520874023
1010,initial,do,-7.435879230499268
1011,initial,do,-8.756420135498047
1012,initial,do,-7.90425968170166
1013,initial,do,-8.357370376586914
1014,initial,do,-7.90425968170166
1015,initial,do,-6.76395845413208
1016,initial,do,-6.795342445373535
1017,initial,pp,-7.322100639343262
1018,initial,pp,-7.1535539627075195
1019,initial,pp,-8.586925506591797
1020,initial,pp,-7.645707130432129
1021,initial,pp,-6.889203071594238
1022,initial,pp,-6.420446872711182
1023,initial,pp,-7.95569372177124
1024,initial,pp,-6.430796146392822
1025,initial,pp,-7.215054988861084
1026,initial,pp,-6.85513162612915
1027,initial,pp,-7.487462520599365
1028,initial,pp,-7.660824298858643
1029,initial,pp,-7.6487345695495605
1030,initial,pp,-7.023775577545166
1031,initial,pp,-8.544002532958984
1032,initial,pp,-8.288811683654785
1033,initial,pp,-8.708884239196777
1034,initial,pp,-6.583975315093994
1035,initial,pp,-6.758281707763672
1036,initial,pp,-6.843681335449219
1037,initial,pp,-6.504554271697998
1038,initial,pp,-6.0406012535095215
1039,initial,pp,-6.781948566436768
1040,initial,pp,-6.807586193084717
1041,initial,pp,-5.564517021179199
1042,initial,pp,-6.9537272453308105
1043,initial,pp,-7.921887397766113
1044,initial,pp,-5.2488932609558105
1045,initial,pp,-7.0997796058654785
1046,initial,pp,-6.241750240325928
1047,initial,pp,-8.125246047973633
1048,initial,pp,-5.850389003753662
1049,initial,pp,-6.018190860748291
1050,initial,pp,-5.632400989532471
1051,initial,pp,-5.714606285095215
1052,initial,pp,-6.98110818862915
1053,initial,pp,-6.864660263061523
1054,initial,pp,-6.51364278793335
1055,initial,pp,-5.611348628997803
1056,initial,pp,-6.167063236236572
1057,initial,pp,-6.543753147125244
1058,initial,pp,-6.349204063415527
1059,initial,pp,-7.015458583831787
1060,initial,pp,-5.7844648361206055
1061,initial,pp,-6.608130931854248
1062,initial,pp,-6.688814163208008
1063,initial,pp,-5.583776950836182
1064,initial,pp,-6.7780351638793945
1065,initial,pp,-6.296801567077637
1066,initial,pp,-6.576944351196289
1067,initial,pp,-7.163331031799316
1068,initial,pp,-5.6627349853515625
1069,initial,pp,-5.845231533050537
1070,initial,pp,-6.16349983215332
1071,initial,pp,-6.243748188018799
1072,initial,pp,-6.267532825469971
1073,initial,pp,-6.3287787437438965
1074,initial,pp,-6.155744552612305
1075,initial,pp,-6.134108543395996
1076,initial,pp,-7.367332458496094
1077,initial,do,-8.492011070251465
1078,initial,do,-8.579925537109375
1079,initial,do,-8.24923038482666
1080,initial,do,-8.516206741333008
1081,initial,do,-6.85558557510376
1082,initial,do,-7.877476215362549
1083,initial,do,-7.879973888397217
1084,initial,do,-7.813066482543945
1085,initial,do,-8.110400199890137
1086,initial,do,-6.860678672790527
1087,initial,do,-8.098958015441895
1088,initial,do,-8.004831314086914
1089,initial,do,-8.358073234558105
1090,initial,do,-9.61104965209961
1091,initial,do,-9.144097328186035
1092,initial,do,-7.818018436431885
1093,initial,do,-8.175424575805664
1094,initial,do,-8.557060241699219
1095,initial,do,-7.075494766235352
1096,initial,do,-8.206642150878906
1097,initial,do,-8.61449146270752
1098,initial,do,-8.163004875183105
1099,initial,do,-8.960976600646973
1100,initial,do,-8.7454195022583
1101,initial,do,-8.176105499267578
1102,initial,do,-8.107203483581543
1103,initial,do,-7.954408168792725
1104,initial,do,-7.50604772567749
1105,initial,do,-8.570759773254395
1106,initial,do,-7.494108200073242
1107,initial,do,-8.163004875183105
1108,initial,do,-8.8329496383667
1109,initial,do,-6.513977527618408
1110,initial,do,-7.890375137329102
1111,initial,do,-7.235215187072754
1112,initial,do,-7.379917621612549
1113,initial,do,-7.884645462036133
1114,initial,do,-7.716407775878906
1115,initial,do,-7.932984828948975
1116,initial,do,-8.057051658630371
1117,initial,do,-8.890226364135742
1118,initial,do,-9.225260734558105
1119,initial,do,-6.550934314727783
1120,initial,pp,-7.350836753845215
1121,initial,pp,-7.601526737213135
1122,initial,pp,-7.523762226104736
1123,initial,pp,-7.2246599197387695
1124,initial,pp,-6.072215557098389
1125,initial,pp,-7.139252662658691
1126,initial,pp,-6.90667724609375
1127,initial,pp,-7.160366535186768
1128,initial,pp,-7.027409076690674
1129,initial,pp,-6.541105270385742
1130,initial,pp,-6.94641637802124
1131,initial,pp,-6.704782009124756
1132,initial,pp,-7.731335639953613
1133,initial,pp,-7.841549396514893
1134,initial,pp,-7.698634624481201
1135,initial,pp,-7.147624492645264
1136,initial,pp,-7.613215923309326
1137,initial,pp,-7.235238075256348
1138,initial,pp,-6.600640296936035
1139,initial,pp,-6.979771137237549
1140,initial,do,-8.07027530670166
1141,initial,do,-7.865683078765869
1142,initial,do,-6.450480937957764
1143,initial,do,-8.178356170654297
1144,initial,do,-6.831960678100586
1145,initial,do,-7.594639301300049
1146,initial,do,-8.07027530670166
1147,initial,do,-8.724506378173828
1148,initial,do,-8.255264282226562
1149,initial,do,-6.8295464515686035
1150,initial,do,-7.655433177947998
1151,initial,do,-9.112860679626465
1152,initial,do,-7.874673366546631
1153,initial,do,-8.18064022064209
1154,initial,do,-7.498945713043213
1155,initial,do,-6.824107646942139
1156,initial,do,-7.26607084274292
1157,initial,do,-7.063868999481201
1158,initial,do,-8.151705741882324
1159,initial,do,-8.140946388244629
1160,initial,do,-8.72607421875
1161,initial,do,-6.707967281341553
1162,initial,do,-7.34898042678833
1163,initial,do,-6.906026840209961
1164,initial,do,-7.865683078765869
1165,initial,do,-6.862178325653076
1166,initial,do,-8.394597053527832
1167,initial,do,-6.96746826171875
1168,initial,do,-8.336482048034668
1169,initial,do,-7.136850833892822
1170,initial,do,-6.692359924316406
1171,initial,do,-7.432257175445557
1172,initial,do,-7.26607084274292
1173,initial,do,-8.313796043395996
1174,initial,do,-7.767453670501709
1175,initial,do,-7.767453670501709
1176,initial,do,-8.178821563720703
1177,initial,do,-8.590495109558105
1178,initial,do,-6.939716339111328
1179,initial,do,-6.824107646942139
1180,initial,do,-7.34898042678833
1181,initial,do,-8.218857765197754
1182,initial,do,-6.96746826171875
1183,initial,pp,-7.320934772491455
1184,initial,pp,-7.311436653137207
1185,initial,pp,-6.030019760131836
1186,initial,pp,-7.42081880569458
1187,initial,pp,-6.635446071624756
1188,initial,pp,-7.025447368621826
1189,initial,pp,-7.320933818817139
1190,initial,pp,-7.85164213180542
1191,initial,pp,-7.55094575881958
1192,initial,pp,-6.387436389923096
1193,initial,pp,-7.27374267578125
1194,initial,pp,-8.231928825378418
1195,initial,pp,-7.123292446136475
1196,initial,pp,-7.442344665527344
1197,initial,pp,-7.157824993133545
1198,initial,pp,-6.4016242027282715
1199,initial,pp,-6.898149490356445
1200,initial,pp,-6.56680154800415
1201,initial,pp,-7.733661651611328
1202,initial,pp,-7.3425703048706055
1203,initial,do,-7.50889778137207
1204,initial,do,-6.624088287353516
1205,initial,do,-7.947605133056641
1206,initial,do,-7.239992141723633
1207,initial,do,-7.955930709838867
1208,initial,do,-6.937562465667725
1209,initial,do,-7.497893810272217
1210,initial,do,-7.073091506958008
1211,initial,do,-6.7512993812561035
1212,initial,do,-7.29706335067749
1213,initial,do,-7.412317276000977
1214,initial,do,-6.51296329498291
1215,initial,do,-6.807164669036865
1216,initial,do,-7.006326675415039
1217,initial,do,-7.678530693054199
1218,initial,do,-6.923377990722656
1219,initial,do,-7.30768346786499
1220,initial,do,-7.345407962799072
1221,initial,do,-6.387932777404785
1222,initial,do,-6.236525535583496
1223,initial,do,-8.649395942687988
1224,initial,do,-7.998818397521973
1225,initial,do,-7.954315185546875
1226,initial,do,-7.501615047454834
1227,initial,do,-8.009139060974121
1228,initial,do,-7.600724220275879
1229,initial,do,-7.173355579376221
1230,initial,do,-7.671237945556641
1231,initial,do,-7.564837455749512
1232,initial,do,-7.26993465423584
1233,initial,do,-7.662228584289551
1234,initial,do,-7.4752984046936035
1235,initial,do,-7.106436729431152
1236,initial,do,-7.04451322555542
1237,initial,do,-7.406994819641113
1238,initial,do,-7.7235002517700195
1239,initial,do,-6.228609561920166
1240,initial,do,-7.354083061218262
1241,initial,do,-7.775533199310303
1242,initial,do,-5.923439979553223
1243,initial,do,-6.851306438446045
1244,initial,do,-7.869790554046631
1245,initial,do,-6.941614627838135
1246,initial,pp,-7.376808166503906
1247,initial,pp,-6.363260746002197
1248,initial,pp,-7.36928129196167
1249,initial,pp,-7.074069499969482
1250,initial,pp,-7.285425186157227
1251,initial,pp,-6.464049816131592
1252,initial,pp,-7.347829341888428
1253,initial,pp,-6.9051194190979
1254,initial,pp,-6.518434047698975
1255,initial,pp,-6.989149570465088
1256,initial,pp,-7.4198737144470215
1257,initial,pp,-6.681170463562012
1258,initial,pp,-6.712790012359619
1259,initial,pp,-6.630173206329346
1260,initial,pp,-7.5331597328186035
1261,initial,pp,-6.608498573303223
1262,initial,pp,-7.052507400512695
1263,initial,pp,-7.1075215339660645
1264,initial,pp,-6.496289253234863
1265,initial,pp,-6.1230669021606445
1266,initial,do,-6.89872407913208
1267,initial,do,-7.257333278656006
1268,initial,do,-7.947402477264404
1269,initial,do,-8.156914710998535
1270,initial,do,-7.124522686004639
1271,initial,do,-8.784869194030762
1272,initial,do,-9.609970092773438
1273,initial,do,-9.254373550415039
1274,initial,do,-7.059131145477295
1275,initial,do,-9.211668014526367
1276,initial,do,-9.175406455993652
1277,initial,do,-6.865787029266357
1278,initial,do,-8.995564460754395
1279,initial,do,-8.934144020080566
1280,initial,do,-7.910547733306885
1281,initial,do,-9.301411628723145
1282,initial,do,-8.656952857971191
1283,initial,do,-8.179658889770508
1284,initial,do,-7.923816204071045
1285,initial,do,-8.654598236083984
1286,initial,do,-6.250214576721191
1287,initial,do,-8.620701789855957
1288,initial,do,-8.743191719055176
1289,initial,do,-8.552184104919434
1290,initial,do,-8.638072967529297
1291,initial,do,-7.3549089431762695
1292,initial,do,-8.44991397857666
1293,initial,do,-9.522616386413574
1294,initial,do,-8.86068058013916
1295,initial,do,-8.547078132629395
1296,initial,do,-7.715296268463135
1297,initial,do,-8.655330657958984
1298,initial,do,-8.03433609008789
1299,initial,do,-6.370201110839844
1300,initial,do,-8.316781044006348
1301,initial,do,-9.375229835510254
1302,initial,do,-9.370135307312012
1303,initial,do,-7.960216999053955
1304,initial,do,-7.82431173324585
1305,initial,do,-9.340773582458496
1306,initial,do,-9.365974426269531
1307,initial,do,-7.771361351013184
1308,initial,do,-9.38481616973877
1309,initial,pp,-6.778729438781738
1310,initial,pp,-6.7408246994018555
1311,initial,pp,-6.697720050811768
1312,initial,pp,-7.0224995613098145
1313,initial,pp,-5.657883167266846
1314,initial,pp,-7.833985328674316
1315,initial,pp,-8.763757705688477
1316,initial,pp,-8.609379768371582
1317,initial,pp,-5.893804550170898
1318,initial,pp,-8.434762001037598
1319,initial,pp,-8.260361671447754
1320,initial,pp,-6.682197570800781
1321,initial,pp,-8.117545127868652
1322,initial,pp,-7.6761627197265625
1323,initial,pp,-7.45495080947876
1324,initial,pp,-8.081296920776367
1325,initial,pp,-7.512226104736328
1326,initial,pp,-7.907473564147949
1327,initial,pp,-6.95491886138916
1328,initial,pp,-7.71423864364624
1329,initial,pp,-6.071806907653809
1330,initial,pp,-5.817169666290283
1331,initial,pp,-7.311108112335205
1332,initial,pp,-7.6058478355407715
1333,initial,pp,-8.131369590759277
1334,initial,pp,-6.484046459197998
1335,initial,pp,-5.910309791564941
1336,initial,pp,-5.975519180297852
1337,initial,pp,-6.41609525680542
1338,initial,pp,-6.928756237030029
1339,initial,pp,-5.935448169708252
1340,initial,pp,-7.082253932952881
1341,initial,pp,-7.113453388214111
1342,initial,pp,-7.9348273277282715
1343,initial,pp,-7.570280075073242
1344,initial,pp,-6.979163646697998
1345,initial,pp,-7.3303351402282715
1346,initial,pp,-5.7214860916137695
1347,initial,pp,-7.247072696685791
1348,initial,pp,-6.732479572296143
1349,initial,pp,-6.601913928985596
1350,initial,pp,-7.052618503570557
1351,initial,pp,-7.28400993347168
1352,initial,pp,-6.570955276489258
1353,initial,pp,-7.107990264892578
1354,initial,pp,-5.995854377746582
1355,initial,pp,-6.049724102020264
1356,initial,pp,-6.117374897003174
1357,initial,pp,-6.4017014503479
1358,initial,pp,-6.890319347381592
1359,initial,pp,-6.559321403503418
1360,initial,pp,-7.1692399978637695
1361,initial,pp,-6.257509231567383
1362,initial,pp,-6.37720251083374
1363,initial,pp,-6.840061187744141
1364,initial,pp,-6.840938568115234
1365,initial,pp,-7.26742696762085
1366,initial,pp,-6.574790000915527
1367,initial,pp,-6.398040771484375
1368,initial,pp,-6.677526950836182
1,final,pp,-5.926370620727539
2,final,pp,-6.606828212738037
3,final,pp,-5.455882549285889
4,final,pp,-5.8155646324157715
5,final,pp,-5.263901233673096
6,final,pp,-5.593027591705322
7,final,pp,-5.779931545257568
8,final,pp,-5.459711074829102
9,final,pp,-4.8948540687561035
10,final,pp,-5.758884429931641
11,final,pp,-5.495711326599121
12,final,pp,-4.897274971008301
13,final,pp,-5.397192478179932
14,final,pp,-5.233234405517578
15,final,pp,-6.205634593963623
16,final,pp,-5.459711074829102
17,final,pp,-6.044837951660156
18,final,pp,-5.38262414932251
19,final,pp,-5.953429698944092
20,final,pp,-4.8084845542907715
21,final,pp,-5.284923076629639
22,final,pp,-5.895665168762207
23,final,pp,-6.00432825088501
24,final,pp,-6.511457920074463
25,final,pp,-6.372472286224365
26,final,pp,-6.074143886566162
27,final,pp,-6.187342166900635
28,final,pp,-5.9510955810546875
29,final,pp,-5.6928229331970215
30,final,pp,-6.134416103363037
31,final,pp,-5.67999792098999
32,final,pp,-6.511457920074463
33,final,pp,-5.709146499633789
34,final,pp,-6.358462810516357
35,final,pp,-5.354394435882568
36,final,pp,-5.672982692718506
37,final,pp,-5.69282341003418
38,final,pp,-4.722123146057129
39,final,pp,-6.700796127319336
40,final,pp,-5.477579116821289
41,final,pp,-5.5322265625
42,final,pp,-5.901845932006836
43,final,pp,-4.904738426208496
44,final,pp,-6.277029037475586
45,final,pp,-6.237644672393799
46,final,pp,-5.738746166229248
47,final,pp,-6.480950355529785
48,final,pp,-5.187601089477539
49,final,pp,-5.1392822265625
50,final,pp,-5.192811965942383
51,final,pp,-5.833752632141113
52,final,pp,-5.8616766929626465
53,final,pp,-5.410500526428223
54,final,pp,-5.429157257080078
55,final,pp,-5.516567707061768
56,final,pp,-4.688821792602539
57,final,pp,-5.082172393798828
58,final,pp,-5.886787414550781
59,final,pp,-5.579899787902832
60,final,pp,-5.598275184631348
61,final,pp,-6.326801776885986
62,final,pp,-5.732555866241455
63,final,pp,-6.448797702789307
64,final,pp,-6.316429138183594
65,final,pp,-6.501395225524902
66,final,pp,-5.9279046058654785
67,final,pp,-5.540383338928223
68,final,pp,-6.392047882080078
69,final,pp,-6.9496307373046875
70,final,pp,-6.039979934692383
71,final,pp,-4.898737907409668
72,final,pp,-6.61865758895874
73,final,pp,-5.836433410644531
74,final,pp,-6.978225231170654
75,final,pp,-5.942295074462891
76,final,pp,-5.244289398193359
77,final,pp,-5.872288227081299
78,final,pp,-4.928378582000732
79,final,pp,-4.832396507263184
80,final,pp,-6.4963765144348145
81,final,pp,-6.865437030792236
82,final,pp,-5.604547023773193
83,final,pp,-5.9009294509887695
84,final,pp,-4.9352288246154785
85,final,pp,-5.604547023773193
86,final,pp,-5.123902320861816
87,final,pp,-6.209591865539551
88,final,pp,-5.057218074798584
89,final,pp,-5.440465927124023
90,final,pp,-4.618054389953613
91,final,pp,-5.087038516998291
92,final,pp,-7.207149028778076
93,final,pp,-5.666565895080566
94,final,pp,-5.233192443847656
95,final,pp,-4.96539831161499
96,final,pp,-4.90229606628418
97,final,pp,-6.501817226409912
98,final,pp,-6.601748466491699
99,final,pp,-6.171350479125977
100,final,pp,-6.175537109375
101,final,pp,-5.477296352386475
102,final,pp,-5.664371013641357
103,final,pp,-5.075066566467285
104,final,pp,-5.219000816345215
105,final,pp,-5.5095391273498535
106,final,pp,-5.49741268157959
107,final,pp,-4.693665504455566
108,final,pp,-5.805273532867432
109,final,pp,-5.645139217376709
110,final,pp,-5.889962673187256
111,final,pp,-5.75560998916626
112,final,pp,-5.403517246246338
113,final,pp,-5.205225467681885
114,final,pp,-5.450326442718506
115,final,pp,-5.892745494842529
116,final,pp,-5.144454002380371
117,final,pp,-5.967838287353516
118,final,pp,-5.514967918395996
119,final,pp,-5.293536186218262
120,final,pp,-6.215407848358154
121,final,pp,-5.689425945281982
122,final,pp,-5.941328048706055
123,final,pp,-5.983315467834473
124,final,pp,-5.948693752288818
125,final,pp,-5.357918739318848
126,final,pp,-6.00580358505249
127,final,pp,-4.931267261505127
128,final,pp,-5.745988368988037
129,final,pp,-4.768768787384033
130,final,pp,-4.61305570602417
131,final,pp,-4.768768787384033
132,final,pp,-5.9413275718688965
133,final,pp,-6.102381229400635
134,final,pp,-5.0242695808410645
135,final,pp,-5.9413275718688965
136,final,pp,-6.005804538726807
137,final,pp,-5.47283411026001
138,final,pp,-4.816540241241455
139,final,pp,-5.552514553070068
140,final,pp,-5.189601421356201
141,final,pp,-5.296639919281006
142,final,pp,-5.167118072509766
143,final,pp,-5.525253772735596
144,final,pp,-5.748088836669922
145,final,pp,-4.668214797973633
146,final,pp,-5.3239216804504395
147,final,pp,-5.218397617340088
148,final,pp,-5.279674530029297
149,final,pp,-5.148888111114502
150,final,pp,-5.192689418792725
151,final,pp,-5.710760116577148
152,final,pp,-5.195531368255615
153,final,pp,-5.158448219299316
154,final,pp,-5.375074863433838
155,final,pp,-5.210989475250244
156,final,pp,-5.7410173416137695
157,final,pp,-5.1763505935668945
158,final,pp,-5.15992546081543
159,final,pp,-5.700557708740234
160,final,pp,-5.707911491394043
161,final,pp,-6.6618170738220215
162,final,pp,-5.1517863273620605
163,final,pp,-5.553283214569092
164,final,pp,-5.07014799118042
165,final,pp,-5.139847278594971
166,final,pp,-4.405557632446289
167,final,pp,-6.60062313079834
168,final,pp,-6.567183971405029
169,final,pp,-5.6743621826171875
170,final,pp,-5.770751953125
171,final,pp,-5.553283214569092
172,final,pp,-5.196908473968506
173,final,pp,-5.297817707061768
174,final,pp,-6.0112996101379395
175,final,pp,-5.297640323638916
176,final,pp,-5.139847278594971
177,final,pp,-6.242183208465576
178,final,pp,-6.585151672363281
179,final,pp,-4.743035316467285
180,final,pp,-5.992491245269775
181,final,pp,-5.521673679351807
182,final,pp,-6.028932094573975
183,final,pp,-5.281068801879883
184,final,pp,-6.698043346405029
185,final,pp,-5.518557548522949
186,final,pp,-5.6935343742370605
187,final,pp,-5.391311168670654
188,final,pp,-4.882180213928223
189,final,pp,-5.07774543762207
190,final,pp,-5.095915794372559
191,final,pp,-5.474482536315918
192,final,pp,-5.048470497131348
193,final,pp,-5.168004035949707
194,final,pp,-5.385234355926514
195,final,pp,-5.151471138000488
196,final,pp,-4.781943321228027
197,final,pp,-5.773050308227539
198,final,pp,-5.374564170837402
199,final,pp,-5.631832122802734
200,final,pp,-6.085866451263428
201,final,pp,-4.627693176269531
202,final,pp,-4.332153797149658
203,final,pp,-6.373109340667725
204,final,pp,-5.505856990814209
205,final,pp,-5.643935203552246
206,final,pp,-5.344785213470459
207,final,pp,-5.380326271057129
208,final,pp,-5.461464881896973
209,final,pp,-5.513935089111328
210,final,pp,-4.740309715270996
211,final,pp,-4.800913333892822
212,final,pp,-5.623620510101318
213,final,pp,-5.1726884841918945
214,final,pp,-5.6645402908325195
215,final,pp,-5.182387351989746
216,final,pp,-4.870110511779785
217,final,pp,-5.525166034698486
218,final,pp,-4.997097969055176
219,final,pp,-5.110347270965576
220,final,pp,-5.062800884246826
221,final,do,-6.155892848968506
222,final,do,-5.639573574066162
223,final,do,-5.63915491104126
224,final,do,-5.18828010559082
225,final,do,-6.178680419921875
226,final,do,-5.35662841796875
227,final,do,-6.3216552734375
228,final,do,-6.455585956573486
229,final,do,-6.208121299743652
230,final,do,-5.875800132751465
231,final,do,-5.848631858825684
232,final,do,-6.265974998474121
233,final,do,-5.959244728088379
234,final,do,-6.455585956573486
235,final,do,-4.965365886688232
236,final,do,-5.280318260192871
237,final,do,-5.742560386657715
238,final,do,-5.77207612991333
239,final,do,-6.040760517120361
240,final,do,-5.429818153381348
241,final,do,-5.959244728088379
242,final,do,-5.799208641052246
243,final,do,-6.08252477645874
244,final,do,-5.77207612991333
245,final,do,-6.09916353225708
246,final,do,-5.789402008056641
247,final,do,-5.799986839294434
248,final,do,-6.151825428009033
249,final,do,-5.494734764099121
250,final,do,-5.7575907707214355
251,final,do,-5.689792633056641
252,final,do,-6.261591911315918
253,final,do,-6.470757007598877
254,final,do,-6.358089923858643
255,final,do,-6.0668745040893555
256,final,do,-6.094117164611816
257,final,do,-6.142270088195801
258,final,do,-6.358089923858643
259,final,do,-5.735513210296631
260,final,do,-5.689792633056641
261,final,do,-5.7575907707214355
262,final,do,-5.627896785736084
263,final,do,-5.420726299285889
264,final,pp,-5.890101909637451
265,final,pp,-5.48907995223999
266,final,pp,-5.398514747619629
267,final,pp,-5.155333518981934
268,final,pp,-5.8951897621154785
269,final,pp,-5.134120941162109
270,final,pp,-5.885107517242432
271,final,pp,-6.428028583526611
272,final,pp,-5.919411659240723
273,final,pp,-5.564759731292725
274,final,pp,-5.807712554931641
275,final,pp,-6.021471977233887
276,final,pp,-5.661422252655029
277,final,pp,-6.428028583526611
278,final,pp,-4.938058853149414
279,final,pp,-5.1811394691467285
280,final,pp,-5.606208801269531
281,final,pp,-5.571752548217773
282,final,pp,-5.871030807495117
283,final,pp,-5.20881462097168
284,final,do,-5.251659870147705
285,final,do,-5.056305885314941
286,final,do,-5.9478583335876465
287,final,do,-5.442387104034424
288,final,do,-5.558598041534424
289,final,do,-5.305630683898926
290,final,do,-5.55427885055542
291,final,do,-5.907637596130371
292,final,do,-5.558598041534424
293,final,do,-5.658493518829346
294,final,do,-5.348140239715576
295,final,do,-5.27449893951416
296,final,do,-5.384673118591309
297,final,do,-6.102718830108643
298,final,do,-5.717338562011719
299,final,do,-5.371945858001709
300,final,do,-5.59641170501709
301,final,do,-5.446364402770996
302,final,do,-5.364466667175293
303,final,do,-5.715684413909912
304,final,do,-5.425685405731201
305,final,do,-5.55427885055542
306,final,do,-5.632718086242676
307,final,do,-5.41847038269043
308,final,do,-5.442387104034424
309,final,do,-5.643591403961182
310,final,do,-5.573175430297852
311,final,do,-5.957313060760498
312,final,do,-5.442387104034424
313,final,do,-6.030205726623535
314,final,do,-5.708561420440674
315,final,do,-5.890697956085205
316,final,do,-5.794328212738037
317,final,do,-6.413626670837402
318,final,do,-5.573175430297852
319,final,do,-5.446364402770996
320,final,do,-5.127262115478516
321,final,do,-5.665280818939209
322,final,do,-5.9478583335876465
323,final,do,-6.244421482086182
324,final,do,-5.923287391662598
325,final,do,-6.130581855773926
326,final,do,-6.081857204437256
327,final,pp,-5.603091716766357
328,final,pp,-5.449229717254639
329,final,pp,-6.000059127807617
330,final,pp,-5.586552619934082
331,final,pp,-5.561961650848389
332,final,pp,-5.43355655670166
333,final,pp,-5.708084583282471
334,final,pp,-6.109516620635986
335,final,pp,-5.561961650848389
336,final,pp,-5.796398639678955
337,final,pp,-5.393555641174316
338,final,pp,-5.319364547729492
339,final,pp,-5.5826263427734375
340,final,pp,-5.80630350112915
341,final,pp,-5.743650436401367
342,final,pp,-5.509128570556641
343,final,pp,-5.655269145965576
344,final,pp,-5.686905384063721
345,final,pp,-5.56607723236084
346,final,pp,-5.665719509124756
347,final,do,-5.146535873413086
348,final,do,-5.092204570770264
349,final,do,-5.398767471313477
350,final,do,-5.10781717300415
351,final,do,-5.264217853546143
352,final,do,-4.855608940124512
353,final,do,-5.448079586029053
354,final,do,-5.056502342224121
355,final,do,-5.401786804199219
356,final,do,-5.259210586547852
357,final,do,-5.604924201965332
358,final,do,-5.50770378112793
359,final,do,-5.562326431274414
360,final,do,-5.458265781402588
361,final,do,-4.890890121459961
362,final,do,-5.51973819732666
363,final,do,-5.205472946166992
364,final,do,-5.624594211578369
365,final,do,-5.0620269775390625
366,final,do,-5.2761454582214355
367,final,do,-4.834578514099121
368,final,do,-4.737510681152344
369,final,do,-5.438745021820068
370,final,do,-4.503726959228516
371,final,do,-5.138844966888428
372,final,do,-6.26279878616333
373,final,do,-5.0087103843688965
374,final,do,-5.24919319152832
375,final,do,-4.853481769561768
376,final,do,-5.367944717407227
377,final,do,-4.825693130493164
378,final,do,-5.266941547393799
379,final,do,-4.985171794891357
380,final,do,-5.108517169952393
381,final,do,-6.230195999145508
382,final,do,-5.394277572631836
383,final,do,-4.731122970581055
384,final,do,-5.138844966888428
385,final,do,-4.996964454650879
386,final,do,-5.008709907531738
387,final,do,-5.195968151092529
388,final,do,-5.259562969207764
389,final,do,-5.950868606567383
390,final,pp,-5.172242164611816
391,final,pp,-5.315742492675781
392,final,pp,-5.289898872375488
393,final,pp,-4.951730251312256
394,final,pp,-5.477283000946045
395,final,pp,-5.012528419494629
396,final,pp,-5.576511383056641
397,final,pp,-5.197043418884277
398,final,pp,-5.650411128997803
399,final,pp,-5.238589286804199
400,final,pp,-5.570681571960449
401,final,pp,-5.470213890075684
402,final,pp,-5.486902236938477
403,final,pp,-5.536537170410156
404,final,pp,-5.427577018737793
405,final,pp,-5.450844764709473
406,final,pp,-5.54034948348999
407,final,pp,-5.733333110809326
408,final,pp,-5.161508560180664
409,final,pp,-5.44656229019165
410,final,do,-6.7380571365356445
411,final,do,-5.960089206695557
412,final,do,-6.051524639129639
413,final,do,-6.924841403961182
414,final,do,-7.471908092498779
415,final,do,-6.392673492431641
416,final,do,-6.487323760986328
417,final,do,-6.197824954986572
418,final,do,-5.407418727874756
419,final,do,-6.339926719665527
420,final,do,-7.149736404418945
421,final,do,-6.734038829803467
422,final,do,-6.5837788581848145
423,final,do,-6.524810791015625
424,final,do,-5.859928131103516
425,final,do,-6.503787994384766
426,final,do,-5.578186988830566
427,final,do,-6.362734317779541
428,final,do,-6.292152404785156
429,final,do,-6.60250186920166
430,final,do,-6.875962257385254
431,final,do,-6.238718032836914
432,final,do,-6.362734317779541
433,final,do,-6.063789367675781
434,final,do,-6.617484092712402
435,final,do,-6.333996295928955
436,final,do,-6.117941856384277
437,final,do,-6.629088878631592
438,final,do,-6.422738075256348
439,final,do,-6.880418300628662
440,final,do,-6.791718006134033
441,final,do,-6.519143104553223
442,final,do,-6.67968225479126
443,final,do,-6.592975616455078
444,final,do,-6.323880672454834
445,final,do,-6.05387020111084
446,final,do,-6.503787994384766
447,final,do,-6.99716854095459
448,final,do,-6.183330535888672
449,final,do,-5.662973880767822
450,final,do,-6.071613311767578
451,final,do,-6.611153602600098
452,final,do,-6.281589031219482
453,final,pp,-6.0732502937316895
454,final,pp,-5.6400146484375
455,final,pp,-5.596145153045654
456,final,pp,-6.748575687408447
457,final,pp,-6.81313943862915
458,final,pp,-6.030312538146973
459,final,pp,-5.596336364746094
460,final,pp,-6.112709999084473
461,final,pp,-5.323614597320557
462,final,pp,-5.615763187408447
463,final,pp,-7.090048789978027
464,final,pp,-6.68088436126709
465,final,pp,-6.3629302978515625
466,final,pp,-6.072666168212891
467,final,pp,-5.2509765625
468,final,pp,-6.495293617248535
469,final,pp,-5.434393405914307
470,final,pp,-6.258782386779785
471,final,pp,-6.154086589813232
472,final,pp,-6.230949878692627
473,final,pp,-5.681338787078857
474,final,pp,-6.443366050720215
475,final,pp,-6.036190509796143
476,final,pp,-5.660274028778076
477,final,pp,-5.499155044555664
478,final,pp,-5.702573299407959
479,final,pp,-5.563683032989502
480,final,pp,-5.837896347045898
481,final,pp,-5.824216365814209
482,final,pp,-5.743317604064941
483,final,pp,-5.100519180297852
484,final,pp,-6.40635871887207
485,final,pp,-6.328790664672852
486,final,pp,-5.410408020019531
487,final,pp,-6.11604642868042
488,final,pp,-5.524188995361328
489,final,pp,-5.2938337326049805
490,final,pp,-5.739720821380615
491,final,pp,-5.5329108238220215
492,final,pp,-5.503511428833008
493,final,do,-7.142094612121582
494,final,do,-6.66482400894165
495,final,do,-6.367384433746338
496,final,do,-6.538098335266113
497,final,do,-7.694700717926025
498,final,do,-5.2314605712890625
499,final,do,-6.57396936416626
500,final,do,-6.906878471374512
501,final,do,-6.007710933685303
502,final,do,-5.717325687408447
503,final,do,-7.211709022521973
504,final,do,-6.126542568206787
505,final,do,-6.605821132659912
506,final,do,-6.300191402435303
507,final,do,-7.5790276527404785
508,final,do,-7.1274003982543945
509,final,do,-6.0193190574646
510,final,do,-6.614039897918701
511,final,do,-5.721058368682861
512,final,do,-8.03823184967041
513,final,do,-6.336195945739746
514,final,do,-7.127743721008301
515,final,do,-6.435972690582275
516,final,do,-7.662234306335449
517,final,do,-6.541773319244385
518,final,do,-7.456851005554199
519,final,do,-7.331667900085449
520,final,do,-6.728086948394775
521,final,do,-7.2165703773498535
522,final,do,-5.887832164764404
523,final,do,-5.9489288330078125
524,final,do,-5.71238899230957
525,final,do,-7.3295698165893555
526,final,do,-7.393956661224365
527,final,do,-6.159460544586182
528,final,do,-6.955073356628418
529,final,do,-6.955073356628418
530,final,do,-7.051033020019531
531,final,do,-7.6994218826293945
532,final,do,-7.440591335296631
533,final,do,-7.533276557922363
534,final,do,-6.789379119873047
535,final,do,-5.856697082519531
536,final,pp,-7.113591194152832
537,final,pp,-6.929689407348633
538,final,pp,-6.3942389488220215
539,final,pp,-6.452687740325928
540,final,pp,-7.768194198608398
541,final,pp,-4.777848243713379
542,final,pp,-6.303853511810303
543,final,pp,-7.013256072998047
544,final,pp,-6.471212863922119
545,final,pp,-5.675660133361816
546,final,pp,-6.9133620262146
547,final,pp,-6.858895301818848
548,final,pp,-6.670085906982422
549,final,pp,-6.807357311248779
550,final,pp,-7.337239742279053
551,final,pp,-6.908620834350586
552,final,pp,-5.967620372772217
553,final,pp,-6.286577224731445
554,final,pp,-5.2882184982299805
555,final,pp,-7.74064302444458
556,final,do,-6.315147876739502
557,final,do,-6.702822685241699
558,final,do,-7.065510272979736
559,final,do,-6.527574062347412
560,final,do,-7.431616306304932
561,final,do,-5.927734851837158
562,final,do,-6.2830657958984375
563,final,do,-6.432650566101074
564,final,do,-6.702822685241699
565,final,do,-7.419602870941162
566,final,do,-5.191422462463379
567,final,do,-5.266768932342529
568,final,do,-6.453957557678223
569,final,do,-6.658360958099365
570,final,do,-5.8884806632995605
571,final,do,-6.659986972808838
572,final,do,-6.683310031890869
573,final,do,-6.980692386627197
574,final,do,-6.980692386627197
575,final,do,-6.662367343902588
576,final,do,-5.926097869873047
577,final,do,-6.396367073059082
578,final,do,-6.683310031890869
579,final,do,-5.778483867645264
580,final,do,-5.448379993438721
581,final,do,-6.453957557678223
582,final,do,-7.013781547546387
583,final,do,-5.63454008102417
584,final,do,-5.323260307312012
585,final,do,-6.995710849761963
586,final,do,-5.588155269622803
587,final,do,-5.584115982055664
588,final,do,-5.63454008102417
589,final,do,-5.043638706207275
590,final,do,-6.737242221832275
591,final,do,-6.425706386566162
592,final,do,-7.081468105316162
593,final,do,-6.425706386566162
594,final,do,-7.021218776702881
595,final,do,-7.065510272979736
596,final,do,-7.023097038269043
597,final,do,-6.453957557678223
598,final,do,-7.419602870941162
599,final,pp,-6.765230655670166
600,final,pp,-7.443603992462158
601,final,pp,-7.145652770996094
602,final,pp,-7.148374080657959
603,final,pp,-7.835918426513672
604,final,pp,-6.412210941314697
605,final,pp,-6.5242509841918945
606,final,pp,-6.395727634429932
607,final,pp,-7.443603992462158
608,final,pp,-7.939560413360596
609,final,pp,-5.757699012756348
610,final,pp,-5.218906402587891
611,final,pp,-6.473224639892578
612,final,pp,-6.889838218688965
613,final,pp,-6.06248140335083
614,final,pp,-6.6843695640563965
615,final,pp,-7.0977020263671875
616,final,pp,-6.981215000152588
617,final,pp,-6.981215000152588
618,final,pp,-7.10847282409668
619,final,do,-5.774327278137207
620,final,do,-5.233091354370117
621,final,do,-6.525810718536377
622,final,do,-5.886567115783691
623,final,do,-6.44528341293335
624,final,do,-6.0710225105285645
625,final,do,-5.676131248474121
626,final,do,-6.224235534667969
627,final,do,-6.43207311630249
628,final,do,-6.40252685546875
629,final,do,-5.24229621887207
630,final,do,-4.890120983123779
631,final,do,-5.651638984680176
632,final,do,-5.163269996643066
633,final,do,-5.374160289764404
634,final,do,-6.5885910987854
635,final,do,-5.21701192855835
636,final,do,-6.259849548339844
637,final,do,-5.651638984680176
638,final,do,-6.188392639160156
639,final,do,-6.00718355178833
640,final,do,-6.410866737365723
641,final,do,-5.5155839920043945
642,final,do,-6.360980987548828
643,final,do,-6.591145038604736
644,final,do,-5.0447163581848145
645,final,do,-6.710813045501709
646,final,do,-5.95842981338501
647,final,do,-6.262735843658447
648,final,do,-6.100450038909912
649,final,do,-6.095428943634033
650,final,do,-6.898521423339844
651,final,do,-6.479416370391846
652,final,do,-6.484969615936279
653,final,do,-6.627975940704346
654,final,do,-5.746945381164551
655,final,do,-6.367702960968018
656,final,do,-6.238450527191162
657,final,do,-7.199682235717773
658,final,do,-5.651638984680176
659,final,do,-6.738089561462402
660,final,do,-6.932808876037598
661,final,do,-5.422510623931885
662,final,pp,-6.433538436889648
663,final,pp,-5.051000118255615
664,final,pp,-6.162807941436768
665,final,pp,-6.377507209777832
666,final,pp,-6.341607093811035
667,final,pp,-6.023898124694824
668,final,pp,-6.305045127868652
669,final,pp,-6.609766006469727
670,final,pp,-6.985259056091309
671,final,pp,-6.96012020111084
672,final,pp,-5.397511959075928
673,final,pp,-4.905606746673584
674,final,pp,-5.879250526428223
675,final,pp,-4.9384236335754395
676,final,pp,-5.608928203582764
677,final,pp,-6.705828666687012
678,final,pp,-5.048213005065918
679,final,pp,-6.453644752502441
680,final,pp,-5.879250526428223
681,final,pp,-6.623200416564941
682,final,do,-7.147871971130371
683,final,do,-8.367431640625
684,final,do,-5.3542094230651855
685,final,do,-6.32820463180542
686,final,do,-5.9912190437316895
687,final,do,-7.042074203491211
688,final,do,-7.798821926116943
689,final,do,-7.474281311035156
690,final,do,-6.86767578125
691,final,do,-7.415541172027588
692,final,do,-6.038780689239502
693,final,do,-8.365986824035645
694,final,do,-6.510281562805176
695,final,do,-6.828367233276367
696,final,do,-7.454687595367432
697,final,do,-5.970365524291992
698,final,do,-5.858295440673828
699,final,do,-6.407180309295654
700,final,do,-6.875311374664307
701,final,do,-6.156597137451172
702,final,do,-7.528770446777344
703,final,do,-6.942572593688965
704,final,do,-8.055567741394043
705,final,do,-6.392424583435059
706,final,do,-6.310830593109131
707,final,do,-8.105140686035156
708,final,do,-6.985238552093506
709,final,do,-5.628496170043945
710,final,do,-8.221318244934082
711,final,do,-6.950725555419922
712,final,do,-7.344038009643555
713,final,do,-8.488450050354004
714,final,do,-8.43382453918457
715,final,do,-7.812016487121582
716,final,do,-8.22631549835205
717,final,do,-8.055109977722168
718,final,do,-7.660057067871094
719,final,do,-7.207729339599609
720,final,do,-5.219467639923096
721,final,do,-6.489477634429932
722,final,do,-6.788721561431885
723,final,do,-5.793549060821533
724,final,do,-6.202142715454102
725,final,pp,-6.83415412902832
726,final,pp,-7.381753921508789
727,final,pp,-5.023421287536621
728,final,pp,-5.962772369384766
729,final,pp,-6.556697845458984
730,final,pp,-5.961863040924072
731,final,pp,-7.914798736572266
732,final,pp,-7.077561855316162
733,final,pp,-7.046411991119385
734,final,pp,-7.179101467132568
735,final,pp,-6.038875102996826
736,final,pp,-7.554143905639648
737,final,pp,-6.8726983070373535
738,final,pp,-6.65634298324585
739,final,pp,-8.032185554504395
740,final,pp,-6.766275882720947
741,final,pp,-5.48475980758667
742,final,pp,-5.870704174041748
743,final,pp,-6.98271369934082
744,final,pp,-5.934403896331787
745,final,pp,-6.618453025817871
746,final,pp,-5.8351311683654785
747,final,pp,-6.94590425491333
748,final,pp,-6.016744136810303
749,final,pp,-7.087464332580566
750,final,pp,-6.882851600646973
751,final,pp,-7.163041114807129
752,final,pp,-6.410435676574707
753,final,pp,-6.3814167976379395
754,final,pp,-6.493372440338135
755,final,pp,-5.4517059326171875
756,final,pp,-5.341546058654785
757,final,pp,-6.291462421417236
758,final,pp,-5.699353218078613
759,final,pp,-5.795618057250977
760,final,pp,-6.926346778869629
761,final,pp,-7.789928436279297
762,final,pp,-7.4427313804626465
763,final,pp,-6.534388065338135
764,final,pp,-6.495500087738037
765,final,pp,-6.387476444244385
766,final,pp,-6.305346965789795
767,final,pp,-6.965934753417969
768,final,pp,-4.726632118225098
769,final,pp,-6.520515441894531
770,final,pp,-6.938071250915527
771,final,pp,-6.533416748046875
772,final,pp,-6.813974857330322
773,final,pp,-6.343828201293945
774,final,pp,-5.2429585456848145
775,final,pp,-5.693358421325684
776,final,pp,-5.110986232757568
777,final,pp,-5.337164878845215
778,final,pp,-6.702218055725098
779,final,pp,-6.398808002471924
780,final,pp,-6.4465508460998535
781,final,pp,-6.403724193572998
782,final,pp,-5.047116279602051
783,final,pp,-7.200847625732422
784,final,pp,-7.262157440185547
785,final,do,-6.2656636238098145
786,final,do,-5.614912033081055
787,final,do,-5.73807954788208
788,final,do,-4.790013313293457
789,final,do,-5.8423895835876465
790,final,do,-4.763482093811035
791,final,do,-5.75294303894043
792,final,do,-5.198145389556885
793,final,do,-6.994533061981201
794,final,do,-6.198824405670166
795,final,do,-5.196230411529541
796,final,do,-4.404572486877441
797,final,do,-5.12439489364624
798,final,do,-6.67637300491333
799,final,do,-4.348063945770264
800,final,do,-5.060582160949707
801,final,do,-6.111119747161865
802,final,do,-5.381710052490234
803,final,do,-6.583403587341309
804,final,do,-6.9138994216918945
805,final,do,-6.748712062835693
806,final,do,-4.944063186645508
807,final,do,-6.101573467254639
808,final,do,-7.0307769775390625
809,final,do,-5.52092981338501
810,final,do,-5.506680011749268
811,final,do,-6.509165287017822
812,final,do,-5.7681427001953125
813,final,do,-5.984982967376709
814,final,do,-5.437313079833984
815,final,do,-5.221127986907959
816,final,do,-5.7076263427734375
817,final,do,-5.386235237121582
818,final,do,-4.691393852233887
819,final,do,-5.873091697692871
820,final,do,-5.060582160949707
821,final,do,-7.321594715118408
822,final,do,-5.270637512207031
823,final,do,-5.286446571350098
824,final,do,-6.646408557891846
825,final,do,-6.100113868713379
826,final,do,-5.683302402496338
827,final,do,-7.097027778625488
828,final,pp,-5.849264621734619
829,final,pp,-5.591029644012451
830,final,pp,-5.635562896728516
831,final,pp,-4.635480880737305
832,final,pp,-5.318557262420654
833,final,pp,-4.559372901916504
834,final,pp,-5.856881618499756
835,final,pp,-5.045106887817383
836,final,pp,-6.421931266784668
837,final,pp,-5.730931758880615
838,final,pp,-5.096292018890381
839,final,pp,-4.402697563171387
840,final,pp,-5.081666946411133
841,final,pp,-5.993099689483643
842,final,pp,-4.137110233306885
843,final,pp,-4.842789173126221
844,final,pp,-5.674455642700195
845,final,pp,-5.2188544273376465
846,final,pp,-6.440020561218262
847,final,pp,-6.274151802062988
848,final,do,-5.021013259887695
849,final,do,-5.318310737609863
850,final,do,-6.079061985015869
851,final,do,-6.648130893707275
852,final,do,-4.889827728271484
853,final,do,-6.046509742736816
854,final,do,-6.422853946685791
855,final,do,-5.483394145965576
856,final,do,-4.982072830200195
857,final,do,-5.667055606842041
858,final,do,-6.372612953186035
859,final,do,-5.589221477508545
860,final,do,-6.019594669342041
861,final,do,-4.483726978302002
862,final,do,-5.421141147613525
863,final,do,-5.385324478149414
864,final,do,-5.335107326507568
865,final,do,-6.5267109870910645
866,final,do,-4.98480749130249
867,final,do,-4.933923721313477
868,final,do,-6.919178009033203
869,final,do,-4.450125217437744
870,final,do,-7.10352087020874
871,final,do,-4.84993314743042
872,final,do,-5.2699713706970215
873,final,do,-5.527883052825928
874,final,do,-4.982072830200195
875,final,do,-4.84330940246582
876,final,do,-5.39005184173584
877,final,do,-5.99899435043335
878,final,do,-5.153788089752197
879,final,do,-4.696692943572998
880,final,do,-6.729928016662598
881,final,do,-6.38565731048584
882,final,do,-5.495419025421143
883,final,do,-5.871608257293701
884,final,do,-5.021012783050537
885,final,do,-4.989057540893555
886,final,do,-4.782845973968506
887,final,do,-5.850538730621338
888,final,do,-6.969890117645264
889,final,do,-6.311065673828125
890,final,do,-5.275681018829346
891,final,pp,-5.007671356201172
892,final,pp,-5.211981773376465
893,final,pp,-5.797685146331787
894,final,pp,-6.548661231994629
895,final,pp,-4.871340274810791
896,final,pp,-6.087105751037598
897,final,pp,-6.256329536437988
898,final,pp,-5.420499324798584
899,final,pp,-4.988832473754883
900,final,pp,-5.6495513916015625
901,final,pp,-6.016083717346191
902,final,pp,-5.626377105712891
903,final,pp,-5.7632246017456055
904,final,pp,-4.389841079711914
905,final,pp,-5.4083757400512695
906,final,pp,-5.424072742462158
907,final,pp,-5.561550617218018
908,final,pp,-6.357133865356445
909,final,pp,-4.97690486907959
910,final,pp,-5.028090476989746
911,final,do,-5.387995719909668
912,final,do,-6.364006996154785
913,final,do,-5.092087745666504
914,final,do,-5.857171058654785
915,final,do,-5.162486553192139
916,final,do,-5.821316719055176
917,final,do,-5.80743408203125
918,final,do,-5.839602947235107
919,final,do,-5.579355239868164
920,final,do,-6.135497093200684
921,final,do,-5.551826000213623
922,final,do,-5.624013423919678
923,final,do,-5.96924352645874
924,final,do,-5.187924385070801
925,final,do,-5.404987335205078
926,final,do,-5.470845699310303
927,final,do,-5.856101036071777
928,final,do,-5.836671352386475
929,final,do,-5.890532493591309
930,final,do,-5.216198921203613
931,final,do,-5.772951126098633
932,final,do,-4.9339823722839355
933,final,do,-5.440178394317627
934,final,do,-4.910439491271973
935,final,do,-5.5276198387146
936,final,do,-5.920637607574463
937,final,do,-4.41837215423584
938,final,do,-5.387326240539551
939,final,do,-6.01750373840332
940,final,do,-5.077462196350098
941,final,do,-5.7579827308654785
942,final,do,-5.885707378387451
943,final,do,-5.129001617431641
944,final,do,-5.426090240478516
945,final,do,-4.903630256652832
946,final,do,-6.115931034088135
947,final,do,-5.415717601776123
948,final,do,-5.832690715789795
949,final,do,-6.135496616363525
950,final,do,-5.786371231079102
951,final,do,-5.852892875671387
952,final,do,-5.155889511108398
953,final,do,-6.162750244140625
954,final,pp,-5.222018718719482
955,final,pp,-5.967138290405273
956,final,pp,-4.9902167320251465
957,final,pp,-6.021130561828613
958,final,pp,-5.17418909072876
959,final,pp,-6.005388259887695
960,final,pp,-6.183128833770752
961,final,pp,-5.8368330001831055
962,final,pp,-5.484579086303711
963,final,pp,-6.021626949310303
964,final,pp,-5.7975077629089355
965,final,pp,-5.686324596405029
966,final,pp,-5.83609676361084
967,final,pp,-4.984306335449219
968,final,pp,-5.557403087615967
969,final,pp,-5.494933128356934
970,final,pp,-5.514865398406982
971,final,pp,-6.230138778686523
972,final,pp,-5.802210330963135
973,final,pp,-5.2781572341918945
974,final,do,-6.626471519470215
975,final,do,-6.6652326583862305
976,final,do,-7.7089667320251465
977,final,do,-7.404015064239502
978,final,do,-6.016061305999756
979,final,do,-5.388202667236328
980,final,do,-7.294329643249512
981,final,do,-5.606750965118408
982,final,do,-6.658440589904785
983,final,do,-6.212078094482422
984,final,do,-7.169841289520264
985,final,do,-6.279244899749756
986,final,do,-7.269742488861084
987,final,do,-6.008664608001709
988,final,do,-8.369611740112305
989,final,do,-7.102244853973389
990,final,do,-7.938523292541504
991,final,do,-6.344120025634766
992,final,do,-6.041642189025879
993,final,do,-6.085051536560059
994,final,do,-5.726583957672119
995,final,do,-7.108851909637451
996,final,do,-7.2117791175842285
997,final,do,-7.075526714324951
998,final,do,-6.610438346862793
999,final,do,-5.598712921142578
1000,final,do,-6.566752910614014
1001,final,do,-5.38925838470459
1002,final,do,-5.769513130187988
1003,final,do,-6.085051536560059
1004,final,do,-5.644205093383789
1005,final,do,-5.57962703704834
1006,final,do,-7.126098155975342
1007,final,do,-6.540733814239502
1008,final,do,-5.3466715812683105
1009,final,do,-5.36964225769043
1010,final,do,-6.635958671569824
1011,final,do,-7.5095038414001465
1012,final,do,-6.704713821411133
1013,final,do,-6.835502624511719
1014,final,do,-6.704713821411133
1015,final,do,-5.957108497619629
1016,final,do,-4.975922584533691
1017,final,pp,-5.9206976890563965
1018,final,pp,-5.735703468322754
1019,final,pp,-6.948045253753662
1020,final,pp,-6.335273265838623
1021,final,pp,-5.182740211486816
1022,final,pp,-5.195644378662109
1023,final,pp,-6.436794281005859
1024,final,pp,-5.209282875061035
1025,final,pp,-5.720005989074707
1026,final,pp,-5.82696008682251
1027,final,pp,-6.655364990234375
1028,final,pp,-6.225196838378906
1029,final,pp,-6.341444969177246
1030,final,pp,-5.278522491455078
1031,final,pp,-7.189565658569336
1032,final,pp,-6.5254011154174805
1033,final,pp,-7.148806095123291
1034,final,pp,-5.6336140632629395
1035,final,pp,-5.684072971343994
1036,final,pp,-5.713065147399902
1037,final,pp,-5.667047500610352
1038,final,pp,-5.15899133682251
1039,final,pp,-6.03282356262207
1040,final,pp,-5.66357946395874
1041,final,pp,-4.818533897399902
1042,final,pp,-6.178215026855469
1043,final,pp,-6.536236763000488
1044,final,pp,-4.232111930847168
1045,final,pp,-6.394484043121338
1046,final,pp,-5.482843399047852
1047,final,pp,-6.792965888977051
1048,final,pp,-5.044411659240723
1049,final,pp,-5.20386266708374
1050,final,pp,-4.944935321807861
1051,final,pp,-4.817968845367432
1052,final,pp,-6.010956287384033
1053,final,pp,-6.090790271759033
1054,final,pp,-5.506141185760498
1055,final,pp,-5.143566131591797
1056,final,pp,-5.041546821594238
1057,final,pp,-5.459417343139648
1058,final,pp,-4.684817790985107
1059,final,pp,-5.8274054527282715
1060,final,pp,-5.30513334274292
1061,final,pp,-5.630556106567383
1062,final,pp,-5.234866142272949
1063,final,pp,-4.543915271759033
1064,final,pp,-5.426235198974609
1065,final,pp,-5.715511798858643
1066,final,pp,-5.197469711303711
1067,final,pp,-5.812437534332275
1068,final,pp,-4.414029121398926
1069,final,pp,-5.064449310302734
1070,final,pp,-5.288478374481201
1071,final,pp,-5.302831649780273
1072,final,pp,-5.487987995147705
1073,final,pp,-4.987617492675781
1074,final,pp,-5.055721759796143
1075,final,pp,-4.753626823425293
1076,final,pp,-6.133002281188965
1077,final,do,-6.4614129066467285
1078,final,do,-6.716459274291992
1079,final,do,-6.634131908416748
1080,final,do,-6.073188304901123
1081,final,do,-5.004271984100342
1082,final,do,-5.629919052124023
1083,final,do,-5.678769588470459
1084,final,do,-5.881699085235596
1085,final,do,-5.95009183883667
1086,final,do,-5.455816745758057
1087,final,do,-6.197656631469727
1088,final,do,-6.063901424407959
1089,final,do,-6.617222309112549
1090,final,do,-7.659542083740234
1091,final,do,-6.733293533325195
1092,final,do,-5.810894012451172
1093,final,do,-6.016089916229248
1094,final,do,-6.585995197296143
1095,final,do,-6.368094444274902
1096,final,do,-5.728410243988037
1097,final,do,-6.49800443649292
1098,final,do,-5.793363094329834
1099,final,do,-6.485771179199219
1100,final,do,-6.262119770050049
1101,final,do,-6.409651279449463
1102,final,do,-6.357192516326904
1103,final,do,-5.443088054656982
1104,final,do,-5.540501117706299
1105,final,do,-6.2483649253845215
1106,final,do,-5.620568752288818
1107,final,do,-5.793363094329834
1108,final,do,-7.101683139801025
1109,final,do,-5.5367431640625
1110,final,do,-6.368783950805664
1111,final,do,-6.243350028991699
1112,final,do,-5.707861423492432
1113,final,do,-5.807744979858398
1114,final,do,-5.406198024749756
1115,final,do,-5.655462741851807
1116,final,do,-5.763206958770752
1117,final,do,-6.909215927124023
1118,final,do,-7.52532958984375
1119,final,do,-5.011377811431885
1120,final,pp,-5.515769004821777
1121,final,pp,-5.993330955505371
1122,final,pp,-5.968924522399902
1123,final,pp,-5.082065105438232
1124,final,pp,-4.180221080780029
1125,final,pp,-5.153164863586426
1126,final,pp,-4.7681121826171875
1127,final,pp,-5.171504497528076
1128,final,pp,-5.1998372077941895
1129,final,pp,-5.236935615539551
1130,final,pp,-5.308655261993408
1131,final,pp,-5.089264392852783
1132,final,pp,-5.896877288818359
1133,final,pp,-6.2990875244140625
1134,final,pp,-5.798361778259277
1135,final,pp,-5.306997776031494
1136,final,pp,-5.682768821716309
1137,final,pp,-5.801723480224609
1138,final,pp,-5.929084777832031
1139,final,pp,-4.77264928817749
1140,final,do,-6.04905891418457
1141,final,do,-6.200310230255127
1142,final,do,-5.492783546447754
1143,final,do,-5.684255123138428
1144,final,do,-6.102157115936279
1145,final,do,-5.488745212554932
1146,final,do,-6.04905891418457
1147,final,do,-7.015309810638428
1148,final,do,-5.831506252288818
1149,final,do,-5.112757682800293
1150,final,do,-6.286843776702881
1151,final,do,-6.9137725830078125
1152,final,do,-5.367961883544922
1153,final,do,-6.177360534667969
1154,final,do,-5.518640995025635
1155,final,do,-4.9041829109191895
1156,final,do,-5.845983982086182
1157,final,do,-6.239189624786377
1158,final,do,-6.262607574462891
1159,final,do,-5.783235549926758
1160,final,do,-6.531905651092529
1161,final,do,-4.8366570472717285
1162,final,do,-6.403284072875977
1163,final,do,-5.852701187133789
1164,final,do,-6.200310230255127
1165,final,do,-6.071351528167725
1166,final,do,-6.152961254119873
1167,final,do,-5.360869884490967
1168,final,do,-5.902860641479492
1169,final,do,-5.5970563888549805
1170,final,do,-5.320108413696289
1171,final,do,-5.382770538330078
1172,final,do,-5.845983982086182
1173,final,do,-5.850697040557861
1174,final,do,-5.3126301765441895
1175,final,do,-5.3126301765441895
1176,final,do,-5.919417858123779
1177,final,do,-6.5666117668151855
1178,final,do,-5.040069103240967
1179,final,do,-4.9041829109191895
1180,final,do,-6.403284072875977
1181,final,do,-5.744139194488525
1182,final,do,-5.360869884490967
1183,final,pp,-5.983536720275879
1184,final,pp,-6.1501288414001465
1185,final,pp,-5.067980766296387
1186,final,pp,-5.32506799697876
1187,final,pp,-5.904013633728027
1188,final,pp,-5.295445442199707
1189,final,pp,-5.983536243438721
1190,final,pp,-6.526174068450928
1191,final,pp,-5.479493141174316
1192,final,pp,-4.861180782318115
1193,final,pp,-5.925711154937744
1194,final,pp,-6.35521936416626
1195,final,pp,-5.035772800445557
1196,final,pp,-6.025733947753906
1197,final,pp,-5.390143394470215
1198,final,pp,-4.695605278015137
1199,final,pp,-5.804103851318359
1200,final,pp,-5.88107967376709
1201,final,pp,-6.162997245788574
1202,final,pp,-5.354788780212402
1203,final,do,-6.0171942710876465
1204,final,do,-5.2230610847473145
1205,final,do,-6.452789306640625
1206,final,do,-5.683162689208984
1207,final,do,-6.45409631729126
1208,final,do,-6.026608467102051
1209,final,do,-6.0392632484436035
1210,final,do,-5.584941387176514
1211,final,do,-5.406610488891602
1212,final,do,-6.275527000427246
1213,final,do,-5.81607723236084
1214,final,do,-5.3014326095581055
1215,final,do,-5.388306617736816
1216,final,do,-5.483036041259766
1217,final,do,-5.591964244842529
1218,final,do,-5.534344673156738
1219,final,do,-5.677404880523682
1220,final,do,-5.8678998947143555
1221,final,do,-5.700406551361084
1222,final,do,-5.4587883949279785
1223,final,do,-7.241838455200195
1224,final,do,-6.423255920410156
1225,final,do,-6.1967453956604
1226,final,do,-5.667444229125977
1227,final,do,-6.62155818939209
1228,final,do,-6.140360355377197
1229,final,do,-5.527336120605469
1230,final,do,-5.742135047912598
1231,final,do,-5.567043304443359
1232,final,do,-5.691460609436035
1233,final,do,-5.959738731384277
1234,final,do,-5.782334327697754
1235,final,do,-6.183316230773926
1236,final,do,-5.906937599182129
1237,final,do,-5.747687339782715
1238,final,do,-6.054627895355225
1239,final,do,-4.999448776245117
1240,final,do,-5.725215911865234
1241,final,do,-6.582859039306641
1242,final,do,-5.106969356536865
1243,final,do,-5.643836975097656
1244,final,do,-6.464713096618652
1245,final,do,-5.87811803817749
1246,final,pp,-6.017779350280762
1247,final,pp,-4.705451965332031
1248,final,pp,-5.93210506439209
1249,final,pp,-5.426846027374268
1250,final,pp,-5.594664096832275
1251,final,pp,-5.668721675872803
1252,final,pp,-6.0711846351623535
1253,final,pp,-5.505167484283447
1254,final,pp,-5.2218427658081055
1255,final,pp,-6.0661234855651855
1256,final,pp,-5.593112468719482
1257,final,pp,-5.432538032531738
1258,final,pp,-5.309704303741455
1259,final,pp,-4.919246196746826
1260,final,pp,-5.527341842651367
1261,final,pp,-5.034128665924072
1262,final,pp,-5.413260459899902
1263,final,pp,-5.437368392944336
1264,final,pp,-5.699272632598877
1265,final,pp,-5.229224681854248
1266,final,do,-5.150634288787842
1267,final,do,-5.24108362197876
1268,final,do,-6.664875030517578
1269,final,do,-5.661334991455078
1270,final,do,-6.141119956970215
1271,final,do,-7.077520370483398
1272,final,do,-7.946672439575195
1273,final,do,-7.5664215087890625
1274,final,do,-6.237671852111816
1275,final,do,-7.500312328338623
1276,final,do,-7.232395172119141
1277,final,do,-5.5179972648620605
1278,final,do,-7.60839319229126
1279,final,do,-6.914881229400635
1280,final,do,-6.358459949493408
1281,final,do,-6.656396865844727
1282,final,do,-6.6805901527404785
1283,final,do,-6.860191822052002
1284,final,do,-6.445243835449219
1285,final,do,-6.698705673217773
1286,final,do,-5.430123329162598
1287,final,do,-7.590988636016846
1288,final,do,-7.446300983428955
1289,final,do,-6.737616062164307
1290,final,do,-6.8223700523376465
1291,final,do,-5.761062145233154
1292,final,do,-6.500179767608643
1293,final,do,-8.10039234161377
1294,final,do,-7.374320983886719
1295,final,do,-6.721153736114502
1296,final,do,-6.767545223236084
1297,final,do,-7.033531188964844
1298,final,do,-7.663976669311523
1299,final,do,-5.312662124633789
1300,final,do,-6.774913787841797
1301,final,do,-7.609519958496094
1302,final,do,-7.337036609649658
1303,final,do,-7.035148620605469
1304,final,do,-6.6152496337890625
1305,final,do,-7.252038955688477
1306,final,do,-6.951879978179932
1307,final,do,-6.816159725189209
1308,final,do,-8.087987899780273
1309,final,pp,-5.066901206970215
1310,final,pp,-4.753595352172852
1311,final,pp,-5.613370418548584
1312,final,pp,-5.013947486877441
1313,final,pp,-4.670107364654541
1314,final,pp,-5.869350433349609
1315,final,pp,-6.921305179595947
1316,final,pp,-6.702303409576416
1317,final,pp,-5.004883289337158
1318,final,pp,-6.873401165008545
1319,final,pp,-6.214711666107178
1320,final,pp,-5.24657678604126
1321,final,pp,-6.6903815269470215
1322,final,pp,-5.822920322418213
1323,final,pp,-5.632008075714111
1324,final,pp,-5.803901672363281
1325,final,pp,-5.8987135887146
1326,final,pp,-6.4095458984375
1327,final,pp,-5.302394866943359
1328,final,pp,-5.709776878356934
1329,final,pp,-4.693774700164795
1330,final,pp,-4.610561847686768
1331,final,pp,-6.475175857543945
1332,final,pp,-6.3961076736450195
1333,final,pp,-6.630266189575195
1334,final,pp,-5.326287746429443
1335,final,pp,-5.036719799041748
1336,final,pp,-5.213475704193115
1337,final,pp,-5.100885391235352
1338,final,pp,-6.176993370056152
1339,final,pp,-5.0615386962890625
1340,final,pp,-5.6273932456970215
1341,final,pp,-6.1524505615234375
1342,final,pp,-6.543249607086182
1343,final,pp,-6.611211776733398
1344,final,pp,-5.459725856781006
1345,final,pp,-6.369675636291504
1346,final,pp,-4.4565534591674805
1347,final,pp,-6.174982070922852
1348,final,pp,-5.911888599395752
1349,final,pp,-4.955571174621582
1350,final,pp,-5.104930400848389
1351,final,pp,-5.745541095733643
1352,final,pp,-4.912196159362793
1353,final,pp,-5.536175727844238
1354,final,pp,-4.308513164520264
1355,final,pp,-5.0138020515441895
1356,final,pp,-5.148480415344238
1357,final,pp,-5.35861873626709
1358,final,pp,-5.332099914550781
1359,final,pp,-5.012749671936035
1360,final,pp,-5.259471893310547
1361,final,pp,-5.45482873916626
1362,final,pp,-5.8433918952941895
1363,final,pp,-5.333891868591309
1364,final,pp,-4.835740566253662
1365,final,pp,-5.880226135253906
1366,final,pp,-5.33582878112793
1367,final,pp,-4.982648849487305
1368,final,pp,-4.751802444458008
1,best,pp,-5.926370620727539
2,best,pp,-6.606828212738037
3,best,pp,-5.455882549285889
4,best,pp,-5.8155646324157715
5,best,pp,-5.263901233673096
6,best,pp,-5.593027591705322
7,best,pp,-5.779931545257568
8,best,pp,-5.459711074829102
9,best,pp,-4.8948540687561035
10,best,pp,-5.758884429931641
11,best,pp,-5.495711326599121
12,best,pp,-4.897274971008301
13,best,pp,-5.397192478179932
14,best,pp,-5.233234405517578
15,best,pp,-6.205634593963623
16,best,pp,-5.459711074829102
17,best,pp,-6.044837951660156
18,best,pp,-5.38262414932251
19,best,pp,-5.953429698944092
20,best,pp,-4.8084845542907715
21,best,pp,-5.284923076629639
22,best,pp,-5.895665168762207
23,best,pp,-6.00432825088501
24,best,pp,-6.511457920074463
25,best,pp,-6.372472286224365
26,best,pp,-6.074143886566162
27,best,pp,-6.187342166900635
28,best,pp,-5.9510955810546875
29,best,pp,-5.6928229331970215
30,best,pp,-6.134416103363037
31,best,pp,-5.67999792098999
32,best,pp,-6.511457920074463
33,best,pp,-5.709146499633789
34,best,pp,-6.358462810516357
35,best,pp,-5.354394435882568
36,best,pp,-5.672982692718506
37,best,pp,-5.69282341003418
38,best,pp,-4.722123146057129
39,best,pp,-6.700796127319336
40,best,pp,-5.477579116821289
41,best,pp,-5.5322265625
42,best,pp,-5.901845932006836
43,best,pp,-4.904738426208496
44,best,pp,-6.277029037475586
45,best,pp,-6.237644672393799
46,best,pp,-5.738746166229248
47,best,pp,-6.480950355529785
48,best,pp,-5.187601089477539
49,best,pp,-5.1392822265625
50,best,pp,-5.192811965942383
51,best,pp,-5.833752632141113
52,best,pp,-5.8616766929626465
53,best,pp,-5.410500526428223
54,best,pp,-5.429157257080078
55,best,pp,-5.516567707061768
56,best,pp,-4.688821792602539
57,best,pp,-5.082172393798828
58,best,pp,-5.886787414550781
59,best,pp,-5.579899787902832
60,best,pp,-5.598275184631348
61,best,pp,-6.326801776885986
62,best,pp,-5.732555866241455
63,best,pp,-6.448797702789307
64,best,pp,-6.316429138183594
65,best,pp,-6.501395225524902
66,best,pp,-5.9279046058654785
67,best,pp,-5.540383338928223
68,best,pp,-6.392047882080078
69,best,pp,-6.9496307373046875
70,best,pp,-6.039979934692383
71,best,pp,-4.898737907409668
72,best,pp,-6.61865758895874
73,best,pp,-5.836433410644531
74,best,pp,-6.978225231170654
75,best,pp,-5.942295074462891
76,best,pp,-5.244289398193359
77,best,pp,-5.872288227081299
78,best,pp,-4.928378582000732
79,best,pp,-4.832396507263184
80,best,pp,-6.4963765144348145
81,best,pp,-6.865437030792236
82,best,pp,-5.604547023773193
83,best,pp,-5.9009294509887695
84,best,pp,-4.9352288246154785
85,best,pp,-5.604547023773193
86,best,pp,-5.123902320861816
87,best,pp,-6.209591865539551
88,best,pp,-5.057218074798584
89,best,pp,-5.440465927124023
90,best,pp,-4.618054389953613
91,best,pp,-5.087038516998291
92,best,pp,-7.207149028778076
93,best,pp,-5.666565895080566
94,best,pp,-5.233192443847656
95,best,pp,-4.96539831161499
96,best,pp,-4.90229606628418
97,best,pp,-6.501817226409912
98,best,pp,-6.601748466491699
99,best,pp,-6.171350479125977
100,best,pp,-6.175537109375
101,best,pp,-5.477296352386475
102,best,pp,-5.664371013641357
103,best,pp,-5.075066566467285
104,best,pp,-5.219000816345215
105,best,pp,-5.5095391273498535
106,best,pp,-5.49741268157959
107,best,pp,-4.693665504455566
108,best,pp,-5.805273532867432
109,best,pp,-5.645139217376709
110,best,pp,-5.889962673187256
111,best,pp,-5.75560998916626
112,best,pp,-5.403517246246338
113,best,pp,-5.205225467681885
114,best,pp,-5.450326442718506
115,best,pp,-5.892745494842529
116,best,pp,-5.144454002380371
117,best,pp,-5.967838287353516
118,best,pp,-5.514967918395996
119,best,pp,-5.293536186218262
120,best,pp,-6.215407848358154
121,best,pp,-5.689425945281982
122,best,pp,-5.941328048706055
123,best,pp,-5.983315467834473
124,best,pp,-5.948693752288818
125,best,pp,-5.357918739318848
126,best,pp,-6.00580358505249
127,best,pp,-4.931267261505127
128,best,pp,-5.745988368988037
129,best,pp,-4.768768787384033
130,best,pp,-4.61305570602417
131,best,pp,-4.768768787384033
132,best,pp,-5.9413275718688965
133,best,pp,-6.102381229400635
134,best,pp,-5.0242695808410645
135,best,pp,-5.9413275718688965
136,best,pp,-6.005804538726807
137,best,pp,-5.47283411026001
138,best,pp,-4.816540241241455
139,best,pp,-5.552514553070068
140,best,pp,-5.189601421356201
141,best,pp,-5.296639919281006
142,best,pp,-5.167118072509766
143,best,pp,-5.525253772735596
144,best,pp,-5.748088836669922
145,best,pp,-4.668214797973633
146,best,pp,-5.3239216804504395
147,best,pp,-5.218397617340088
148,best,pp,-5.279674530029297
149,best,pp,-5.148888111114502
150,best,pp,-5.192689418792725
151,best,pp,-5.710760116577148
152,best,pp,-5.195531368255615
153,best,pp,-5.158448219299316
154,best,pp,-5.375074863433838
155,best,pp,-5.210989475250244
156,best,pp,-5.7410173416137695
157,best,pp,-5.1763505935668945
158,best,pp,-5.15992546081543
159,best,pp,-5.700557708740234
160,best,pp,-5.707911491394043
161,best,pp,-6.6618170738220215
162,best,pp,-5.1517863273620605
163,best,pp,-5.553283214569092
164,best,pp,-5.07014799118042
165,best,pp,-5.139847278594971
166,best,pp,-4.405557632446289
167,best,pp,-6.60062313079834
168,best,pp,-6.567183971405029
169,best,pp,-5.6743621826171875
170,best,pp,-5.770751953125
171,best,pp,-5.553283214569092
172,best,pp,-5.196908473968506
173,best,pp,-5.297817707061768
174,best,pp,-6.0112996101379395
175,best,pp,-5.297640323638916
176,best,pp,-5.139847278594971
177,best,pp,-6.242183208465576
178,best,pp,-6.585151672363281
179,best,pp,-4.743035316467285
180,best,pp,-5.992491245269775
181,best,pp,-5.521673679351807
182,best,pp,-6.028932094573975
183,best,pp,-5.281068801879883
184,best,pp,-6.698043346405029
185,best,pp,-5.518557548522949
186,best,pp,-5.6935343742370605
187,best,pp,-5.391311168670654
188,best,pp,-4.882180213928223
189,best,pp,-5.07774543762207
190,best,pp,-5.095915794372559
191,best,pp,-5.474482536315918
192,best,pp,-5.048470497131348
193,best,pp,-5.168004035949707
194,best,pp,-5.385234355926514
195,best,pp,-5.151471138000488
196,best,pp,-4.781943321228027
197,best,pp,-5.773050308227539
198,best,pp,-5.374564170837402
199,best,pp,-5.631832122802734
200,best,pp,-6.085866451263428
201,best,pp,-4.627693176269531
202,best,pp,-4.332153797149658
203,best,pp,-6.373109340667725
204,best,pp,-5.505856990814209
205,best,pp,-5.643935203552246
206,best,pp,-5.344785213470459
207,best,pp,-5.380326271057129
208,best,pp,-5.461464881896973
209,best,pp,-5.513935089111328
210,best,pp,-4.740309715270996
211,best,pp,-4.800913333892822
212,best,pp,-5.623620510101318
213,best,pp,-5.1726884841918945
214,best,pp,-5.6645402908325195
215,best,pp,-5.182387351989746
216,best,pp,-4.870110511779785
217,best,pp,-5.525166034698486
218,best,pp,-4.997097969055176
219,best,pp,-5.110347270965576
220,best,pp,-5.062800884246826
221,best,do,-6.155892848968506
222,best,do,-5.639573574066162
223,best,do,-5.63915491104126
224,best,do,-5.18828010559082
225,best,do,-6.178680419921875
226,best,do,-5.35662841796875
227,best,do,-6.3216552734375
228,best,do,-6.455585956573486
229,best,do,-6.208121299743652
230,best,do,-5.875800132751465
231,best,do,-5.848631858825684
232,best,do,-6.265974998474121
233,best,do,-5.959244728088379
234,best,do,-6.455585956573486
235,best,do,-4.965365886688232
236,best,do,-5.280318260192871
237,best,do,-5.742560386657715
238,best,do,-5.77207612991333
239,best,do,-6.040760517120361
240,best,do,-5.429818153381348
241,best,do,-5.959244728088379
242,best,do,-5.799208641052246
243,best,do,-6.08252477645874
244,best,do,-5.77207612991333
245,best,do,-6.09916353225708
246,best,do,-5.789402008056641
247,best,do,-5.799986839294434
248,best,do,-6.151825428009033
249,best,do,-5.494734764099121
250,best,do,-5.7575907707214355
251,best,do,-5.689792633056641
252,best,do,-6.261591911315918
253,best,do,-6.470757007598877
254,best,do,-6.358089923858643
255,best,do,-6.0668745040893555
256,best,do,-6.094117164611816
257,best,do,-6.142270088195801
258,best,do,-6.358089923858643
259,best,do,-5.735513210296631
260,best,do,-5.689792633056641
261,best,do,-5.7575907707214355
262,best,do,-5.627896785736084
263,best,do,-5.420726299285889
264,best,pp,-5.890101909637451
265,best,pp,-5.48907995223999
266,best,pp,-5.398514747619629
267,best,pp,-5.155333518981934
268,best,pp,-5.8951897621154785
269,best,pp,-5.134120941162109
270,best,pp,-5.885107517242432
271,best,pp,-6.428028583526611
272,best,pp,-5.919411659240723
273,best,pp,-5.564759731292725
274,best,pp,-5.807712554931641
275,best,pp,-6.021471977233887
276,best,pp,-5.661422252655029
277,best,pp,-6.428028583526611
278,best,pp,-4.938058853149414
279,best,pp,-5.1811394691467285
280,best,pp,-5.606208801269531
281,best,pp,-5.571752548217773
282,best,pp,-5.871030807495117
283,best,pp,-5.20881462097168
284,best,do,-5.251659870147705
285,best,do,-5.056305885314941
286,best,do,-5.9478583335876465
287,best,do,-5.442387104034424
288,best,do,-5.558598041534424
289,best,do,-5.305630683898926
290,best,do,-5.55427885055542
291,best,do,-5.907637596130371
292,best,do,-5.558598041534424
293,best,do,-5.658493518829346
294,best,do,-5.348140239715576
295,best,do,-5.27449893951416
296,best,do,-5.384673118591309
297,best,do,-6.102718830108643
298,best,do,-5.717338562011719
299,best,do,-5.371945858001709
300,best,do,-5.59641170501709
301,best,do,-5.446364402770996
302,best,do,-5.364466667175293
303,best,do,-5.715684413909912
304,best,do,-5.425685405731201
305,best,do,-5.55427885055542
306,best,do,-5.632718086242676
307,best,do,-5.41847038269043
308,best,do,-5.442387104034424
309,best,do,-5.643591403961182
310,best,do,-5.573175430297852
311,best,do,-5.957313060760498
312,best,do,-5.442387104034424
313,best,do,-6.030205726623535
314,best,do,-5.708561420440674
315,best,do,-5.890697956085205
316,best,do,-5.794328212738037
317,best,do,-6.413626670837402
318,best,do,-5.573175430297852
319,best,do,-5.446364402770996
320,best,do,-5.127262115478516
321,best,do,-5.665280818939209
322,best,do,-5.9478583335876465
323,best,do,-6.244421482086182
324,best,do,-5.923287391662598
325,best,do,-6.130581855773926
326,best,do,-6.081857204437256
327,best,pp,-5.603091716766357
328,best,pp,-5.449229717254639
329,best,pp,-6.000059127807617
330,best,pp,-5.586552619934082
331,best,pp,-5.561961650848389
332,best,pp,-5.43355655670166
333,best,pp,-5.708084583282471
334,best,pp,-6.109516620635986
335,best,pp,-5.561961650848389
336,best,pp,-5.796398639678955
337,best,pp,-5.393555641174316
338,best,pp,-5.319364547729492
339,best,pp,-5.5826263427734375
340,best,pp,-5.80630350112915
341,best,pp,-5.743650436401367
342,best,pp,-5.509128570556641
343,best,pp,-5.655269145965576
344,best,pp,-5.686905384063721
345,best,pp,-5.56607723236084
346,best,pp,-5.665719509124756
347,best,do,-5.146535873413086
348,best,do,-5.092204570770264
349,best,do,-5.398767471313477
350,best,do,-5.10781717300415
351,best,do,-5.264217853546143
352,best,do,-4.855608940124512
353,best,do,-5.448079586029053
354,best,do,-5.056502342224121
355,best,do,-5.401786804199219
356,best,do,-5.259210586547852
357,best,do,-5.604924201965332
358,best,do,-5.50770378112793
359,best,do,-5.562326431274414
360,best,do,-5.458265781402588
361,best,do,-4.890890121459961
362,best,do,-5.51973819732666
363,best,do,-5.205472946166992
364,best,do,-5.624594211578369
365,best,do,-5.0620269775390625
366,best,do,-5.2761454582214355
367,best,do,-4.834578514099121
368,best,do,-4.737510681152344
369,best,do,-5.438745021820068
370,best,do,-4.503726959228516
371,best,do,-5.138844966888428
372,best,do,-6.26279878616333
373,best,do,-5.0087103843688965
374,best,do,-5.24919319152832
375,best,do,-4.853481769561768
376,best,do,-5.367944717407227
377,best,do,-4.825693130493164
378,best,do,-5.266941547393799
379,best,do,-4.985171794891357
380,best,do,-5.108517169952393
381,best,do,-6.230195999145508
382,best,do,-5.394277572631836
383,best,do,-4.731122970581055
384,best,do,-5.138844966888428
385,best,do,-4.996964454650879
386,best,do,-5.008709907531738
387,best,do,-5.195968151092529
388,best,do,-5.259562969207764
389,best,do,-5.950868606567383
390,best,pp,-5.172242164611816
391,best,pp,-5.315742492675781
392,best,pp,-5.289898872375488
393,best,pp,-4.951730251312256
394,best,pp,-5.477283000946045
395,best,pp,-5.012528419494629
396,best,pp,-5.576511383056641
397,best,pp,-5.197043418884277
398,best,pp,-5.650411128997803
399,best,pp,-5.238589286804199
400,best,pp,-5.570681571960449
401,best,pp,-5.470213890075684
402,best,pp,-5.486902236938477
403,best,pp,-5.536537170410156
404,best,pp,-5.427577018737793
405,best,pp,-5.450844764709473
406,best,pp,-5.54034948348999
407,best,pp,-5.733333110809326
408,best,pp,-5.161508560180664
409,best,pp,-5.44656229019165
410,best,do,-6.7380571365356445
411,best,do,-5.960089206695557
412,best,do,-6.051524639129639
413,best,do,-6.924841403961182
414,best,do,-7.471908092498779
415,best,do,-6.392673492431641
416,best,do,-6.487323760986328
417,best,do,-6.197824954986572
418,best,do,-5.407418727874756
419,best,do,-6.339926719665527
420,best,do,-7.149736404418945
421,best,do,-6.734038829803467
422,best,do,-6.5837788581848145
423,best,do,-6.524810791015625
424,best,do,-5.859928131103516
425,best,do,-6.503787994384766
426,best,do,-5.578186988830566
427,best,do,-6.362734317779541
428,best,do,-6.292152404785156
429,best,do,-6.60250186920166
430,best,do,-6.875962257385254
431,best,do,-6.238718032836914
432,best,do,-6.362734317779541
433,best,do,-6.063789367675781
434,best,do,-6.617484092712402
435,best,do,-6.333996295928955
436,best,do,-6.117941856384277
437,best,do,-6.629088878631592
438,best,do,-6.422738075256348
439,best,do,-6.880418300628662
440,best,do,-6.791718006134033
441,best,do,-6.519143104553223
442,best,do,-6.67968225479126
443,best,do,-6.592975616455078
444,best,do,-6.323880672454834
445,best,do,-6.05387020111084
446,best,do,-6.503787994384766
447,best,do,-6.99716854095459
448,best,do,-6.183330535888672
449,best,do,-5.662973880767822
450,best,do,-6.071613311767578
451,best,do,-6.611153602600098
452,best,do,-6.281589031219482
453,best,pp,-6.0732502937316895
454,best,pp,-5.6400146484375
455,best,pp,-5.596145153045654
456,best,pp,-6.748575687408447
457,best,pp,-6.81313943862915
458,best,pp,-6.030312538146973
459,best,pp,-5.596336364746094
460,best,pp,-6.112709999084473
461,best,pp,-5.323614597320557
462,best,pp,-5.615763187408447
463,best,pp,-7.090048789978027
464,best,pp,-6.68088436126709
465,best,pp,-6.3629302978515625
466,best,pp,-6.072666168212891
467,best,pp,-5.2509765625
468,best,pp,-6.495293617248535
469,best,pp,-5.434393405914307
470,best,pp,-6.258782386779785
471,best,pp,-6.154086589813232
472,best,pp,-6.230949878692627
473,best,pp,-5.681338787078857
474,best,pp,-6.443366050720215
475,best,pp,-6.036190509796143
476,best,pp,-5.660274028778076
477,best,pp,-5.499155044555664
478,best,pp,-5.702573299407959
479,best,pp,-5.563683032989502
480,best,pp,-5.837896347045898
481,best,pp,-5.824216365814209
482,best,pp,-5.743317604064941
483,best,pp,-5.100519180297852
484,best,pp,-6.40635871887207
485,best,pp,-6.328790664672852
486,best,pp,-5.410408020019531
487,best,pp,-6.11604642868042
488,best,pp,-5.524188995361328
489,best,pp,-5.2938337326049805
490,best,pp,-5.739720821380615
491,best,pp,-5.5329108238220215
492,best,pp,-5.503511428833008
493,best,do,-7.142094612121582
494,best,do,-6.66482400894165
495,best,do,-6.367384433746338
496,best,do,-6.538098335266113
497,best,do,-7.694700717926025
498,best,do,-5.2314605712890625
499,best,do,-6.57396936416626
500,best,do,-6.906878471374512
501,best,do,-6.007710933685303
502,best,do,-5.717325687408447
503,best,do,-7.211709022521973
504,best,do,-6.126542568206787
505,best,do,-6.605821132659912
506,best,do,-6.300191402435303
507,best,do,-7.5790276527404785
508,best,do,-7.1274003982543945
509,best,do,-6.0193190574646
510,best,do,-6.614039897918701
511,best,do,-5.721058368682861
512,best,do,-8.03823184967041
513,best,do,-6.336195945739746
514,best,do,-7.127743721008301
515,best,do,-6.435972690582275
516,best,do,-7.662234306335449
517,best,do,-6.541773319244385
518,best,do,-7.456851005554199
519,best,do,-7.331667900085449
520,best,do,-6.728086948394775
521,best,do,-7.2165703773498535
522,best,do,-5.887832164764404
523,best,do,-5.9489288330078125
524,best,do,-5.71238899230957
525,best,do,-7.3295698165893555
526,best,do,-7.393956661224365
527,best,do,-6.159460544586182
528,best,do,-6.955073356628418
529,best,do,-6.955073356628418
530,best,do,-7.051033020019531
531,best,do,-7.6994218826293945
532,best,do,-7.440591335296631
533,best,do,-7.533276557922363
534,best,do,-6.789379119873047
535,best,do,-5.856697082519531
536,best,pp,-7.113591194152832
537,best,pp,-6.929689407348633
538,best,pp,-6.3942389488220215
539,best,pp,-6.452687740325928
540,best,pp,-7.768194198608398
541,best,pp,-4.777848243713379
542,best,pp,-6.303853511810303
543,best,pp,-7.013256072998047
544,best,pp,-6.471212863922119
545,best,pp,-5.675660133361816
546,best,pp,-6.9133620262146
547,best,pp,-6.858895301818848
548,best,pp,-6.670085906982422
549,best,pp,-6.807357311248779
550,best,pp,-7.337239742279053
551,best,pp,-6.908620834350586
552,best,pp,-5.967620372772217
553,best,pp,-6.286577224731445
554,best,pp,-5.2882184982299805
555,best,pp,-7.74064302444458
556,best,do,-6.315147876739502
557,best,do,-6.702822685241699
558,best,do,-7.065510272979736
559,best,do,-6.527574062347412
560,best,do,-7.431616306304932
561,best,do,-5.927734851837158
562,best,do,-6.2830657958984375
563,best,do,-6.432650566101074
564,best,do,-6.702822685241699
565,best,do,-7.419602870941162
566,best,do,-5.191422462463379
567,best,do,-5.266768932342529
568,best,do,-6.453957557678223
569,best,do,-6.658360958099365
570,best,do,-5.8884806632995605
571,best,do,-6.659986972808838
572,best,do,-6.683310031890869
573,best,do,-6.980692386627197
574,best,do,-6.980692386627197
575,best,do,-6.662367343902588
576,best,do,-5.926097869873047
577,best,do,-6.396367073059082
578,best,do,-6.683310031890869
579,best,do,-5.778483867645264
580,best,do,-5.448379993438721
581,best,do,-6.453957557678223
582,best,do,-7.013781547546387
583,best,do,-5.63454008102417
584,best,do,-5.323260307312012
585,best,do,-6.995710849761963
586,best,do,-5.588155269622803
587,best,do,-5.584115982055664
588,best,do,-5.63454008102417
589,best,do,-5.043638706207275
590,best,do,-6.737242221832275
591,best,do,-6.425706386566162
592,best,do,-7.081468105316162
593,best,do,-6.425706386566162
594,best,do,-7.021218776702881
595,best,do,-7.065510272979736
596,best,do,-7.023097038269043
597,best,do,-6.453957557678223
598,best,do,-7.419602870941162
599,best,pp,-6.765230655670166
600,best,pp,-7.443603992462158
601,best,pp,-7.145652770996094
602,best,pp,-7.148374080657959
603,best,pp,-7.835918426513672
604,best,pp,-6.412210941314697
605,best,pp,-6.5242509841918945
606,best,pp,-6.395727634429932
607,best,pp,-7.443603992462158
608,best,pp,-7.939560413360596
609,best,pp,-5.757699012756348
610,best,pp,-5.218906402587891
611,best,pp,-6.473224639892578
612,best,pp,-6.889838218688965
613,best,pp,-6.06248140335083
614,best,pp,-6.6843695640563965
615,best,pp,-7.0977020263671875
616,best,pp,-6.981215000152588
617,best,pp,-6.981215000152588
618,best,pp,-7.10847282409668
619,best,do,-5.774327278137207
620,best,do,-5.233091354370117
621,best,do,-6.525810718536377
622,best,do,-5.886567115783691
623,best,do,-6.44528341293335
624,best,do,-6.0710225105285645
625,best,do,-5.676131248474121
626,best,do,-6.224235534667969
627,best,do,-6.43207311630249
628,best,do,-6.40252685546875
629,best,do,-5.24229621887207
630,best,do,-4.890120983123779
631,best,do,-5.651638984680176
632,best,do,-5.163269996643066
633,best,do,-5.374160289764404
634,best,do,-6.5885910987854
635,best,do,-5.21701192855835
636,best,do,-6.259849548339844
637,best,do,-5.651638984680176
638,best,do,-6.188392639160156
639,best,do,-6.00718355178833
640,best,do,-6.410866737365723
641,best,do,-5.5155839920043945
642,best,do,-6.360980987548828
643,best,do,-6.591145038604736
644,best,do,-5.0447163581848145
645,best,do,-6.710813045501709
646,best,do,-5.95842981338501
647,best,do,-6.262735843658447
648,best,do,-6.100450038909912
649,best,do,-6.095428943634033
650,best,do,-6.898521423339844
651,best,do,-6.479416370391846
652,best,do,-6.484969615936279
653,best,do,-6.627975940704346
654,best,do,-5.746945381164551
655,best,do,-6.367702960968018
656,best,do,-6.238450527191162
657,best,do,-7.199682235717773
658,best,do,-5.651638984680176
659,best,do,-6.738089561462402
660,best,do,-6.932808876037598
661,best,do,-5.422510623931885
662,best,pp,-6.433538436889648
663,best,pp,-5.051000118255615
664,best,pp,-6.162807941436768
665,best,pp,-6.377507209777832
666,best,pp,-6.341607093811035
667,best,pp,-6.023898124694824
668,best,pp,-6.305045127868652
669,best,pp,-6.609766006469727
670,best,pp,-6.985259056091309
671,best,pp,-6.96012020111084
672,best,pp,-5.397511959075928
673,best,pp,-4.905606746673584
674,best,pp,-5.879250526428223
675,best,pp,-4.9384236335754395
676,best,pp,-5.608928203582764
677,best,pp,-6.705828666687012
678,best,pp,-5.048213005065918
679,best,pp,-6.453644752502441
680,best,pp,-5.879250526428223
681,best,pp,-6.623200416564941
682,best,do,-7.147871971130371
683,best,do,-8.367431640625
684,best,do,-5.3542094230651855
685,best,do,-6.32820463180542
686,best,do,-5.9912190437316895
687,best,do,-7.042074203491211
688,best,do,-7.798821926116943
689,best,do,-7.474281311035156
690,best,do,-6.86767578125
691,best,do,-7.415541172027588
692,best,do,-6.038780689239502
693,best,do,-8.365986824035645
694,best,do,-6.510281562805176
695,best,do,-6.828367233276367
696,best,do,-7.454687595367432
697,best,do,-5.970365524291992
698,best,do,-5.858295440673828
699,best,do,-6.407180309295654
700,best,do,-6.875311374664307
701,best,do,-6.156597137451172
702,best,do,-7.528770446777344
703,best,do,-6.942572593688965
704,best,do,-8.055567741394043
705,best,do,-6.392424583435059
706,best,do,-6.310830593109131
707,best,do,-8.105140686035156
708,best,do,-6.985238552093506
709,best,do,-5.628496170043945
710,best,do,-8.221318244934082
711,best,do,-6.950725555419922
712,best,do,-7.344038009643555
713,best,do,-8.488450050354004
714,best,do,-8.43382453918457
715,best,do,-7.812016487121582
716,best,do,-8.22631549835205
717,best,do,-8.055109977722168
718,best,do,-7.660057067871094
719,best,do,-7.207729339599609
720,best,do,-5.219467639923096
721,best,do,-6.489477634429932
722,best,do,-6.788721561431885
723,best,do,-5.793549060821533
724,best,do,-6.202142715454102
725,best,pp,-6.83415412902832
726,best,pp,-7.381753921508789
727,best,pp,-5.023421287536621
728,best,pp,-5.962772369384766
729,best,pp,-6.556697845458984
730,best,pp,-5.961863040924072
731,best,pp,-7.914798736572266
732,best,pp,-7.077561855316162
733,best,pp,-7.046411991119385
734,best,pp,-7.179101467132568
735,best,pp,-6.038875102996826
736,best,pp,-7.554143905639648
737,best,pp,-6.8726983070373535
738,best,pp,-6.65634298324585
739,best,pp,-8.032185554504395
740,best,pp,-6.766275882720947
741,best,pp,-5.48475980758667
742,best,pp,-5.870704174041748
743,best,pp,-6.98271369934082
744,best,pp,-5.934403896331787
745,best,pp,-6.618453025817871
746,best,pp,-5.8351311683654785
747,best,pp,-6.94590425491333
748,best,pp,-6.016744136810303
749,best,pp,-7.087464332580566
750,best,pp,-6.882851600646973
751,best,pp,-7.163041114807129
752,best,pp,-6.410435676574707
753,best,pp,-6.3814167976379395
754,best,pp,-6.493372440338135
755,best,pp,-5.4517059326171875
756,best,pp,-5.341546058654785
757,best,pp,-6.291462421417236
758,best,pp,-5.699353218078613
759,best,pp,-5.795618057250977
760,best,pp,-6.926346778869629
761,best,pp,-7.789928436279297
762,best,pp,-7.4427313804626465
763,best,pp,-6.534388065338135
764,best,pp,-6.495500087738037
765,best,pp,-6.387476444244385
766,best,pp,-6.305346965789795
767,best,pp,-6.965934753417969
768,best,pp,-4.726632118225098
769,best,pp,-6.520515441894531
770,best,pp,-6.938071250915527
771,best,pp,-6.533416748046875
772,best,pp,-6.813974857330322
773,best,pp,-6.343828201293945
774,best,pp,-5.2429585456848145
775,best,pp,-5.693358421325684
776,best,pp,-5.110986232757568
777,best,pp,-5.337164878845215
778,best,pp,-6.702218055725098
779,best,pp,-6.398808002471924
780,best,pp,-6.4465508460998535
781,best,pp,-6.403724193572998
782,best,pp,-5.047116279602051
783,best,pp,-7.200847625732422
784,best,pp,-7.262157440185547
785,best,do,-6.2656636238098145
786,best,do,-5.614912033081055
787,best,do,-5.73807954788208
788,best,do,-4.790013313293457
789,best,do,-5.8423895835876465
790,best,do,-4.763482093811035
791,best,do,-5.75294303894043
792,best,do,-5.198145389556885
793,best,do,-6.994533061981201
794,best,do,-6.198824405670166
795,best,do,-5.196230411529541
796,best,do,-4.404572486877441
797,best,do,-5.12439489364624
798,best,do,-6.67637300491333
799,best,do,-4.348063945770264
800,best,do,-5.060582160949707
801,best,do,-6.111119747161865
802,best,do,-5.381710052490234
803,best,do,-6.583403587341309
804,best,do,-6.9138994216918945
805,best,do,-6.748712062835693
806,best,do,-4.944063186645508
807,best,do,-6.101573467254639
808,best,do,-7.0307769775390625
809,best,do,-5.52092981338501
810,best,do,-5.506680011749268
811,best,do,-6.509165287017822
812,best,do,-5.7681427001953125
813,best,do,-5.984982967376709
814,best,do,-5.437313079833984
815,best,do,-5.221127986907959
816,best,do,-5.7076263427734375
817,best,do,-5.386235237121582
818,best,do,-4.691393852233887
819,best,do,-5.873091697692871
820,best,do,-5.060582160949707
821,best,do,-7.321594715118408
822,best,do,-5.270637512207031
823,best,do,-5.286446571350098
824,best,do,-6.646408557891846
825,best,do,-6.100113868713379
826,best,do,-5.683302402496338
827,best,do,-7.097027778625488
828,best,pp,-5.849264621734619
829,best,pp,-5.591029644012451
830,best,pp,-5.635562896728516
831,best,pp,-4.635480880737305
832,best,pp,-5.318557262420654
833,best,pp,-4.559372901916504
834,best,pp,-5.856881618499756
835,best,pp,-5.045106887817383
836,best,pp,-6.421931266784668
837,best,pp,-5.730931758880615
838,best,pp,-5.096292018890381
839,best,pp,-4.402697563171387
840,best,pp,-5.081666946411133
841,best,pp,-5.993099689483643
842,best,pp,-4.137110233306885
843,best,pp,-4.842789173126221
844,best,pp,-5.674455642700195
845,best,pp,-5.2188544273376465
846,best,pp,-6.440020561218262
847,best,pp,-6.274151802062988
848,best,do,-5.021013259887695
849,best,do,-5.318310737609863
850,best,do,-6.079061985015869
851,best,do,-6.648130893707275
852,best,do,-4.889827728271484
853,best,do,-6.046509742736816
854,best,do,-6.422853946685791
855,best,do,-5.483394145965576
856,best,do,-4.982072830200195
857,best,do,-5.667055606842041
858,best,do,-6.372612953186035
859,best,do,-5.589221477508545
860,best,do,-6.019594669342041
861,best,do,-4.483726978302002
862,best,do,-5.421141147613525
863,best,do,-5.385324478149414
864,best,do,-5.335107326507568
865,best,do,-6.5267109870910645
866,best,do,-4.98480749130249
867,best,do,-4.933923721313477
868,best,do,-6.919178009033203
869,best,do,-4.450125217437744
870,best,do,-7.10352087020874
871,best,do,-4.84993314743042
872,best,do,-5.2699713706970215
873,best,do,-5.527883052825928
874,best,do,-4.982072830200195
875,best,do,-4.84330940246582
876,best,do,-5.39005184173584
877,best,do,-5.99899435043335
878,best,do,-5.153788089752197
879,best,do,-4.696692943572998
880,best,do,-6.729928016662598
881,best,do,-6.38565731048584
882,best,do,-5.495419025421143
883,best,do,-5.871608257293701
884,best,do,-5.021012783050537
885,best,do,-4.989057540893555
886,best,do,-4.782845973968506
887,best,do,-5.850538730621338
888,best,do,-6.969890117645264
889,best,do,-6.311065673828125
890,best,do,-5.275681018829346
891,best,pp,-5.007671356201172
892,best,pp,-5.211981773376465
893,best,pp,-5.797685146331787
894,best,pp,-6.548661231994629
895,best,pp,-4.871340274810791
896,best,pp,-6.087105751037598
897,best,pp,-6.256329536437988
898,best,pp,-5.420499324798584
899,best,pp,-4.988832473754883
900,best,pp,-5.6495513916015625
901,best,pp,-6.016083717346191
902,best,pp,-5.626377105712891
903,best,pp,-5.7632246017456055
904,best,pp,-4.389841079711914
905,best,pp,-5.4083757400512695
906,best,pp,-5.424072742462158
907,best,pp,-5.561550617218018
908,best,pp,-6.357133865356445
909,best,pp,-4.97690486907959
910,best,pp,-5.028090476989746
911,best,do,-5.387995719909668
912,best,do,-6.364006996154785
913,best,do,-5.092087745666504
914,best,do,-5.857171058654785
915,best,do,-5.162486553192139
916,best,do,-5.821316719055176
917,best,do,-5.80743408203125
918,best,do,-5.839602947235107
919,best,do,-5.579355239868164
920,best,do,-6.135497093200684
921,best,do,-5.551826000213623
922,best,do,-5.624013423919678
923,best,do,-5.96924352645874
924,best,do,-5.187924385070801
925,best,do,-5.404987335205078
926,best,do,-5.470845699310303
927,best,do,-5.856101036071777
928,best,do,-5.836671352386475
929,best,do,-5.890532493591309
930,best,do,-5.216198921203613
931,best,do,-5.772951126098633
932,best,do,-4.9339823722839355
933,best,do,-5.440178394317627
934,best,do,-4.910439491271973
935,best,do,-5.5276198387146
936,best,do,-5.920637607574463
937,best,do,-4.41837215423584
938,best,do,-5.387326240539551
939,best,do,-6.01750373840332
940,best,do,-5.077462196350098
941,best,do,-5.7579827308654785
942,best,do,-5.885707378387451
943,best,do,-5.129001617431641
944,best,do,-5.426090240478516
945,best,do,-4.903630256652832
946,best,do,-6.115931034088135
947,best,do,-5.415717601776123
948,best,do,-5.832690715789795
949,best,do,-6.135496616363525
950,best,do,-5.786371231079102
951,best,do,-5.852892875671387
952,best,do,-5.155889511108398
953,best,do,-6.162750244140625
954,best,pp,-5.222018718719482
955,best,pp,-5.967138290405273
956,best,pp,-4.9902167320251465
957,best,pp,-6.021130561828613
958,best,pp,-5.17418909072876
959,best,pp,-6.005388259887695
960,best,pp,-6.183128833770752
961,best,pp,-5.8368330001831055
962,best,pp,-5.484579086303711
963,best,pp,-6.021626949310303
964,best,pp,-5.7975077629089355
965,best,pp,-5.686324596405029
966,best,pp,-5.83609676361084
967,best,pp,-4.984306335449219
968,best,pp,-5.557403087615967
969,best,pp,-5.494933128356934
970,best,pp,-5.514865398406982
971,best,pp,-6.230138778686523
972,best,pp,-5.802210330963135
973,best,pp,-5.2781572341918945
974,best,do,-6.626471519470215
975,best,do,-6.6652326583862305
976,best,do,-7.7089667320251465
977,best,do,-7.404015064239502
978,best,do,-6.016061305999756
979,best,do,-5.388202667236328
980,best,do,-7.294329643249512
981,best,do,-5.606750965118408
982,best,do,-6.658440589904785
983,best,do,-6.212078094482422
984,best,do,-7.169841289520264
985,best,do,-6.279244899749756
986,best,do,-7.269742488861084
987,best,do,-6.008664608001709
988,best,do,-8.369611740112305
989,best,do,-7.102244853973389
990,best,do,-7.938523292541504
991,best,do,-6.344120025634766
992,best,do,-6.041642189025879
993,best,do,-6.085051536560059
994,best,do,-5.726583957672119
995,best,do,-7.108851909637451
996,best,do,-7.2117791175842285
997,best,do,-7.075526714324951
998,best,do,-6.610438346862793
999,best,do,-5.598712921142578
1000,best,do,-6.566752910614014
1001,best,do,-5.38925838470459
1002,best,do,-5.769513130187988
1003,best,do,-6.085051536560059
1004,best,do,-5.644205093383789
1005,best,do,-5.57962703704834
1006,best,do,-7.126098155975342
1007,best,do,-6.540733814239502
1008,best,do,-5.3466715812683105
1009,best,do,-5.36964225769043
1010,best,do,-6.635958671569824
1011,best,do,-7.5095038414001465
1012,best,do,-6.704713821411133
1013,best,do,-6.835502624511719
1014,best,do,-6.704713821411133
1015,best,do,-5.957108497619629
1016,best,do,-4.975922584533691
1017,best,pp,-5.9206976890563965
1018,best,pp,-5.735703468322754
1019,best,pp,-6.948045253753662
1020,best,pp,-6.335273265838623
1021,best,pp,-5.182740211486816
1022,best,pp,-5.195644378662109
1023,best,pp,-6.436794281005859
1024,best,pp,-5.209282875061035
1025,best,pp,-5.720005989074707
1026,best,pp,-5.82696008682251
1027,best,pp,-6.655364990234375
1028,best,pp,-6.225196838378906
1029,best,pp,-6.341444969177246
1030,best,pp,-5.278522491455078
1031,best,pp,-7.189565658569336
1032,best,pp,-6.5254011154174805
1033,best,pp,-7.148806095123291
1034,best,pp,-5.6336140632629395
1035,best,pp,-5.684072971343994
1036,best,pp,-5.713065147399902
1037,best,pp,-5.667047500610352
1038,best,pp,-5.15899133682251
1039,best,pp,-6.03282356262207
1040,best,pp,-5.66357946395874
1041,best,pp,-4.818533897399902
1042,best,pp,-6.178215026855469
1043,best,pp,-6.536236763000488
1044,best,pp,-4.232111930847168
1045,best,pp,-6.394484043121338
1046,best,pp,-5.482843399047852
1047,best,pp,-6.792965888977051
1048,best,pp,-5.044411659240723
1049,best,pp,-5.20386266708374
1050,best,pp,-4.944935321807861
1051,best,pp,-4.817968845367432
1052,best,pp,-6.010956287384033
1053,best,pp,-6.090790271759033
1054,best,pp,-5.506141185760498
1055,best,pp,-5.143566131591797
1056,best,pp,-5.041546821594238
1057,best,pp,-5.459417343139648
1058,best,pp,-4.684817790985107
1059,best,pp,-5.8274054527282715
1060,best,pp,-5.30513334274292
1061,best,pp,-5.630556106567383
1062,best,pp,-5.234866142272949
1063,best,pp,-4.543915271759033
1064,best,pp,-5.426235198974609
1065,best,pp,-5.715511798858643
1066,best,pp,-5.197469711303711
1067,best,pp,-5.812437534332275
1068,best,pp,-4.414029121398926
1069,best,pp,-5.064449310302734
1070,best,pp,-5.288478374481201
1071,best,pp,-5.302831649780273
1072,best,pp,-5.487987995147705
1073,best,pp,-4.987617492675781
1074,best,pp,-5.055721759796143
1075,best,pp,-4.753626823425293
1076,best,pp,-6.133002281188965
1077,best,do,-6.4614129066467285
1078,best,do,-6.716459274291992
1079,best,do,-6.634131908416748
1080,best,do,-6.073188304901123
1081,best,do,-5.004271984100342
1082,best,do,-5.629919052124023
1083,best,do,-5.678769588470459
1084,best,do,-5.881699085235596
1085,best,do,-5.95009183883667
1086,best,do,-5.455816745758057
1087,best,do,-6.197656631469727
1088,best,do,-6.063901424407959
1089,best,do,-6.617222309112549
1090,best,do,-7.659542083740234
1091,best,do,-6.733293533325195
1092,best,do,-5.810894012451172
1093,best,do,-6.016089916229248
1094,best,do,-6.585995197296143
1095,best,do,-6.368094444274902
1096,best,do,-5.728410243988037
1097,best,do,-6.49800443649292
1098,best,do,-5.793363094329834
1099,best,do,-6.485771179199219
1100,best,do,-6.262119770050049
1101,best,do,-6.409651279449463
1102,best,do,-6.357192516326904
1103,best,do,-5.443088054656982
1104,best,do,-5.540501117706299
1105,best,do,-6.2483649253845215
1106,best,do,-5.620568752288818
1107,best,do,-5.793363094329834
1108,best,do,-7.101683139801025
1109,best,do,-5.5367431640625
1110,best,do,-6.368783950805664
1111,best,do,-6.243350028991699
1112,best,do,-5.707861423492432
1113,best,do,-5.807744979858398
1114,best,do,-5.406198024749756
1115,best,do,-5.655462741851807
1116,best,do,-5.763206958770752
1117,best,do,-6.909215927124023
1118,best,do,-7.52532958984375
1119,best,do,-5.011377811431885
1120,best,pp,-5.515769004821777
1121,best,pp,-5.993330955505371
1122,best,pp,-5.968924522399902
1123,best,pp,-5.082065105438232
1124,best,pp,-4.180221080780029
1125,best,pp,-5.153164863586426
1126,best,pp,-4.7681121826171875
1127,best,pp,-5.171504497528076
1128,best,pp,-5.1998372077941895
1129,best,pp,-5.236935615539551
1130,best,pp,-5.308655261993408
1131,best,pp,-5.089264392852783
1132,best,pp,-5.896877288818359
1133,best,pp,-6.2990875244140625
1134,best,pp,-5.798361778259277
1135,best,pp,-5.306997776031494
1136,best,pp,-5.682768821716309
1137,best,pp,-5.801723480224609
1138,best,pp,-5.929084777832031
1139,best,pp,-4.77264928817749
1140,best,do,-6.04905891418457
1141,best,do,-6.200310230255127
1142,best,do,-5.492783546447754
1143,best,do,-5.684255123138428
1144,best,do,-6.102157115936279
1145,best,do,-5.488745212554932
1146,best,do,-6.04905891418457
1147,best,do,-7.015309810638428
1148,best,do,-5.831506252288818
1149,best,do,-5.112757682800293
1150,best,do,-6.286843776702881
1151,best,do,-6.9137725830078125
1152,best,do,-5.367961883544922
1153,best,do,-6.177360534667969
1154,best,do,-5.518640995025635
1155,best,do,-4.9041829109191895
1156,best,do,-5.845983982086182
1157,best,do,-6.239189624786377
1158,best,do,-6.262607574462891
1159,best,do,-5.783235549926758
1160,best,do,-6.531905651092529
1161,best,do,-4.8366570472717285
1162,best,do,-6.403284072875977
1163,best,do,-5.852701187133789
1164,best,do,-6.200310230255127
1165,best,do,-6.071351528167725
1166,best,do,-6.152961254119873
1167,best,do,-5.360869884490967
1168,best,do,-5.902860641479492
1169,best,do,-5.5970563888549805
1170,best,do,-5.320108413696289
1171,best,do,-5.382770538330078
1172,best,do,-5.845983982086182
1173,best,do,-5.850697040557861
1174,best,do,-5.3126301765441895
1175,best,do,-5.3126301765441895
1176,best,do,-5.919417858123779
1177,best,do,-6.5666117668151855
1178,best,do,-5.040069103240967
1179,best,do,-4.9041829109191895
1180,best,do,-6.403284072875977
1181,best,do,-5.744139194488525
1182,best,do,-5.360869884490967
1183,best,pp,-5.983536720275879
1184,best,pp,-6.1501288414001465
1185,best,pp,-5.067980766296387
1186,best,pp,-5.32506799697876
1187,best,pp,-5.904013633728027
1188,best,pp,-5.295445442199707
1189,best,pp,-5.983536243438721
1190,best,pp,-6.526174068450928
1191,best,pp,-5.479493141174316
1192,best,pp,-4.861180782318115
1193,best,pp,-5.925711154937744
1194,best,pp,-6.35521936416626
1195,best,pp,-5.035772800445557
1196,best,pp,-6.025733947753906
1197,best,pp,-5.390143394470215
1198,best,pp,-4.695605278015137
1199,best,pp,-5.804103851318359
1200,best,pp,-5.88107967376709
1201,best,pp,-6.162997245788574
1202,best,pp,-5.354788780212402
1203,best,do,-6.0171942710876465
1204,best,do,-5.2230610847473145
1205,best,do,-6.452789306640625
1206,best,do,-5.683162689208984
1207,best,do,-6.45409631729126
1208,best,do,-6.026608467102051
1209,best,do,-6.0392632484436035
1210,best,do,-5.584941387176514
1211,best,do,-5.406610488891602
1212,best,do,-6.275527000427246
1213,best,do,-5.81607723236084
1214,best,do,-5.3014326095581055
1215,best,do,-5.388306617736816
1216,best,do,-5.483036041259766
1217,best,do,-5.591964244842529
1218,best,do,-5.534344673156738
1219,best,do,-5.677404880523682
1220,best,do,-5.8678998947143555
1221,best,do,-5.700406551361084
1222,best,do,-5.4587883949279785
1223,best,do,-7.241838455200195
1224,best,do,-6.423255920410156
1225,best,do,-6.1967453956604
1226,best,do,-5.667444229125977
1227,best,do,-6.62155818939209
1228,best,do,-6.140360355377197
1229,best,do,-5.527336120605469
1230,best,do,-5.742135047912598
1231,best,do,-5.567043304443359
1232,best,do,-5.691460609436035
1233,best,do,-5.959738731384277
1234,best,do,-5.782334327697754
1235,best,do,-6.183316230773926
1236,best,do,-5.906937599182129
1237,best,do,-5.747687339782715
1238,best,do,-6.054627895355225
1239,best,do,-4.999448776245117
1240,best,do,-5.725215911865234
1241,best,do,-6.582859039306641
1242,best,do,-5.106969356536865
1243,best,do,-5.643836975097656
1244,best,do,-6.464713096618652
1245,best,do,-5.87811803817749
1246,best,pp,-6.017779350280762
1247,best,pp,-4.705451965332031
1248,best,pp,-5.93210506439209
1249,best,pp,-5.426846027374268
1250,best,pp,-5.594664096832275
1251,best,pp,-5.668721675872803
1252,best,pp,-6.0711846351623535
1253,best,pp,-5.505167484283447
1254,best,pp,-5.2218427658081055
1255,best,pp,-6.0661234855651855
1256,best,pp,-5.593112468719482
1257,best,pp,-5.432538032531738
1258,best,pp,-5.309704303741455
1259,best,pp,-4.919246196746826
1260,best,pp,-5.527341842651367
1261,best,pp,-5.034128665924072
1262,best,pp,-5.413260459899902
1263,best,pp,-5.437368392944336
1264,best,pp,-5.699272632598877
1265,best,pp,-5.229224681854248
1266,best,do,-5.150634288787842
1267,best,do,-5.24108362197876
1268,best,do,-6.664875030517578
1269,best,do,-5.661334991455078
1270,best,do,-6.141119956970215
1271,best,do,-7.077520370483398
1272,best,do,-7.946672439575195
1273,best,do,-7.5664215087890625
1274,best,do,-6.237671852111816
1275,best,do,-7.500312328338623
1276,best,do,-7.232395172119141
1277,best,do,-5.5179972648620605
1278,best,do,-7.60839319229126
1279,best,do,-6.914881229400635
1280,best,do,-6.358459949493408
1281,best,do,-6.656396865844727
1282,best,do,-6.6805901527404785
1283,best,do,-6.860191822052002
1284,best,do,-6.445243835449219
1285,best,do,-6.698705673217773
1286,best,do,-5.430123329162598
1287,best,do,-7.590988636016846
1288,best,do,-7.446300983428955
1289,best,do,-6.737616062164307
1290,best,do,-6.8223700523376465
1291,best,do,-5.761062145233154
1292,best,do,-6.500179767608643
1293,best,do,-8.10039234161377
1294,best,do,-7.374320983886719
1295,best,do,-6.721153736114502
1296,best,do,-6.767545223236084
1297,best,do,-7.033531188964844
1298,best,do,-7.663976669311523
1299,best,do,-5.312662124633789
1300,best,do,-6.774913787841797
1301,best,do,-7.609519958496094
1302,best,do,-7.337036609649658
1303,best,do,-7.035148620605469
1304,best,do,-6.6152496337890625
1305,best,do,-7.252038955688477
1306,best,do,-6.951879978179932
1307,best,do,-6.816159725189209
1308,best,do,-8.087987899780273
1309,best,pp,-5.066901206970215
1310,best,pp,-4.753595352172852
1311,best,pp,-5.613370418548584
1312,best,pp,-5.013947486877441
1313,best,pp,-4.670107364654541
1314,best,pp,-5.869350433349609
1315,best,pp,-6.921305179595947
1316,best,pp,-6.702303409576416
1317,best,pp,-5.004883289337158
1318,best,pp,-6.873401165008545
1319,best,pp,-6.214711666107178
1320,best,pp,-5.24657678604126
1321,best,pp,-6.6903815269470215
1322,best,pp,-5.822920322418213
1323,best,pp,-5.632008075714111
1324,best,pp,-5.803901672363281
1325,best,pp,-5.8987135887146
1326,best,pp,-6.4095458984375
1327,best,pp,-5.302394866943359
1328,best,pp,-5.709776878356934
1329,best,pp,-4.693774700164795
1330,best,pp,-4.610561847686768
1331,best,pp,-6.475175857543945
1332,best,pp,-6.3961076736450195
1333,best,pp,-6.630266189575195
1334,best,pp,-5.326287746429443
1335,best,pp,-5.036719799041748
1336,best,pp,-5.213475704193115
1337,best,pp,-5.100885391235352
1338,best,pp,-6.176993370056152
1339,best,pp,-5.0615386962890625
1340,best,pp,-5.6273932456970215
1341,best,pp,-6.1524505615234375
1342,best,pp,-6.543249607086182
1343,best,pp,-6.611211776733398
1344,best,pp,-5.459725856781006
1345,best,pp,-6.369675636291504
1346,best,pp,-4.4565534591674805
1347,best,pp,-6.174982070922852
1348,best,pp,-5.911888599395752
1349,best,pp,-4.955571174621582
1350,best,pp,-5.104930400848389
1351,best,pp,-5.745541095733643
1352,best,pp,-4.912196159362793
1353,best,pp,-5.536175727844238
1354,best,pp,-4.308513164520264
1355,best,pp,-5.0138020515441895
1356,best,pp,-5.148480415344238
1357,best,pp,-5.35861873626709
1358,best,pp,-5.332099914550781
1359,best,pp,-5.012749671936035
1360,best,pp,-5.259471893310547
1361,best,pp,-5.45482873916626
1362,best,pp,-5.8433918952941895
1363,best,pp,-5.333891868591309
1364,best,pp,-4.835740566253662
1365,best,pp,-5.880226135253906
1366,best,pp,-5.33582878112793
1367,best,pp,-4.982648849487305
1368,best,pp,-4.751802444458008
