item_id,model_state,dative,score
1,initial,pp,-7.741657257080078
2,initial,pp,-7.91093111038208
3,initial,pp,-7.863296031951904
4,initial,pp,-8.039576530456543
5,initial,pp,-7.507115840911865
6,initial,pp,-7.730640411376953
7,initial,pp,-7.501936435699463
8,initial,pp,-7.644120693206787
9,initial,pp,-6.619089603424072
10,initial,pp,-8.397583961486816
11,initial,pp,-6.085952281951904
12,initial,pp,-6.236392021179199
13,initial,pp,-7.620534420013428
14,initial,pp,-6.32787561416626
15,initial,pp,-7.353512287139893
16,initial,pp,-7.644120693206787
17,initial,pp,-7.564013957977295
18,initial,pp,-6.538344383239746
19,initial,pp,-8.560711860656738
20,initial,pp,-7.245716571807861
21,initial,pp,-7.811329364776611
22,initial,pp,-6.3156514167785645
23,initial,pp,-7.494375705718994
24,initial,pp,-7.772098541259766
25,initial,pp,-7.99675989151001
26,initial,pp,-7.748373031616211
27,initial,pp,-7.245097637176514
28,initial,pp,-7.246817111968994
29,initial,pp,-7.772058010101318
30,initial,pp,-7.8119940757751465
31,initial,pp,-8.515000343322754
32,initial,pp,-7.772098541259766
33,initial,pp,-8.23473072052002
34,initial,pp,-7.895986080169678
35,initial,pp,-6.524991989135742
36,initial,pp,-6.703747272491455
37,initial,pp,-7.772058010101318
38,initial,pp,-7.181201457977295
39,initial,pp,-8.313732147216797
40,initial,pp,-8.238183975219727
41,initial,pp,-7.3694844245910645
42,initial,pp,-6.989662170410156
43,initial,pp,-6.9783501625061035
44,initial,pp,-7.349853515625
45,initial,pp,-8.180814743041992
46,initial,pp,-6.8469038009643555
47,initial,pp,-7.747025012969971
48,initial,pp,-7.182190895080566
49,initial,pp,-7.479541778564453
50,initial,pp,-7.481573581695557
51,initial,pp,-7.645671367645264
52,initial,pp,-6.926572322845459
53,initial,pp,-7.81292200088501
54,initial,pp,-8.087715148925781
55,initial,pp,-7.542054176330566
56,initial,pp,-6.382711410522461
57,initial,pp,-6.758366584777832
58,initial,pp,-7.1860857009887695
59,initial,pp,-7.394742012023926
60,initial,pp,-7.7024712562561035
61,initial,pp,-7.99998664855957
62,initial,pp,-7.371161460876465
63,initial,pp,-9.52698802947998
64,initial,pp,-7.878140926361084
65,initial,pp,-7.318050384521484
66,initial,pp,-9.109598159790039
67,initial,pp,-6.9760918617248535
68,initial,pp,-8.369845390319824
69,initial,pp,-8.111870765686035
70,initial,pp,-8.917204856872559
71,initial,pp,-6.424117565155029
72,initial,pp,-8.577540397644043
73,initial,pp,-8.305398941040039
74,initial,pp,-9.324919700622559
75,initial,pp,-7.663768768310547
76,initial,pp,-7.847784519195557
77,initial,pp,-6.581001281738281
78,initial,pp,-6.849033832550049
79,initial,pp,-7.2241106033325195
80,initial,pp,-8.681041717529297
81,initial,pp,-7.21211576461792
82,initial,pp,-6.859250068664551
83,initial,pp,-7.055365562438965
84,initial,pp,-6.5519208908081055
85,initial,pp,-6.859250068664551
86,initial,pp,-6.633800506591797
87,initial,pp,-6.954376220703125
88,initial,pp,-6.425922393798828
89,initial,pp,-6.781519412994385
90,initial,pp,-6.467778205871582
91,initial,pp,-6.351135730743408
92,initial,pp,-8.489988327026367
93,initial,pp,-6.758062839508057
94,initial,pp,-6.333721160888672
95,initial,pp,-6.488685131072998
96,initial,pp,-6.790694236755371
97,initial,pp,-7.590010643005371
98,initial,pp,-7.933718204498291
99,initial,pp,-7.043591022491455
100,initial,pp,-7.5784149169921875
101,initial,pp,-5.748967170715332
102,initial,pp,-6.8352179527282715
103,initial,pp,-6.559528350830078
104,initial,pp,-6.444755554199219
105,initial,pp,-7.332834720611572
106,initial,pp,-6.875638484954834
107,initial,pp,-6.860592365264893
108,initial,pp,-7.12560510635376
109,initial,pp,-7.055863857269287
110,initial,pp,-7.736246585845947
111,initial,pp,-7.662686824798584
112,initial,pp,-7.248153209686279
113,initial,pp,-6.751858711242676
114,initial,pp,-6.081445693969727
115,initial,pp,-7.028788089752197
116,initial,pp,-5.765815734863281
117,initial,pp,-7.105799674987793
118,initial,pp,-6.432013988494873
119,initial,pp,-7.34144926071167
120,initial,pp,-7.658102989196777
121,initial,pp,-8.128055572509766
122,initial,pp,-8.165973663330078
123,initial,pp,-6.259796142578125
124,initial,pp,-7.902339935302734
125,initial,pp,-7.147536754608154
126,initial,pp,-8.570560455322266
127,initial,pp,-7.116943836212158
128,initial,pp,-8.065342903137207
129,initial,pp,-6.97059440612793
130,initial,pp,-7.135544300079346
131,initial,pp,-6.97059440612793
132,initial,pp,-8.165973663330078
133,initial,pp,-8.546276092529297
134,initial,pp,-7.503157138824463
135,initial,pp,-8.165973663330078
136,initial,pp,-8.57055950164795
137,initial,pp,-7.854301452636719
138,initial,pp,-6.28062629699707
139,initial,pp,-8.671356201171875
140,initial,pp,-7.9855499267578125
141,initial,pp,-7.358283042907715
142,initial,pp,-7.421504020690918
143,initial,pp,-8.064961433410645
144,initial,pp,-8.11043930053711
145,initial,pp,-6.937568187713623
146,initial,pp,-6.925785541534424
147,initial,pp,-8.028327941894531
148,initial,pp,-7.587508678436279
149,initial,pp,-6.899319648742676
150,initial,pp,-6.219553470611572
151,initial,pp,-8.001379013061523
152,initial,pp,-7.725651741027832
153,initial,pp,-7.337287902832031
154,initial,pp,-7.079914093017578
155,initial,pp,-6.791100978851318
156,initial,pp,-6.139809608459473
157,initial,pp,-6.426461219787598
158,initial,pp,-6.6519317626953125
159,initial,pp,-8.058500289916992
160,initial,pp,-8.082480430603027
161,initial,pp,-9.108052253723145
162,initial,pp,-7.237951755523682
163,initial,pp,-8.448781967163086
164,initial,pp,-7.465473651885986
165,initial,pp,-7.322567462921143
166,initial,pp,-5.897120475769043
167,initial,pp,-7.05794620513916
168,initial,pp,-9.754101753234863
169,initial,pp,-7.553243160247803
170,initial,pp,-7.102909088134766
171,initial,pp,-8.448781967163086
172,initial,pp,-6.416227340698242
173,initial,pp,-7.135118007659912
174,initial,pp,-8.876545906066895
175,initial,pp,-6.963744640350342
176,initial,pp,-7.322567462921143
177,initial,pp,-8.95440673828125
178,initial,pp,-9.369034767150879
179,initial,pp,-6.2100138664245605
180,initial,pp,-8.911930084228516
181,initial,pp,-7.217339515686035
182,initial,pp,-7.216178894042969
183,initial,pp,-6.420527458190918
184,initial,pp,-6.9958906173706055
185,initial,pp,-6.6521897315979
186,initial,pp,-6.783148288726807
187,initial,pp,-6.078117370605469
188,initial,pp,-6.901264667510986
189,initial,pp,-6.922788619995117
190,initial,pp,-5.689889430999756
191,initial,pp,-6.784085273742676
192,initial,pp,-6.682673454284668
193,initial,pp,-6.563477993011475
194,initial,pp,-6.706469535827637
195,initial,pp,-6.643043518066406
196,initial,pp,-6.396629810333252
197,initial,pp,-7.408232688903809
198,initial,pp,-7.0711469650268555
199,initial,pp,-5.8562774658203125
200,initial,pp,-7.6888885498046875
201,initial,pp,-5.797092437744141
202,initial,pp,-6.147159576416016
203,initial,pp,-8.38683032989502
204,initial,pp,-7.227299690246582
205,initial,pp,-7.574626922607422
206,initial,pp,-7.574483394622803
207,initial,pp,-7.182258129119873
208,initial,pp,-6.627695083618164
209,initial,pp,-7.7447638511657715
210,initial,pp,-7.167158603668213
211,initial,pp,-7.230137348175049
212,initial,pp,-6.1128249168396
213,initial,pp,-6.80752420425415
214,initial,pp,-7.319843292236328
215,initial,pp,-7.126028537750244
216,initial,pp,-5.690948486328125
217,initial,pp,-7.863419532775879
218,initial,pp,-7.337416172027588
219,initial,pp,-7.042017936706543
220,initial,pp,-6.936172008514404
221,initial,do,-8.279708862304688
222,initial,do,-8.378887176513672
223,initial,do,-7.705296039581299
224,initial,do,-6.622093200683594
225,initial,do,-7.83839750289917
226,initial,do,-7.688335418701172
227,initial,do,-8.01673412322998
228,initial,do,-8.662444114685059
229,initial,do,-8.286981582641602
230,initial,do,-8.485689163208008
231,initial,do,-8.071551322937012
232,initial,do,-7.829808712005615
233,initial,do,-8.246866226196289
234,initial,do,-8.662444114685059
235,initial,do,-6.370837211608887
236,initial,do,-7.618824005126953
237,initial,do,-7.925625801086426
238,initial,do,-7.862766742706299
239,initial,do,-7.8379974365234375
240,initial,do,-7.727304458618164
241,initial,do,-8.246866226196289
242,initial,do,-7.968699932098389
243,initial,do,-8.63711166381836
244,initial,do,-7.862766742706299
245,initial,do,-8.173505783081055
246,initial,do,-6.88530158996582
247,initial,do,-8.399806022644043
248,initial,do,-8.295380592346191
249,initial,do,-7.473668575286865
250,initial,do,-6.798336029052734
251,initial,do,-7.237158298492432
252,initial,do,-6.932650089263916
253,initial,do,-8.239951133728027
254,initial,do,-8.542478561401367
255,initial,do,-8.637799263000488
256,initial,do,-8.030202865600586
257,initial,do,-7.269432067871094
258,initial,do,-8.542478561401367
259,initial,do,-6.688565731048584
260,initial,do,-7.237158298492432
261,initial,do,-6.798336029052734
262,initial,do,-6.382768154144287
263,initial,do,-7.673090934753418
264,initial,pp,-7.9508867263793945
265,initial,pp,-8.529983520507812
266,initial,pp,-7.513792514801025
267,initial,pp,-6.8475213050842285
268,initial,pp,-7.462169170379639
269,initial,pp,-7.466167449951172
270,initial,pp,-7.498548984527588
271,initial,pp,-8.639452934265137
272,initial,pp,-7.827566623687744
273,initial,pp,-7.959029197692871
274,initial,pp,-7.7461981773376465
275,initial,pp,-7.7064290046691895
276,initial,pp,-7.922177314758301
277,initial,pp,-8.639452934265137
278,initial,pp,-6.715819358825684
279,initial,pp,-7.565856456756592
280,initial,pp,-7.422441482543945
281,initial,pp,-7.378597259521484
282,initial,pp,-7.674869537353516
283,initial,pp,-7.634071350097656
284,initial,do,-8.323346138000488
285,initial,do,-7.460563659667969
286,initial,do,-8.84628963470459
287,initial,do,-7.995319843292236
288,initial,do,-7.886609077453613
289,initial,do,-6.8740234375
290,initial,do,-7.069451808929443
291,initial,do,-8.436993598937988
292,initial,do,-7.886609077453613
293,initial,do,-7.868434429168701
294,initial,do,-6.846355438232422
295,initial,do,-8.040522575378418
296,initial,do,-6.814866542816162
297,initial,do,-8.107869148254395
298,initial,do,-8.541646003723145
299,initial,do,-7.257763385772705
300,initial,do,-8.017821311950684
301,initial,do,-7.2303786277771
302,initial,do,-7.532671928405762
303,initial,do,-7.8284101486206055
304,initial,do,-7.315951347351074
305,initial,do,-7.069451808929443
306,initial,do,-8.084427833557129
307,initial,do,-7.1925153732299805
308,initial,do,-7.995319843292236
309,initial,do,-7.5159759521484375
310,initial,do,-6.42615270614624
311,initial,do,-8.209010124206543
312,initial,do,-7.995319843292236
313,initial,do,-8.577092170715332
314,initial,do,-6.961464881896973
315,initial,do,-8.803271293640137
316,initial,do,-8.296632766723633
317,initial,do,-8.381338119506836
318,initial,do,-6.42615270614624
319,initial,do,-7.2303786277771
320,initial,do,-7.3203606605529785
321,initial,do,-7.4942121505737305
322,initial,do,-8.84628963470459
323,initial,do,-8.284942626953125
324,initial,do,-7.743335723876953
325,initial,do,-8.065317153930664
326,initial,do,-7.102861404418945
327,initial,pp,-8.127768516540527
328,initial,pp,-7.396127700805664
329,initial,pp,-8.47356128692627
330,initial,pp,-7.517565727233887
331,initial,pp,-7.291650295257568
332,initial,pp,-7.003171920776367
333,initial,pp,-6.900238037109375
334,initial,pp,-8.109896659851074
335,initial,pp,-7.291650295257568
336,initial,pp,-7.664664268493652
337,initial,pp,-6.711311340332031
338,initial,pp,-7.617028713226318
339,initial,pp,-6.736044406890869
340,initial,pp,-7.553879737854004
341,initial,pp,-7.902989387512207
342,initial,pp,-6.818368434906006
343,initial,pp,-7.525558948516846
344,initial,pp,-7.163315773010254
345,initial,pp,-7.182818412780762
346,initial,pp,-7.607804298400879
347,initial,do,-7.210054397583008
348,initial,do,-6.077131748199463
349,initial,do,-7.50394868850708
350,initial,do,-6.371920108795166
351,initial,do,-7.274580955505371
352,initial,do,-7.122019290924072
353,initial,do,-7.459562301635742
354,initial,do,-7.4515838623046875
355,initial,do,-7.667749881744385
356,initial,do,-7.0547919273376465
357,initial,do,-7.719076156616211
358,initial,do,-7.122012615203857
359,initial,do,-6.359612941741943
360,initial,do,-7.002171993255615
361,initial,do,-7.615522384643555
362,initial,do,-7.01065731048584
363,initial,do,-7.291496276855469
364,initial,do,-8.123822212219238
365,initial,do,-6.808026313781738
366,initial,do,-6.940675735473633
367,initial,do,-6.6118292808532715
368,initial,do,-7.028053283691406
369,initial,do,-7.11066198348999
370,initial,do,-6.416540622711182
371,initial,do,-6.666006088256836
372,initial,do,-7.7659478187561035
373,initial,do,-7.561330318450928
374,initial,do,-7.318150997161865
375,initial,do,-5.92000150680542
376,initial,do,-7.331881999969482
377,initial,do,-7.039142608642578
378,initial,do,-7.206921100616455
379,initial,do,-7.255749225616455
380,initial,do,-7.201625347137451
381,initial,do,-6.611616611480713
382,initial,do,-7.52391242980957
383,initial,do,-7.1212310791015625
384,initial,do,-6.666006088256836
385,initial,do,-6.66707181930542
386,initial,do,-7.561330318450928
387,initial,do,-7.29304838180542
388,initial,do,-7.0290727615356445
389,initial,do,-6.097764492034912
390,initial,pp,-7.528531074523926
391,initial,pp,-6.006947994232178
392,initial,pp,-7.55084753036499
393,initial,pp,-6.388068675994873
394,initial,pp,-7.439904689788818
395,initial,pp,-7.762014865875244
396,initial,pp,-7.719481468200684
397,initial,pp,-7.800768852233887
398,initial,pp,-8.060649871826172
399,initial,pp,-7.2304816246032715
400,initial,pp,-8.016386985778809
401,initial,pp,-7.554543495178223
402,initial,pp,-6.54858922958374
403,initial,pp,-7.212337493896484
404,initial,pp,-7.9665207862854
405,initial,pp,-6.870453834533691
406,initial,pp,-8.005867004394531
407,initial,pp,-8.119749069213867
408,initial,pp,-7.041018486022949
409,initial,pp,-6.838484287261963
410,initial,do,-8.247694969177246
411,initial,do,-8.227261543273926
412,initial,do,-7.638124942779541
413,initial,do,-8.264899253845215
414,initial,do,-9.237550735473633
415,initial,do,-7.507717132568359
416,initial,do,-7.929807662963867
417,initial,do,-8.519136428833008
418,initial,do,-6.939172267913818
419,initial,do,-8.150938034057617
420,initial,do,-7.169259071350098
421,initial,do,-8.204671859741211
422,initial,do,-8.841240882873535
423,initial,do,-8.756186485290527
424,initial,do,-7.542276382446289
425,initial,do,-8.585628509521484
426,initial,do,-7.291583061218262
427,initial,do,-7.939464092254639
428,initial,do,-7.630767822265625
429,initial,do,-8.553106307983398
430,initial,do,-8.545854568481445
431,initial,do,-6.850718021392822
432,initial,do,-7.939464092254639
433,initial,do,-7.777176856994629
434,initial,do,-8.467839241027832
435,initial,do,-7.862757682800293
436,initial,do,-8.399292945861816
437,initial,do,-8.501063346862793
438,initial,do,-7.317897319793701
439,initial,do,-8.75761604309082
440,initial,do,-8.925688743591309
441,initial,do,-8.903380393981934
442,initial,do,-7.953147888183594
443,initial,do,-8.21835994720459
444,initial,do,-7.676965236663818
445,initial,do,-7.7259135246276855
446,initial,do,-8.585628509521484
447,initial,do,-8.85486888885498
448,initial,do,-7.311451435089111
449,initial,do,-8.051447868347168
450,initial,do,-7.553782939910889
451,initial,do,-8.683835983276367
452,initial,do,-9.33885383605957
453,initial,pp,-8.175972938537598
454,initial,pp,-7.803282737731934
455,initial,pp,-7.331480503082275
456,initial,pp,-8.18945026397705
457,initial,pp,-8.941557884216309
458,initial,pp,-7.85098123550415
459,initial,pp,-7.8106818199157715
460,initial,pp,-7.917626857757568
461,initial,pp,-6.806292533874512
462,initial,pp,-8.11620807647705
463,initial,pp,-7.2484612464904785
464,initial,pp,-8.816122055053711
465,initial,pp,-8.52987289428711
466,initial,pp,-8.678483009338379
467,initial,pp,-6.976054668426514
468,initial,pp,-8.815523147583008
469,initial,pp,-7.550669193267822
470,initial,pp,-8.536162376403809
471,initial,pp,-7.996123790740967
472,initial,pp,-8.821541786193848
473,initial,pp,-7.760058879852295
474,initial,pp,-8.302435874938965
475,initial,pp,-7.89317512512207
476,initial,pp,-7.250189781188965
477,initial,pp,-6.584438800811768
478,initial,pp,-8.037715911865234
479,initial,pp,-7.380587100982666
480,initial,pp,-6.5828704833984375
481,initial,pp,-7.649588584899902
482,initial,pp,-7.124809265136719
483,initial,pp,-6.7667107582092285
484,initial,pp,-8.500738143920898
485,initial,pp,-7.848810195922852
486,initial,pp,-6.762843132019043
487,initial,pp,-7.905633926391602
488,initial,pp,-6.754232406616211
489,initial,pp,-6.757695198059082
490,initial,pp,-7.869053363800049
491,initial,pp,-7.141622066497803
492,initial,pp,-7.378456115722656
493,initial,do,-7.9540605545043945
494,initial,do,-7.102372646331787
495,initial,do,-9.096345901489258
496,initial,do,-8.993363380432129
497,initial,do,-10.50593090057373
498,initial,do,-6.6023454666137695
499,initial,do,-9.673135757446289
500,initial,do,-10.268362045288086
501,initial,do,-7.718975067138672
502,initial,do,-7.437134742736816
503,initial,do,-9.39399242401123
504,initial,do,-8.400744438171387
505,initial,do,-9.94389533996582
506,initial,do,-8.076067924499512
507,initial,do,-10.111491203308105
508,initial,do,-9.42027759552002
509,initial,do,-9.006956100463867
510,initial,do,-7.865660190582275
511,initial,do,-8.126397132873535
512,initial,do,-10.228988647460938
513,initial,do,-7.110989570617676
514,initial,do,-9.753524780273438
515,initial,do,-9.459602355957031
516,initial,do,-9.793800354003906
517,initial,do,-8.080739974975586
518,initial,do,-9.85513687133789
519,initial,do,-9.346536636352539
520,initial,do,-9.4827241897583
521,initial,do,-9.625772476196289
522,initial,do,-8.485869407653809
523,initial,do,-7.0470290184021
524,initial,do,-8.554274559020996
525,initial,do,-9.327230453491211
526,initial,do,-9.566761016845703
527,initial,do,-7.6915669441223145
528,initial,do,-9.6445951461792
529,initial,do,-9.6445951461792
530,initial,do,-10.086219787597656
531,initial,do,-9.997600555419922
532,initial,do,-9.136218070983887
533,initial,do,-10.001283645629883
534,initial,do,-8.570039749145508
535,initial,do,-8.244345664978027
536,initial,pp,-7.329497814178467
537,initial,pp,-6.991294860839844
538,initial,pp,-8.431266784667969
539,initial,pp,-8.747215270996094
540,initial,pp,-9.116972923278809
541,initial,pp,-6.347465991973877
542,initial,pp,-9.462991714477539
543,initial,pp,-9.483504295349121
544,initial,pp,-7.556510925292969
545,initial,pp,-7.019720077514648
546,initial,pp,-9.478185653686523
547,initial,pp,-8.318564414978027
548,initial,pp,-8.94100284576416
549,initial,pp,-7.779621601104736
550,initial,pp,-8.772306442260742
551,initial,pp,-8.467037200927734
552,initial,pp,-8.708318710327148
553,initial,pp,-7.369917392730713
554,initial,pp,-7.352161884307861
555,initial,pp,-9.75326919555664
556,initial,do,-8.798868179321289
557,initial,do,-9.537303924560547
558,initial,do,-7.690344333648682
559,initial,do,-8.885642051696777
560,initial,do,-10.305734634399414
561,initial,do,-8.075959205627441
562,initial,do,-7.140429496765137
563,initial,do,-9.248486518859863
564,initial,do,-9.537303924560547
565,initial,do,-9.919317245483398
566,initial,do,-7.554157257080078
567,initial,do,-7.130252838134766
568,initial,do,-6.986374378204346
569,initial,do,-7.106918811798096
570,initial,do,-7.248047351837158
571,initial,do,-9.472524642944336
572,initial,do,-9.31408977508545
573,initial,do,-9.920112609863281
574,initial,do,-9.920112609863281
575,initial,do,-9.86760425567627
576,initial,do,-8.182880401611328
577,initial,do,-8.007516860961914
578,initial,do,-9.31408977508545
579,initial,do,-8.347323417663574
580,initial,do,-8.065587043762207
581,initial,do,-6.986374378204346
582,initial,do,-9.701620101928711
583,initial,do,-7.205695629119873
584,initial,do,-7.975149631500244
585,initial,do,-9.596254348754883
586,initial,do,-8.685189247131348
587,initial,do,-8.91749095916748
588,initial,do,-7.205695629119873
589,initial,do,-8.210074424743652
590,initial,do,-8.22352123260498
591,initial,do,-9.657151222229004
592,initial,do,-10.039571762084961
593,initial,do,-9.657151222229004
594,initial,do,-9.847382545471191
595,initial,do,-7.690344333648682
596,initial,do,-9.809847831726074
597,initial,do,-6.986374378204346
598,initial,do,-9.919317245483398
599,initial,pp,-8.289578437805176
600,initial,pp,-9.155291557312012
601,initial,pp,-7.226476192474365
602,initial,pp,-8.522805213928223
603,initial,pp,-9.534082412719727
604,initial,pp,-7.771658897399902
605,initial,pp,-6.733914375305176
606,initial,pp,-8.371174812316895
607,initial,pp,-9.155291557312012
608,initial,pp,-9.60783863067627
609,initial,pp,-7.3355512619018555
610,initial,pp,-6.765294075012207
611,initial,pp,-6.873013019561768
612,initial,pp,-6.867644309997559
613,initial,pp,-7.325257301330566
614,initial,pp,-8.66527271270752
615,initial,pp,-8.483492851257324
616,initial,pp,-9.550457954406738
617,initial,pp,-9.550457954406738
618,initial,pp,-8.679585456848145
619,initial,do,-8.259736061096191
620,initial,do,-7.2364959716796875
621,initial,do,-7.790416240692139
622,initial,do,-8.297563552856445
623,initial,do,-8.53739070892334
624,initial,do,-7.964665412902832
625,initial,do,-8.280385971069336
626,initial,do,-8.846373558044434
627,initial,do,-7.486418724060059
628,initial,do,-9.077075004577637
629,initial,do,-7.956647872924805
630,initial,do,-6.4451398849487305
631,initial,do,-7.046136856079102
632,initial,do,-7.268411159515381
633,initial,do,-7.105701923370361
634,initial,do,-8.100842475891113
635,initial,do,-7.627871513366699
636,initial,do,-8.907334327697754
637,initial,do,-7.046136856079102
638,initial,do,-8.697796821594238
639,initial,do,-7.936012268066406
640,initial,do,-8.676291465759277
641,initial,do,-7.956086158752441
642,initial,do,-9.009808540344238
643,initial,do,-8.720184326171875
644,initial,do,-7.075063705444336
645,initial,do,-8.1398344039917
646,initial,do,-7.837626934051514
647,initial,do,-8.417738914489746
648,initial,do,-8.298895835876465
649,initial,do,-8.004781723022461
650,initial,do,-8.93021297454834
651,initial,do,-8.834722518920898
652,initial,do,-8.914692878723145
653,initial,do,-8.925507545471191
654,initial,do,-7.618913650512695
655,initial,do,-7.804390907287598
656,initial,do,-8.480929374694824
657,initial,do,-7.0112128257751465
658,initial,do,-7.04613733291626
659,initial,do,-8.418656349182129
660,initial,do,-8.689981460571289
661,initial,do,-7.729730606079102
662,initial,pp,-7.74192476272583
663,initial,pp,-6.626124382019043
664,initial,pp,-7.099991798400879
665,initial,pp,-7.749179363250732
666,initial,pp,-8.117817878723145
667,initial,pp,-7.7401275634765625
668,initial,pp,-8.039265632629395
669,initial,pp,-8.394855499267578
670,initial,pp,-7.918874263763428
671,initial,pp,-8.705015182495117
672,initial,pp,-7.61528205871582
673,initial,pp,-6.087181568145752
674,initial,pp,-7.172232151031494
675,initial,pp,-6.663106918334961
676,initial,pp,-6.836023807525635
677,initial,pp,-8.074301719665527
678,initial,pp,-6.99137020111084
679,initial,pp,-8.600972175598145
680,initial,pp,-7.172232151031494
681,initial,pp,-8.126287460327148
682,initial,do,-9.57872200012207
683,initial,do,-10.424857139587402
684,initial,do,-8.47984504699707
685,initial,do,-7.163867950439453
686,initial,do,-9.459223747253418
687,initial,do,-8.833316802978516
688,initial,do,-9.627321243286133
689,initial,do,-10.57243824005127
690,initial,do,-7.019649505615234
691,initial,do,-8.76313304901123
692,initial,do,-7.5232391357421875
693,initial,do,-9.003336906433105
694,initial,do,-7.04794979095459
695,initial,do,-8.572071075439453
696,initial,do,-10.795978546142578
697,initial,do,-8.844881057739258
698,initial,do,-8.497913360595703
699,initial,do,-8.695540428161621
700,initial,do,-9.893377304077148
701,initial,do,-7.753976345062256
702,initial,do,-8.676730155944824
703,initial,do,-9.633291244506836
704,initial,do,-9.393587112426758
705,initial,do,-9.861908912658691
706,initial,do,-9.500834465026855
707,initial,do,-10.313809394836426
708,initial,do,-8.210835456848145
709,initial,do,-8.932280540466309
710,initial,do,-10.52564811706543
711,initial,do,-8.96500301361084
712,initial,do,-8.817601203918457
713,initial,do,-9.90019702911377
714,initial,do,-10.032272338867188
715,initial,do,-9.674219131469727
716,initial,do,-10.88330364227295
717,initial,do,-9.9386625289917
718,initial,do,-10.112338066101074
719,initial,do,-10.034299850463867
720,initial,do,-7.782132625579834
721,initial,do,-9.425230026245117
722,initial,do,-8.041998863220215
723,initial,do,-8.750762939453125
724,initial,do,-8.468114852905273
725,initial,pp,-8.995011329650879
726,initial,pp,-9.719552993774414
727,initial,pp,-7.470996856689453
728,initial,pp,-6.877473831176758
729,initial,pp,-8.862871170043945
730,initial,pp,-7.832759380340576
731,initial,pp,-9.23288631439209
732,initial,pp,-9.62700366973877
733,initial,pp,-7.13385009765625
734,initial,pp,-8.671652793884277
735,initial,pp,-7.148848533630371
736,initial,pp,-9.39945125579834
737,initial,pp,-7.24548864364624
738,initial,pp,-8.451627731323242
739,initial,pp,-9.984137535095215
740,initial,pp,-8.86115837097168
741,initial,pp,-7.826901912689209
742,initial,pp,-8.136035919189453
743,initial,pp,-9.26797103881836
744,initial,pp,-7.290100574493408
745,initial,pp,-6.860655307769775
746,initial,pp,-7.3401618003845215
747,initial,pp,-7.569915771484375
748,initial,pp,-7.394565105438232
749,initial,pp,-7.839391708374023
750,initial,pp,-8.176742553710938
751,initial,pp,-8.316243171691895
752,initial,pp,-7.6091766357421875
753,initial,pp,-7.181763172149658
754,initial,pp,-7.390763282775879
755,initial,pp,-7.038928985595703
756,initial,pp,-6.460422515869141
757,initial,pp,-7.54570198059082
758,initial,pp,-6.672722339630127
759,initial,pp,-7.48542594909668
760,initial,pp,-7.41372537612915
761,initial,pp,-9.006382942199707
762,initial,pp,-8.58447265625
763,initial,pp,-6.580211639404297
764,initial,pp,-7.428747653961182
765,initial,pp,-7.516448974609375
766,initial,pp,-7.671202659606934
767,initial,pp,-8.052922248840332
768,initial,pp,-7.11125373840332
769,initial,pp,-8.602416038513184
770,initial,pp,-8.925066947937012
771,initial,pp,-8.020223617553711
772,initial,pp,-8.590887069702148
773,initial,pp,-7.623449802398682
774,initial,pp,-6.616485595703125
775,initial,pp,-7.79359769821167
776,initial,pp,-7.19009256362915
777,initial,pp,-6.5442118644714355
778,initial,pp,-7.81113862991333
779,initial,pp,-8.303095817565918
780,initial,pp,-8.094630241394043
781,initial,pp,-8.555598258972168
782,initial,pp,-7.069046974182129
783,initial,pp,-8.162057876586914
784,initial,pp,-8.192831039428711
785,initial,do,-6.830944061279297
786,initial,do,-6.255325794219971
787,initial,do,-6.488101959228516
788,initial,do,-6.2023515701293945
789,initial,do,-6.945059299468994
790,initial,do,-5.868434906005859
791,initial,do,-6.064105033874512
792,initial,do,-6.587873935699463
793,initial,do,-8.02601146697998
794,initial,do,-7.487834930419922
795,initial,do,-6.11543607711792
796,initial,do,-5.906597137451172
797,initial,do,-6.430793762207031
798,initial,do,-8.071303367614746
799,initial,do,-6.0823140144348145
800,initial,do,-5.585329055786133
801,initial,do,-7.386584758758545
802,initial,do,-6.530277252197266
803,initial,do,-8.314038276672363
804,initial,do,-8.139737129211426
805,initial,do,-7.999852657318115
806,initial,do,-5.882890701293945
807,initial,do,-7.373403072357178
808,initial,do,-8.393555641174316
809,initial,do,-6.500898361206055
810,initial,do,-5.773138523101807
811,initial,do,-6.731171607971191
812,initial,do,-6.793249130249023
813,initial,do,-6.767587184906006
814,initial,do,-6.503100872039795
815,initial,do,-6.658924102783203
816,initial,do,-6.766109943389893
817,initial,do,-6.178606033325195
818,initial,do,-5.493227958679199
819,initial,do,-7.3132195472717285
820,initial,do,-5.585329055786133
821,initial,do,-8.581778526306152
822,initial,do,-6.724537372589111
823,initial,do,-6.6474289894104
824,initial,do,-7.723235607147217
825,initial,do,-7.430151462554932
826,initial,do,-6.882152557373047
827,initial,do,-8.088424682617188
828,initial,pp,-6.920964241027832
829,initial,pp,-6.451014518737793
830,initial,pp,-6.645878791809082
831,initial,pp,-6.350139141082764
832,initial,pp,-7.313874244689941
833,initial,pp,-6.232797145843506
834,initial,pp,-6.180939197540283
835,initial,pp,-6.469168663024902
836,initial,pp,-8.32511043548584
837,initial,pp,-7.418583869934082
838,initial,pp,-6.144972801208496
839,initial,pp,-5.94927453994751
840,initial,pp,-6.641603946685791
841,initial,pp,-7.644864559173584
842,initial,pp,-5.999992370605469
843,initial,pp,-5.590719223022461
844,initial,pp,-7.251676559448242
845,initial,pp,-6.264368057250977
846,initial,pp,-8.062795639038086
847,initial,pp,-7.542636394500732
848,initial,do,-6.394118309020996
849,initial,do,-6.808840751647949
850,initial,do,-6.381188869476318
851,initial,do,-8.601826667785645
852,initial,do,-6.348895072937012
853,initial,do,-7.714301109313965
854,initial,do,-6.737001419067383
855,initial,do,-5.853413105010986
856,initial,do,-6.484206199645996
857,initial,do,-7.149509429931641
858,initial,do,-7.881202697753906
859,initial,do,-5.812378883361816
860,initial,do,-7.248851299285889
861,initial,do,-5.45654821395874
862,initial,do,-5.624723434448242
863,initial,do,-5.679773807525635
864,initial,do,-6.520487308502197
865,initial,do,-8.054423332214355
866,initial,do,-5.643608093261719
867,initial,do,-6.382920265197754
868,initial,do,-6.938038349151611
869,initial,do,-6.20165491104126
870,initial,do,-8.591203689575195
871,initial,do,-6.228649139404297
872,initial,do,-6.361713886260986
873,initial,do,-6.740180492401123
874,initial,do,-6.484206676483154
875,initial,do,-6.6499786376953125
876,initial,do,-6.534448623657227
877,initial,do,-7.44795560836792
878,initial,do,-6.605069637298584
879,initial,do,-5.322174072265625
880,initial,do,-8.565319061279297
881,initial,do,-7.302345275878906
882,initial,do,-6.902249813079834
883,initial,do,-7.479226112365723
884,initial,do,-6.394117832183838
885,initial,do,-6.644833564758301
886,initial,do,-6.230749607086182
887,initial,do,-7.168587684631348
888,initial,do,-8.382950782775879
889,initial,do,-7.497967720031738
890,initial,do,-6.4083075523376465
891,initial,pp,-6.512017250061035
892,initial,pp,-6.596815586090088
893,initial,pp,-6.512053489685059
894,initial,pp,-7.9928765296936035
895,initial,pp,-6.170797824859619
896,initial,pp,-7.208585739135742
897,initial,pp,-6.473300933837891
898,initial,pp,-5.7692437171936035
899,initial,pp,-6.465930461883545
900,initial,pp,-6.8880181312561035
901,initial,pp,-7.536012172698975
902,initial,pp,-5.899522304534912
903,initial,pp,-7.039610862731934
904,initial,pp,-5.6298441886901855
905,initial,pp,-6.01894474029541
906,initial,pp,-5.96383810043335
907,initial,pp,-6.512383937835693
908,initial,pp,-7.960172176361084
909,initial,pp,-5.6169633865356445
910,initial,pp,-6.2731804847717285
911,initial,do,-6.906796932220459
912,initial,do,-6.627552509307861
913,initial,do,-6.815193176269531
914,initial,do,-6.959279537200928
915,initial,do,-6.335554122924805
916,initial,do,-6.438957691192627
917,initial,do,-6.98292875289917
918,initial,do,-7.834190368652344
919,initial,do,-7.058060646057129
920,initial,do,-6.9449005126953125
921,initial,do,-6.681312561035156
922,initial,do,-6.5561981201171875
923,initial,do,-7.4441986083984375
924,initial,do,-6.961353302001953
925,initial,do,-6.650087356567383
926,initial,do,-7.49794864654541
927,initial,do,-7.585325241088867
928,initial,do,-7.231032848358154
929,initial,do,-6.035799503326416
930,initial,do,-5.980086803436279
931,initial,do,-7.2444562911987305
932,initial,do,-6.271109580993652
933,initial,do,-6.890006065368652
934,initial,do,-5.950589656829834
935,initial,do,-6.995733261108398
936,initial,do,-7.253278732299805
937,initial,do,-6.222597599029541
938,initial,do,-6.393411159515381
939,initial,do,-8.170159339904785
940,initial,do,-6.406405925750732
941,initial,do,-6.894505500793457
942,initial,do,-7.756648540496826
943,initial,do,-6.581718444824219
944,initial,do,-6.7675323486328125
945,initial,do,-6.630649566650391
946,initial,do,-8.294429779052734
947,initial,do,-7.2386393547058105
948,initial,do,-6.858284950256348
949,initial,do,-6.944900035858154
950,initial,do,-7.013830184936523
951,initial,do,-8.188821792602539
952,initial,do,-6.581701278686523
953,initial,do,-7.885936260223389
954,initial,pp,-7.074856758117676
955,initial,pp,-6.6018524169921875
956,initial,pp,-6.700360298156738
957,initial,pp,-7.098944664001465
958,initial,pp,-6.474682807922363
959,initial,pp,-6.625575542449951
960,initial,pp,-7.2478790283203125
961,initial,pp,-7.725393772125244
962,initial,pp,-6.939840793609619
963,initial,pp,-7.139312744140625
964,initial,pp,-6.914838790893555
965,initial,pp,-6.616828441619873
966,initial,pp,-7.6324462890625
967,initial,pp,-6.76408576965332
968,initial,pp,-6.797893047332764
969,initial,pp,-7.494938850402832
970,initial,pp,-7.515326023101807
971,initial,pp,-7.348733901977539
972,initial,pp,-6.1827898025512695
973,initial,pp,-6.11590576171875
974,initial,do,-7.539353370666504
975,initial,do,-7.389092445373535
976,initial,do,-9.08571720123291
977,initial,do,-7.931895732879639
978,initial,do,-7.091805458068848
979,initial,do,-6.752779960632324
980,initial,do,-8.147815704345703
981,initial,do,-6.0229105949401855
982,initial,do,-7.520854473114014
983,initial,do,-6.7577409744262695
984,initial,do,-7.19278621673584
985,initial,do,-8.330296516418457
986,initial,do,-8.019487380981445
987,initial,do,-7.308321952819824
988,initial,do,-8.983244895935059
989,initial,do,-8.29029655456543
990,initial,do,-8.687638282775879
991,initial,do,-7.082954406738281
992,initial,do,-6.834993362426758
993,initial,do,-6.828519821166992
994,initial,do,-6.601802825927734
995,initial,do,-8.47179126739502
996,initial,do,-7.358588695526123
997,initial,do,-7.339808940887451
998,initial,do,-7.286820411682129
999,initial,do,-6.28225564956665
1000,initial,do,-7.03516960144043
1001,initial,do,-6.055191993713379
1002,initial,do,-7.283479690551758
1003,initial,do,-6.828519821166992
1004,initial,do,-7.359495639801025
1005,initial,do,-6.425677299499512
1006,initial,do,-8.64195728302002
1007,initial,do,-6.747047424316406
1008,initial,do,-7.334562301635742
1009,initial,do,-6.79327917098999
1010,initial,do,-6.93039608001709
1011,initial,do,-7.805657863616943
1012,initial,do,-7.567850112915039
1013,initial,do,-7.474649429321289
1014,initial,do,-7.567850112915039
1015,initial,do,-6.527929306030273
1016,initial,do,-6.225764274597168
1017,initial,pp,-7.521836280822754
1018,initial,pp,-7.302137851715088
1019,initial,pp,-9.199190139770508
1020,initial,pp,-7.675179481506348
1021,initial,pp,-7.0941162109375
1022,initial,pp,-6.467473030090332
1023,initial,pp,-7.722184181213379
1024,initial,pp,-6.140012264251709
1025,initial,pp,-7.032473087310791
1026,initial,pp,-6.69605016708374
1027,initial,pp,-7.504385948181152
1028,initial,pp,-8.119013786315918
1029,initial,pp,-8.516334533691406
1030,initial,pp,-7.102250099182129
1031,initial,pp,-8.675314903259277
1032,initial,pp,-8.466605186462402
1033,initial,pp,-8.418270111083984
1034,initial,pp,-6.555145740509033
1035,initial,pp,-6.577977657318115
1036,initial,pp,-7.059619903564453
1037,initial,pp,-6.751546382904053
1038,initial,pp,-6.170261859893799
1039,initial,pp,-7.198488235473633
1040,initial,pp,-7.153931140899658
1041,initial,pp,-6.009463310241699
1042,initial,pp,-7.027202606201172
1043,initial,pp,-7.892347812652588
1044,initial,pp,-5.371956825256348
1045,initial,pp,-6.581803798675537
1046,initial,pp,-6.070680141448975
1047,initial,pp,-8.005070686340332
1048,initial,pp,-5.74816370010376
1049,initial,pp,-6.2834625244140625
1050,initial,pp,-5.6759033203125
1051,initial,pp,-5.548067569732666
1052,initial,pp,-6.80307149887085
1053,initial,pp,-6.7779860496521
1054,initial,pp,-6.5264153480529785
1055,initial,pp,-5.424894332885742
1056,initial,pp,-6.074685096740723
1057,initial,pp,-6.421416759490967
1058,initial,pp,-6.220198631286621
1059,initial,pp,-7.329418659210205
1060,initial,pp,-5.807186603546143
1061,initial,pp,-6.551274299621582
1062,initial,pp,-6.61437463760376
1063,initial,pp,-5.781049728393555
1064,initial,pp,-6.886489391326904
1065,initial,pp,-6.148420333862305
1066,initial,pp,-6.654096603393555
1067,initial,pp,-6.988958358764648
1068,initial,pp,-5.7271504402160645
1069,initial,pp,-6.292979717254639
1070,initial,pp,-6.505027770996094
1071,initial,pp,-6.4547200202941895
1072,initial,pp,-6.223111152648926
1073,initial,pp,-6.051727294921875
1074,initial,pp,-6.130856513977051
1075,initial,pp,-5.878997325897217
1076,initial,pp,-8.026683807373047
1077,initial,do,-8.162978172302246
1078,initial,do,-8.251557350158691
1079,initial,do,-8.854607582092285
1080,initial,do,-7.702556133270264
1081,initial,do,-7.1237335205078125
1082,initial,do,-8.184555053710938
1083,initial,do,-8.042586326599121
1084,initial,do,-8.228602409362793
1085,initial,do,-7.42770528793335
1086,initial,do,-7.531304359436035
1087,initial,do,-8.027116775512695
1088,initial,do,-7.492161273956299
1089,initial,do,-8.40173625946045
1090,initial,do,-8.61550235748291
1091,initial,do,-8.507601737976074
1092,initial,do,-7.8629302978515625
1093,initial,do,-8.20278549194336
1094,initial,do,-7.820392608642578
1095,initial,do,-6.882138252258301
1096,initial,do,-8.142121315002441
1097,initial,do,-8.485550880432129
1098,initial,do,-8.48628044128418
1099,initial,do,-8.697176933288574
1100,initial,do,-8.689082145690918
1101,initial,do,-8.45316219329834
1102,initial,do,-8.381341934204102
1103,initial,do,-7.898596286773682
1104,initial,do,-7.531654357910156
1105,initial,do,-8.05138111114502
1106,initial,do,-7.52410364151001
1107,initial,do,-8.48628044128418
1108,initial,do,-8.946067810058594
1109,initial,do,-6.530437469482422
1110,initial,do,-8.377741813659668
1111,initial,do,-7.180820941925049
1112,initial,do,-7.3697662353515625
1113,initial,do,-8.092764854431152
1114,initial,do,-7.112236499786377
1115,initial,do,-7.956350803375244
1116,initial,do,-8.374484062194824
1117,initial,do,-8.424386024475098
1118,initial,do,-8.686636924743652
1119,initial,do,-6.849366188049316
1120,initial,pp,-7.689195156097412
1121,initial,pp,-7.887330532073975
1122,initial,pp,-8.703091621398926
1123,initial,pp,-7.10052490234375
1124,initial,pp,-6.758931636810303
1125,initial,pp,-7.705533027648926
1126,initial,pp,-7.353950500488281
1127,initial,pp,-7.794291973114014
1128,initial,pp,-7.070536136627197
1129,initial,pp,-6.722829818725586
1130,initial,pp,-7.096529483795166
1131,initial,pp,-7.058630466461182
1132,initial,pp,-7.925642490386963
1133,initial,pp,-8.222962379455566
1134,initial,pp,-7.752241611480713
1135,initial,pp,-7.2312774658203125
1136,initial,pp,-7.588571071624756
1137,initial,pp,-7.190232753753662
1138,initial,pp,-6.953561782836914
1139,initial,pp,-7.453437805175781
1140,initial,do,-8.621210098266602
1141,initial,do,-8.252881050109863
1142,initial,do,-6.3556132316589355
1143,initial,do,-8.29394817352295
1144,initial,do,-7.159678936004639
1145,initial,do,-7.6473870277404785
1146,initial,do,-8.621210098266602
1147,initial,do,-8.76207447052002
1148,initial,do,-8.545628547668457
1149,initial,do,-7.577376842498779
1150,initial,do,-7.775815486907959
1151,initial,do,-9.075675964355469
1152,initial,do,-8.328850746154785
1153,initial,do,-8.664666175842285
1154,initial,do,-7.893808841705322
1155,initial,do,-7.283201694488525
1156,initial,do,-7.8453803062438965
1157,initial,do,-7.0731048583984375
1158,initial,do,-8.0989408493042
1159,initial,do,-8.180052757263184
1160,initial,do,-8.89745044708252
1161,initial,do,-6.931063175201416
1162,initial,do,-7.0193634033203125
1163,initial,do,-6.498991012573242
1164,initial,do,-8.252881050109863
1165,initial,do,-7.326937198638916
1166,initial,do,-8.452800750732422
1167,initial,do,-7.730461120605469
1168,initial,do,-8.526944160461426
1169,initial,do,-7.964162349700928
1170,initial,do,-6.8469929695129395
1171,initial,do,-7.970936298370361
1172,initial,do,-7.8453803062438965
1173,initial,do,-8.904438972473145
1174,initial,do,-7.653183460235596
1175,initial,do,-7.653183460235596
1176,initial,do,-8.784939765930176
1177,initial,do,-9.0433988571167
1178,initial,do,-7.439291000366211
1179,initial,do,-7.283201694488525
1180,initial,do,-7.0193634033203125
1181,initial,do,-8.2168607711792
1182,initial,do,-7.730461120605469
1183,initial,pp,-8.203049659729004
1184,initial,pp,-7.741098880767822
1185,initial,pp,-6.175351142883301
1186,initial,pp,-7.3688459396362305
1187,initial,pp,-6.896168231964111
1188,initial,pp,-7.057385444641113
1189,initial,pp,-8.203049659729004
1190,initial,pp,-8.12606143951416
1191,initial,pp,-7.732919216156006
1192,initial,pp,-6.680418491363525
1193,initial,pp,-7.604337215423584
1194,initial,pp,-8.649012565612793
1195,initial,pp,-7.2354960441589355
1196,initial,pp,-7.956748962402344
1197,initial,pp,-7.092942714691162
1198,initial,pp,-6.64343786239624
1199,initial,pp,-7.245731353759766
1200,initial,pp,-6.92501163482666
1201,initial,pp,-7.672989368438721
1202,initial,pp,-7.514533042907715
1203,initial,do,-9.054556846618652
1204,initial,do,-7.695777893066406
1205,initial,do,-8.164556503295898
1206,initial,do,-8.206652641296387
1207,initial,do,-7.523291110992432
1208,initial,do,-6.438908576965332
1209,initial,do,-8.012062072753906
1210,initial,do,-7.433771133422852
1211,initial,do,-6.871325492858887
1212,initial,do,-6.837830543518066
1213,initial,do,-8.368531227111816
1214,initial,do,-7.618378639221191
1215,initial,do,-7.081023216247559
1216,initial,do,-8.022128105163574
1217,initial,do,-8.07280158996582
1218,initial,do,-6.98220157623291
1219,initial,do,-7.954078197479248
1220,initial,do,-7.8420729637146
1221,initial,do,-7.540608882904053
1222,initial,do,-6.694531440734863
1223,initial,do,-8.443557739257812
1224,initial,do,-8.252685546875
1225,initial,do,-9.000043869018555
1226,initial,do,-7.412099361419678
1227,initial,do,-8.86909294128418
1228,initial,do,-7.983861446380615
1229,initial,do,-8.343984603881836
1230,initial,do,-7.830090045928955
1231,initial,do,-7.130910873413086
1232,initial,do,-7.957635879516602
1233,initial,do,-7.458035945892334
1234,initial,do,-6.8183393478393555
1235,initial,do,-6.5566301345825195
1236,initial,do,-7.326842784881592
1237,initial,do,-7.6401519775390625
1238,initial,do,-8.137404441833496
1239,initial,do,-6.874601364135742
1240,initial,do,-8.513680458068848
1241,initial,do,-8.296546936035156
1242,initial,do,-6.113307952880859
1243,initial,do,-7.391195774078369
1244,initial,do,-8.850985527038574
1245,initial,do,-8.399676322937012
1246,initial,pp,-8.443596839904785
1247,initial,pp,-6.970170021057129
1248,initial,pp,-7.976701736450195
1249,initial,pp,-7.734208106994629
1250,initial,pp,-7.125256061553955
1251,initial,pp,-5.960910320281982
1252,initial,pp,-7.591094970703125
1253,initial,pp,-6.918732643127441
1254,initial,pp,-6.685000419616699
1255,initial,pp,-6.546078205108643
1256,initial,pp,-7.872499465942383
1257,initial,pp,-7.35131311416626
1258,initial,pp,-6.928300380706787
1259,initial,pp,-7.30659294128418
1260,initial,pp,-7.920867919921875
1261,initial,pp,-6.707470417022705
1262,initial,pp,-7.389334678649902
1263,initial,pp,-7.338366985321045
1264,initial,pp,-7.268121719360352
1265,initial,pp,-6.451483249664307
1266,initial,do,-7.76845121383667
1267,initial,do,-7.828310489654541
1268,initial,do,-7.752600193023682
1269,initial,do,-8.128379821777344
1270,initial,do,-6.945977687835693
1271,initial,do,-9.078338623046875
1272,initial,do,-9.89599323272705
1273,initial,do,-8.936028480529785
1274,initial,do,-6.893916130065918
1275,initial,do,-8.450533866882324
1276,initial,do,-9.008727073669434
1277,initial,do,-7.683490753173828
1278,initial,do,-9.091368675231934
1279,initial,do,-9.347441673278809
1280,initial,do,-8.090115547180176
1281,initial,do,-9.63611125946045
1282,initial,do,-8.881237983703613
1283,initial,do,-8.582134246826172
1284,initial,do,-7.63914155960083
1285,initial,do,-8.572566986083984
1286,initial,do,-6.271611213684082
1287,initial,do,-9.124839782714844
1288,initial,do,-8.88965892791748
1289,initial,do,-8.746838569641113
1290,initial,do,-8.912826538085938
1291,initial,do,-8.195210456848145
1292,initial,do,-8.585147857666016
1293,initial,do,-9.540396690368652
1294,initial,do,-9.020302772521973
1295,initial,do,-9.218676567077637
1296,initial,do,-7.734395503997803
1297,initial,do,-9.080288887023926
1298,initial,do,-8.492605209350586
1299,initial,do,-6.756782531738281
1300,initial,do,-8.223978996276855
1301,initial,do,-9.003824234008789
1302,initial,do,-8.560723304748535
1303,initial,do,-7.5919623374938965
1304,initial,do,-7.513359069824219
1305,initial,do,-9.560002326965332
1306,initial,do,-9.402915954589844
1307,initial,do,-6.807072162628174
1308,initial,do,-8.980819702148438
1309,initial,pp,-7.212804794311523
1310,initial,pp,-6.7141194343566895
1311,initial,pp,-7.252569675445557
1312,initial,pp,-7.150623321533203
1313,initial,pp,-5.876976013183594
1314,initial,pp,-8.27857780456543
1315,initial,pp,-9.775701522827148
1316,initial,pp,-9.250513076782227
1317,initial,pp,-6.0500898361206055
1318,initial,pp,-8.272852897644043
1319,initial,pp,-8.725260734558105
1320,initial,pp,-7.153555870056152
1321,initial,pp,-9.177165031433105
1322,initial,pp,-8.169623374938965
1323,initial,pp,-8.072223663330078
1324,initial,pp,-8.527894020080566
1325,initial,pp,-7.6109185218811035
1326,initial,pp,-8.853663444519043
1327,initial,pp,-6.915422439575195
1328,initial,pp,-8.540657997131348
1329,initial,pp,-6.374108791351318
1330,initial,pp,-6.081214904785156
1331,initial,pp,-7.718688011169434
1332,initial,pp,-7.376211166381836
1333,initial,pp,-7.862410545349121
1334,initial,pp,-6.362712383270264
1335,initial,pp,-5.832791805267334
1336,initial,pp,-5.609708786010742
1337,initial,pp,-6.578448295593262
1338,initial,pp,-6.826977252960205
1339,initial,pp,-6.241892337799072
1340,initial,pp,-7.35520601272583
1341,initial,pp,-7.269017219543457
1342,initial,pp,-7.892802715301514
1343,initial,pp,-8.228514671325684
1344,initial,pp,-7.016920566558838
1345,initial,pp,-7.89685583114624
1346,initial,pp,-5.916874408721924
1347,initial,pp,-7.6601433753967285
1348,initial,pp,-6.768726825714111
1349,initial,pp,-6.498610973358154
1350,initial,pp,-7.054798126220703
1351,initial,pp,-7.060481071472168
1352,initial,pp,-7.0778398513793945
1353,initial,pp,-7.029910564422607
1354,initial,pp,-5.8095245361328125
1355,initial,pp,-6.253190040588379
1356,initial,pp,-6.3676438331604
1357,initial,pp,-6.9854736328125
1358,initial,pp,-6.926792144775391
1359,initial,pp,-6.8290815353393555
1360,initial,pp,-7.499871253967285
1361,initial,pp,-5.724221229553223
1362,initial,pp,-6.879011154174805
1363,initial,pp,-6.853280544281006
1364,initial,pp,-6.484682083129883
1365,initial,pp,-7.669554710388184
1366,initial,pp,-7.142636775970459
1367,initial,pp,-6.042397499084473
1368,initial,pp,-6.465672016143799
1,final,pp,-5.862751483917236
2,final,pp,-6.485876083374023
3,final,pp,-5.287981986999512
4,final,pp,-5.958842754364014
5,final,pp,-5.518701076507568
6,final,pp,-5.586910247802734
7,final,pp,-5.874971866607666
8,final,pp,-5.436302661895752
9,final,pp,-4.661652565002441
10,final,pp,-6.052879810333252
11,final,pp,-5.138006210327148
12,final,pp,-5.472634792327881
13,final,pp,-6.035068988800049
14,final,pp,-5.648594856262207
15,final,pp,-5.5343499183654785
16,final,pp,-5.436302661895752
17,final,pp,-5.592789173126221
18,final,pp,-5.1465888023376465
19,final,pp,-6.729074954986572
20,final,pp,-5.116042613983154
21,final,pp,-5.360808849334717
22,final,pp,-5.286703109741211
23,final,pp,-5.834224700927734
24,final,pp,-6.102323532104492
25,final,pp,-6.087638854980469
26,final,pp,-6.177598476409912
27,final,pp,-5.741269588470459
28,final,pp,-5.450941562652588
29,final,pp,-6.13336706161499
30,final,pp,-6.392236709594727
31,final,pp,-6.153041839599609
32,final,pp,-6.102323532104492
33,final,pp,-6.472891330718994
34,final,pp,-6.294926166534424
35,final,pp,-5.757709503173828
36,final,pp,-5.952571868896484
37,final,pp,-6.133366107940674
38,final,pp,-5.1815032958984375
39,final,pp,-7.1194634437561035
40,final,pp,-6.069664001464844
41,final,pp,-5.630950450897217
42,final,pp,-5.681509971618652
43,final,pp,-5.381937026977539
44,final,pp,-6.206698417663574
45,final,pp,-6.967013835906982
46,final,pp,-5.534665107727051
47,final,pp,-6.81955623626709
48,final,pp,-5.5797624588012695
49,final,pp,-5.955763339996338
50,final,pp,-5.644077777862549
51,final,pp,-6.007296562194824
52,final,pp,-6.205136299133301
53,final,pp,-6.058802604675293
54,final,pp,-6.643496036529541
55,final,pp,-6.091122627258301
56,final,pp,-4.658132553100586
57,final,pp,-5.901967525482178
58,final,pp,-5.833968639373779
59,final,pp,-6.0025634765625
60,final,pp,-5.649909019470215
61,final,pp,-6.264194965362549
62,final,pp,-5.8856329917907715
63,final,pp,-7.29108190536499
64,final,pp,-6.625874042510986
65,final,pp,-6.048240661621094
66,final,pp,-6.93571662902832
67,final,pp,-6.145951271057129
68,final,pp,-6.71077299118042
69,final,pp,-6.622419834136963
70,final,pp,-6.6204447746276855
71,final,pp,-5.507023811340332
72,final,pp,-6.7955498695373535
73,final,pp,-7.000321865081787
74,final,pp,-7.560369968414307
75,final,pp,-5.4728827476501465
76,final,pp,-5.440507411956787
77,final,pp,-5.37794303894043
78,final,pp,-5.057541847229004
79,final,pp,-5.054179668426514
80,final,pp,-6.211649417877197
81,final,pp,-5.961790084838867
82,final,pp,-5.783102989196777
83,final,pp,-5.999163627624512
84,final,pp,-5.602302551269531
85,final,pp,-5.783102989196777
86,final,pp,-5.892434597015381
87,final,pp,-6.056000709533691
88,final,pp,-5.373810291290283
89,final,pp,-5.673805236816406
90,final,pp,-5.347527980804443
91,final,pp,-5.560115337371826
92,final,pp,-6.739481449127197
93,final,pp,-6.046969413757324
94,final,pp,-5.281240463256836
95,final,pp,-5.314506530761719
96,final,pp,-5.920699119567871
97,final,pp,-6.181839942932129
98,final,pp,-6.131772994995117
99,final,pp,-5.183175086975098
100,final,pp,-6.204747200012207
101,final,pp,-4.900491237640381
102,final,pp,-5.4237961769104
103,final,pp,-5.1092305183410645
104,final,pp,-4.786924839019775
105,final,pp,-5.994675159454346
106,final,pp,-5.8384199142456055
107,final,pp,-5.464833736419678
108,final,pp,-6.171270847320557
109,final,pp,-5.886976718902588
110,final,pp,-6.550807952880859
111,final,pp,-5.858807563781738
112,final,pp,-5.391443729400635
113,final,pp,-5.197146892547607
114,final,pp,-5.304681777954102
115,final,pp,-5.7233710289001465
116,final,pp,-4.824405193328857
117,final,pp,-5.444222927093506
118,final,pp,-5.534411430358887
119,final,pp,-6.079683780670166
120,final,pp,-6.194836139678955
121,final,pp,-5.015829563140869
122,final,pp,-5.781777858734131
123,final,pp,-5.026297569274902
124,final,pp,-5.551708221435547
125,final,pp,-4.605335235595703
126,final,pp,-6.313282489776611
127,final,pp,-4.868835926055908
128,final,pp,-5.606984615325928
129,final,pp,-4.714043140411377
130,final,pp,-4.75264310836792
131,final,pp,-4.714043140411377
132,final,pp,-5.781776428222656
133,final,pp,-5.219709396362305
134,final,pp,-4.791243076324463
135,final,pp,-5.781776428222656
136,final,pp,-6.313283443450928
137,final,pp,-4.827808856964111
138,final,pp,-5.486093997955322
139,final,pp,-6.142841339111328
140,final,pp,-5.57184362411499
141,final,pp,-5.264972686767578
142,final,pp,-5.4154462814331055
143,final,pp,-5.686889171600342
144,final,pp,-5.4283294677734375
145,final,pp,-5.393528938293457
146,final,pp,-5.136537075042725
147,final,pp,-5.489696502685547
148,final,pp,-5.5998077392578125
149,final,pp,-4.822735786437988
150,final,pp,-5.456135272979736
151,final,pp,-6.328817844390869
152,final,pp,-5.733936309814453
153,final,pp,-4.938282489776611
154,final,pp,-5.256925106048584
155,final,pp,-4.923133850097656
156,final,pp,-5.059079647064209
157,final,pp,-5.403975486755371
158,final,pp,-5.5628767013549805
159,final,pp,-6.002690315246582
160,final,pp,-5.901131629943848
161,final,pp,-6.1703057289123535
162,final,pp,-4.2846832275390625
163,final,pp,-5.191927433013916
164,final,pp,-5.057493686676025
165,final,pp,-4.833045959472656
166,final,pp,-5.002702713012695
167,final,pp,-5.7088165283203125
168,final,pp,-6.801148891448975
169,final,pp,-5.029207706451416
170,final,pp,-6.07280969619751
171,final,pp,-5.191927433013916
172,final,pp,-4.649098873138428
173,final,pp,-6.070187568664551
174,final,pp,-6.2049407958984375
175,final,pp,-4.580738544464111
176,final,pp,-4.833045959472656
177,final,pp,-6.469973087310791
178,final,pp,-6.445772171020508
179,final,pp,-5.114486217498779
180,final,pp,-6.4718499183654785
181,final,pp,-4.9925737380981445
182,final,pp,-5.202836990356445
183,final,pp,-5.024378776550293
184,final,pp,-5.829476356506348
185,final,pp,-5.582776069641113
186,final,pp,-5.6085615158081055
187,final,pp,-5.725332736968994
188,final,pp,-5.179088592529297
189,final,pp,-4.763668060302734
190,final,pp,-5.3208231925964355
191,final,pp,-5.8849358558654785
192,final,pp,-5.578213691711426
193,final,pp,-5.479710578918457
194,final,pp,-5.133167743682861
195,final,pp,-5.5009636878967285
196,final,pp,-5.299397945404053
197,final,pp,-5.089190483093262
198,final,pp,-6.067797660827637
199,final,pp,-5.253819942474365
200,final,pp,-5.81279182434082
201,final,pp,-4.7837629318237305
202,final,pp,-4.637664794921875
203,final,pp,-5.413767337799072
204,final,pp,-4.9297099113464355
205,final,pp,-5.658446788787842
206,final,pp,-5.17395544052124
207,final,pp,-5.688355922698975
208,final,pp,-5.745360374450684
209,final,pp,-5.5816497802734375
210,final,pp,-4.681260108947754
211,final,pp,-4.908932209014893
212,final,pp,-5.1138014793396
213,final,pp,-4.924508094787598
214,final,pp,-5.819210529327393
215,final,pp,-5.054369926452637
216,final,pp,-4.876867771148682
217,final,pp,-5.6772284507751465
218,final,pp,-4.807403564453125
219,final,pp,-4.732997894287109
220,final,pp,-5.041557312011719
221,final,do,-6.28994607925415
222,final,do,-5.758347511291504
223,final,do,-5.8853678703308105
224,final,do,-5.090229034423828
225,final,do,-5.982783794403076
226,final,do,-5.2857346534729
227,final,do,-5.803212642669678
228,final,do,-7.0032172203063965
229,final,do,-6.3628363609313965
230,final,do,-6.591851234436035
231,final,do,-5.668267250061035
232,final,do,-6.192708492279053
233,final,do,-6.043007850646973
234,final,do,-7.0032172203063965
235,final,do,-4.600074291229248
236,final,do,-5.635642051696777
237,final,do,-5.231659412384033
238,final,do,-5.599347114562988
239,final,do,-5.8434014320373535
240,final,do,-5.462212085723877
241,final,do,-6.043007850646973
242,final,do,-5.396086692810059
243,final,do,-6.89703369140625
244,final,do,-5.599347114562988
245,final,do,-6.1974873542785645
246,final,do,-6.401564598083496
247,final,do,-6.443100452423096
248,final,do,-6.184793949127197
249,final,do,-5.086142539978027
250,final,do,-5.249624729156494
251,final,do,-5.524637699127197
252,final,do,-5.940023422241211
253,final,do,-6.721242427825928
254,final,do,-6.574862480163574
255,final,do,-6.071290493011475
256,final,do,-6.078318119049072
257,final,do,-6.214535713195801
258,final,do,-6.574862480163574
259,final,do,-6.257795333862305
260,final,do,-5.524637699127197
261,final,do,-5.249624729156494
262,final,do,-5.9689040184021
263,final,do,-5.735503673553467
264,final,pp,-5.948574542999268
265,final,pp,-5.866076469421387
266,final,pp,-5.491151332855225
267,final,pp,-5.080790042877197
268,final,pp,-5.805258274078369
269,final,pp,-5.17908239364624
270,final,pp,-5.604045391082764
271,final,pp,-6.986507415771484
272,final,pp,-6.00324010848999
273,final,pp,-6.241384506225586
274,final,pp,-5.559069633483887
275,final,pp,-6.0283074378967285
276,final,pp,-5.783133506774902
277,final,pp,-6.986507415771484
278,final,pp,-4.89246129989624
279,final,pp,-5.311739921569824
280,final,pp,-5.136744022369385
281,final,pp,-5.494487762451172
282,final,pp,-5.476649761199951
283,final,pp,-5.711477279663086
284,final,do,-6.00922155380249
285,final,do,-5.645491123199463
286,final,do,-6.842551231384277
287,final,do,-5.500080585479736
288,final,do,-5.320406913757324
289,final,do,-5.011198997497559
290,final,do,-5.878903865814209
291,final,do,-6.051750183105469
292,final,do,-5.320406913757324
293,final,do,-5.985932350158691
294,final,do,-5.3077216148376465
295,final,do,-5.294913291931152
296,final,do,-5.302042484283447
297,final,do,-5.709167957305908
298,final,do,-6.281827449798584
299,final,do,-5.398545265197754
300,final,do,-5.5207977294921875
301,final,do,-5.285543441772461
302,final,do,-5.544254302978516
303,final,do,-5.66705322265625
304,final,do,-5.285602569580078
305,final,do,-5.878903865814209
306,final,do,-6.036200523376465
307,final,do,-5.277031421661377
308,final,do,-5.500080585479736
309,final,do,-6.2961859703063965
310,final,do,-5.8352837562561035
311,final,do,-5.845154285430908
312,final,do,-5.500080585479736
313,final,do,-6.594859600067139
314,final,do,-5.767574787139893
315,final,do,-6.871163845062256
316,final,do,-6.26362943649292
317,final,do,-6.881435871124268
318,final,do,-5.8352837562561035
319,final,do,-5.285543441772461
320,final,do,-5.126111030578613
321,final,do,-6.038222789764404
322,final,do,-6.842549800872803
323,final,do,-6.124154567718506
324,final,do,-5.712040901184082
325,final,do,-6.307690143585205
326,final,do,-5.9574971199035645
327,final,pp,-5.821374893188477
328,final,pp,-5.776968955993652
329,final,pp,-6.64413595199585
330,final,pp,-5.277184963226318
331,final,pp,-5.164051532745361
332,final,pp,-5.249835014343262
333,final,pp,-5.673859596252441
334,final,pp,-5.835918426513672
335,final,pp,-5.164051532745361
336,final,pp,-5.6371612548828125
337,final,pp,-5.373974800109863
338,final,pp,-5.099926471710205
339,final,pp,-5.314559459686279
340,final,pp,-5.511557579040527
341,final,pp,-6.014078140258789
342,final,pp,-5.1532979011535645
343,final,pp,-5.30100154876709
344,final,pp,-5.633907794952393
345,final,pp,-5.263607978820801
346,final,pp,-5.75628662109375
347,final,do,-6.006868839263916
348,final,do,-5.816760540008545
349,final,do,-6.030314922332764
350,final,do,-5.5650224685668945
351,final,do,-5.932679653167725
352,final,do,-5.427824974060059
353,final,do,-6.05036735534668
354,final,do,-5.982560157775879
355,final,do,-6.54196310043335
356,final,do,-5.8103251457214355
357,final,do,-6.582771301269531
358,final,do,-6.090884685516357
359,final,do,-5.728043556213379
360,final,do,-5.715707778930664
361,final,do,-6.583930969238281
362,final,do,-6.323579788208008
363,final,do,-5.8010687828063965
364,final,do,-7.014893054962158
365,final,do,-5.270643711090088
366,final,do,-6.525346279144287
367,final,do,-5.544433116912842
368,final,do,-5.765010833740234
369,final,do,-5.7403130531311035
370,final,do,-5.057399272918701
371,final,do,-5.449718475341797
372,final,do,-6.811347961425781
373,final,do,-6.255430221557617
374,final,do,-6.188413143157959
375,final,do,-5.6835432052612305
376,final,do,-5.949155330657959
377,final,do,-5.731935024261475
378,final,do,-5.525280475616455
379,final,do,-5.721340656280518
380,final,do,-5.415989398956299
381,final,do,-5.991693496704102
382,final,do,-5.705258369445801
383,final,do,-5.966925144195557
384,final,do,-5.449718475341797
385,final,do,-5.438039779663086
386,final,do,-6.255430698394775
387,final,do,-5.822705268859863
388,final,do,-5.8527069091796875
389,final,do,-5.50211763381958
390,final,pp,-5.708016872406006
391,final,pp,-5.371303558349609
392,final,pp,-5.904008865356445
393,final,pp,-5.258049964904785
394,final,pp,-5.431365966796875
395,final,pp,-5.513553619384766
396,final,pp,-5.964514255523682
397,final,pp,-5.763745307922363
398,final,pp,-6.376862525939941
399,final,pp,-5.203753471374512
400,final,pp,-6.440128326416016
401,final,pp,-5.91225528717041
402,final,pp,-5.609350681304932
403,final,pp,-5.814008712768555
404,final,pp,-5.994539260864258
405,final,pp,-5.528656482696533
406,final,pp,-5.862662315368652
407,final,pp,-6.576689720153809
408,final,pp,-5.0840678215026855
409,final,pp,-5.941892623901367
410,final,do,-6.153904438018799
411,final,do,-6.117736339569092
412,final,do,-5.6166510581970215
413,final,do,-7.298715114593506
414,final,do,-7.555560111999512
415,final,do,-6.414806842803955
416,final,do,-5.7859601974487305
417,final,do,-5.6352219581604
418,final,do,-6.023721218109131
419,final,do,-6.429877281188965
420,final,do,-6.4496636390686035
421,final,do,-6.996074199676514
422,final,do,-6.623093605041504
423,final,do,-7.177626609802246
424,final,do,-5.016018867492676
425,final,do,-7.387484550476074
426,final,do,-5.708844184875488
427,final,do,-6.6999125480651855
428,final,do,-6.637962818145752
429,final,do,-7.245458126068115
430,final,do,-6.9335784912109375
431,final,do,-5.5981831550598145
432,final,do,-6.6999125480651855
433,final,do,-6.556318759918213
434,final,do,-6.552005290985107
435,final,do,-6.563095569610596
436,final,do,-6.792662620544434
437,final,do,-6.106255054473877
438,final,do,-6.256006717681885
439,final,do,-7.573668479919434
440,final,do,-7.105071067810059
441,final,do,-6.367938995361328
442,final,do,-6.929912090301514
443,final,do,-7.158754825592041
444,final,do,-5.902883529663086
445,final,do,-5.910919189453125
446,final,do,-7.387484550476074
447,final,do,-7.0074381828308105
448,final,do,-6.063418388366699
449,final,do,-5.97527551651001
450,final,do,-5.981999397277832
451,final,do,-6.598438262939453
452,final,do,-6.705615520477295
453,final,pp,-6.452617645263672
454,final,pp,-5.7750468254089355
455,final,pp,-5.7031755447387695
456,final,pp,-6.973447322845459
457,final,pp,-7.320770740509033
458,final,pp,-6.977726459503174
459,final,pp,-5.637998580932617
460,final,pp,-5.9357218742370605
461,final,pp,-5.947389125823975
462,final,pp,-6.283454895019531
463,final,pp,-6.233251571655273
464,final,pp,-7.464449882507324
465,final,pp,-6.541727542877197
466,final,pp,-6.938745498657227
467,final,pp,-4.683028221130371
468,final,pp,-7.376834869384766
469,final,pp,-6.118865013122559
470,final,pp,-7.106975555419922
471,final,pp,-7.1024088859558105
472,final,pp,-6.901190757751465
473,final,pp,-6.291123390197754
474,final,pp,-6.208648681640625
475,final,pp,-6.050565719604492
476,final,pp,-5.902508735656738
477,final,pp,-5.743030071258545
478,final,pp,-6.333907604217529
479,final,pp,-5.692780017852783
480,final,pp,-5.835226058959961
481,final,pp,-6.447354316711426
482,final,pp,-5.7469353675842285
483,final,pp,-5.252243518829346
484,final,pp,-6.543436050415039
485,final,pp,-6.341657638549805
486,final,pp,-5.575095176696777
487,final,pp,-5.953787326812744
488,final,pp,-5.7754364013671875
489,final,pp,-5.220927715301514
490,final,pp,-6.24781608581543
491,final,pp,-6.119437217712402
492,final,pp,-5.431502819061279
493,final,do,-6.689826011657715
494,final,do,-5.814793109893799
495,final,do,-6.0858354568481445
496,final,do,-5.169722557067871
497,final,do,-8.254326820373535
498,final,do,-5.672834396362305
499,final,do,-6.51406192779541
500,final,do,-7.531059265136719
501,final,do,-4.360795497894287
502,final,do,-6.2657856941223145
503,final,do,-6.385579586029053
504,final,do,-5.089181900024414
505,final,do,-5.972497940063477
506,final,do,-4.947264194488525
507,final,do,-7.383954048156738
508,final,do,-6.6015729904174805
509,final,do,-6.0897979736328125
510,final,do,-6.173609256744385
511,final,do,-6.029384136199951
512,final,do,-7.701899528503418
513,final,do,-5.451717376708984
514,final,do,-6.471093654632568
515,final,do,-6.753684997558594
516,final,do,-6.546739101409912
517,final,do,-4.773829936981201
518,final,do,-6.5209527015686035
519,final,do,-6.960014343261719
520,final,do,-6.635228157043457
521,final,do,-7.644625186920166
522,final,do,-5.878973484039307
523,final,do,-5.7313551902771
524,final,do,-6.327568054199219
525,final,do,-6.95712947845459
526,final,do,-7.152548313140869
527,final,do,-4.6701788902282715
528,final,do,-6.911378383636475
529,final,do,-6.911378383636475
530,final,do,-7.287722587585449
531,final,do,-7.0373125076293945
532,final,do,-6.402688503265381
533,final,do,-7.661389350891113
534,final,do,-5.436620235443115
535,final,do,-3.8632450103759766
536,final,pp,-6.267455101013184
537,final,pp,-6.338141918182373
538,final,pp,-6.095449924468994
539,final,pp,-5.809154510498047
540,final,pp,-7.124652862548828
541,final,pp,-5.44718074798584
542,final,pp,-6.720811367034912
543,final,pp,-7.058436870574951
544,final,pp,-4.801846027374268
545,final,pp,-5.880797386169434
546,final,pp,-6.818697452545166
547,final,pp,-5.7771759033203125
548,final,pp,-5.956197738647461
549,final,pp,-5.385528087615967
550,final,pp,-6.7539896965026855
551,final,pp,-6.830958843231201
552,final,pp,-6.219467639923096
553,final,pp,-5.889092922210693
554,final,pp,-5.571156978607178
555,final,pp,-7.371065616607666
556,final,do,-5.105464458465576
557,final,do,-6.179557800292969
558,final,do,-6.407456874847412
559,final,do,-6.358260154724121
560,final,do,-6.555209159851074
561,final,do,-4.8897385597229
562,final,do,-5.7298712730407715
563,final,do,-5.945561408996582
564,final,do,-6.179557800292969
565,final,do,-6.347377777099609
566,final,do,-4.127809524536133
567,final,do,-5.779669284820557
568,final,do,-5.475915431976318
569,final,do,-5.586539268493652
570,final,do,-6.122391223907471
571,final,do,-6.388539791107178
572,final,do,-6.153916835784912
573,final,do,-6.6168975830078125
574,final,do,-6.6168975830078125
575,final,do,-6.789659023284912
576,final,do,-6.302405834197998
577,final,do,-5.902108192443848
578,final,do,-6.153916835784912
579,final,do,-6.091583251953125
580,final,do,-5.695062160491943
581,final,do,-5.475915431976318
582,final,do,-6.371030330657959
583,final,do,-6.2295732498168945
584,final,do,-5.01021671295166
585,final,do,-5.8373613357543945
586,final,do,-6.522556781768799
587,final,do,-6.566460132598877
588,final,do,-6.2295732498168945
589,final,do,-5.324663162231445
590,final,do,-6.896954536437988
591,final,do,-6.268300533294678
592,final,do,-7.056582450866699
593,final,do,-6.268300533294678
594,final,do,-6.9555559158325195
595,final,do,-6.407456874847412
596,final,do,-6.636545658111572
597,final,do,-5.475915431976318
598,final,do,-6.347377777099609
599,final,pp,-5.688008785247803
600,final,pp,-6.36264181137085
601,final,pp,-6.155618667602539
602,final,pp,-6.4836859703063965
603,final,pp,-6.808804988861084
604,final,pp,-5.35614013671875
605,final,pp,-5.8496503829956055
606,final,pp,-6.155027389526367
607,final,pp,-6.36264181137085
608,final,pp,-6.721874237060547
609,final,pp,-4.746645927429199
610,final,pp,-5.744351863861084
611,final,pp,-5.690459728240967
612,final,pp,-6.183135986328125
613,final,pp,-6.33674430847168
614,final,pp,-6.348368167877197
615,final,pp,-6.845518112182617
616,final,pp,-6.952229022979736
617,final,pp,-6.952229022979736
618,final,pp,-6.321250915527344
619,final,do,-5.953037738800049
620,final,do,-5.67562198638916
621,final,do,-6.565818786621094
622,final,do,-5.533412933349609
623,final,do,-7.071265697479248
624,final,do,-6.2823967933654785
625,final,do,-6.190695762634277
626,final,do,-7.190062522888184
627,final,do,-6.283576488494873
628,final,do,-7.311036109924316
629,final,do,-6.753913402557373
630,final,do,-5.803908348083496
631,final,do,-6.651405334472656
632,final,do,-5.617528915405273
633,final,do,-6.338293075561523
634,final,do,-6.641918182373047
635,final,do,-5.746863842010498
636,final,do,-6.7575602531433105
637,final,do,-6.651405334472656
638,final,do,-6.394479274749756
639,final,do,-6.524143695831299
640,final,do,-7.1053595542907715
641,final,do,-6.0672736167907715
642,final,do,-7.488020420074463
643,final,do,-6.933428764343262
644,final,do,-5.632080078125
645,final,do,-6.941383361816406
646,final,do,-6.182960033416748
647,final,do,-7.066483974456787
648,final,do,-6.323480129241943
649,final,do,-5.970060348510742
650,final,do,-7.711219787597656
651,final,do,-6.784213542938232
652,final,do,-7.064158916473389
653,final,do,-7.225914001464844
654,final,do,-5.268246650695801
655,final,do,-6.660402297973633
656,final,do,-6.66926908493042
657,final,do,-6.405914306640625
658,final,do,-6.651405334472656
659,final,do,-7.223477840423584
660,final,do,-6.727110385894775
661,final,do,-6.142455577850342
662,final,pp,-5.794177532196045
663,final,pp,-5.245168685913086
664,final,pp,-5.438802719116211
665,final,pp,-5.535036087036133
666,final,pp,-6.921351432800293
667,final,pp,-6.311905860900879
668,final,pp,-6.044825553894043
669,final,pp,-6.77619743347168
670,final,pp,-6.187419414520264
671,final,pp,-7.270988464355469
672,final,pp,-6.270801067352295
673,final,pp,-5.09290885925293
674,final,pp,-6.370962142944336
675,final,pp,-5.282894611358643
676,final,pp,-5.79636812210083
677,final,pp,-6.664196968078613
678,final,pp,-5.143689155578613
679,final,pp,-6.049980640411377
680,final,pp,-6.370962142944336
681,final,pp,-6.143741130828857
682,final,do,-7.277478218078613
683,final,do,-7.313188076019287
684,final,do,-5.452517986297607
685,final,do,-5.7300615310668945
686,final,do,-7.597541332244873
687,final,do,-6.184365749359131
688,final,do,-7.871434211730957
689,final,do,-7.180444240570068
690,final,do,-6.049949645996094
691,final,do,-6.100458145141602
692,final,do,-5.965986251831055
693,final,do,-8.198511123657227
694,final,do,-6.275045871734619
695,final,do,-5.814266681671143
696,final,do,-7.703639984130859
697,final,do,-6.712770462036133
698,final,do,-6.278846263885498
699,final,do,-7.040435791015625
700,final,do,-6.7856550216674805
701,final,do,-6.700746059417725
702,final,do,-6.483985900878906
703,final,do,-6.082352638244629
704,final,do,-7.747657775878906
705,final,do,-6.558392524719238
706,final,do,-5.6739325523376465
707,final,do,-7.367398262023926
708,final,do,-5.443482875823975
709,final,do,-6.574967861175537
710,final,do,-7.736746311187744
711,final,do,-5.785835266113281
712,final,do,-6.158200740814209
713,final,do,-6.710080623626709
714,final,do,-7.985453128814697
715,final,do,-8.048914909362793
716,final,do,-7.73825740814209
717,final,do,-7.608652591705322
718,final,do,-7.389894962310791
719,final,do,-6.879415988922119
720,final,do,-5.560586452484131
721,final,do,-6.422940731048584
722,final,do,-5.372965335845947
723,final,do,-5.6501078605651855
724,final,do,-6.968545913696289
725,final,pp,-7.0609002113342285
726,final,pp,-6.114322662353516
727,final,pp,-5.651908874511719
728,final,pp,-5.666006088256836
729,final,pp,-6.598496437072754
730,final,pp,-5.973784446716309
731,final,pp,-7.6701741218566895
732,final,pp,-7.3119378089904785
733,final,pp,-6.098705291748047
734,final,pp,-6.062422275543213
735,final,pp,-5.445738792419434
736,final,pp,-7.974254131317139
737,final,pp,-6.3700432777404785
738,final,pp,-5.750564098358154
739,final,pp,-7.299576282501221
740,final,pp,-6.510941982269287
741,final,pp,-5.926083087921143
742,final,pp,-6.746699810028076
743,final,pp,-5.6947784423828125
744,final,pp,-6.101262092590332
745,final,pp,-6.299792289733887
746,final,pp,-5.545820236206055
747,final,pp,-5.762356281280518
748,final,pp,-5.945505142211914
749,final,pp,-6.183076858520508
750,final,pp,-5.557864665985107
751,final,pp,-5.970376968383789
752,final,pp,-5.916173458099365
753,final,pp,-6.0259623527526855
754,final,pp,-5.398900508880615
755,final,pp,-5.801979064941406
756,final,pp,-4.423408031463623
757,final,pp,-5.3979597091674805
758,final,pp,-5.676713466644287
759,final,pp,-5.7975358963012695
760,final,pp,-6.741529941558838
761,final,pp,-6.554774761199951
762,final,pp,-6.884337902069092
763,final,pp,-5.871622562408447
764,final,pp,-6.160462379455566
765,final,pp,-5.567278861999512
766,final,pp,-5.913057804107666
767,final,pp,-7.060408115386963
768,final,pp,-6.0825676918029785
769,final,pp,-6.402851581573486
770,final,pp,-6.928953647613525
771,final,pp,-6.2866435050964355
772,final,pp,-6.139164924621582
773,final,pp,-5.735440254211426
774,final,pp,-4.729457855224609
775,final,pp,-4.690341472625732
776,final,pp,-6.123049259185791
777,final,pp,-4.527996063232422
778,final,pp,-5.8276262283325195
779,final,pp,-5.396232604980469
780,final,pp,-6.64917516708374
781,final,pp,-5.850048542022705
782,final,pp,-6.0356669425964355
783,final,pp,-6.453972816467285
784,final,pp,-7.118657112121582
785,final,do,-5.034019470214844
786,final,do,-4.952719688415527
787,final,do,-5.5698442459106445
788,final,do,-4.784936428070068
789,final,do,-4.490280628204346
790,final,do,-4.3523406982421875
791,final,do,-5.325604438781738
792,final,do,-5.073047637939453
793,final,do,-6.334523677825928
794,final,do,-5.428361415863037
795,final,do,-4.9527363777160645
796,final,do,-4.643589973449707
797,final,do,-5.082513809204102
798,final,do,-5.90716028213501
799,final,do,-4.0731000900268555
800,final,do,-5.289834976196289
801,final,do,-5.410451412200928
802,final,do,-5.336378574371338
803,final,do,-6.470118999481201
804,final,do,-6.103238582611084
805,final,do,-6.345317363739014
806,final,do,-4.64151668548584
807,final,do,-5.112196445465088
808,final,do,-6.520928382873535
809,final,do,-5.7216715812683105
810,final,do,-5.687288284301758
811,final,do,-5.5545196533203125
812,final,do,-5.340421199798584
813,final,do,-5.264421463012695
814,final,do,-5.538583278656006
815,final,do,-4.684401035308838
816,final,do,-5.7260236740112305
817,final,do,-4.930945873260498
818,final,do,-4.972619533538818
819,final,do,-5.328305721282959
820,final,do,-5.289834976196289
821,final,do,-6.250084400177002
822,final,do,-5.023446083068848
823,final,do,-5.140512466430664
824,final,do,-5.745858192443848
825,final,do,-5.246181011199951
826,final,do,-4.392336845397949
827,final,do,-6.076201915740967
828,final,pp,-5.034451007843018
829,final,pp,-5.160325050354004
830,final,pp,-5.9690260887146
831,final,pp,-5.072920799255371
832,final,pp,-5.0846452713012695
833,final,pp,-4.566884517669678
834,final,pp,-5.583513259887695
835,final,pp,-5.225616931915283
836,final,pp,-6.691549301147461
837,final,pp,-5.449390888214111
838,final,pp,-4.976766109466553
839,final,pp,-4.588992118835449
840,final,pp,-5.348569869995117
841,final,pp,-5.796934604644775
842,final,pp,-4.4281907081604
843,final,pp,-5.156813621520996
844,final,pp,-5.1308064460754395
845,final,pp,-5.519547939300537
846,final,pp,-6.213108062744141
847,final,pp,-5.992110252380371
848,final,do,-5.092828750610352
849,final,do,-5.319483757019043
850,final,do,-5.100127220153809
851,final,do,-6.1105265617370605
852,final,do,-5.037994861602783
853,final,do,-5.682668209075928
854,final,do,-5.522260665893555
855,final,do,-5.072642803192139
856,final,do,-4.625490188598633
857,final,do,-4.929628372192383
858,final,do,-6.000319957733154
859,final,do,-5.056949615478516
860,final,do,-5.129584789276123
861,final,do,-4.901482582092285
862,final,do,-5.255718231201172
863,final,do,-5.134374618530273
864,final,do,-5.118561744689941
865,final,do,-6.305257320404053
866,final,do,-5.053258419036865
867,final,do,-4.9750657081604
868,final,do,-5.699196815490723
869,final,do,-4.370848655700684
870,final,do,-6.182114601135254
871,final,do,-4.966838359832764
872,final,do,-5.132250785827637
873,final,do,-5.333645820617676
874,final,do,-4.625490188598633
875,final,do,-5.0879645347595215
876,final,do,-5.193090438842773
877,final,do,-4.971442699432373
878,final,do,-5.350674152374268
879,final,do,-4.526236057281494
880,final,do,-6.344024658203125
881,final,do,-5.308779239654541
882,final,do,-5.651188850402832
883,final,do,-5.227568626403809
884,final,do,-5.092828273773193
885,final,do,-4.679433345794678
886,final,do,-4.759255886077881
887,final,do,-5.064019680023193
888,final,do,-6.484371662139893
889,final,do,-5.834140777587891
890,final,do,-5.015788555145264
891,final,pp,-5.171896934509277
892,final,pp,-5.420088768005371
893,final,pp,-5.367471218109131
894,final,pp,-5.854196548461914
895,final,pp,-5.0458550453186035
896,final,pp,-5.356045722961426
897,final,pp,-5.448877811431885
898,final,pp,-5.231282711029053
899,final,pp,-4.956923007965088
900,final,pp,-5.061603546142578
901,final,pp,-6.210043907165527
902,final,pp,-5.387304306030273
903,final,pp,-5.242690086364746
904,final,pp,-4.818204879760742
905,final,pp,-5.557287693023682
906,final,pp,-5.3155517578125
907,final,pp,-5.285519123077393
908,final,pp,-6.027379035949707
909,final,pp,-5.04726505279541
910,final,pp,-5.023989200592041
911,final,do,-5.818167686462402
912,final,do,-5.65910005569458
913,final,do,-5.399959087371826
914,final,do,-5.470158576965332
915,final,do,-5.312697887420654
916,final,do,-5.824488639831543
917,final,do,-6.261312961578369
918,final,do,-6.323343753814697
919,final,do,-5.017032623291016
920,final,do,-5.753357887268066
921,final,do,-5.663872241973877
922,final,do,-6.34284782409668
923,final,do,-6.392242431640625
924,final,do,-5.417414665222168
925,final,do,-5.813383102416992
926,final,do,-6.433019638061523
927,final,do,-5.829146385192871
928,final,do,-6.333465099334717
929,final,do,-5.449828624725342
930,final,do,-5.572936058044434
931,final,do,-6.221927165985107
932,final,do,-5.134210109710693
933,final,do,-5.437129974365234
934,final,do,-5.131868362426758
935,final,do,-5.503237724304199
936,final,do,-5.275546073913574
937,final,do,-4.821895122528076
938,final,do,-5.556533336639404
939,final,do,-6.523343563079834
940,final,do,-5.43396520614624
941,final,do,-5.0923004150390625
942,final,do,-6.813039302825928
943,final,do,-5.151413917541504
944,final,do,-5.355917453765869
945,final,do,-4.906529426574707
946,final,do,-7.017654895782471
947,final,do,-6.32794189453125
948,final,do,-5.464591026306152
949,final,do,-5.753357887268066
950,final,do,-5.958405017852783
951,final,do,-6.32689094543457
952,final,do,-5.609161853790283
953,final,do,-5.757184982299805
954,final,pp,-5.9334611892700195
955,final,pp,-5.685080528259277
956,final,pp,-5.294753551483154
957,final,pp,-5.505633354187012
958,final,pp,-5.444846153259277
959,final,pp,-6.002644062042236
960,final,pp,-6.393503665924072
961,final,pp,-5.961612224578857
962,final,pp,-4.874922752380371
963,final,pp,-5.71778678894043
964,final,pp,-5.965824127197266
965,final,pp,-5.915775775909424
966,final,pp,-6.028255462646484
967,final,pp,-5.555663585662842
968,final,pp,-6.032151699066162
969,final,pp,-6.002181053161621
970,final,pp,-5.717883110046387
971,final,pp,-6.363889694213867
972,final,pp,-5.728693962097168
973,final,pp,-5.751516819000244
974,final,do,-5.974091053009033
975,final,do,-5.383449554443359
976,final,do,-7.204948902130127
977,final,do,-5.751766204833984
978,final,do,-6.00616455078125
979,final,do,-5.453822612762451
980,final,do,-6.2533955574035645
981,final,do,-5.395891189575195
982,final,do,-5.362915992736816
983,final,do,-5.747949600219727
984,final,do,-6.138030052185059
985,final,do,-6.463228225708008
986,final,do,-6.293732166290283
987,final,do,-5.499146938323975
988,final,do,-7.183879375457764
989,final,do,-6.710032939910889
990,final,do,-6.571619510650635
991,final,do,-5.309290409088135
992,final,do,-6.016341686248779
993,final,do,-6.001527786254883
994,final,do,-4.8997321128845215
995,final,do,-6.34939432144165
996,final,do,-5.249271392822266
997,final,do,-5.994656085968018
998,final,do,-6.453792572021484
999,final,do,-5.015377044677734
1000,final,do,-5.548595428466797
1001,final,do,-4.9523515701293945
1002,final,do,-5.602197170257568
1003,final,do,-6.001527786254883
1004,final,do,-5.777203559875488
1005,final,do,-5.320143222808838
1006,final,do,-6.181277751922607
1007,final,do,-6.2150726318359375
1008,final,do,-5.241914749145508
1009,final,do,-5.2975754737854
1010,final,do,-6.090604782104492
1011,final,do,-5.755100727081299
1012,final,do,-6.563675880432129
1013,final,do,-5.631776809692383
1014,final,do,-6.563675880432129
1015,final,do,-5.264162063598633
1016,final,do,-4.988701820373535
1017,final,pp,-5.8923563957214355
1018,final,pp,-5.694774627685547
1019,final,pp,-7.257544994354248
1020,final,pp,-5.86722993850708
1021,final,pp,-5.859445571899414
1022,final,pp,-5.562109470367432
1023,final,pp,-5.978494644165039
1024,final,pp,-5.374448776245117
1025,final,pp,-5.085500717163086
1026,final,pp,-5.754626274108887
1027,final,pp,-6.501081943511963
1028,final,pp,-6.562100887298584
1029,final,pp,-6.886054515838623
1030,final,pp,-5.453264236450195
1031,final,pp,-7.117746829986572
1032,final,pp,-6.2025556564331055
1033,final,pp,-6.5196123123168945
1034,final,pp,-5.285984992980957
1035,final,pp,-5.938214302062988
1036,final,pp,-6.261826038360596
1037,final,pp,-5.84003210067749
1038,final,pp,-5.200403213500977
1039,final,pp,-6.049116611480713
1040,final,pp,-5.938032627105713
1041,final,pp,-4.870574474334717
1042,final,pp,-5.7244110107421875
1043,final,pp,-6.1780900955200195
1044,final,pp,-4.6890363693237305
1045,final,pp,-5.659544467926025
1046,final,pp,-5.6413092613220215
1047,final,pp,-5.925354480743408
1048,final,pp,-5.194596767425537
1049,final,pp,-5.479346752166748
1050,final,pp,-5.3544392585754395
1051,final,pp,-5.072436809539795
1052,final,pp,-5.754045486450195
1053,final,pp,-5.655197620391846
1054,final,pp,-5.656593322753906
1055,final,pp,-5.286895275115967
1056,final,pp,-5.20262336730957
1057,final,pp,-5.543142795562744
1058,final,pp,-5.000395774841309
1059,final,pp,-6.164404392242432
1060,final,pp,-5.472352981567383
1061,final,pp,-5.69506311416626
1062,final,pp,-4.302422523498535
1063,final,pp,-4.572322368621826
1064,final,pp,-5.268307209014893
1065,final,pp,-5.632845401763916
1066,final,pp,-4.801053524017334
1067,final,pp,-5.4701738357543945
1068,final,pp,-4.56312370300293
1069,final,pp,-5.343935012817383
1070,final,pp,-5.591911315917969
1071,final,pp,-5.776170253753662
1072,final,pp,-5.107846736907959
1073,final,pp,-4.588895320892334
1074,final,pp,-4.912857532501221
1075,final,pp,-4.66874361038208
1076,final,pp,-6.810335636138916
1077,final,do,-6.175257205963135
1078,final,do,-5.927857875823975
1079,final,do,-6.628496170043945
1080,final,do,-5.601663112640381
1081,final,do,-4.999308109283447
1082,final,do,-5.260766506195068
1083,final,do,-5.9517364501953125
1084,final,do,-5.647918701171875
1085,final,do,-4.867084980010986
1086,final,do,-4.976522922515869
1087,final,do,-5.225499629974365
1088,final,do,-5.367236614227295
1089,final,do,-6.261785507202148
1090,final,do,-6.609958648681641
1091,final,do,-5.941161632537842
1092,final,do,-5.800094127655029
1093,final,do,-5.611682891845703
1094,final,do,-5.183971405029297
1095,final,do,-6.503808975219727
1096,final,do,-6.111875057220459
1097,final,do,-5.703756809234619
1098,final,do,-6.013638973236084
1099,final,do,-6.48258638381958
1100,final,do,-6.198156833648682
1101,final,do,-6.746654987335205
1102,final,do,-5.910196304321289
1103,final,do,-5.791202068328857
1104,final,do,-4.793729305267334
1105,final,do,-5.4448113441467285
1106,final,do,-5.444941997528076
1107,final,do,-6.013638973236084
1108,final,do,-7.067625045776367
1109,final,do,-5.552602767944336
1110,final,do,-6.59950590133667
1111,final,do,-5.7991437911987305
1112,final,do,-4.696042060852051
1113,final,do,-5.683699131011963
1114,final,do,-4.883485317230225
1115,final,do,-6.043003082275391
1116,final,do,-6.194077014923096
1117,final,do,-6.237043380737305
1118,final,do,-6.257484436035156
1119,final,do,-4.810961723327637
1120,final,pp,-5.758596897125244
1121,final,pp,-5.370998859405518
1122,final,pp,-6.587092876434326
1123,final,pp,-5.220246315002441
1124,final,pp,-4.593291282653809
1125,final,pp,-5.067424774169922
1126,final,pp,-5.324928283691406
1127,final,pp,-5.385653972625732
1128,final,pp,-4.873470783233643
1129,final,pp,-4.709383964538574
1130,final,pp,-4.820487976074219
1131,final,pp,-5.125511169433594
1132,final,pp,-5.973681926727295
1133,final,pp,-6.1695027351379395
1134,final,pp,-5.654796123504639
1135,final,pp,-5.257542133331299
1136,final,pp,-5.420382976531982
1137,final,pp,-4.8590521812438965
1138,final,pp,-6.278879165649414
1139,final,pp,-5.455941677093506
1140,final,do,-6.050483226776123
1141,final,do,-6.13831090927124
1142,final,do,-5.534147262573242
1143,final,do,-5.98530912399292
1144,final,do,-5.98854398727417
1145,final,do,-5.422468662261963
1146,final,do,-6.050483226776123
1147,final,do,-6.413575649261475
1148,final,do,-6.031605243682861
1149,final,do,-5.150877952575684
1150,final,do,-5.762115955352783
1151,final,do,-6.7636566162109375
1152,final,do,-5.542288303375244
1153,final,do,-6.124040126800537
1154,final,do,-5.350833415985107
1155,final,do,-5.337378025054932
1156,final,do,-5.3781232833862305
1157,final,do,-6.488426685333252
1158,final,do,-6.078802585601807
1159,final,do,-6.126667022705078
1160,final,do,-5.842449188232422
1161,final,do,-4.728912830352783
1162,final,do,-5.6005988121032715
1163,final,do,-5.232120990753174
1164,final,do,-6.13831090927124
1165,final,do,-5.861448764801025
1166,final,do,-5.642678737640381
1167,final,do,-5.117372035980225
1168,final,do,-5.375312805175781
1169,final,do,-5.641909599304199
1170,final,do,-5.468733310699463
1171,final,do,-5.411914825439453
1172,final,do,-5.3781232833862305
1173,final,do,-6.529508113861084
1174,final,do,-5.503598690032959
1175,final,do,-5.503598690032959
1176,final,do,-6.032009124755859
1177,final,do,-5.994283199310303
1178,final,do,-5.0258259773254395
1179,final,do,-5.337378025054932
1180,final,do,-5.6005988121032715
1181,final,do,-5.840352535247803
1182,final,do,-5.117372035980225
1183,final,pp,-5.972198963165283
1184,final,pp,-5.919083595275879
1185,final,pp,-5.3507256507873535
1186,final,pp,-5.4334540367126465
1187,final,pp,-5.834566593170166
1188,final,pp,-5.126009941101074
1189,final,pp,-5.972199440002441
1190,final,pp,-6.033080577850342
1191,final,pp,-5.54651403427124
1192,final,pp,-4.763162136077881
1193,final,pp,-5.6092848777771
1194,final,pp,-6.398021221160889
1195,final,pp,-4.9656572341918945
1196,final,pp,-5.9886956214904785
1197,final,pp,-5.0803751945495605
1198,final,pp,-4.930286407470703
1199,final,pp,-5.20527458190918
1200,final,pp,-6.24762487411499
1201,final,pp,-5.682375431060791
1202,final,pp,-5.574958801269531
1203,final,do,-6.777364730834961
1204,final,do,-5.379513740539551
1205,final,do,-6.099715709686279
1206,final,do,-6.3551225662231445
1207,final,do,-6.272280216217041
1208,final,do,-5.589088439941406
1209,final,do,-6.453631401062012
1210,final,do,-6.083544731140137
1211,final,do,-5.551897048950195
1212,final,do,-5.983003616333008
1213,final,do,-6.752387046813965
1214,final,do,-6.176737308502197
1215,final,do,-5.69812536239624
1216,final,do,-5.749781131744385
1217,final,do,-6.747354984283447
1218,final,do,-5.70655632019043
1219,final,do,-6.0134077072143555
1220,final,do,-6.002180576324463
1221,final,do,-6.85482120513916
1222,final,do,-6.0451273918151855
1223,final,do,-7.147143840789795
1224,final,do,-6.428180694580078
1225,final,do,-7.568012714385986
1226,final,do,-5.526401042938232
1227,final,do,-7.263576507568359
1228,final,do,-6.631110668182373
1229,final,do,-6.079018592834473
1230,final,do,-6.033429145812988
1231,final,do,-5.846787452697754
1232,final,do,-6.41278076171875
1233,final,do,-5.66519832611084
1234,final,do,-5.530893325805664
1235,final,do,-5.7787652015686035
1236,final,do,-6.283191204071045
1237,final,do,-5.873285293579102
1238,final,do,-5.984858512878418
1239,final,do,-5.211108684539795
1240,final,do,-6.604358673095703
1241,final,do,-6.547791481018066
1242,final,do,-5.701809883117676
1243,final,do,-5.914336204528809
1244,final,do,-7.320653438568115
1245,final,do,-6.710844039916992
1246,final,pp,-6.475588798522949
1247,final,pp,-4.629560470581055
1248,final,pp,-5.737220287322998
1249,final,pp,-5.476276874542236
1250,final,pp,-5.845191955566406
1251,final,pp,-5.237632751464844
1252,final,pp,-5.981147289276123
1253,final,pp,-5.459423065185547
1254,final,pp,-5.214532375335693
1255,final,pp,-5.72459077835083
1256,final,pp,-5.916952610015869
1257,final,pp,-5.554789066314697
1258,final,pp,-5.40624475479126
1259,final,pp,-5.079769134521484
1260,final,pp,-5.890602111816406
1261,final,pp,-5.270353317260742
1262,final,pp,-5.6861252784729
1263,final,pp,-5.518019676208496
1264,final,pp,-6.183785915374756
1265,final,pp,-5.687585830688477
1266,final,do,-5.4883270263671875
1267,final,do,-5.636213779449463
1268,final,do,-6.773368835449219
1269,final,do,-5.169102191925049
1270,final,do,-5.408850193023682
1271,final,do,-6.678439617156982
1272,final,do,-8.080949783325195
1273,final,do,-7.381523132324219
1274,final,do,-5.1207499504089355
1275,final,do,-7.121157169342041
1276,final,do,-7.482223033905029
1277,final,do,-6.123597145080566
1278,final,do,-7.9243597984313965
1279,final,do,-6.608225345611572
1280,final,do,-6.071479797363281
1281,final,do,-6.864527225494385
1282,final,do,-5.882368087768555
1283,final,do,-6.8050384521484375
1284,final,do,-5.145278453826904
1285,final,do,-6.524303436279297
1286,final,do,-4.997025012969971
1287,final,do,-6.729007244110107
1288,final,do,-7.570057392120361
1289,final,do,-6.9256110191345215
1290,final,do,-6.445711612701416
1291,final,do,-6.1261396408081055
1292,final,do,-6.217071533203125
1293,final,do,-7.0012335777282715
1294,final,do,-6.579631328582764
1295,final,do,-6.12963342666626
1296,final,do,-6.302423000335693
1297,final,do,-6.414804935455322
1298,final,do,-6.817824840545654
1299,final,do,-5.989596366882324
1300,final,do,-6.938247203826904
1301,final,do,-7.424920558929443
1302,final,do,-6.352455139160156
1303,final,do,-6.5884175300598145
1304,final,do,-5.082257270812988
1305,final,do,-6.539772033691406
1306,final,do,-6.417857646942139
1307,final,do,-6.0909271240234375
1308,final,do,-6.274522304534912
1309,final,pp,-4.718935489654541
1310,final,pp,-4.711133003234863
1311,final,pp,-5.864409446716309
1312,final,pp,-5.0076494216918945
1313,final,pp,-4.376813888549805
1314,final,pp,-5.915138244628906
1315,final,pp,-7.5250701904296875
1316,final,pp,-7.023728370666504
1317,final,pp,-4.4205121994018555
1318,final,pp,-6.60740327835083
1319,final,pp,-6.629528045654297
1320,final,pp,-5.331126689910889
1321,final,pp,-7.199356555938721
1322,final,pp,-6.090562343597412
1323,final,pp,-6.084621906280518
1324,final,pp,-6.420865535736084
1325,final,pp,-5.365795612335205
1326,final,pp,-6.842473030090332
1327,final,pp,-4.893182754516602
1328,final,pp,-6.01443338394165
1329,final,pp,-5.187924861907959
1330,final,pp,-4.982405662536621
1331,final,pp,-5.890664577484131
1332,final,pp,-5.228567123413086
1333,final,pp,-6.115354061126709
1334,final,pp,-5.1131792068481445
1335,final,pp,-5.034232139587402
1336,final,pp,-4.9562835693359375
1337,final,pp,-5.6657304763793945
1338,final,pp,-5.705219268798828
1339,final,pp,-5.2424139976501465
1340,final,pp,-5.086946487426758
1341,final,pp,-6.046346664428711
1342,final,pp,-6.198087692260742
1343,final,pp,-6.0818562507629395
1344,final,pp,-5.507774829864502
1345,final,pp,-5.825932025909424
1346,final,pp,-5.200736045837402
1347,final,pp,-6.136597156524658
1348,final,pp,-5.953117370605469
1349,final,pp,-4.451321125030518
1350,final,pp,-5.538183212280273
1351,final,pp,-5.46347713470459
1352,final,pp,-5.105330467224121
1353,final,pp,-4.958648681640625
1354,final,pp,-4.383414268493652
1355,final,pp,-4.905821800231934
1356,final,pp,-5.5696635246276855
1357,final,pp,-5.374645709991455
1358,final,pp,-5.032078742980957
1359,final,pp,-4.4480109214782715
1360,final,pp,-5.727229118347168
1361,final,pp,-5.0044264793396
1362,final,pp,-5.871273994445801
1363,final,pp,-5.30403995513916
1364,final,pp,-5.020214080810547
1365,final,pp,-5.750164031982422
1366,final,pp,-5.287470817565918
1367,final,pp,-5.18401575088501
1368,final,pp,-4.642735958099365
1,best,pp,-5.766407012939453
2,best,pp,-6.249043941497803
3,best,pp,-5.3086256980896
4,best,pp,-5.882569789886475
5,best,pp,-5.512662887573242
6,best,pp,-5.613375186920166
7,best,pp,-5.834666728973389
8,best,pp,-5.472886562347412
9,best,pp,-4.523830890655518
10,best,pp,-5.9740471839904785
11,best,pp,-5.216494083404541
12,best,pp,-5.433650493621826
13,best,pp,-5.991417407989502
14,best,pp,-5.5461812019348145
15,best,pp,-5.296720504760742
16,best,pp,-5.472886562347412
17,best,pp,-5.325221061706543
18,best,pp,-5.192868232727051
19,best,pp,-6.720766067504883
20,best,pp,-4.999933242797852
21,best,pp,-5.38753080368042
22,best,pp,-5.349495887756348
23,best,pp,-5.548257350921631
24,best,pp,-5.940534591674805
25,best,pp,-5.9327712059021
26,best,pp,-6.062479496002197
27,best,pp,-5.484452724456787
28,best,pp,-5.359791278839111
29,best,pp,-5.931138515472412
30,best,pp,-6.281023025512695
31,best,pp,-6.126392841339111
32,best,pp,-5.940534591674805
33,best,pp,-6.324921131134033
34,best,pp,-6.141968250274658
35,best,pp,-5.6854400634765625
36,best,pp,-5.70904016494751
37,best,pp,-5.931137561798096
38,best,pp,-5.040990829467773
39,best,pp,-6.964837551116943
40,best,pp,-6.045293807983398
41,best,pp,-5.565539360046387
42,best,pp,-5.565451145172119
43,best,pp,-5.3915605545043945
44,best,pp,-6.060520172119141
45,best,pp,-6.971497535705566
46,best,pp,-5.500977993011475
47,best,pp,-6.682262420654297
48,best,pp,-5.562619209289551
49,best,pp,-5.978036880493164
50,best,pp,-5.740033149719238
51,best,pp,-6.000395774841309
52,best,pp,-6.049133777618408
53,best,pp,-6.030350685119629
54,best,pp,-6.637332439422607
55,best,pp,-6.085087299346924
56,best,pp,-4.806814193725586
57,best,pp,-5.895928859710693
58,best,pp,-5.7740983963012695
59,best,pp,-5.983480453491211
60,best,pp,-5.669201850891113
61,best,pp,-6.051956653594971
62,best,pp,-5.651381969451904
63,best,pp,-7.2888312339782715
64,best,pp,-6.506462097167969
65,best,pp,-6.128690242767334
66,best,pp,-6.975107192993164
67,best,pp,-6.074531555175781
68,best,pp,-6.57039213180542
69,best,pp,-6.372562408447266
70,best,pp,-6.544637680053711
71,best,pp,-5.458677291870117
72,best,pp,-6.582458972930908
73,best,pp,-6.861876010894775
74,best,pp,-7.345327377319336
75,best,pp,-5.280120372772217
76,best,pp,-5.382767200469971
77,best,pp,-5.440784454345703
78,best,pp,-4.990622043609619
79,best,pp,-5.083542823791504
80,best,pp,-6.261411190032959
81,best,pp,-5.9659600257873535
82,best,pp,-5.8154730796813965
83,best,pp,-6.090924263000488
84,best,pp,-5.75067663192749
85,best,pp,-5.8154730796813965
86,best,pp,-5.864165306091309
87,best,pp,-5.852595806121826
88,best,pp,-5.3642988204956055
89,best,pp,-5.618887901306152
90,best,pp,-5.496189117431641
91,best,pp,-5.580355644226074
92,best,pp,-6.588905334472656
93,best,pp,-6.017338752746582
94,best,pp,-5.145436763763428
95,best,pp,-5.245068073272705
96,best,pp,-5.928624153137207
97,best,pp,-6.074174404144287
98,best,pp,-6.195596694946289
99,best,pp,-5.054010391235352
100,best,pp,-6.205750465393066
101,best,pp,-4.936285972595215
102,best,pp,-5.274439334869385
103,best,pp,-5.158260822296143
104,best,pp,-4.709178924560547
105,best,pp,-6.072840213775635
106,best,pp,-5.73322057723999
107,best,pp,-5.42808198928833
108,best,pp,-5.958523273468018
109,best,pp,-5.842188358306885
110,best,pp,-6.390381813049316
111,best,pp,-5.633694171905518
112,best,pp,-5.3765177726745605
113,best,pp,-5.170852184295654
114,best,pp,-5.361596584320068
115,best,pp,-5.637572288513184
116,best,pp,-4.73201847076416
117,best,pp,-5.4373016357421875
118,best,pp,-5.5699968338012695
119,best,pp,-5.960665702819824
120,best,pp,-5.956778049468994
121,best,pp,-5.138936519622803
122,best,pp,-5.764095306396484
123,best,pp,-5.108122825622559
124,best,pp,-5.421645641326904
125,best,pp,-4.79367208480835
126,best,pp,-6.318160533905029
127,best,pp,-4.901612758636475
128,best,pp,-5.655006408691406
129,best,pp,-4.755232334136963
130,best,pp,-4.863427639007568
131,best,pp,-4.755232334136963
132,best,pp,-5.764095783233643
133,best,pp,-5.330556392669678
134,best,pp,-4.858606338500977
135,best,pp,-5.764095783233643
136,best,pp,-6.318160533905029
137,best,pp,-4.896313190460205
138,best,pp,-5.3799214363098145
139,best,pp,-6.227317810058594
140,best,pp,-5.60836935043335
141,best,pp,-5.265982151031494
142,best,pp,-5.466540813446045
143,best,pp,-5.748592853546143
144,best,pp,-5.623912334442139
145,best,pp,-5.444590091705322
146,best,pp,-5.275724411010742
147,best,pp,-5.5435028076171875
148,best,pp,-5.736271858215332
149,best,pp,-4.806239128112793
150,best,pp,-5.39019775390625
151,best,pp,-6.38641357421875
152,best,pp,-5.854238986968994
153,best,pp,-5.010127067565918
154,best,pp,-5.283530235290527
155,best,pp,-5.0708794593811035
156,best,pp,-5.1353230476379395
157,best,pp,-5.581045150756836
158,best,pp,-5.589887619018555
159,best,pp,-6.0551371574401855
160,best,pp,-6.068752288818359
161,best,pp,-6.289834976196289
162,best,pp,-4.3153300285339355
163,best,pp,-5.27683687210083
164,best,pp,-5.059032440185547
165,best,pp,-4.866523265838623
166,best,pp,-4.929045677185059
167,best,pp,-5.811037063598633
168,best,pp,-6.863689422607422
169,best,pp,-5.000757694244385
170,best,pp,-6.00515604019165
171,best,pp,-5.27683687210083
172,best,pp,-4.796521186828613
173,best,pp,-6.0011444091796875
174,best,pp,-6.321680068969727
175,best,pp,-4.565764904022217
176,best,pp,-4.866523265838623
177,best,pp,-6.514040470123291
178,best,pp,-6.594635009765625
179,best,pp,-5.121889591217041
180,best,pp,-6.456441402435303
181,best,pp,-4.895473480224609
182,best,pp,-5.38100004196167
183,best,pp,-5.040769577026367
184,best,pp,-5.753431797027588
185,best,pp,-5.679588794708252
186,best,pp,-5.658685684204102
187,best,pp,-5.6944451332092285
188,best,pp,-5.2491302490234375
189,best,pp,-4.934981346130371
190,best,pp,-5.468649387359619
191,best,pp,-6.00484561920166
192,best,pp,-5.616560935974121
193,best,pp,-5.493369102478027
194,best,pp,-5.100069999694824
195,best,pp,-5.529421806335449
196,best,pp,-5.385819911956787
197,best,pp,-5.132662296295166
198,best,pp,-6.158334732055664
199,best,pp,-5.312078952789307
200,best,pp,-5.88960599899292
201,best,pp,-4.9091291427612305
202,best,pp,-4.620766639709473
203,best,pp,-5.517302513122559
204,best,pp,-4.99440336227417
205,best,pp,-5.7325286865234375
206,best,pp,-5.191983699798584
207,best,pp,-5.700512886047363
208,best,pp,-5.652292728424072
209,best,pp,-5.507660865783691
210,best,pp,-4.546109676361084
211,best,pp,-4.935474872589111
212,best,pp,-5.218977451324463
213,best,pp,-5.0214996337890625
214,best,pp,-5.778028964996338
215,best,pp,-5.088648796081543
216,best,pp,-4.791274070739746
217,best,pp,-5.6974897384643555
218,best,pp,-4.924395561218262
219,best,pp,-4.843635082244873
220,best,pp,-4.970768928527832
221,best,do,-6.34810733795166
222,best,do,-6.027909278869629
223,best,do,-6.014800071716309
224,best,do,-5.327141761779785
225,best,do,-6.030264377593994
226,best,do,-5.371106147766113
227,best,do,-5.840908050537109
228,best,do,-7.043349266052246
229,best,do,-6.393077850341797
230,best,do,-6.729165077209473
231,best,do,-5.743114948272705
232,best,do,-6.167045593261719
233,best,do,-6.2318010330200195
234,best,do,-7.043349266052246
235,best,do,-4.8194899559021
236,best,do,-5.719584941864014
237,best,do,-5.319572925567627
238,best,do,-5.6676025390625
239,best,do,-5.8948283195495605
240,best,do,-5.578320503234863
241,best,do,-6.2318010330200195
242,best,do,-5.474093437194824
243,best,do,-7.002999782562256
244,best,do,-5.6676025390625
245,best,do,-6.262470245361328
246,best,do,-6.371897220611572
247,best,do,-6.548853397369385
248,best,do,-6.218717098236084
249,best,do,-5.115960121154785
250,best,do,-5.4590654373168945
251,best,do,-5.595324993133545
252,best,do,-5.987405776977539
253,best,do,-6.744311809539795
254,best,do,-6.587917327880859
255,best,do,-6.206291198730469
256,best,do,-6.092840671539307
257,best,do,-6.2685322761535645
258,best,do,-6.587917327880859
259,best,do,-6.184240341186523
260,best,do,-5.595324993133545
261,best,do,-5.4590654373168945
262,best,do,-5.85951042175293
263,best,do,-5.880293846130371
264,best,pp,-6.0651326179504395
265,best,pp,-6.069282531738281
266,best,pp,-5.616321563720703
267,best,pp,-5.300813674926758
268,best,pp,-5.885936737060547
269,best,pp,-5.275502681732178
270,best,pp,-5.713714122772217
271,best,pp,-7.043017864227295
272,best,pp,-6.164088726043701
273,best,pp,-6.409717082977295
274,best,pp,-5.688168525695801
275,best,pp,-6.02464485168457
276,best,pp,-5.990809440612793
277,best,pp,-7.043017864227295
278,best,pp,-5.082341194152832
279,best,pp,-5.3942131996154785
280,best,pp,-5.300339698791504
281,best,pp,-5.590243816375732
282,best,pp,-5.605144500732422
283,best,pp,-5.786336421966553
284,best,do,-6.015339374542236
285,best,do,-5.718973636627197
286,best,do,-6.986850261688232
287,best,do,-5.54926061630249
288,best,do,-5.329320430755615
289,best,do,-5.246604919433594
290,best,do,-6.045978546142578
291,best,do,-6.106557369232178
292,best,do,-5.329320430755615
293,best,do,-6.105353355407715
294,best,do,-5.392526149749756
295,best,do,-5.4348626136779785
296,best,do,-5.4048075675964355
297,best,do,-5.830672740936279
298,best,do,-6.33174991607666
299,best,do,-5.519758701324463
300,best,do,-5.532619953155518
301,best,do,-5.491134166717529
302,best,do,-5.677238464355469
303,best,do,-5.728647708892822
304,best,do,-5.514288902282715
305,best,do,-6.045978546142578
306,best,do,-6.131189823150635
307,best,do,-5.512872695922852
308,best,do,-5.54926061630249
309,best,do,-6.304421424865723
310,best,do,-5.752084255218506
311,best,do,-5.9840850830078125
312,best,do,-5.54926061630249
313,best,do,-6.723333835601807
314,best,do,-5.912032604217529
315,best,do,-6.939615726470947
316,best,do,-6.265042304992676
317,best,do,-6.913280010223389
318,best,do,-5.752084255218506
319,best,do,-5.491134166717529
320,best,do,-5.162276268005371
321,best,do,-6.167975425720215
322,best,do,-6.986850261688232
323,best,do,-6.309754371643066
324,best,do,-5.605883598327637
325,best,do,-6.260104656219482
326,best,do,-6.083831310272217
327,best,pp,-5.840728282928467
328,best,pp,-5.860162258148193
329,best,pp,-6.789836406707764
330,best,pp,-5.333708763122559
331,best,pp,-5.20612096786499
332,best,pp,-5.3987717628479
333,best,pp,-5.862116813659668
334,best,pp,-5.96762228012085
335,best,pp,-5.20612096786499
336,best,pp,-5.711091995239258
337,best,pp,-5.469364166259766
338,best,pp,-5.232727527618408
339,best,pp,-5.35835599899292
340,best,pp,-5.628170490264893
341,best,pp,-6.003604412078857
342,best,pp,-5.355672359466553
343,best,pp,-5.398829460144043
344,best,pp,-5.805038928985596
345,best,pp,-5.400117874145508
346,best,pp,-5.810362339019775
347,best,do,-6.151965618133545
348,best,do,-5.763182640075684
349,best,do,-6.10594367980957
350,best,do,-5.690667629241943
351,best,do,-6.131206512451172
352,best,do,-5.506696701049805
353,best,do,-6.190317153930664
354,best,do,-6.032688617706299
355,best,do,-6.65618371963501
356,best,do,-5.80430793762207
357,best,do,-6.65362548828125
358,best,do,-6.205678939819336
359,best,do,-5.894909381866455
360,best,do,-5.664005756378174
361,best,do,-6.642120838165283
362,best,do,-6.425729751586914
363,best,do,-5.960559844970703
364,best,do,-7.202683448791504
365,best,do,-5.363588333129883
366,best,do,-6.5060882568359375
367,best,do,-5.660740852355957
368,best,do,-5.866919994354248
369,best,do,-5.771151542663574
370,best,do,-5.0337982177734375
371,best,do,-5.616828441619873
372,best,do,-6.913493633270264
373,best,do,-6.360610485076904
374,best,do,-6.354301929473877
375,best,do,-5.621031761169434
376,best,do,-6.030622482299805
377,best,do,-5.808494567871094
378,best,do,-5.525202751159668
379,best,do,-5.786428451538086
380,best,do,-5.5436553955078125
381,best,do,-6.16367769241333
382,best,do,-5.885636806488037
383,best,do,-6.110541343688965
384,best,do,-5.616828441619873
385,best,do,-5.436895370483398
386,best,do,-6.360610008239746
387,best,do,-5.917897701263428
388,best,do,-6.007554531097412
389,best,do,-5.6519856452941895
390,best,pp,-5.812145709991455
391,best,pp,-5.335476398468018
392,best,pp,-5.982295036315918
393,best,pp,-5.3192138671875
394,best,pp,-5.567025661468506
395,best,pp,-5.596549987792969
396,best,pp,-6.111652374267578
397,best,pp,-5.766190528869629
398,best,pp,-6.498696327209473
399,best,pp,-5.165908336639404
400,best,pp,-6.5515947341918945
401,best,pp,-6.050123691558838
402,best,pp,-5.692741394042969
403,best,pp,-5.862926006317139
404,best,pp,-6.033420562744141
405,best,pp,-5.585699081420898
406,best,pp,-6.017343521118164
407,best,pp,-6.724661350250244
408,best,pp,-5.221649646759033
409,best,pp,-5.961595058441162
410,best,do,-6.328360080718994
411,best,do,-6.255585193634033
412,best,do,-5.58847713470459
413,best,do,-7.3209075927734375
414,best,do,-7.750236988067627
415,best,do,-6.506173133850098
416,best,do,-5.877118110656738
417,best,do,-5.638097286224365
418,best,do,-6.067582130432129
419,best,do,-6.501482963562012
420,best,do,-6.566766738891602
421,best,do,-7.1121134757995605
422,best,do,-6.739264965057373
423,best,do,-7.387496471405029
424,best,do,-5.125523090362549
425,best,do,-7.440910339355469
426,best,do,-5.77943754196167
427,best,do,-6.8433637619018555
428,best,do,-6.731860160827637
429,best,do,-7.332139015197754
430,best,do,-6.945943355560303
431,best,do,-5.667264461517334
432,best,do,-6.8433637619018555
433,best,do,-6.726524829864502
434,best,do,-6.738033771514893
435,best,do,-6.576484203338623
436,best,do,-6.936152458190918
437,best,do,-6.258385181427002
438,best,do,-6.225085258483887
439,best,do,-7.626304626464844
440,best,do,-7.154618740081787
441,best,do,-6.49832820892334
442,best,do,-6.832379341125488
443,best,do,-7.134063243865967
444,best,do,-6.12322473526001
445,best,do,-6.059625148773193
446,best,do,-7.440910339355469
447,best,do,-7.239124774932861
448,best,do,-6.153017520904541
449,best,do,-6.05511999130249
450,best,do,-6.037374973297119
451,best,do,-6.737175941467285
452,best,do,-6.846321105957031
453,best,pp,-6.498358726501465
454,best,pp,-5.885776042938232
455,best,pp,-5.71296501159668
456,best,pp,-7.048704147338867
457,best,pp,-7.471327304840088
458,best,pp,-7.025365352630615
459,best,pp,-5.703103542327881
460,best,pp,-5.914182662963867
461,best,pp,-5.888885021209717
462,best,pp,-6.268771648406982
463,best,pp,-6.419483184814453
464,best,pp,-7.56291389465332
465,best,pp,-6.7196364402771
466,best,pp,-7.108581066131592
467,best,pp,-4.814945697784424
468,best,pp,-7.414962291717529
469,best,pp,-6.097015380859375
470,best,pp,-7.123401641845703
471,best,pp,-7.067841053009033
472,best,pp,-7.050042152404785
473,best,pp,-6.32529878616333
474,best,pp,-6.313751697540283
475,best,pp,-6.124409198760986
476,best,pp,-6.004662990570068
477,best,pp,-5.69976282119751
478,best,pp,-6.378824234008789
479,best,pp,-5.798405170440674
480,best,pp,-5.9677276611328125
481,best,pp,-6.503377914428711
482,best,pp,-6.00857400894165
483,best,pp,-5.372815132141113
484,best,pp,-6.6629791259765625
485,best,pp,-6.459212779998779
486,best,pp,-5.780126094818115
487,best,pp,-6.006021499633789
488,best,pp,-5.960506916046143
489,best,pp,-5.349640846252441
490,best,pp,-6.391109943389893
491,best,pp,-6.114957809448242
492,best,pp,-5.621927261352539
493,best,do,-6.703477382659912
494,best,do,-5.811448574066162
495,best,do,-5.944139003753662
496,best,do,-5.291748046875
497,best,do,-8.09891128540039
498,best,do,-5.697851181030273
499,best,do,-6.7528395652771
500,best,do,-7.547524452209473
501,best,do,-4.3008294105529785
502,best,do,-6.196528434753418
503,best,do,-6.570220947265625
504,best,do,-5.08720064163208
505,best,do,-6.200274467468262
506,best,do,-4.768087387084961
507,best,do,-7.209348201751709
508,best,do,-6.297937393188477
509,best,do,-6.157064914703369
510,best,do,-6.257199287414551
511,best,do,-6.069828510284424
512,best,do,-7.819193363189697
513,best,do,-5.511463642120361
514,best,do,-6.623327732086182
515,best,do,-6.643778324127197
516,best,do,-6.450595855712891
517,best,do,-4.661379337310791
518,best,do,-6.414639472961426
519,best,do,-6.926840305328369
520,best,do,-6.637099266052246
521,best,do,-7.631296634674072
522,best,do,-5.969718933105469
523,best,do,-5.78776216506958
524,best,do,-6.373051166534424
525,best,do,-6.811734199523926
526,best,do,-7.233956813812256
527,best,do,-4.61467170715332
528,best,do,-6.810492038726807
529,best,do,-6.810492038726807
530,best,do,-7.296165466308594
531,best,do,-6.990392208099365
532,best,do,-6.395931243896484
533,best,do,-7.508613586425781
534,best,do,-5.461910247802734
535,best,do,-4.089395046234131
536,best,pp,-6.296202659606934
537,best,pp,-6.34506368637085
538,best,pp,-5.901650905609131
539,best,pp,-5.791820526123047
540,best,pp,-7.0148138999938965
541,best,pp,-5.396976947784424
542,best,pp,-6.839544773101807
543,best,pp,-7.073118209838867
544,best,pp,-4.797985553741455
545,best,pp,-5.797631740570068
546,best,pp,-6.878058910369873
547,best,pp,-5.843319416046143
548,best,pp,-6.1506667137146
549,best,pp,-5.32300329208374
550,best,pp,-6.540075302124023
551,best,pp,-6.534316539764404
552,best,pp,-6.20035982131958
553,best,pp,-5.8546905517578125
554,best,pp,-5.6725029945373535
555,best,pp,-7.340917587280273
556,best,do,-5.091149806976318
557,best,do,-6.420755863189697
558,best,do,-6.465827941894531
559,best,do,-6.5613298416137695
560,best,do,-6.708741664886475
561,best,do,-4.916781902313232
562,best,do,-5.802698612213135
563,best,do,-6.063075542449951
564,best,do,-6.420755863189697
565,best,do,-6.586050510406494
566,best,do,-4.13163423538208
567,best,do,-5.784403324127197
568,best,do,-5.561930179595947
569,best,do,-5.660107135772705
570,best,do,-6.025301933288574
571,best,do,-6.438796043395996
572,best,do,-6.098799705505371
573,best,do,-6.80963134765625
574,best,do,-6.80963134765625
575,best,do,-6.913139343261719
576,best,do,-6.322353839874268
577,best,do,-6.0642290115356445
578,best,do,-6.098799705505371
579,best,do,-6.019011974334717
580,best,do,-5.80089807510376
581,best,do,-5.561930179595947
582,best,do,-6.552398681640625
583,best,do,-6.1415019035339355
584,best,do,-5.063008785247803
585,best,do,-6.040920257568359
586,best,do,-6.532049655914307
587,best,do,-6.6360931396484375
588,best,do,-6.1415019035339355
589,best,do,-5.515221118927002
590,best,do,-6.976343631744385
591,best,do,-6.374340057373047
592,best,do,-7.228438377380371
593,best,do,-6.374340057373047
594,best,do,-7.083091735839844
595,best,do,-6.465827941894531
596,best,do,-6.5357346534729
597,best,do,-5.561930179595947
598,best,do,-6.586050510406494
599,best,pp,-5.7450432777404785
600,best,pp,-6.462013244628906
601,best,pp,-6.182983875274658
602,best,pp,-6.462596893310547
603,best,pp,-6.839059829711914
604,best,pp,-5.408641338348389
605,best,pp,-5.912458419799805
606,best,pp,-6.1592116355896
607,best,pp,-6.462013244628906
608,best,pp,-6.600843906402588
609,best,pp,-4.68057918548584
610,best,pp,-5.6895060539245605
611,best,pp,-5.692663192749023
612,best,pp,-6.195001602172852
613,best,pp,-6.171487331390381
614,best,pp,-6.272749423980713
615,best,pp,-6.614551544189453
616,best,pp,-6.957666397094727
617,best,pp,-6.957666397094727
618,best,pp,-6.285882472991943
619,best,do,-5.998603820800781
620,best,do,-5.821476459503174
621,best,do,-6.641773223876953
622,best,do,-5.663872718811035
623,best,do,-7.063811302185059
624,best,do,-6.2114386558532715
625,best,do,-6.385300636291504
626,best,do,-7.3153839111328125
627,best,do,-6.412844181060791
628,best,do,-7.468903541564941
629,best,do,-6.938546180725098
630,best,do,-5.750706672668457
631,best,do,-6.530655860900879
632,best,do,-5.641561508178711
633,best,do,-6.300708770751953
634,best,do,-6.718775272369385
635,best,do,-5.877416610717773
636,best,do,-6.871420860290527
637,best,do,-6.530655860900879
638,best,do,-6.5288567543029785
639,best,do,-6.517163276672363
640,best,do,-7.143681526184082
641,best,do,-6.291895389556885
642,best,do,-7.596604347229004
643,best,do,-7.015780925750732
644,best,do,-5.730363845825195
645,best,do,-7.147128582000732
646,best,do,-6.246761798858643
647,best,do,-7.105401039123535
648,best,do,-6.529624938964844
649,best,do,-6.062283515930176
650,best,do,-7.8211750984191895
651,best,do,-6.9104132652282715
652,best,do,-7.139370441436768
653,best,do,-7.398244380950928
654,best,do,-5.361733436584473
655,best,do,-6.781535625457764
656,best,do,-6.736965656280518
657,best,do,-6.546927452087402
658,best,do,-6.530655860900879
659,best,do,-7.181369304656982
660,best,do,-6.833312034606934
661,best,do,-6.303511142730713
662,best,pp,-5.815500259399414
663,best,pp,-5.312617778778076
664,best,pp,-5.491137504577637
665,best,pp,-5.594778537750244
666,best,pp,-6.834157943725586
667,best,pp,-6.185250759124756
668,best,pp,-6.147704124450684
669,best,pp,-6.772254943847656
670,best,pp,-6.348945617675781
671,best,pp,-7.420454978942871
672,best,pp,-6.351394176483154
673,best,pp,-5.013064861297607
674,best,pp,-6.363845348358154
675,best,pp,-5.251397132873535
676,best,pp,-5.764917850494385
677,best,pp,-6.689703941345215
678,best,pp,-5.214890480041504
679,best,pp,-6.055665016174316
680,best,pp,-6.363845348358154
681,best,pp,-6.288914680480957
682,best,do,-7.248934268951416
683,best,do,-7.2530198097229
684,best,do,-5.442266464233398
685,best,do,-5.640758514404297
686,best,do,-7.633390426635742
687,best,do,-6.077341556549072
688,best,do,-7.6828107833862305
689,best,do,-7.111894130706787
690,best,do,-6.135491847991943
691,best,do,-6.041683673858643
692,best,do,-6.050914287567139
693,best,do,-7.960907936096191
694,best,do,-6.44999361038208
695,best,do,-5.907792568206787
696,best,do,-7.8244171142578125
697,best,do,-6.741415023803711
698,best,do,-6.383681774139404
699,best,do,-7.1790900230407715
700,best,do,-6.882189750671387
701,best,do,-6.623140335083008
702,best,do,-6.413656711578369
703,best,do,-5.849265098571777
704,best,do,-7.735854148864746
705,best,do,-6.597329616546631
706,best,do,-5.511792182922363
707,best,do,-7.327813148498535
708,best,do,-5.42357063293457
709,best,do,-6.610753536224365
710,best,do,-7.773775577545166
711,best,do,-5.93908166885376
712,best,do,-6.26298713684082
713,best,do,-6.825092315673828
714,best,do,-7.955166816711426
715,best,do,-8.026501655578613
716,best,do,-7.78213357925415
717,best,do,-7.608922481536865
718,best,do,-7.398106575012207
719,best,do,-6.760578155517578
720,best,do,-5.766894817352295
721,best,do,-6.658400535583496
722,best,do,-5.300112247467041
723,best,do,-5.822933197021484
724,best,do,-6.956256866455078
725,best,pp,-6.917704105377197
726,best,pp,-5.940464019775391
727,best,pp,-5.741279602050781
728,best,pp,-5.6972784996032715
729,best,pp,-6.653019905090332
730,best,pp,-5.760157108306885
731,best,pp,-7.4121222496032715
732,best,pp,-7.308775424957275
733,best,pp,-6.142759799957275
734,best,pp,-6.04110050201416
735,best,pp,-5.3998236656188965
736,best,pp,-7.9249138832092285
737,best,pp,-6.4002838134765625
738,best,pp,-5.7129926681518555
739,best,pp,-7.285207748413086
740,best,pp,-6.501346588134766
741,best,pp,-6.02008581161499
742,best,pp,-6.868156909942627
743,best,pp,-5.613786697387695
744,best,pp,-5.97601318359375
745,best,pp,-6.151223659515381
746,best,pp,-5.623072147369385
747,best,pp,-5.64094352722168
748,best,pp,-5.869936943054199
749,best,pp,-6.222967624664307
750,best,pp,-5.4542694091796875
751,best,pp,-6.068419456481934
752,best,pp,-5.8893866539001465
753,best,pp,-6.072749614715576
754,best,pp,-5.3981852531433105
755,best,pp,-5.821061134338379
756,best,pp,-4.589635372161865
757,best,pp,-5.401389122009277
758,best,pp,-5.724182605743408
759,best,pp,-5.815169811248779
760,best,pp,-6.638792991638184
761,best,pp,-6.481027126312256
762,best,pp,-6.990106582641602
763,best,pp,-5.880390167236328
764,best,pp,-6.190737724304199
765,best,pp,-5.424746990203857
766,best,pp,-5.7668657302856445
767,best,pp,-6.9902753829956055
768,best,pp,-6.257718563079834
769,best,pp,-6.3755693435668945
770,best,pp,-6.91689395904541
771,best,pp,-6.129665374755859
772,best,pp,-6.138348579406738
773,best,pp,-5.780774116516113
774,best,pp,-4.644379615783691
775,best,pp,-4.602055072784424
776,best,pp,-6.287633419036865
777,best,pp,-4.342668533325195
778,best,pp,-5.651950359344482
779,best,pp,-5.156589984893799
780,best,pp,-6.661746978759766
781,best,pp,-5.751490592956543
782,best,pp,-6.2067484855651855
783,best,pp,-6.523133277893066
784,best,pp,-7.012428283691406
785,best,do,-5.038725852966309
786,best,do,-5.110504150390625
787,best,do,-5.561819553375244
788,best,do,-4.862760066986084
789,best,do,-4.7123894691467285
790,best,do,-4.5905375480651855
791,best,do,-5.429469585418701
792,best,do,-5.262674808502197
793,best,do,-6.516173839569092
794,best,do,-5.414043426513672
795,best,do,-5.10575532913208
796,best,do,-4.765446186065674
797,best,do,-5.208494186401367
798,best,do,-5.954634666442871
799,best,do,-4.176231861114502
800,best,do,-5.300217151641846
801,best,do,-5.475534915924072
802,best,do,-5.334303855895996
803,best,do,-6.460830211639404
804,best,do,-6.02524995803833
805,best,do,-6.391579627990723
806,best,do,-4.851149559020996
807,best,do,-5.181853771209717
808,best,do,-6.619606971740723
809,best,do,-5.748762130737305
810,best,do,-5.609170436859131
811,best,do,-5.645369529724121
812,best,do,-5.404000282287598
813,best,do,-5.281821250915527
814,best,do,-5.529348850250244
815,best,do,-4.754961013793945
816,best,do,-5.865632057189941
817,best,do,-5.126175880432129
818,best,do,-4.960305213928223
819,best,do,-5.449734210968018
820,best,do,-5.300217151641846
821,best,do,-6.2667927742004395
822,best,do,-5.1105756759643555
823,best,do,-5.290590286254883
824,best,do,-5.79720401763916
825,best,do,-5.265369892120361
826,best,do,-4.394552707672119
827,best,do,-6.052033424377441
828,best,pp,-5.112837791442871
829,best,pp,-5.3581695556640625
830,best,pp,-6.064942836761475
831,best,pp,-5.091953754425049
832,best,pp,-5.270392417907715
833,best,pp,-4.820184707641602
834,best,pp,-5.710612773895264
835,best,pp,-5.396658420562744
836,best,pp,-6.865309715270996
837,best,pp,-5.639082908630371
838,best,pp,-5.226587772369385
839,best,pp,-4.738987445831299
840,best,pp,-5.503880023956299
841,best,pp,-5.888602256774902
842,best,pp,-4.523739814758301
843,best,pp,-5.205289363861084
844,best,pp,-5.252716541290283
845,best,pp,-5.565121173858643
846,best,pp,-6.2941694259643555
847,best,pp,-5.964315414428711
848,best,do,-5.084840297698975
849,best,do,-5.448624610900879
850,best,do,-4.982296466827393
851,best,do,-6.265151023864746
852,best,do,-5.135630130767822
853,best,do,-5.79610013961792
854,best,do,-5.638332843780518
855,best,do,-5.175979137420654
856,best,do,-4.75162410736084
857,best,do,-4.975360870361328
858,best,do,-6.023349285125732
859,best,do,-5.1655049324035645
860,best,do,-5.114756107330322
861,best,do,-4.884896278381348
862,best,do,-5.288961410522461
863,best,do,-5.275890827178955
864,best,do,-5.176384449005127
865,best,do,-6.361075401306152
866,best,do,-5.1842827796936035
867,best,do,-5.058391094207764
868,best,do,-5.795642852783203
869,best,do,-4.448413848876953
870,best,do,-6.26209020614624
871,best,do,-4.979623794555664
872,best,do,-5.221830368041992
873,best,do,-5.457263469696045
874,best,do,-4.75162410736084
875,best,do,-5.1944899559021
876,best,do,-5.259247779846191
877,best,do,-4.905849933624268
878,best,do,-5.4708685874938965
879,best,do,-4.669505596160889
880,best,do,-6.378142833709717
881,best,do,-5.174254894256592
882,best,do,-5.749241828918457
883,best,do,-5.214262008666992
884,best,do,-5.084840774536133
885,best,do,-4.842202186584473
886,best,do,-4.809872150421143
887,best,do,-5.1108222007751465
888,best,do,-6.460536956787109
889,best,do,-5.730376720428467
890,best,do,-4.985956192016602
891,best,pp,-5.266164779663086
892,best,pp,-5.6119208335876465
893,best,pp,-5.365706920623779
894,best,pp,-6.048825740814209
895,best,pp,-5.203866004943848
896,best,pp,-5.46876335144043
897,best,pp,-5.58465576171875
898,best,pp,-5.394217014312744
899,best,pp,-5.097040176391602
900,best,pp,-5.251676559448242
901,best,pp,-6.348792552947998
902,best,pp,-5.5786566734313965
903,best,pp,-5.315559387207031
904,best,pp,-4.82852840423584
905,best,pp,-5.669950485229492
906,best,pp,-5.550209999084473
907,best,pp,-5.479486465454102
908,best,pp,-6.15876579284668
909,best,pp,-5.248934745788574
910,best,pp,-5.1887102127075195
911,best,do,-6.034478187561035
912,best,do,-5.688687801361084
913,best,do,-5.582907199859619
914,best,do,-5.542577266693115
915,best,do,-5.417701721191406
916,best,do,-5.952960014343262
917,best,do,-6.412911891937256
918,best,do,-6.48593807220459
919,best,do,-5.021555423736572
920,best,do,-5.802257061004639
921,best,do,-5.803399562835693
922,best,do,-6.3265790939331055
923,best,do,-6.521095275878906
924,best,do,-5.5530548095703125
925,best,do,-5.83735990524292
926,best,do,-6.59471321105957
927,best,do,-5.885549068450928
928,best,do,-6.480103969573975
929,best,do,-5.582939624786377
930,best,do,-5.59018611907959
931,best,do,-6.322473526000977
932,best,do,-5.196227073669434
933,best,do,-5.541202068328857
934,best,do,-5.328256130218506
935,best,do,-5.548696994781494
936,best,do,-5.308504581451416
937,best,do,-4.877985954284668
938,best,do,-5.507309436798096
939,best,do,-6.663472652435303
940,best,do,-5.556428909301758
941,best,do,-5.145633697509766
942,best,do,-6.891345024108887
943,best,do,-5.296555995941162
944,best,do,-5.619274139404297
945,best,do,-5.171017169952393
946,best,do,-7.096227645874023
947,best,do,-6.3974609375
948,best,do,-5.500463008880615
949,best,do,-5.802257061004639
950,best,do,-6.07154655456543
951,best,do,-6.418954372406006
952,best,do,-5.646918773651123
953,best,do,-5.882877826690674
954,best,pp,-6.06342887878418
955,best,pp,-5.746074676513672
956,best,pp,-5.5164666175842285
957,best,pp,-5.603968143463135
958,best,pp,-5.503232002258301
959,best,pp,-6.151212692260742
960,best,pp,-6.59670877456665
961,best,pp,-6.144527435302734
962,best,pp,-4.980934143066406
963,best,pp,-5.7870402336120605
964,best,pp,-6.166172504425049
965,best,pp,-5.918643951416016
966,best,pp,-6.137242794036865
967,best,pp,-5.670095443725586
968,best,pp,-6.15260124206543
969,best,pp,-6.1671671867370605
970,best,pp,-5.8301167488098145
971,best,pp,-6.524501800537109
972,best,pp,-5.875294208526611
973,best,pp,-5.804751873016357
974,best,do,-5.939085483551025
975,best,do,-5.392167568206787
976,best,do,-7.335778713226318
977,best,do,-5.890046119689941
978,best,do,-6.119430065155029
979,best,do,-5.530661106109619
980,best,do,-6.322141170501709
981,best,do,-5.488168716430664
982,best,do,-5.4806976318359375
983,best,do,-5.732144355773926
984,best,do,-6.151145935058594
985,best,do,-6.573073387145996
986,best,do,-6.447880268096924
987,best,do,-5.58948278427124
988,best,do,-7.302143096923828
989,best,do,-6.839359760284424
990,best,do,-6.686169624328613
991,best,do,-5.363531112670898
992,best,do,-6.003483772277832
993,best,do,-6.02462911605835
994,best,do,-5.016485214233398
995,best,do,-6.378421783447266
996,best,do,-5.264199256896973
997,best,do,-6.125042915344238
998,best,do,-6.539980411529541
999,best,do,-5.07975435256958
1000,best,do,-5.535028457641602
1001,best,do,-5.074488162994385
1002,best,do,-5.676485061645508
1003,best,do,-6.02462911605835
1004,best,do,-5.856083393096924
1005,best,do,-5.415159702301025
1006,best,do,-6.190804481506348
1007,best,do,-6.315999507904053
1008,best,do,-5.421660423278809
1009,best,do,-5.422216892242432
1010,best,do,-6.163418292999268
1011,best,do,-5.986222267150879
1012,best,do,-6.631511211395264
1013,best,do,-5.77371072769165
1014,best,do,-6.631511211395264
1015,best,do,-5.3300299644470215
1016,best,do,-4.995243072509766
1017,best,pp,-6.037167072296143
1018,best,pp,-5.85579776763916
1019,best,pp,-7.43995475769043
1020,best,pp,-6.007384777069092
1021,best,pp,-6.00027322769165
1022,best,pp,-5.6947174072265625
1023,best,pp,-6.0774126052856445
1024,best,pp,-5.492290496826172
1025,best,pp,-5.147331237792969
1026,best,pp,-5.827946662902832
1027,best,pp,-6.553711891174316
1028,best,pp,-6.680355548858643
1029,best,pp,-7.009119033813477
1030,best,pp,-5.649690628051758
1031,best,pp,-7.271483421325684
1032,best,pp,-6.46978759765625
1033,best,pp,-6.700520992279053
1034,best,pp,-5.387458324432373
1035,best,pp,-6.009768009185791
1036,best,pp,-6.398553371429443
1037,best,pp,-6.010137557983398
1038,best,pp,-5.4116644859313965
1039,best,pp,-6.319118022918701
1040,best,pp,-6.085886001586914
1041,best,pp,-5.008490562438965
1042,best,pp,-5.831842422485352
1043,best,pp,-6.273081302642822
1044,best,pp,-4.879719257354736
1045,best,pp,-5.749843120574951
1046,best,pp,-5.68120813369751
1047,best,pp,-6.084670066833496
1048,best,pp,-5.278777122497559
1049,best,pp,-5.591758728027344
1050,best,pp,-5.419179439544678
1051,best,pp,-5.223241806030273
1052,best,pp,-5.83965539932251
1053,best,pp,-5.900691986083984
1054,best,pp,-5.780258655548096
1055,best,pp,-5.270019054412842
1056,best,pp,-5.359382152557373
1057,best,pp,-5.724588394165039
1058,best,pp,-5.1057634353637695
1059,best,pp,-6.239647388458252
1060,best,pp,-5.574245929718018
1061,best,pp,-5.778319358825684
1062,best,pp,-4.398705959320068
1063,best,pp,-4.754025459289551
1064,best,pp,-5.339598655700684
1065,best,pp,-5.780984878540039
1066,best,pp,-4.949599742889404
1067,best,pp,-5.45884895324707
1068,best,pp,-4.703436851501465
1069,best,pp,-5.3183207511901855
1070,best,pp,-5.888454914093018
1071,best,pp,-5.980790615081787
1072,best,pp,-5.18768835067749
1073,best,pp,-4.685227870941162
1074,best,pp,-5.1461663246154785
1075,best,pp,-4.731507301330566
1076,best,pp,-6.886053085327148
1077,best,do,-6.275619983673096
1078,best,do,-5.825486660003662
1079,best,do,-6.758298397064209
1080,best,do,-5.6091437339782715
1081,best,do,-5.083951950073242
1082,best,do,-5.49428129196167
1083,best,do,-6.1175665855407715
1084,best,do,-5.836454391479492
1085,best,do,-4.884939193725586
1086,best,do,-4.943689823150635
1087,best,do,-5.2586750984191895
1088,best,do,-5.3937506675720215
1089,best,do,-6.250796794891357
1090,best,do,-6.563485622406006
1091,best,do,-5.953665256500244
1092,best,do,-5.88580322265625
1093,best,do,-5.670265197753906
1094,best,do,-5.108659744262695
1095,best,do,-6.45373010635376
1096,best,do,-6.255687236785889
1097,best,do,-5.888111114501953
1098,best,do,-6.17881441116333
1099,best,do,-6.428921222686768
1100,best,do,-6.284145355224609
1101,best,do,-6.881784439086914
1102,best,do,-6.153071880340576
1103,best,do,-5.8541388511657715
1104,best,do,-4.902453899383545
1105,best,do,-5.48450231552124
1106,best,do,-5.536327362060547
1107,best,do,-6.17881441116333
1108,best,do,-7.129438400268555
1109,best,do,-5.482949733734131
1110,best,do,-6.700613498687744
1111,best,do,-5.876749515533447
1112,best,do,-4.654208183288574
1113,best,do,-5.7643866539001465
1114,best,do,-5.0976996421813965
1115,best,do,-6.156186580657959
1116,best,do,-6.3800835609436035
1117,best,do,-6.309089183807373
1118,best,do,-6.076911926269531
1119,best,do,-5.026586055755615
1120,best,pp,-5.834694862365723
1121,best,pp,-5.3423895835876465
1122,best,pp,-6.774379253387451
1123,best,pp,-5.356494903564453
1124,best,pp,-4.6849446296691895
1125,best,pp,-5.307945728302002
1126,best,pp,-5.570799827575684
1127,best,pp,-5.6195783615112305
1128,best,pp,-4.9367547035217285
1129,best,pp,-4.778372764587402
1130,best,pp,-4.8662614822387695
1131,best,pp,-5.240457057952881
1132,best,pp,-5.975905418395996
1133,best,pp,-6.151790142059326
1134,best,pp,-5.7067999839782715
1135,best,pp,-5.3797712326049805
1136,best,pp,-5.5054216384887695
1137,best,pp,-4.874387264251709
1138,best,pp,-6.24285888671875
1139,best,pp,-5.562156677246094
1140,best,do,-6.288370609283447
1141,best,do,-6.259544372558594
1142,best,do,-5.44789457321167
1143,best,do,-5.974546432495117
1144,best,do,-6.177139759063721
1145,best,do,-5.500790119171143
1146,best,do,-6.288370609283447
1147,best,do,-6.2748894691467285
1148,best,do,-6.051634311676025
1149,best,do,-5.218358039855957
1150,best,do,-5.731147766113281
1151,best,do,-6.8531413078308105
1152,best,do,-5.643016338348389
1153,best,do,-6.188404560089111
1154,best,do,-5.406419277191162
1155,best,do,-5.458512783050537
1156,best,do,-5.388042449951172
1157,best,do,-6.446830749511719
1158,best,do,-6.273380756378174
1159,best,do,-6.168365001678467
1160,best,do,-5.954090595245361
1161,best,do,-4.7726149559021
1162,best,do,-5.777546405792236
1163,best,do,-5.391735076904297
1164,best,do,-6.259544372558594
1165,best,do,-5.733346462249756
1166,best,do,-5.70574426651001
1167,best,do,-5.0869903564453125
1168,best,do,-5.470221996307373
1169,best,do,-5.697014808654785
1170,best,do,-5.664575099945068
1171,best,do,-5.4281086921691895
1172,best,do,-5.388042449951172
1173,best,do,-6.636740207672119
1174,best,do,-5.744918346405029
1175,best,do,-5.744918346405029
1176,best,do,-6.241261959075928
1177,best,do,-6.052712917327881
1178,best,do,-5.021168231964111
1179,best,do,-5.458512783050537
1180,best,do,-5.777546405792236
1181,best,do,-5.9861979484558105
1182,best,do,-5.0869903564453125
1183,best,pp,-6.25388765335083
1184,best,pp,-6.099111080169678
1185,best,pp,-5.232892990112305
1186,best,pp,-5.480587005615234
1187,best,pp,-6.060932159423828
1188,best,pp,-5.213622093200684
1189,best,pp,-6.253887176513672
1190,best,pp,-5.912869930267334
1191,best,pp,-5.57976770401001
1192,best,pp,-4.88398551940918
1193,best,pp,-5.556768894195557
1194,best,pp,-6.476508617401123
1195,best,pp,-5.0799055099487305
1196,best,pp,-6.0999979972839355
1197,best,pp,-5.170042514801025
1198,best,pp,-5.031242847442627
1199,best,pp,-5.268991947174072
1200,best,pp,-6.201406478881836
1201,best,pp,-5.973870277404785
1202,best,pp,-5.667662143707275
1203,best,do,-7.050864219665527
1204,best,do,-5.599045753479004
1205,best,do,-6.281482696533203
1206,best,do,-6.5974040031433105
1207,best,do,-6.384898662567139
1208,best,do,-5.733634948730469
1209,best,do,-6.641002655029297
1210,best,do,-6.239444255828857
1211,best,do,-5.730146884918213
1212,best,do,-6.152422904968262
1213,best,do,-6.806184768676758
1214,best,do,-6.36622953414917
1215,best,do,-5.889762878417969
1216,best,do,-5.999504566192627
1217,best,do,-6.9169511795043945
1218,best,do,-5.860960960388184
1219,best,do,-6.19228982925415
1220,best,do,-6.221920013427734
1221,best,do,-6.821183681488037
1222,best,do,-6.007626056671143
1223,best,do,-7.330925464630127
1224,best,do,-6.554337501525879
1225,best,do,-7.7846479415893555
1226,best,do,-5.807403087615967
1227,best,do,-7.344746112823486
1228,best,do,-6.738348484039307
1229,best,do,-6.276884078979492
1230,best,do,-6.228366374969482
1231,best,do,-6.136544704437256
1232,best,do,-6.571212291717529
1233,best,do,-5.684525489807129
1234,best,do,-5.812307357788086
1235,best,do,-5.926409721374512
1236,best,do,-6.489538192749023
1237,best,do,-6.040980339050293
1238,best,do,-6.146099090576172
1239,best,do,-5.373444080352783
1240,best,do,-6.755950450897217
1241,best,do,-6.648663520812988
1242,best,do,-5.650472640991211
1243,best,do,-6.093438148498535
1244,best,do,-7.516757965087891
1245,best,do,-6.81614875793457
1246,best,pp,-6.766637802124023
1247,best,pp,-4.871157169342041
1248,best,pp,-5.805948257446289
1249,best,pp,-5.710416793823242
1250,best,pp,-5.942237854003906
1251,best,pp,-5.355494499206543
1252,best,pp,-6.1143903732299805
1253,best,pp,-5.655332088470459
1254,best,pp,-5.4593682289123535
1255,best,pp,-5.835474014282227
1256,best,pp,-5.973254680633545
1257,best,pp,-5.719832420349121
1258,best,pp,-5.550062656402588
1259,best,pp,-5.279158592224121
1260,best,pp,-6.056553363800049
1261,best,pp,-5.440463542938232
1262,best,pp,-5.838855266571045
1263,best,pp,-5.75783109664917
1264,best,pp,-6.1970133781433105
1265,best,pp,-5.650018692016602
1266,best,do,-5.663445472717285
1267,best,do,-5.876655578613281
1268,best,do,-6.826658248901367
1269,best,do,-5.125228404998779
1270,best,do,-5.50199031829834
1271,best,do,-6.828701496124268
1272,best,do,-8.262496948242188
1273,best,do,-7.481418609619141
1274,best,do,-5.197420597076416
1275,best,do,-7.197852611541748
1276,best,do,-7.499796390533447
1277,best,do,-6.248962879180908
1278,best,do,-7.962294101715088
1279,best,do,-6.721587657928467
1280,best,do,-6.271914005279541
1281,best,do,-6.931467533111572
1282,best,do,-5.799393177032471
1283,best,do,-6.995001316070557
1284,best,do,-5.248909950256348
1285,best,do,-6.731523513793945
1286,best,do,-5.071873188018799
1287,best,do,-6.969674587249756
1288,best,do,-7.724682331085205
1289,best,do,-6.915744781494141
1290,best,do,-6.4587931632995605
1291,best,do,-6.340281009674072
1292,best,do,-6.171617031097412
1293,best,do,-7.134189605712891
1294,best,do,-6.55300760269165
1295,best,do,-6.194520950317383
1296,best,do,-6.33050537109375
1297,best,do,-6.52487325668335
1298,best,do,-6.9427103996276855
1299,best,do,-5.994547367095947
1300,best,do,-6.991544723510742
1301,best,do,-7.363885402679443
1302,best,do,-6.289726257324219
1303,best,do,-6.706812858581543
1304,best,do,-5.103455543518066
1305,best,do,-6.5813140869140625
1306,best,do,-6.367391586303711
1307,best,do,-6.109646797180176
1308,best,do,-6.40180778503418
1309,best,pp,-4.850288391113281
1310,best,pp,-4.904211044311523
1311,best,pp,-6.065629005432129
1312,best,pp,-5.059395790100098
1313,best,pp,-4.474236488342285
1314,best,pp,-6.1089301109313965
1315,best,pp,-7.75568151473999
1316,best,pp,-7.123202323913574
1317,best,pp,-4.553103923797607
1318,best,pp,-6.844419002532959
1319,best,pp,-6.767490386962891
1320,best,pp,-5.360426902770996
1321,best,pp,-7.429834842681885
1322,best,pp,-6.107043266296387
1323,best,pp,-6.269095420837402
1324,best,pp,-6.637694358825684
1325,best,pp,-5.408061504364014
1326,best,pp,-7.07804012298584
1327,best,pp,-5.008091926574707
1328,best,pp,-6.308559894561768
1329,best,pp,-5.243899345397949
1330,best,pp,-5.091098308563232
1331,best,pp,-6.0257568359375
1332,best,pp,-5.336413860321045
1333,best,pp,-6.121023178100586
1334,best,pp,-5.16746711730957
1335,best,pp,-5.095909595489502
1336,best,pp,-5.075291156768799
1337,best,pp,-5.812590599060059
1338,best,pp,-5.694021224975586
1339,best,pp,-5.3209404945373535
1340,best,pp,-5.268888473510742
1341,best,pp,-6.035521030426025
1342,best,pp,-6.251450061798096
1343,best,pp,-6.284395694732666
1344,best,pp,-5.684205055236816
1345,best,pp,-5.976076602935791
1346,best,pp,-5.261369705200195
1347,best,pp,-6.267609119415283
1348,best,pp,-5.927635669708252
1349,best,pp,-4.401392936706543
1350,best,pp,-5.571767330169678
1351,best,pp,-5.446750164031982
1352,best,pp,-5.216513633728027
1353,best,pp,-5.074413776397705
1354,best,pp,-4.458333492279053
1355,best,pp,-5.011801719665527
1356,best,pp,-5.510157108306885
1357,best,pp,-5.4564690589904785
1358,best,pp,-5.114182949066162
1359,best,pp,-4.556731224060059
1360,best,pp,-5.935318946838379
1361,best,pp,-5.095085144042969
1362,best,pp,-5.9155731201171875
1363,best,pp,-5.346932888031006
1364,best,pp,-5.159512042999268
1365,best,pp,-5.770259857177734
1366,best,pp,-5.4883952140808105
1367,best,pp,-5.338916301727295
1368,best,pp,-4.891509532928467
