item_id,model_state,do,pp
0,initial,-8.47222900390625,-6.649196147918701
1,initial,-8.13865852355957,-7.350086688995361
2,initial,-7.283346652984619,-6.801821231842041
3,initial,-8.889410018920898,-7.848741054534912
4,initial,-8.531023025512695,-6.313695907592773
5,initial,-8.084547996520996,-7.164729595184326
6,initial,-9.733510971069336,-7.6735920906066895
7,initial,-8.251818656921387,-6.8006591796875
8,initial,-7.0675129890441895,-5.675681114196777
9,initial,-7.283346652984619,-6.801821231842041
10,initial,-9.347320556640625,-7.6639251708984375
11,initial,-6.849132537841797,-6.365794658660889
12,initial,-8.864227294921875,-6.952050685882568
13,initial,-9.755300521850586,-7.340729236602783
14,initial,-7.0675129890441895,-5.675681114196777
15,initial,-9.07713508605957,-7.413731098175049
16,initial,-7.859352111816406,-6.595310211181641
17,initial,-7.4484710693359375,-6.953420162200928
18,initial,-9.12109661102295,-8.21534252166748
19,initial,-7.325370788574219,-6.738563060760498
20,initial,-6.352839946746826,-6.20102596282959
21,initial,-7.667044162750244,-6.765774250030518
22,initial,-8.716525077819824,-7.75984001159668
23,initial,-7.941524028778076,-6.8393073081970215
24,initial,-8.991074562072754,-7.494357585906982
25,initial,-7.941524028778076,-6.8393073081970215
26,initial,-9.375289916992188,-7.9411396980285645
27,initial,-8.829798698425293,-7.908645153045654
28,initial,-7.050034046173096,-6.607102394104004
29,initial,-9.30152702331543,-8.185149192810059
30,initial,-7.2526397705078125,-6.833369731903076
31,initial,-7.97940731048584,-6.92741060256958
32,initial,-8.71652603149414,-7.759840488433838
33,initial,-7.979406833648682,-6.92741060256958
34,initial,-7.375933647155762,-7.035288333892822
35,initial,-8.389260292053223,-8.16856861114502
36,initial,-7.0500335693359375,-6.6071038246154785
37,initial,-7.979406833648682,-6.92741060256958
38,initial,-6.804410457611084,-6.544528484344482
39,initial,-6.480578899383545,-6.297364234924316
40,initial,-6.834536075592041,-6.488997459411621
41,initial,-7.513806343078613,-6.910262584686279
42,initial,-7.204216957092285,-6.599767208099365
43,initial,-8.193107604980469,-7.691822052001953
44,initial,-7.807009220123291,-6.899102210998535
45,initial,-7.404000759124756,-6.729632377624512
46,initial,-7.346116542816162,-6.722153663635254
47,initial,-6.951721668243408,-6.649145126342773
48,initial,-8.40376091003418,-7.46056604385376
49,initial,-7.107169151306152,-6.429357051849365
50,initial,-8.317784309387207,-7.369813442230225
51,initial,-9.028422355651855,-7.713850498199463
52,initial,-7.408035755157471,-6.852840900421143
53,initial,-8.213497161865234,-7.454957008361816
54,initial,-8.039806365966797,-7.532578945159912
55,initial,-7.293567657470703,-6.7129807472229
56,initial,-7.57130765914917,-6.839109420776367
57,initial,-6.762539863586426,-6.400368690490723
58,initial,-7.912606239318848,-6.822607517242432
59,initial,-7.674943447113037,-6.8068108558654785
60,initial,-8.697693824768066,-7.713633060455322
61,initial,-9.570221900939941,-8.17134952545166
62,initial,-9.778343200683594,-8.125628471374512
63,initial,-9.964155197143555,-8.161484718322754
64,initial,-8.564850807189941,-7.848888874053955
65,initial,-7.7961578369140625,-6.991166114807129
66,initial,-9.0703763961792,-7.692343711853027
67,initial,-10.804987907409668,-9.332533836364746
68,initial,-8.938340187072754,-7.112541675567627
69,initial,-8.434120178222656,-7.417402267456055
70,initial,-8.643733024597168,-7.559987545013428
71,initial,-9.89091682434082,-8.491321563720703
72,initial,-7.353860855102539,-6.6775922775268555
73,initial,-8.370627403259277,-7.429428577423096
74,initial,-7.29361629486084,-7.030398845672607
75,initial,-10.062215805053711,-7.8743743896484375
76,initial,-8.577316284179688,-7.565256595611572
77,initial,-10.131379127502441,-8.099064826965332
78,initial,-7.847351551055908,-6.867271423339844
79,initial,-8.491405487060547,-7.396378517150879
80,initial,-5.9640984535217285,-5.4528117179870605
81,initial,-6.003550052642822,-5.37280797958374
82,initial,-7.8493452072143555,-7.277774810791016
83,initial,-6.895814418792725,-6.065975666046143
84,initial,-7.095545291900635,-6.386231899261475
85,initial,-8.644951820373535,-7.590473175048828
86,initial,-8.12226676940918,-7.56980037689209
87,initial,-7.048271656036377,-6.948415756225586
88,initial,-7.135916709899902,-6.767649173736572
89,initial,-5.816064834594727,-5.5632219314575195
90,initial,-6.976066589355469,-5.922449111938477
91,initial,-9.109757423400879,-8.33893871307373
92,initial,-6.071108341217041,-5.7066650390625
93,initial,-7.28151273727417,-6.652817726135254
94,initial,-7.322727203369141,-6.7569990158081055
95,initial,-7.107547760009766,-6.584461688995361
96,initial,-6.195953845977783,-5.471627235412598
97,initial,-6.537230014801025,-6.033201217651367
98,initial,-8.429052352905273,-7.549830436706543
99,initial,-6.5380425453186035,-5.685856819152832
100,initial,-7.6094841957092285,-6.567320346832275
101,initial,-7.680366516113281,-6.984114170074463
102,initial,-8.78632640838623,-7.20184326171875
103,initial,-7.460076808929443,-6.331408500671387
104,initial,-7.460076808929443,-6.331408500671387
105,initial,-7.029263496398926,-6.236140727996826
106,initial,-8.7417573928833,-7.495535373687744
107,initial,-8.306023597717285,-7.192694187164307
108,initial,-6.644187927246094,-5.51041316986084
109,initial,-9.221151351928711,-8.215943336486816
110,initial,-8.74789810180664,-7.607321739196777
111,initial,-7.31804895401001,-6.600642681121826
112,initial,-8.843918800354004,-7.47873592376709
113,initial,-8.972973823547363,-7.608134746551514
114,initial,-7.198020935058594,-6.623523712158203
115,initial,-7.54302978515625,-7.005072116851807
116,initial,-9.251998901367188,-8.151976585388184
117,initial,-8.118921279907227,-7.260181427001953
118,initial,-8.7417573928833,-7.495535373687744
119,initial,-9.030055046081543,-8.050298690795898
120,initial,-7.093221187591553,-5.703010559082031
121,initial,-6.722873687744141,-5.111807346343994
122,initial,-7.600827693939209,-6.1186699867248535
123,initial,-7.181635856628418,-5.685207366943359
124,initial,-7.261902809143066,-6.025239944458008
125,initial,-9.166847229003906,-6.908529758453369
126,initial,-9.075533866882324,-7.855458736419678
127,initial,-8.7060546875,-6.534715175628662
128,initial,-7.441418170928955,-5.8930792808532715
129,initial,-8.64305305480957,-6.619856357574463
130,initial,-7.6357741355896,-5.989345550537109
131,initial,-6.938765525817871,-5.8958516120910645
132,initial,-6.7170891761779785,-5.736401081085205
133,initial,-9.128589630126953,-7.066908359527588
134,initial,-8.64305305480957,-6.619856357574463
135,initial,-7.499971866607666,-5.465922832489014
136,initial,-7.235603332519531,-5.823263645172119
137,initial,-7.499971866607666,-5.465922832489014
138,initial,-9.166847229003906,-6.908529281616211
139,initial,-7.320518493652344,-6.220286846160889
140,initial,-6.97602653503418,-6.0306077003479
141,initial,-8.213991165161133,-7.091977596282959
142,initial,-7.097692012786865,-6.077141284942627
143,initial,-6.483166217803955,-5.3412861824035645
144,initial,-8.436853408813477,-7.491228103637695
145,initial,-7.2885422706604,-5.880577564239502
146,initial,-8.665980339050293,-7.097330570220947
147,initial,-8.6788330078125,-7.316377639770508
148,initial,-7.455960273742676,-6.426621437072754
149,initial,-7.8965020179748535,-6.733129024505615
150,initial,-7.856468200683594,-7.103116035461426
151,initial,-8.125367164611816,-7.040175914764404
152,initial,-8.842935562133789,-7.545639991760254
153,initial,-8.135970115661621,-6.851522445678711
154,initial,-6.97602653503418,-6.0306077003479
155,initial,-8.665980339050293,-7.097330570220947
156,initial,-8.675167083740234,-7.184805870056152
157,initial,-8.327054977416992,-6.801372528076172
158,initial,-7.665613651275635,-6.277446269989014
159,initial,-8.665980339050293,-7.097330570220947
160,initial,-8.827566146850586,-6.970695972442627
161,initial,-8.668767929077148,-6.1884846687316895
162,initial,-8.791401863098145,-7.314961910247803
163,initial,-9.81696891784668,-8.307181358337402
164,initial,-10.269633293151855,-8.064208030700684
165,initial,-7.156755447387695,-6.052535057067871
166,initial,-8.628003120422363,-7.097352027893066
167,initial,-9.81696891784668,-8.307181358337402
168,initial,-8.796488761901855,-7.0848798751831055
169,initial,-8.608928680419922,-7.228228569030762
170,initial,-9.776453018188477,-7.92719030380249
171,initial,-8.876594543457031,-6.785585403442383
172,initial,-7.85315465927124,-6.586497783660889
173,initial,-9.491440773010254,-7.7892231941223145
174,initial,-9.717696189880371,-7.652645111083984
175,initial,-8.855525016784668,-7.129879474639893
176,initial,-9.954439163208008,-7.791023254394531
177,initial,-8.23713207244873,-6.692246437072754
178,initial,-8.109131813049316,-6.458046913146973
179,initial,-8.83967399597168,-6.730419635772705
180,initial,-6.866584300994873,-6.121300220489502
181,initial,-5.7124505043029785,-5.025685787200928
182,initial,-6.205190181732178,-5.860002040863037
183,initial,-6.784458637237549,-6.28940486907959
184,initial,-6.723930358886719,-5.543591499328613
185,initial,-7.381903648376465,-6.508059024810791
186,initial,-7.128368377685547,-6.63164758682251
187,initial,-8.961447715759277,-7.583656311035156
188,initial,-6.288733959197998,-5.412818908691406
189,initial,-7.4991912841796875,-6.344267845153809
190,initial,-7.703611850738525,-6.202466011047363
191,initial,-6.866584300994873,-6.121300220489502
192,initial,-7.329320430755615,-6.464734077453613
193,initial,-7.426526069641113,-6.742528438568115
194,initial,-6.520691871643066,-6.076449394226074
195,initial,-7.66901159286499,-6.596167087554932
196,initial,-7.619913101196289,-6.387790203094482
197,initial,-7.758717060089111,-6.594526290893555
198,initial,-8.357294082641602,-7.322136402130127
199,initial,-6.837095260620117,-5.857175350189209
200,initial,-6.166199684143066,-4.979084014892578
201,initial,-7.517021179199219,-6.727420806884766
202,initial,-8.066483497619629,-6.691437721252441
203,initial,-7.320176601409912,-5.776156425476074
204,initial,-7.320176601409912,-5.776156425476074
205,initial,-6.984943866729736,-6.183460235595703
206,initial,-9.11460018157959,-7.793621063232422
207,initial,-8.470633506774902,-7.065327167510986
208,initial,-7.320176601409912,-5.776156425476074
209,initial,-6.984943866729736,-6.183460235595703
210,initial,-8.058587074279785,-6.581189155578613
211,initial,-7.559587478637695,-6.348057270050049
212,initial,-7.559587478637695,-6.348057270050049
213,initial,-8.34713077545166,-7.07861852645874
214,initial,-8.058587074279785,-6.581189155578613
215,initial,-7.9259490966796875,-6.430875301361084
216,initial,-8.542527198791504,-7.248515605926514
217,initial,-9.01718807220459,-7.448402404785156
218,initial,-7.0362443923950195,-5.695958614349365
219,initial,-6.976717472076416,-5.4502034187316895
220,initial,-7.175741672515869,-6.617620468139648
221,initial,-7.432323455810547,-6.942491054534912
222,initial,-7.206119537353516,-6.574681758880615
223,initial,-7.292065620422363,-6.944212913513184
224,initial,-8.067729949951172,-7.291599273681641
225,initial,-7.235240936279297,-7.072500228881836
226,initial,-7.435309410095215,-6.8814826011657715
227,initial,-6.88915491104126,-6.649327754974365
228,initial,-7.10325813293457,-6.855777263641357
229,initial,-7.235240936279297,-7.072500228881836
230,initial,-8.000189781188965,-7.150495529174805
231,initial,-6.644556522369385,-6.082381725311279
232,initial,-7.847640514373779,-7.089327812194824
233,initial,-8.783467292785645,-8.02425479888916
234,initial,-8.683917045593262,-8.077901840209961
235,initial,-6.825601100921631,-6.416823387145996
236,initial,-6.968456268310547,-6.292211055755615
237,initial,-6.761627197265625,-6.500704765319824
238,initial,-8.434775352478027,-8.083683967590332
239,initial,-7.717516899108887,-7.458218097686768
240,initial,-6.497722148895264,-6.631159782409668
241,initial,-7.166191101074219,-7.06522274017334
242,initial,-7.688991069793701,-7.29686164855957
243,initial,-7.0923752784729,-6.984617710113525
244,initial,-7.760887622833252,-7.445008754730225
245,initial,-7.932010650634766,-7.82088565826416
246,initial,-6.993186950683594,-6.940256595611572
247,initial,-7.7326250076293945,-7.562559127807617
248,initial,-8.10643196105957,-8.08362865447998
249,initial,-8.045366287231445,-7.8581013679504395
250,initial,-7.757873058319092,-7.515442848205566
251,initial,-6.67020320892334,-6.587865352630615
252,initial,-6.7914958000183105,-6.663634300231934
253,initial,-7.192960739135742,-7.161410808563232
254,initial,-6.671196460723877,-6.499214172363281
255,initial,-7.2615580558776855,-7.037158966064453
256,initial,-8.4703369140625,-8.12363338470459
257,initial,-8.311484336853027,-8.176994323730469
258,initial,-6.92750883102417,-6.825534820556641
259,initial,-5.935760498046875,-5.939764022827148
260,initial,-6.7174248695373535,-6.639622688293457
261,initial,-6.723073959350586,-6.90057373046875
262,initial,-6.456545829772949,-6.3957319259643555
263,initial,-7.522365093231201,-7.37883996963501
264,initial,-7.328680038452148,-7.249209403991699
265,initial,-7.019818305969238,-6.9099626541137695
266,initial,-6.661303520202637,-6.661163330078125
267,initial,-6.626978874206543,-6.5305495262146
268,initial,-6.848694801330566,-6.69165563583374
269,initial,-6.946469306945801,-7.005514621734619
270,initial,-6.538598537445068,-6.671270847320557
271,initial,-6.199423789978027,-6.491544246673584
272,initial,-6.051338195800781,-6.02378511428833
273,initial,-6.631246566772461,-6.1941914558410645
274,initial,-7.537863731384277,-7.321234703063965
275,initial,-6.039074897766113,-5.945779800415039
276,initial,-6.380041122436523,-6.4972028732299805
277,initial,-6.431408882141113,-6.5646820068359375
278,initial,-6.902531623840332,-7.0002288818359375
279,initial,-6.891510963439941,-6.768370151519775
280,initial,-9.178430557250977,-8.60922622680664
281,initial,-8.64136791229248,-8.211203575134277
282,initial,-8.324759483337402,-8.489205360412598
283,initial,-7.653632164001465,-7.928123474121094
284,initial,-7.468107223510742,-7.0116448402404785
285,initial,-7.112104892730713,-7.02244234085083
286,initial,-8.835248947143555,-8.198378562927246
287,initial,-8.070380210876465,-7.598677635192871
288,initial,-8.279203414916992,-7.840145111083984
289,initial,-6.916871070861816,-6.8478827476501465
290,initial,-8.094147682189941,-7.823657989501953
291,initial,-9.145086288452148,-8.500441551208496
292,initial,-7.771267890930176,-7.6810736656188965
293,initial,-8.919364929199219,-8.352616310119629
294,initial,-7.030358791351318,-6.412929058074951
295,initial,-7.911189079284668,-7.449127197265625
296,initial,-7.770049095153809,-7.463003158569336
297,initial,-9.515607833862305,-8.973077774047852
298,initial,-7.526204586029053,-7.615325927734375
299,initial,-8.498492240905762,-8.386775016784668
300,initial,-7.032414436340332,-6.758047580718994
301,initial,-7.224787712097168,-7.340554714202881
302,initial,-6.030501842498779,-5.836775302886963
303,initial,-7.236679553985596,-6.656589031219482
304,initial,-6.294935703277588,-6.021087646484375
305,initial,-7.216645240783691,-7.059340476989746
306,initial,-8.573797225952148,-8.244412422180176
307,initial,-6.4584550857543945,-6.1052165031433105
308,initial,-6.595023155212402,-6.443478107452393
309,initial,-6.381346702575684,-6.047760009765625
310,initial,-7.935784816741943,-7.505703449249268
311,initial,-7.072029113769531,-6.966938495635986
312,initial,-6.966188430786133,-6.5137410163879395
313,initial,-6.461430549621582,-6.208584308624268
314,initial,-6.4973530769348145,-6.47643518447876
315,initial,-6.336278438568115,-5.929755210876465
316,initial,-5.573763370513916,-5.4665303230285645
317,initial,-7.30040168762207,-7.22707986831665
318,initial,-6.0361247062683105,-5.743462085723877
319,initial,-7.811198711395264,-7.262134552001953
320,initial,-5.821826457977295,-5.3152618408203125
321,initial,-7.264798641204834,-6.553584575653076
322,initial,-6.910290718078613,-6.883039951324463
323,initial,-6.935005187988281,-6.393118858337402
324,initial,-7.055384635925293,-6.871957302093506
325,initial,-6.984110355377197,-6.9117255210876465
326,initial,-7.695394992828369,-7.3671112060546875
327,initial,-7.633706569671631,-7.192472457885742
328,initial,-5.818548202514648,-5.61081600189209
329,initial,-7.573458671569824,-7.3578667640686035
330,initial,-6.268487930297852,-5.8493194580078125
331,initial,-7.369268894195557,-6.897644519805908
332,initial,-7.6730217933654785,-7.229990482330322
333,initial,-6.654814720153809,-6.426765441894531
334,initial,-6.403767108917236,-6.004680156707764
335,initial,-6.4406352043151855,-6.262312889099121
336,initial,-7.669148921966553,-7.391049385070801
337,initial,-6.651048183441162,-6.319952487945557
338,initial,-5.804974555969238,-5.58486270904541
339,initial,-7.380415916442871,-6.860638618469238
340,initial,-7.040931701660156,-6.438403606414795
341,initial,-9.830523490905762,-8.866721153259277
342,initial,-9.737424850463867,-8.225625038146973
343,initial,-9.966394424438477,-8.976237297058105
344,initial,-8.286686897277832,-7.658939361572266
345,initial,-7.83776330947876,-7.052797794342041
346,initial,-9.542524337768555,-8.346275329589844
347,initial,-7.820761203765869,-8.18648910522461
348,initial,-10.034083366394043,-8.406791687011719
349,initial,-8.58968448638916,-8.109274864196777
350,initial,-8.316815376281738,-8.863204002380371
351,initial,-9.867629051208496,-9.342120170593262
352,initial,-8.39047622680664,-7.6564435958862305
353,initial,-9.451788902282715,-8.06100082397461
354,initial,-7.802645206451416,-6.875483989715576
355,initial,-8.419845581054688,-8.377388954162598
356,initial,-9.940027236938477,-9.518324851989746
357,initial,-9.44975471496582,-9.340934753417969
358,initial,-8.85600757598877,-7.607568264007568
359,initial,-8.346038818359375,-7.337695121765137
360,initial,-8.027560234069824,-8.008340835571289
361,initial,-8.969491958618164,-8.331683158874512
362,initial,-7.440824031829834,-7.497716426849365
363,initial,-7.059851169586182,-7.470147609710693
364,initial,-7.114006042480469,-7.395458221435547
365,initial,-7.279904842376709,-7.470426559448242
366,initial,-7.093766212463379,-8.014110565185547
367,initial,-7.893618106842041,-7.945871829986572
368,initial,-8.95960521697998,-8.611210823059082
369,initial,-9.8709716796875,-9.733152389526367
370,initial,-8.084216117858887,-7.9007744789123535
371,initial,-9.589582443237305,-9.605496406555176
372,initial,-9.321638107299805,-8.83972454071045
373,initial,-9.292462348937988,-9.517143249511719
374,initial,-7.587130069732666,-8.182720184326172
375,initial,-7.010342597961426,-6.689780235290527
376,initial,-7.294975280761719,-7.846277713775635
377,initial,-8.969491958618164,-8.331683158874512
378,initial,-7.059851169586182,-7.470147609710693
379,initial,-7.534409046173096,-7.844589710235596
380,initial,-7.223023414611816,-7.369986534118652
381,initial,-8.83337688446045,-8.151455879211426
382,initial,-7.3775811195373535,-7.444791793823242
383,initial,-8.609077453613281,-8.403725624084473
384,initial,-6.64409065246582,-6.269225120544434
385,initial,-7.9679951667785645,-7.944345951080322
386,initial,-8.18165397644043,-7.712921142578125
387,initial,-8.819732666015625,-8.403104782104492
388,initial,-7.215278148651123,-7.129570960998535
389,initial,-7.257598876953125,-7.36190938949585
390,initial,-7.073085308074951,-7.411956310272217
391,initial,-7.412063121795654,-7.230832576751709
392,initial,-7.820889949798584,-7.693955898284912
393,initial,-8.803278923034668,-8.720722198486328
394,initial,-7.400352478027344,-7.704550743103027
395,initial,-8.857378959655762,-8.443821907043457
396,initial,-7.973820209503174,-7.906070709228516
397,initial,-6.964158058166504,-7.277271270751953
398,initial,-7.253623962402344,-7.695181846618652
399,initial,-7.399449348449707,-7.101480960845947
400,initial,-9.374842643737793,-7.957400798797607
401,initial,-9.467632293701172,-9.271515846252441
402,initial,-10.296114921569824,-10.260881423950195
403,initial,-7.732262134552002,-7.332492828369141
404,initial,-9.399903297424316,-8.388140678405762
405,initial,-9.229680061340332,-8.220254898071289
406,initial,-8.896119117736816,-8.637202262878418
407,initial,-8.411408424377441,-7.984879970550537
408,initial,-8.090920448303223,-7.8156914710998535
409,initial,-9.153177261352539,-7.903915882110596
410,initial,-7.833461761474609,-7.4874467849731445
411,initial,-9.64866828918457,-9.154135704040527
412,initial,-9.911526679992676,-9.120210647583008
413,initial,-8.414633750915527,-8.062519073486328
414,initial,-9.171393394470215,-9.237543106079102
415,initial,-9.225739479064941,-8.647315979003906
416,initial,-9.988245010375977,-9.26908016204834
417,initial,-9.620728492736816,-8.778100967407227
418,initial,-8.791605949401855,-7.64655065536499
419,initial,-7.73226261138916,-7.332492828369141
420,initial,-8.022339820861816,-7.512787818908691
421,initial,-6.639590740203857,-6.609280586242676
422,initial,-6.958049774169922,-6.860969066619873
423,initial,-7.495441913604736,-6.970466613769531
424,initial,-6.958803653717041,-6.501450061798096
425,initial,-8.692423820495605,-8.366342544555664
426,initial,-9.286761283874512,-8.654699325561523
427,initial,-9.521706581115723,-9.29955768585205
428,initial,-8.332796096801758,-8.075899124145508
429,initial,-6.754950046539307,-6.653921127319336
430,initial,-9.281875610351562,-9.189017295837402
431,initial,-6.993241786956787,-6.898718357086182
432,initial,-6.841894626617432,-7.049914836883545
433,initial,-9.059206008911133,-8.652021408081055
434,initial,-7.839756488800049,-7.38142728805542
435,initial,-6.927858352661133,-6.53720760345459
436,initial,-6.79759407043457,-6.558592796325684
437,initial,-6.445531368255615,-6.157782554626465
438,initial,-6.769985198974609,-6.916534423828125
439,initial,-7.231867790222168,-6.7822794914245605
440,initial,-8.060198783874512,-7.462184429168701
441,initial,-6.627669811248779,-6.087290287017822
442,initial,-7.9757843017578125,-7.761425018310547
443,initial,-7.362061500549316,-6.733787536621094
444,initial,-7.729457855224609,-6.88497257232666
445,initial,-8.104070663452148,-7.692586898803711
446,initial,-8.555054664611816,-8.23037338256836
447,initial,-9.081985473632812,-8.638152122497559
448,initial,-7.771710395812988,-7.01657247543335
449,initial,-7.076461315155029,-6.910634517669678
450,initial,-8.28499984741211,-7.641316890716553
451,initial,-8.156440734863281,-7.83587121963501
452,initial,-9.032240867614746,-8.652138710021973
453,initial,-7.4673075675964355,-6.525175094604492
454,initial,-7.107437610626221,-6.690427780151367
455,initial,-7.438202857971191,-7.187871932983398
456,initial,-7.2266950607299805,-7.008946418762207
457,initial,-7.212174892425537,-6.932074546813965
458,initial,-7.7200927734375,-7.342298984527588
459,initial,-7.8085618019104,-7.436103343963623
460,initial,-8.56510066986084,-7.712345123291016
461,initial,-5.993325233459473,-5.7165422439575195
462,initial,-5.54210090637207,-5.513002395629883
463,initial,-7.298233509063721,-6.992066383361816
464,initial,-6.846220016479492,-6.8165459632873535
465,initial,-6.81854248046875,-6.827367305755615
466,initial,-6.301563262939453,-6.066018581390381
467,initial,-7.101747035980225,-6.709400177001953
468,initial,-7.1436381340026855,-6.848966121673584
469,initial,-6.766531467437744,-6.71491003036499
470,initial,-7.202155590057373,-6.838871955871582
471,initial,-8.4859037399292,-7.705746173858643
472,initial,-6.7101874351501465,-6.723965644836426
473,initial,-6.940671443939209,-6.965386390686035
474,initial,-6.821376800537109,-6.852581977844238
475,initial,-7.30366849899292,-6.818395614624023
476,initial,-5.7097601890563965,-5.8971757888793945
477,initial,-6.6158270835876465,-6.599520206451416
478,initial,-6.35939359664917,-6.220610618591309
479,initial,-6.135273456573486,-5.928373336791992
480,initial,-5.741786003112793,-5.944060802459717
481,initial,-6.356302261352539,-6.498876094818115
482,initial,-7.317444324493408,-7.1519036293029785
483,initial,-5.382559776306152,-5.499256610870361
484,initial,-5.3030314445495605,-5.270113945007324
485,initial,-5.7947564125061035,-5.872442722320557
486,initial,-5.7947564125061035,-5.872442722320557
487,initial,-6.642983913421631,-6.795931339263916
488,initial,-5.572027683258057,-5.524430751800537
489,initial,-7.018653869628906,-6.811427116394043
490,initial,-7.726417064666748,-7.406496524810791
491,initial,-8.359572410583496,-8.08017349243164
492,initial,-5.7947564125061035,-5.872442722320557
493,initial,-5.237858772277832,-5.311605453491211
494,initial,-6.739626407623291,-6.549684524536133
495,initial,-7.18183708190918,-6.942173957824707
496,initial,-5.392483711242676,-5.7547526359558105
497,initial,-6.270125865936279,-6.182613372802734
498,initial,-5.237858772277832,-5.311605453491211
499,initial,-7.037906646728516,-6.842599868774414
500,initial,-5.8661322593688965,-6.062856674194336
501,initial,-6.156036853790283,-6.122089862823486
502,initial,-6.756682395935059,-6.262779712677002
503,initial,-8.236180305480957,-7.780265808105469
504,initial,-5.9902448654174805,-5.745736598968506
505,initial,-6.350231170654297,-6.485134601593018
506,initial,-6.667031288146973,-6.681762218475342
507,initial,-8.020204544067383,-7.652852535247803
508,initial,-6.904292583465576,-6.78272008895874
509,initial,-6.233654499053955,-5.929279804229736
510,initial,-7.772525310516357,-7.410452842712402
511,initial,-7.900168418884277,-7.551794528961182
512,initial,-6.065358638763428,-6.197251319885254
513,initial,-6.692840576171875,-6.335020065307617
514,initial,-6.5275726318359375,-6.732449054718018
515,initial,-7.011829853057861,-6.932320594787598
516,initial,-6.702481746673584,-6.703291416168213
517,initial,-5.616793632507324,-5.309431076049805
518,initial,-6.981914043426514,-7.176237106323242
519,initial,-8.1097993850708,-7.888157844543457
520,initial,-7.923583507537842,-7.090741157531738
521,initial,-7.089568138122559,-6.877761363983154
522,initial,-7.99283504486084,-7.334927082061768
523,initial,-7.094066619873047,-6.872254371643066
524,initial,-6.237735748291016,-6.038387298583984
525,initial,-7.697842121124268,-7.486814022064209
526,initial,-5.902596473693848,-5.631313800811768
527,initial,-6.143630027770996,-6.258912563323975
528,initial,-9.397191047668457,-8.149988174438477
529,initial,-7.473512649536133,-7.1814446449279785
530,initial,-6.829975128173828,-6.328217029571533
531,initial,-8.767942428588867,-8.26259994506836
532,initial,-8.857707023620605,-7.7867302894592285
533,initial,-7.67698860168457,-6.984331130981445
534,initial,-8.51474666595459,-7.631978511810303
535,initial,-6.451214790344238,-6.2021894454956055
536,initial,-6.353957653045654,-6.173640727996826
537,initial,-8.767942428588867,-8.26259994506836
538,initial,-6.070068359375,-5.813406944274902
539,initial,-6.398920059204102,-6.2746262550354
540,initial,-5.008094310760498,-5.161610126495361
541,initial,-5.405144214630127,-5.415985584259033
542,initial,-6.318414211273193,-6.100112438201904
543,initial,-5.62233304977417,-5.473329067230225
544,initial,-5.267297267913818,-5.450752258300781
545,initial,-5.851776599884033,-5.7766265869140625
546,initial,-6.294538974761963,-6.020815849304199
547,initial,-6.198911666870117,-6.103238582611084
548,initial,-5.583469390869141,-5.599318981170654
549,initial,-6.1335954666137695,-6.035110950469971
550,initial,-5.926259994506836,-5.818160057067871
551,initial,-6.895412921905518,-6.728595733642578
552,initial,-5.917314052581787,-5.806427955627441
553,initial,-7.4576568603515625,-6.846966743469238
554,initial,-7.279815673828125,-7.069455623626709
555,initial,-7.189459323883057,-6.873947620391846
556,initial,-5.497629165649414,-5.768672943115234
557,initial,-6.413177967071533,-6.215576171875
558,initial,-5.583622455596924,-5.761296272277832
559,initial,-6.149032115936279,-6.066749095916748
560,initial,-7.244382858276367,-6.700035095214844
561,initial,-7.065783977508545,-6.306576728820801
562,initial,-7.821876525878906,-7.813264846801758
563,initial,-5.933935165405273,-5.876267910003662
564,initial,-8.114416122436523,-7.468562602996826
565,initial,-5.528799533843994,-5.314897060394287
566,initial,-6.653247356414795,-6.177699089050293
567,initial,-6.932899475097656,-6.411397457122803
568,initial,-6.698504447937012,-6.592962265014648
569,initial,-6.752758502960205,-6.426064968109131
570,initial,-6.995866298675537,-6.759531021118164
571,initial,-6.876814842224121,-6.624252796173096
572,initial,-6.754269123077393,-6.398536682128906
573,initial,-7.937125205993652,-7.317814350128174
574,initial,-5.632699489593506,-5.495627403259277
575,initial,-5.763078689575195,-5.496893405914307
576,initial,-6.360604763031006,-6.216304302215576
577,initial,-5.206245422363281,-4.898581027984619
578,initial,-5.659484386444092,-5.4360222816467285
579,initial,-5.772642135620117,-5.294689178466797
580,initial,-7.349842548370361,-6.2526445388793945
581,initial,-8.187235832214355,-7.4462361335754395
582,initial,-6.346185207366943,-5.900857925415039
583,initial,-8.15378475189209,-7.2010321617126465
584,initial,-7.83746862411499,-6.7372002601623535
585,initial,-6.309844493865967,-5.842236518859863
586,initial,-7.431033611297607,-6.26053524017334
587,initial,-8.301360130310059,-7.621212959289551
588,initial,-8.195100784301758,-7.155567169189453
589,initial,-7.61129903793335,-7.114422798156738
590,initial,-7.898277282714844,-7.11005163192749
591,initial,-7.935081481933594,-6.993396759033203
592,initial,-8.40502643585205,-7.097793102264404
593,initial,-6.660359859466553,-6.174802780151367
594,initial,-6.35819673538208,-5.281939506530762
595,initial,-8.594794273376465,-7.20096492767334
596,initial,-6.56177282333374,-5.72776460647583
597,initial,-7.713281631469727,-6.379281044006348
598,initial,-8.625243186950684,-7.255763053894043
599,initial,-7.446768283843994,-6.328383445739746
600,initial,-6.580108642578125,-6.096479892730713
601,initial,-8.719964027404785,-7.796807765960693
602,initial,-8.912723541259766,-8.036426544189453
603,initial,-7.931377410888672,-7.366283416748047
604,initial,-6.580108642578125,-6.096479892730713
605,initial,-7.018810749053955,-6.6476240158081055
606,initial,-8.380829811096191,-7.735119342803955
607,initial,-7.3528032302856445,-6.636160373687744
608,initial,-7.793653964996338,-7.123047351837158
609,initial,-8.109352111816406,-7.353342533111572
610,initial,-6.928395748138428,-6.34901762008667
611,initial,-8.91272258758545,-8.036425590515137
612,initial,-6.808773517608643,-6.455181121826172
613,initial,-7.551704406738281,-7.103414058685303
614,initial,-6.287098407745361,-6.066525936126709
615,initial,-6.8037567138671875,-6.371846675872803
616,initial,-6.522045135498047,-6.221323490142822
617,initial,-7.992621898651123,-7.240847110748291
618,initial,-7.149097919464111,-6.509008407592773
619,initial,-8.11759090423584,-7.353542327880859
620,initial,-6.872256278991699,-6.409302711486816
621,initial,-7.391983509063721,-7.009142875671387
622,initial,-8.176005363464355,-7.832732200622559
623,initial,-6.509871006011963,-6.18129825592041
624,initial,-7.521310806274414,-6.95799446105957
625,initial,-7.1462554931640625,-7.145328521728516
626,initial,-8.079039573669434,-7.419334411621094
627,initial,-6.630818843841553,-6.253800868988037
628,initial,-6.882036209106445,-6.414628028869629
629,initial,-8.139878273010254,-7.439107894897461
630,initial,-7.800081253051758,-7.43860387802124
631,initial,-7.375021457672119,-6.9587273597717285
632,initial,-6.3585429191589355,-6.216300964355469
633,initial,-5.9603729248046875,-5.535438060760498
634,initial,-6.86472225189209,-6.446426868438721
635,initial,-5.927068710327148,-5.890122413635254
636,initial,-7.116514682769775,-6.597013473510742
637,initial,-6.091660976409912,-5.8582587242126465
638,initial,-7.555578708648682,-6.903470039367676
639,initial,-6.22780179977417,-5.796476364135742
640,initial,-8.049038887023926,-7.0320587158203125
641,initial,-7.606602191925049,-7.105744361877441
642,initial,-7.846915245056152,-7.328962326049805
643,initial,-8.460572242736816,-7.518748760223389
644,initial,-8.022414207458496,-7.106465816497803
645,initial,-8.729362487792969,-7.446341514587402
646,initial,-9.425782203674316,-8.827418327331543
647,initial,-7.553101062774658,-6.149830341339111
648,initial,-9.578152656555176,-8.433176040649414
649,initial,-9.077385902404785,-8.26433277130127
650,initial,-7.826452732086182,-7.188174247741699
651,initial,-7.341122627258301,-6.564123153686523
652,initial,-6.952521324157715,-6.088770389556885
653,initial,-7.598099231719971,-6.749106407165527
654,initial,-7.883205413818359,-7.019603729248047
655,initial,-8.905400276184082,-7.976737022399902
656,initial,-8.789684295654297,-7.549427509307861
657,initial,-8.955546379089355,-7.963901519775391
658,initial,-8.455443382263184,-7.730793476104736
659,initial,-8.322827339172363,-7.16977596282959
660,initial,-7.86329460144043,-7.056679725646973
661,initial,-5.7156758308410645,-5.3609113693237305
662,initial,-8.009811401367188,-7.488648414611816
663,initial,-7.317636489868164,-6.963728904724121
664,initial,-6.109460353851318,-5.913525104522705
665,initial,-6.25049352645874,-6.0542826652526855
666,initial,-5.785150051116943,-5.704832077026367
667,initial,-6.8467888832092285,-6.584970474243164
668,initial,-5.901059150695801,-5.643101215362549
669,initial,-4.994065284729004,-5.458747386932373
670,initial,-7.756866455078125,-6.9152703285217285
671,initial,-6.722219467163086,-6.128730773925781
672,initial,-6.948173999786377,-6.625231742858887
673,initial,-5.753367900848389,-5.370423793792725
674,initial,-7.756866455078125,-6.91526985168457
675,initial,-7.1707024574279785,-6.628842353820801
676,initial,-8.139355659484863,-7.641716957092285
677,initial,-6.395025730133057,-6.2056050300598145
678,initial,-6.821036338806152,-6.591287136077881
679,initial,-7.048107147216797,-6.546027660369873
680,initial,-7.104979038238525,-6.358588695526123
681,initial,-7.391167640686035,-6.478398323059082
682,initial,-6.577489852905273,-5.979930400848389
683,initial,-7.568700313568115,-6.8284735679626465
684,initial,-7.059146404266357,-6.588570594787598
685,initial,-6.301414966583252,-5.569154262542725
686,initial,-7.039578914642334,-6.731687068939209
687,initial,-6.3222198486328125,-6.241547584533691
688,initial,-7.177545070648193,-6.074272632598877
689,initial,-7.868996620178223,-7.240667343139648
690,initial,-6.502920627593994,-6.383463382720947
691,initial,-6.437790393829346,-5.770463943481445
692,initial,-7.073741436004639,-6.745774269104004
693,initial,-7.085288047790527,-6.440117835998535
694,initial,-7.328021049499512,-7.477174758911133
695,initial,-7.775803089141846,-7.352691650390625
696,initial,-8.085570335388184,-7.445660591125488
697,initial,-6.603877544403076,-6.226368427276611
698,initial,-6.801999568939209,-6.852720737457275
699,initial,-6.1781005859375,-5.87006950378418
0,final,-6.249689102172852,-5.057401180267334
1,final,-4.798218727111816,-4.347640037536621
2,final,-3.904109239578247,-3.4711079597473145
3,final,-6.199270725250244,-5.022096157073975
4,final,-5.772010803222656,-4.0996928215026855
5,final,-4.6059417724609375,-3.598832130432129
6,final,-7.545815944671631,-5.947859287261963
7,final,-4.776426792144775,-3.2179317474365234
8,final,-4.738219738006592,-3.3436150550842285
9,final,-3.904109239578247,-3.4711079597473145
10,final,-6.827399253845215,-4.797428131103516
11,final,-4.378884792327881,-3.712700366973877
12,final,-4.937905311584473,-3.5398929119110107
13,final,-5.944894313812256,-4.3148322105407715
14,final,-4.738219738006592,-3.3436150550842285
15,final,-7.1898040771484375,-5.266160488128662
16,final,-4.784293174743652,-3.543672561645508
17,final,-4.601345062255859,-4.538523197174072
18,final,-6.600019931793213,-6.049605846405029
19,final,-5.599156379699707,-4.490288734436035
20,final,-4.820197582244873,-4.210385799407959
21,final,-5.051685810089111,-3.907442331314087
22,final,-6.206416130065918,-4.646137237548828
23,final,-5.4191670417785645,-4.031417369842529
24,final,-6.649205207824707,-4.752065181732178
25,final,-5.4191670417785645,-4.031417369842529
26,final,-7.143890380859375,-5.195311069488525
27,final,-7.769007682800293,-6.204799652099609
28,final,-5.9684882164001465,-4.986987590789795
29,final,-7.122273921966553,-5.240540981292725
30,final,-5.253181457519531,-4.494173526763916
31,final,-5.334597110748291,-3.7347583770751953
32,final,-6.206416130065918,-4.646137714385986
33,final,-5.334596633911133,-3.7347583770751953
34,final,-5.220317363739014,-4.177919864654541
35,final,-6.4598517417907715,-5.293838024139404
36,final,-5.9684882164001465,-4.986987590789795
37,final,-5.334596633911133,-3.7347583770751953
38,final,-4.58380651473999,-3.8466265201568604
39,final,-4.560398101806641,-3.779954433441162
40,final,-5.010687828063965,-4.568002700805664
41,final,-5.091858386993408,-4.2170729637146
42,final,-5.687588214874268,-4.739881992340088
43,final,-7.001180171966553,-5.757389068603516
44,final,-5.283539772033691,-4.903872966766357
45,final,-5.072441101074219,-4.170981407165527
46,final,-5.162690162658691,-4.58156156539917
47,final,-6.319649696350098,-5.542810440063477
48,final,-6.9754157066345215,-5.9849700927734375
49,final,-5.477882385253906,-4.892714977264404
50,final,-6.3790106773376465,-5.024242401123047
51,final,-6.563346862792969,-5.128898620605469
52,final,-6.172614097595215,-5.2670488357543945
53,final,-5.763274669647217,-5.383328437805176
54,final,-5.969413757324219,-4.987259864807129
55,final,-6.1154608726501465,-5.109078407287598
56,final,-5.0157012939453125,-4.47111177444458
57,final,-4.747011184692383,-3.979255199432373
58,final,-5.646411418914795,-4.314632415771484
59,final,-5.842787265777588,-4.610633850097656
60,final,-5.427060604095459,-4.329906940460205
61,final,-6.079821586608887,-4.5981855392456055
62,final,-7.261785984039307,-5.686792373657227
63,final,-7.934813499450684,-5.596993923187256
64,final,-7.116886615753174,-6.065971851348877
65,final,-5.603382110595703,-4.098792552947998
66,final,-6.12855339050293,-4.552465915679932
67,final,-8.429071426391602,-6.214780330657959
68,final,-7.0664777755737305,-5.554933071136475
69,final,-6.870835781097412,-4.697490215301514
70,final,-7.637691020965576,-5.362580299377441
71,final,-7.847781181335449,-6.010195255279541
72,final,-6.984373092651367,-4.82418155670166
73,final,-6.420542240142822,-4.7405877113342285
74,final,-6.156149387359619,-4.427791595458984
75,final,-7.399311065673828,-5.347025394439697
76,final,-5.858026504516602,-4.3547515869140625
77,final,-8.063627243041992,-5.353277683258057
78,final,-5.875030040740967,-4.899173259735107
79,final,-6.670381546020508,-5.236844539642334
80,final,-4.388576030731201,-3.572460889816284
81,final,-4.261220455169678,-3.575732707977295
82,final,-6.178144931793213,-4.955619812011719
83,final,-5.6189866065979,-4.725931644439697
84,final,-5.254028797149658,-4.2671685218811035
85,final,-6.669102191925049,-5.1595282554626465
86,final,-5.7501935958862305,-4.866419315338135
87,final,-5.3275370597839355,-4.528306007385254
88,final,-5.195826053619385,-4.3215718269348145
89,final,-4.766953945159912,-4.024632930755615
90,final,-5.3340253829956055,-4.083021640777588
91,final,-7.2478508949279785,-5.515734672546387
92,final,-4.051200866699219,-3.373690366744995
93,final,-5.190380096435547,-4.067782878875732
94,final,-5.217142581939697,-3.9667930603027344
95,final,-5.1732401847839355,-4.344908237457275
96,final,-5.216311454772949,-4.0846028327941895
97,final,-4.721438407897949,-3.9683761596679688
98,final,-7.019318580627441,-5.658236026763916
99,final,-5.426065444946289,-4.1180291175842285
100,final,-7.296581268310547,-5.990113258361816
101,final,-4.704397678375244,-3.8975658416748047
102,final,-6.061710834503174,-4.948182106018066
103,final,-4.720559120178223,-3.5014500617980957
104,final,-4.720559120178223,-3.5014500617980957
105,final,-5.612825870513916,-4.4567975997924805
106,final,-5.384974956512451,-4.246195316314697
107,final,-6.541676998138428,-5.532990455627441
108,final,-4.190921306610107,-3.546527624130249
109,final,-6.642134189605713,-5.735306262969971
110,final,-6.328427791595459,-4.720210075378418
111,final,-5.04699182510376,-4.07889461517334
112,final,-6.02105188369751,-4.553055286407471
113,final,-6.399324417114258,-4.536038875579834
114,final,-4.559781551361084,-3.7793867588043213
115,final,-5.979074954986572,-5.119963645935059
116,final,-6.173484802246094,-4.71864652633667
117,final,-6.3559250831604,-5.077837944030762
118,final,-5.384974956512451,-4.246195316314697
119,final,-7.462767124176025,-5.749579906463623
120,final,-3.6331303119659424,-2.6246745586395264
121,final,-4.181763648986816,-2.7733848094940186
122,final,-4.3915019035339355,-3.2513766288757324
123,final,-5.7539567947387695,-3.876136064529419
124,final,-4.851497650146484,-3.4886372089385986
125,final,-6.908641815185547,-4.850852012634277
126,final,-6.231407165527344,-4.912559986114502
127,final,-5.774953365325928,-3.9528942108154297
128,final,-4.442950248718262,-3.216887950897217
129,final,-5.851668834686279,-4.145164966583252
130,final,-5.572463035583496,-3.846529722213745
131,final,-5.614875793457031,-4.256425857543945
132,final,-4.401172161102295,-3.270968198776245
133,final,-6.3505048751831055,-4.474607467651367
134,final,-5.851668834686279,-4.145164966583252
135,final,-4.81733512878418,-3.001777410507202
136,final,-3.9673678874969482,-2.695158004760742
137,final,-4.81733512878418,-3.001777410507202
138,final,-6.908642768859863,-4.850852012634277
139,final,-5.455430507659912,-4.312567234039307
140,final,-4.472718715667725,-3.6853926181793213
141,final,-5.466862201690674,-4.452172756195068
142,final,-6.048405647277832,-4.853596210479736
143,final,-4.612490653991699,-3.6501851081848145
144,final,-6.24666166305542,-4.890451431274414
145,final,-5.569512367248535,-4.4722113609313965
146,final,-6.875380516052246,-5.457742214202881
147,final,-6.6526570320129395,-5.388252258300781
148,final,-5.872053146362305,-4.632654190063477
149,final,-5.03292179107666,-4.045995712280273
150,final,-5.034160137176514,-4.187990665435791
151,final,-5.330140113830566,-4.387653827667236
152,final,-5.899714469909668,-4.847670555114746
153,final,-5.574759006500244,-4.511443614959717
154,final,-4.472718715667725,-3.6853926181793213
155,final,-6.875380516052246,-5.457742214202881
156,final,-6.039937496185303,-4.806785583496094
157,final,-6.45380163192749,-5.078542232513428
158,final,-4.795574188232422,-3.8714914321899414
159,final,-6.875380516052246,-5.457742214202881
160,final,-5.8521504402160645,-3.865135908126831
161,final,-6.69345760345459,-4.2667670249938965
162,final,-8.065220832824707,-5.590895652770996
163,final,-7.495497703552246,-5.195175647735596
164,final,-7.905545234680176,-5.15678596496582
165,final,-4.282487869262695,-2.7293925285339355
166,final,-5.776236057281494,-3.9405200481414795
167,final,-7.495497703552246,-5.195175647735596
168,final,-6.265178680419922,-4.8864617347717285
169,final,-5.663241863250732,-4.096068859100342
170,final,-7.045172691345215,-4.752963542938232
171,final,-5.55224609375,-3.491499662399292
172,final,-5.371530532836914,-3.7974720001220703
173,final,-6.637383937835693,-4.702030658721924
174,final,-8.007209777832031,-4.987721920013428
175,final,-5.645748138427734,-3.959141254425049
176,final,-7.825689792633057,-5.230441093444824
177,final,-4.919661998748779,-3.419588804244995
178,final,-6.016835689544678,-4.330540180206299
179,final,-6.462765693664551,-4.673726558685303
180,final,-5.04306697845459,-3.6749589443206787
181,final,-3.735642671585083,-3.196582317352295
182,final,-4.091392517089844,-3.4196693897247314
183,final,-4.681396961212158,-4.172126770019531
184,final,-4.816917419433594,-4.005120277404785
185,final,-5.566415309906006,-4.265132427215576
186,final,-5.566781044006348,-4.098304748535156
187,final,-6.476391792297363,-5.25262451171875
188,final,-3.854116201400757,-3.327589273452759
189,final,-5.09403133392334,-4.302897930145264
190,final,-5.241047382354736,-4.204566478729248
191,final,-5.04306697845459,-3.6749589443206787
192,final,-5.703084945678711,-4.624293327331543
193,final,-5.510452747344971,-4.243330955505371
194,final,-5.2798638343811035,-4.3016357421875
195,final,-5.777260780334473,-4.900389671325684
196,final,-5.948907375335693,-4.8817644119262695
197,final,-6.377996921539307,-5.003022193908691
198,final,-6.66934871673584,-5.027053356170654
199,final,-4.253030776977539,-3.44097900390625
200,final,-3.4673140048980713,-2.7478020191192627
201,final,-5.610971927642822,-4.632105350494385
202,final,-4.967231273651123,-4.0751800537109375
203,final,-5.49214506149292,-4.036632537841797
204,final,-5.49214506149292,-4.036632537841797
205,final,-4.856502056121826,-4.000442028045654
206,final,-5.520601272583008,-4.785632133483887
207,final,-5.70507287979126,-4.473291873931885
208,final,-5.49214506149292,-4.036632537841797
209,final,-4.856502056121826,-4.000442028045654
210,final,-5.319101333618164,-3.8443946838378906
211,final,-5.488189697265625,-4.506015777587891
212,final,-5.488189697265625,-4.506015777587891
213,final,-5.105757236480713,-4.1915364265441895
214,final,-5.319101333618164,-3.8443946838378906
215,final,-4.93995475769043,-4.021499156951904
216,final,-6.819955348968506,-5.303680896759033
217,final,-7.0831618309021,-5.42874813079834
218,final,-5.028347492218018,-3.9817123413085938
219,final,-4.424300670623779,-3.084848642349243
220,final,-5.4673752784729,-4.85195779800415
221,final,-4.359654426574707,-4.284208297729492
222,final,-6.09301233291626,-5.665505886077881
223,final,-5.353813171386719,-4.943762302398682
224,final,-5.727652072906494,-5.191797256469727
225,final,-5.524722576141357,-5.358483791351318
226,final,-4.998067378997803,-4.789165019989014
227,final,-5.476405143737793,-5.071037292480469
228,final,-5.3697614669799805,-5.167579650878906
229,final,-5.524722576141357,-5.358483791351318
230,final,-6.438321590423584,-5.646385192871094
231,final,-4.301242828369141,-4.161222457885742
232,final,-5.688654899597168,-4.68674898147583
233,final,-5.620387077331543,-4.978060245513916
234,final,-6.416384220123291,-5.708086967468262
235,final,-5.762437343597412,-5.172383785247803
236,final,-4.907485485076904,-4.4301862716674805
237,final,-5.097774982452393,-4.734993934631348
238,final,-5.932562828063965,-5.4348464012146
239,final,-5.039140224456787,-4.903560161590576
240,final,-4.927397727966309,-4.35890531539917
241,final,-5.856332302093506,-5.238791465759277
242,final,-6.137901306152344,-5.139005661010742
243,final,-5.396683692932129,-4.939495086669922
244,final,-6.16272497177124,-5.114814758300781
245,final,-6.151531219482422,-5.444284915924072
246,final,-5.127254009246826,-4.4647088050842285
247,final,-6.502126216888428,-5.777903079986572
248,final,-6.1884765625,-5.540585517883301
249,final,-5.9524245262146,-5.232285022735596
250,final,-5.902740478515625,-5.00337553024292
251,final,-5.440501689910889,-4.842209339141846
252,final,-6.02797794342041,-5.463868618011475
253,final,-5.09437370300293,-4.538567543029785
254,final,-5.222463607788086,-4.498171329498291
255,final,-5.936048984527588,-5.2782464027404785
256,final,-6.671854496002197,-5.806774139404297
257,final,-6.005198955535889,-5.2736101150512695
258,final,-4.97335147857666,-4.29343843460083
259,final,-4.744762897491455,-4.131387710571289
260,final,-6.6014604568481445,-5.939995765686035
261,final,-5.226218223571777,-4.874963760375977
262,final,-5.0152764320373535,-4.4199066162109375
263,final,-5.828385829925537,-5.319023132324219
264,final,-5.838237285614014,-5.174717426300049
265,final,-4.7854509353637695,-4.4999098777771
266,final,-5.1652021408081055,-4.825408458709717
267,final,-4.944162368774414,-4.753743648529053
268,final,-5.375975131988525,-4.806819915771484
269,final,-5.329585552215576,-4.925764560699463
270,final,-5.851174354553223,-5.45194673538208
271,final,-4.531824111938477,-4.3086676597595215
272,final,-5.194411754608154,-4.717769145965576
273,final,-5.339715957641602,-4.967268466949463
274,final,-6.3286452293396,-5.66158390045166
275,final,-4.6344404220581055,-4.367541790008545
276,final,-4.775244235992432,-4.341456413269043
277,final,-4.88756799697876,-4.71335506439209
278,final,-5.0514631271362305,-4.864651203155518
279,final,-5.6969170570373535,-5.051166534423828
280,final,-7.380417346954346,-6.424797058105469
281,final,-5.857521057128906,-4.951221466064453
282,final,-6.936530113220215,-6.150501728057861
283,final,-5.861011505126953,-5.514398097991943
284,final,-5.310330867767334,-4.491555213928223
285,final,-5.890914440155029,-4.866926193237305
286,final,-6.723437786102295,-5.3438615798950195
287,final,-7.136824607849121,-5.924036026000977
288,final,-6.347218990325928,-5.662991046905518
289,final,-6.047303676605225,-4.696898460388184
290,final,-5.639640808105469,-5.277695655822754
291,final,-7.216884136199951,-5.720190048217773
292,final,-5.915714740753174,-5.705714225769043
293,final,-6.78005313873291,-5.374270915985107
294,final,-5.813152313232422,-4.538228988647461
295,final,-6.2464447021484375,-5.218245506286621
296,final,-5.869952201843262,-5.125947952270508
297,final,-7.345031261444092,-6.37778902053833
298,final,-5.528000831604004,-5.279102802276611
299,final,-5.960172176361084,-5.467245578765869
300,final,-5.961512088775635,-5.081892013549805
301,final,-5.937027454376221,-5.255432605743408
302,final,-4.846994876861572,-4.168028831481934
303,final,-6.134004592895508,-5.041021347045898
304,final,-6.096574783325195,-5.2550225257873535
305,final,-6.1165289878845215,-5.452686786651611
306,final,-7.632871627807617,-6.185973167419434
307,final,-5.055822849273682,-4.428535461425781
308,final,-5.1647047996521,-4.44899320602417
309,final,-5.146807670593262,-4.15147590637207
310,final,-6.898930549621582,-5.832090377807617
311,final,-5.494552135467529,-4.851753234863281
312,final,-6.149745464324951,-5.174129486083984
313,final,-5.249248027801514,-4.670013904571533
314,final,-4.792023181915283,-4.196145534515381
315,final,-4.863692760467529,-3.9170851707458496
316,final,-4.568797588348389,-3.8410820960998535
317,final,-6.014400005340576,-5.116650104522705
318,final,-4.685941696166992,-3.893134832382202
319,final,-7.2912116050720215,-6.022590637207031
320,final,-4.82417106628418,-3.7640480995178223
321,final,-5.337366580963135,-4.666836261749268
322,final,-5.869817733764648,-5.207888126373291
323,final,-5.610546112060547,-4.618191719055176
324,final,-6.1733269691467285,-5.392769813537598
325,final,-4.736026287078857,-4.1460113525390625
326,final,-5.348433017730713,-4.720681667327881
327,final,-6.360398769378662,-5.5518269538879395
328,final,-4.278658390045166,-3.7437520027160645
329,final,-5.397198677062988,-4.62000036239624
330,final,-4.7489447593688965,-4.210577964782715
331,final,-5.4373931884765625,-4.761326313018799
332,final,-5.683226585388184,-4.967327117919922
333,final,-4.828399658203125,-4.026603698730469
334,final,-4.392358779907227,-3.8768222332000732
335,final,-5.005754470825195,-4.294454574584961
336,final,-5.373807430267334,-4.654830455780029
337,final,-6.304263591766357,-5.375526428222656
338,final,-4.346258163452148,-3.2985825538635254
339,final,-5.536717414855957,-4.098429203033447
340,final,-4.577463626861572,-4.819048881530762
341,final,-7.55373477935791,-6.379438400268555
342,final,-6.06754732131958,-4.63102388381958
343,final,-7.208282470703125,-5.773500919342041
344,final,-5.329811096191406,-4.782890319824219
345,final,-4.425800800323486,-4.096049785614014
346,final,-6.605923652648926,-5.351844310760498
347,final,-6.00883674621582,-5.4845123291015625
348,final,-6.470707893371582,-5.548196792602539
349,final,-5.671233654022217,-5.0901031494140625
350,final,-6.309164524078369,-6.222829818725586
351,final,-7.247000694274902,-6.498394012451172
352,final,-5.013598918914795,-4.509383678436279
353,final,-6.149511814117432,-4.817185878753662
354,final,-4.301270484924316,-3.5252583026885986
355,final,-5.044033050537109,-5.219289302825928
356,final,-6.5645928382873535,-6.410542964935303
357,final,-7.037689208984375,-6.666500568389893
358,final,-6.863160610198975,-5.474626064300537
359,final,-5.024720191955566,-4.5276641845703125
360,final,-5.8099188804626465,-4.8936309814453125
361,final,-7.214228630065918,-5.5441508293151855
362,final,-5.033299922943115,-4.551231861114502
363,final,-4.814313888549805,-4.5730977058410645
364,final,-5.054896354675293,-4.542252063751221
365,final,-6.075742244720459,-5.242702960968018
366,final,-6.387961387634277,-5.886962413787842
367,final,-5.253370761871338,-4.893916606903076
368,final,-6.46194314956665,-5.930282115936279
369,final,-8.162752151489258,-7.2176079750061035
370,final,-7.067403316497803,-5.718953609466553
371,final,-7.297183036804199,-6.525108337402344
372,final,-7.176713466644287,-6.02467155456543
373,final,-7.052864074707031,-6.398046970367432
374,final,-5.292102813720703,-4.880965709686279
375,final,-5.090607643127441,-5.081903457641602
376,final,-5.824034690856934,-5.247807025909424
377,final,-7.214228630065918,-5.5441508293151855
378,final,-4.814313888549805,-4.5730977058410645
379,final,-5.553640365600586,-4.894251346588135
380,final,-5.282586574554443,-4.933071613311768
381,final,-6.275527000427246,-5.165633678436279
382,final,-5.833805084228516,-5.205526828765869
383,final,-7.78228235244751,-6.909730911254883
384,final,-5.770744323730469,-5.371009826660156
385,final,-5.857646465301514,-5.524107456207275
386,final,-5.610900402069092,-4.712617874145508
387,final,-7.118227481842041,-6.265120983123779
388,final,-6.414606094360352,-5.762517929077148
389,final,-6.002438068389893,-5.581772804260254
390,final,-5.140205383300781,-5.204789161682129
391,final,-6.517715930938721,-5.904098033905029
392,final,-5.594412803649902,-5.156973838806152
393,final,-7.140248775482178,-6.393349647521973
394,final,-5.654245853424072,-5.469096660614014
395,final,-6.802459716796875,-6.156304836273193
396,final,-5.914353370666504,-5.304739952087402
397,final,-5.698019981384277,-5.283205986022949
398,final,-5.192760467529297,-4.935147762298584
399,final,-5.280837059020996,-4.777807235717773
400,final,-8.293822288513184,-6.682788372039795
401,final,-7.478880405426025,-6.120365142822266
402,final,-8.695333480834961,-7.531161785125732
403,final,-6.715716361999512,-5.178394794464111
404,final,-7.2825188636779785,-5.712975978851318
405,final,-6.333592414855957,-5.329325199127197
406,final,-6.2703118324279785,-5.5634307861328125
407,final,-6.770904541015625,-5.3871049880981445
408,final,-7.802768707275391,-5.997313499450684
409,final,-7.433602809906006,-6.441158771514893
410,final,-6.601106643676758,-4.629798412322998
411,final,-7.5206146240234375,-6.547372341156006
412,final,-6.8660736083984375,-5.248236179351807
413,final,-5.71204137802124,-4.695582866668701
414,final,-6.369691371917725,-5.876131534576416
415,final,-6.319735527038574,-5.570746898651123
416,final,-7.735021114349365,-6.736972808837891
417,final,-6.619856357574463,-5.619544506072998
418,final,-5.48095703125,-4.216075897216797
419,final,-6.715716361999512,-5.178394794464111
420,final,-5.933162689208984,-5.280726432800293
421,final,-5.2683916091918945,-5.247007846832275
422,final,-5.114327907562256,-4.523772239685059
423,final,-5.413198471069336,-4.585904598236084
424,final,-5.748392581939697,-5.427608966827393
425,final,-7.018429279327393,-6.09489631652832
426,final,-7.1817708015441895,-6.081222057342529
427,final,-7.799630165100098,-6.51420783996582
428,final,-7.077467918395996,-5.952080726623535
429,final,-5.683560848236084,-5.336114406585693
430,final,-7.119833469390869,-6.579446315765381
431,final,-5.7853827476501465,-4.9815778732299805
432,final,-5.257180690765381,-4.721762657165527
433,final,-6.986126899719238,-6.136845588684082
434,final,-6.567886829376221,-6.068767070770264
435,final,-5.627758026123047,-5.0548553466796875
436,final,-5.432638168334961,-4.535614967346191
437,final,-4.330418109893799,-3.8211417198181152
438,final,-4.789193630218506,-4.53012228012085
439,final,-6.2777814865112305,-5.821484565734863
440,final,-5.960287570953369,-4.476513862609863
441,final,-4.698608875274658,-4.502289772033691
442,final,-5.436326503753662,-4.9133758544921875
443,final,-4.54762601852417,-3.880570411682129
444,final,-5.667356967926025,-4.192320823669434
445,final,-6.263051509857178,-5.343169212341309
446,final,-5.813961505889893,-5.222682476043701
447,final,-6.981601715087891,-5.948006629943848
448,final,-5.080772399902344,-4.085058689117432
449,final,-4.794741630554199,-4.069584369659424
450,final,-5.665781497955322,-4.629768371582031
451,final,-4.89104700088501,-4.694999694824219
452,final,-6.232538223266602,-5.3881096839904785
453,final,-4.764873027801514,-3.7419185638427734
454,final,-5.281289100646973,-4.607252597808838
455,final,-5.588420391082764,-5.00587797164917
456,final,-4.793919563293457,-4.187568664550781
457,final,-5.221330642700195,-4.630680561065674
458,final,-4.875157833099365,-4.338169097900391
459,final,-5.964078903198242,-4.982090473175049
460,final,-5.926455497741699,-5.49683141708374
461,final,-3.727591037750244,-4.045492649078369
462,final,-4.166266441345215,-4.513988971710205
463,final,-5.825463771820068,-5.860827445983887
464,final,-5.51500940322876,-5.456695556640625
465,final,-5.0808186531066895,-5.314523696899414
466,final,-3.76686429977417,-4.035390853881836
467,final,-4.357232093811035,-4.560091972351074
468,final,-4.80244779586792,-5.079539775848389
469,final,-4.461052894592285,-4.690430164337158
470,final,-5.653311729431152,-5.741628646850586
471,final,-6.243885517120361,-5.581830978393555
472,final,-4.601707458496094,-4.875813961029053
473,final,-4.808076858520508,-4.909482479095459
474,final,-5.359757423400879,-5.607064247131348
475,final,-4.3105363845825195,-4.718719482421875
476,final,-4.2119855880737305,-4.528443336486816
477,final,-4.61823844909668,-4.7674479484558105
478,final,-3.578470468521118,-4.115527153015137
479,final,-4.34188985824585,-4.594460964202881
480,final,-5.284025192260742,-5.37293815612793
481,final,-4.937017440795898,-4.957542896270752
482,final,-6.141807556152344,-6.0174360275268555
483,final,-4.310052394866943,-4.483118057250977
484,final,-3.559128761291504,-3.4484755992889404
485,final,-5.089776515960693,-4.9848856925964355
486,final,-5.089776515960693,-4.9848856925964355
487,final,-5.7107834815979,-5.442710876464844
488,final,-3.5507912635803223,-3.8781144618988037
489,final,-6.137664794921875,-5.613295555114746
490,final,-5.734452724456787,-5.499197483062744
491,final,-6.427699565887451,-6.118535995483398
492,final,-5.089776515960693,-4.9848856925964355
493,final,-3.663938045501709,-3.8971121311187744
494,final,-4.251460075378418,-4.4614410400390625
495,final,-5.256172180175781,-4.67415189743042
496,final,-4.0484771728515625,-4.152151584625244
497,final,-3.987626075744629,-4.093729496002197
498,final,-3.663938045501709,-3.8971121311187744
499,final,-5.052671909332275,-4.492949485778809
500,final,-4.379415035247803,-4.740434169769287
501,final,-4.087732315063477,-4.138737201690674
502,final,-4.830758094787598,-4.981258869171143
503,final,-6.481903076171875,-6.414589881896973
504,final,-4.342211723327637,-4.455163478851318
505,final,-4.681838035583496,-4.679891109466553
506,final,-4.672657012939453,-4.678508281707764
507,final,-6.041084289550781,-5.9868669509887695
508,final,-4.753936767578125,-4.622681617736816
509,final,-4.658515453338623,-4.721502304077148
510,final,-6.379085540771484,-5.89635705947876
511,final,-5.718809127807617,-5.666120529174805
512,final,-4.958905220031738,-5.119377613067627
513,final,-5.061205863952637,-4.913498401641846
514,final,-4.863237380981445,-5.210597515106201
515,final,-5.62403678894043,-5.338664531707764
516,final,-5.202092170715332,-5.261393070220947
517,final,-3.712860345840454,-3.962819814682007
518,final,-5.551699638366699,-5.781662464141846
519,final,-6.715341567993164,-6.682807922363281
520,final,-6.00421142578125,-5.560933589935303
521,final,-4.464419364929199,-4.603151798248291
522,final,-5.693881511688232,-5.443758487701416
523,final,-5.775407791137695,-5.365694522857666
524,final,-3.698408842086792,-3.76897931098938
525,final,-6.089677333831787,-5.795836448669434
526,final,-3.7240567207336426,-3.8169214725494385
527,final,-4.6623005867004395,-4.387916564941406
528,final,-7.2021636962890625,-6.025043487548828
529,final,-5.746541976928711,-5.358211517333984
530,final,-4.475820541381836,-4.626752853393555
531,final,-7.05415678024292,-6.755975723266602
532,final,-6.132065773010254,-5.3011016845703125
533,final,-5.0672807693481445,-4.825903415679932
534,final,-5.568877220153809,-5.046154975891113
535,final,-4.565369606018066,-4.832142353057861
536,final,-4.126353740692139,-4.103237628936768
537,final,-7.05415678024292,-6.755975723266602
538,final,-4.341835975646973,-4.414483547210693
539,final,-4.9988226890563965,-5.224846363067627
540,final,-4.478793144226074,-4.370736598968506
541,final,-4.203718662261963,-4.343091011047363
542,final,-5.046910285949707,-4.909043788909912
543,final,-4.305530548095703,-4.3204665184021
544,final,-4.554266929626465,-4.532134056091309
545,final,-4.222302436828613,-4.1304121017456055
546,final,-4.554577827453613,-4.447194576263428
547,final,-5.887333393096924,-5.2756733894348145
548,final,-4.100941181182861,-4.428726673126221
549,final,-4.337820529937744,-4.504957675933838
550,final,-5.1157755851745605,-4.748410224914551
551,final,-5.381479740142822,-5.117680072784424
552,final,-4.283073902130127,-4.174365520477295
553,final,-5.412111759185791,-5.095401287078857
554,final,-5.909487724304199,-5.53985071182251
555,final,-5.804884433746338,-5.604877948760986
556,final,-4.612292766571045,-4.467634677886963
557,final,-5.046505451202393,-4.787888526916504
558,final,-4.117851257324219,-4.228314399719238
559,final,-4.906436920166016,-4.686278343200684
560,final,-4.799917221069336,-4.6846442222595215
561,final,-4.484098434448242,-4.5330352783203125
562,final,-5.518460273742676,-5.621618270874023
563,final,-4.621284484863281,-4.57305908203125
564,final,-5.985290050506592,-5.601186752319336
565,final,-3.5445799827575684,-3.887500762939453
566,final,-4.374069690704346,-4.142398834228516
567,final,-4.6011962890625,-4.396503448486328
568,final,-4.403471946716309,-4.252549171447754
569,final,-5.233087539672852,-5.013624668121338
570,final,-5.568172454833984,-5.481973648071289
571,final,-4.760672569274902,-4.597538471221924
572,final,-4.584959030151367,-4.1910481452941895
573,final,-5.406391620635986,-5.353267192840576
574,final,-3.745357036590576,-3.5923655033111572
575,final,-3.9617743492126465,-4.084132671356201
576,final,-4.213992118835449,-4.199254035949707
577,final,-3.5621497631073,-3.6154000759124756
578,final,-4.067531108856201,-4.215722560882568
579,final,-3.62137770652771,-3.6405727863311768
580,final,-4.001613140106201,-3.994936466217041
581,final,-4.704141139984131,-4.071803092956543
582,final,-4.361073017120361,-3.891373634338379
583,final,-5.0903754234313965,-4.432043552398682
584,final,-4.762957572937012,-4.479550361633301
585,final,-3.5188496112823486,-3.1323773860931396
586,final,-3.4408071041107178,-3.226461172103882
587,final,-4.779888153076172,-4.358119010925293
588,final,-3.9535953998565674,-3.9367005825042725
589,final,-4.7398600578308105,-4.109787940979004
590,final,-4.610327243804932,-4.08854341506958
591,final,-5.012869358062744,-4.351897716522217
592,final,-5.082825660705566,-4.331314563751221
593,final,-4.514046669006348,-4.10892391204834
594,final,-3.155461549758911,-2.6741204261779785
595,final,-4.779856204986572,-4.030062675476074
596,final,-3.308715581893921,-2.874871253967285
597,final,-4.267425060272217,-3.749722719192505
598,final,-5.965356349945068,-4.796276569366455
599,final,-3.7822487354278564,-3.415513277053833
600,final,-6.324674129486084,-5.496159076690674
601,final,-5.706874847412109,-4.582917213439941
602,final,-6.159477233886719,-5.170155048370361
603,final,-5.5460124015808105,-4.579357624053955
604,final,-6.324674129486084,-5.496159076690674
605,final,-4.505802631378174,-3.652268886566162
606,final,-5.868443012237549,-4.853984832763672
607,final,-5.202178478240967,-4.481422424316406
608,final,-5.46687650680542,-4.531815528869629
609,final,-5.79660177230835,-4.690815448760986
610,final,-4.411571502685547,-3.6262903213500977
611,final,-6.159478664398193,-5.170156002044678
612,final,-4.43435525894165,-3.6553516387939453
613,final,-4.4387335777282715,-3.6553690433502197
614,final,-4.242763519287109,-3.2347817420959473
615,final,-5.57760763168335,-4.693629741668701
616,final,-4.338897228240967,-3.647286891937256
617,final,-6.09506368637085,-4.637444019317627
618,final,-4.318915843963623,-3.6134839057922363
619,final,-6.492067813873291,-5.450016498565674
620,final,-5.1553168296813965,-4.520693302154541
621,final,-6.244980812072754,-5.3282012939453125
622,final,-6.128484725952148,-5.718003749847412
623,final,-4.085904598236084,-3.826136827468872
624,final,-4.213893890380859,-3.8416426181793213
625,final,-5.153460502624512,-4.925809383392334
626,final,-6.205872535705566,-5.714398384094238
627,final,-4.106196403503418,-3.855802059173584
628,final,-4.4678449630737305,-3.7101314067840576
629,final,-5.5798444747924805,-5.130616188049316
630,final,-5.576236724853516,-5.01660680770874
631,final,-5.091355800628662,-4.465587139129639
632,final,-4.257345199584961,-4.142514228820801
633,final,-4.469768047332764,-3.8572769165039062
634,final,-5.479452610015869,-4.743320941925049
635,final,-3.888289213180542,-3.3999953269958496
636,final,-6.188454627990723,-5.317739009857178
637,final,-4.757883071899414,-4.046547889709473
638,final,-5.906244277954102,-5.178837299346924
639,final,-4.091833114624023,-3.3787035942077637
640,final,-5.485935688018799,-4.577568054199219
641,final,-4.827892780303955,-4.307730674743652
642,final,-5.354188442230225,-4.275275707244873
643,final,-4.490203380584717,-4.044172763824463
644,final,-6.186456680297852,-5.735703468322754
645,final,-4.906324863433838,-4.489136695861816
646,final,-5.9027099609375,-5.167359352111816
647,final,-4.898508071899414,-4.082488059997559
648,final,-5.797189712524414,-4.912426948547363
649,final,-5.367284297943115,-4.785969257354736
650,final,-5.34848690032959,-4.8698015213012695
651,final,-4.279339790344238,-3.4883923530578613
652,final,-4.836437702178955,-3.9493210315704346
653,final,-4.640008449554443,-3.6896650791168213
654,final,-5.2296013832092285,-4.79125452041626
655,final,-6.1082282066345215,-4.782226085662842
656,final,-6.845747470855713,-5.448144435882568
657,final,-5.861616611480713,-5.4446330070495605
658,final,-5.824662685394287,-4.696455478668213
659,final,-5.081157684326172,-4.156332492828369
660,final,-5.98582649230957,-4.910429954528809
661,final,-4.573232173919678,-4.048641681671143
662,final,-6.5958051681518555,-5.77152681350708
663,final,-5.895054340362549,-4.974947929382324
664,final,-4.731898307800293,-4.424457550048828
665,final,-4.740403175354004,-4.428831100463867
666,final,-3.7617523670196533,-3.578289270401001
667,final,-5.804821491241455,-4.890441417694092
668,final,-5.4656195640563965,-4.76317024230957
669,final,-3.2607421875,-3.24983811378479
670,final,-6.128300189971924,-5.332239627838135
671,final,-4.7312750816345215,-3.838620662689209
672,final,-5.175597667694092,-4.488122940063477
673,final,-4.565762996673584,-3.867267608642578
674,final,-6.128300666809082,-5.332239151000977
675,final,-5.617451190948486,-4.999882221221924
676,final,-6.610335350036621,-5.822260856628418
677,final,-4.6186347007751465,-4.136526584625244
678,final,-4.890988349914551,-4.334563732147217
679,final,-5.173007488250732,-4.406661510467529
680,final,-5.168248176574707,-4.448401927947998
681,final,-4.429314136505127,-3.329068899154663
682,final,-4.5753889083862305,-3.9896554946899414
683,final,-5.446063041687012,-4.570685386657715
684,final,-4.551976203918457,-3.7104363441467285
685,final,-4.396236896514893,-3.7451820373535156
686,final,-4.7470808029174805,-3.5698788166046143
687,final,-3.6558308601379395,-3.445335865020752
688,final,-5.273242473602295,-4.10074520111084
689,final,-5.055172443389893,-4.2292280197143555
690,final,-4.67185115814209,-3.8241119384765625
691,final,-4.027126789093018,-3.2905213832855225
692,final,-5.915495872497559,-5.431150913238525
693,final,-3.965667247772217,-3.463245153427124
694,final,-4.54339599609375,-4.40756368637085
695,final,-5.339752197265625,-4.678351879119873
696,final,-5.418734073638916,-4.971784591674805
697,final,-3.6364307403564453,-3.3097949028015137
698,final,-5.102181434631348,-4.272520065307617
699,final,-3.8478336334228516,-3.10638165473938
0,best,-6.249689102172852,-5.057401180267334
1,best,-4.798218727111816,-4.347640037536621
2,best,-3.904109239578247,-3.4711079597473145
3,best,-6.199270725250244,-5.022096157073975
4,best,-5.772010803222656,-4.0996928215026855
5,best,-4.6059417724609375,-3.598832130432129
6,best,-7.545815944671631,-5.947859287261963
7,best,-4.776426792144775,-3.2179317474365234
8,best,-4.738219738006592,-3.3436150550842285
9,best,-3.904109239578247,-3.4711079597473145
10,best,-6.827399253845215,-4.797428131103516
11,best,-4.378884792327881,-3.712700366973877
12,best,-4.937905311584473,-3.5398929119110107
13,best,-5.944894313812256,-4.3148322105407715
14,best,-4.738219738006592,-3.3436150550842285
15,best,-7.1898040771484375,-5.266160488128662
16,best,-4.784293174743652,-3.543672561645508
17,best,-4.601345062255859,-4.538523197174072
18,best,-6.600019931793213,-6.049605846405029
19,best,-5.599156379699707,-4.490288734436035
20,best,-4.820197582244873,-4.210385799407959
21,best,-5.051685810089111,-3.907442331314087
22,best,-6.206416130065918,-4.646137237548828
23,best,-5.4191670417785645,-4.031417369842529
24,best,-6.649205207824707,-4.752065181732178
25,best,-5.4191670417785645,-4.031417369842529
26,best,-7.143890380859375,-5.195311069488525
27,best,-7.769007682800293,-6.204799652099609
28,best,-5.9684882164001465,-4.986987590789795
29,best,-7.122273921966553,-5.240540981292725
30,best,-5.253181457519531,-4.494173526763916
31,best,-5.334597110748291,-3.7347583770751953
32,best,-6.206416130065918,-4.646137714385986
33,best,-5.334596633911133,-3.7347583770751953
34,best,-5.220317363739014,-4.177919864654541
35,best,-6.4598517417907715,-5.293838024139404
36,best,-5.9684882164001465,-4.986987590789795
37,best,-5.334596633911133,-3.7347583770751953
38,best,-4.58380651473999,-3.8466265201568604
39,best,-4.560398101806641,-3.779954433441162
40,best,-5.010687828063965,-4.568002700805664
41,best,-5.091858386993408,-4.2170729637146
42,best,-5.687588214874268,-4.739881992340088
43,best,-7.001180171966553,-5.757389068603516
44,best,-5.283539772033691,-4.903872966766357
45,best,-5.072441101074219,-4.170981407165527
46,best,-5.162690162658691,-4.58156156539917
47,best,-6.319649696350098,-5.542810440063477
48,best,-6.9754157066345215,-5.9849700927734375
49,best,-5.477882385253906,-4.892714977264404
50,best,-6.3790106773376465,-5.024242401123047
51,best,-6.563346862792969,-5.128898620605469
52,best,-6.172614097595215,-5.2670488357543945
53,best,-5.763274669647217,-5.383328437805176
54,best,-5.969413757324219,-4.987259864807129
55,best,-6.1154608726501465,-5.109078407287598
56,best,-5.0157012939453125,-4.47111177444458
57,best,-4.747011184692383,-3.979255199432373
58,best,-5.646411418914795,-4.314632415771484
59,best,-5.842787265777588,-4.610633850097656
60,best,-5.427060604095459,-4.329906940460205
61,best,-6.079821586608887,-4.5981855392456055
62,best,-7.261785984039307,-5.686792373657227
63,best,-7.934813499450684,-5.596993923187256
64,best,-7.116886615753174,-6.065971851348877
65,best,-5.603382110595703,-4.098792552947998
66,best,-6.12855339050293,-4.552465915679932
67,best,-8.429071426391602,-6.214780330657959
68,best,-7.0664777755737305,-5.554933071136475
69,best,-6.870835781097412,-4.697490215301514
70,best,-7.637691020965576,-5.362580299377441
71,best,-7.847781181335449,-6.010195255279541
72,best,-6.984373092651367,-4.82418155670166
73,best,-6.420542240142822,-4.7405877113342285
74,best,-6.156149387359619,-4.427791595458984
75,best,-7.399311065673828,-5.347025394439697
76,best,-5.858026504516602,-4.3547515869140625
77,best,-8.063627243041992,-5.353277683258057
78,best,-5.875030040740967,-4.899173259735107
79,best,-6.670381546020508,-5.236844539642334
80,best,-4.388576030731201,-3.572460889816284
81,best,-4.261220455169678,-3.575732707977295
82,best,-6.178144931793213,-4.955619812011719
83,best,-5.6189866065979,-4.725931644439697
84,best,-5.254028797149658,-4.2671685218811035
85,best,-6.669102191925049,-5.1595282554626465
86,best,-5.7501935958862305,-4.866419315338135
87,best,-5.3275370597839355,-4.528306007385254
88,best,-5.195826053619385,-4.3215718269348145
89,best,-4.766953945159912,-4.024632930755615
90,best,-5.3340253829956055,-4.083021640777588
91,best,-7.2478508949279785,-5.515734672546387
92,best,-4.051200866699219,-3.373690366744995
93,best,-5.190380096435547,-4.067782878875732
94,best,-5.217142581939697,-3.9667930603027344
95,best,-5.1732401847839355,-4.344908237457275
96,best,-5.216311454772949,-4.0846028327941895
97,best,-4.721438407897949,-3.9683761596679688
98,best,-7.019318580627441,-5.658236026763916
99,best,-5.426065444946289,-4.1180291175842285
100,best,-7.296581268310547,-5.990113258361816
101,best,-4.704397678375244,-3.8975658416748047
102,best,-6.061710834503174,-4.948182106018066
103,best,-4.720559120178223,-3.5014500617980957
104,best,-4.720559120178223,-3.5014500617980957
105,best,-5.612825870513916,-4.4567975997924805
106,best,-5.384974956512451,-4.246195316314697
107,best,-6.541676998138428,-5.532990455627441
108,best,-4.190921306610107,-3.546527624130249
109,best,-6.642134189605713,-5.735306262969971
110,best,-6.328427791595459,-4.720210075378418
111,best,-5.04699182510376,-4.07889461517334
112,best,-6.02105188369751,-4.553055286407471
113,best,-6.399324417114258,-4.536038875579834
114,best,-4.559781551361084,-3.7793867588043213
115,best,-5.979074954986572,-5.119963645935059
116,best,-6.173484802246094,-4.71864652633667
117,best,-6.3559250831604,-5.077837944030762
118,best,-5.384974956512451,-4.246195316314697
119,best,-7.462767124176025,-5.749579906463623
120,best,-3.6331303119659424,-2.6246745586395264
121,best,-4.181763648986816,-2.7733848094940186
122,best,-4.3915019035339355,-3.2513766288757324
123,best,-5.7539567947387695,-3.876136064529419
124,best,-4.851497650146484,-3.4886372089385986
125,best,-6.908641815185547,-4.850852012634277
126,best,-6.231407165527344,-4.912559986114502
127,best,-5.774953365325928,-3.9528942108154297
128,best,-4.442950248718262,-3.216887950897217
129,best,-5.851668834686279,-4.145164966583252
130,best,-5.572463035583496,-3.846529722213745
131,best,-5.614875793457031,-4.256425857543945
132,best,-4.401172161102295,-3.270968198776245
133,best,-6.3505048751831055,-4.474607467651367
134,best,-5.851668834686279,-4.145164966583252
135,best,-4.81733512878418,-3.001777410507202
136,best,-3.9673678874969482,-2.695158004760742
137,best,-4.81733512878418,-3.001777410507202
138,best,-6.908642768859863,-4.850852012634277
139,best,-5.455430507659912,-4.312567234039307
140,best,-4.472718715667725,-3.6853926181793213
141,best,-5.466862201690674,-4.452172756195068
142,best,-6.048405647277832,-4.853596210479736
143,best,-4.612490653991699,-3.6501851081848145
144,best,-6.24666166305542,-4.890451431274414
145,best,-5.569512367248535,-4.4722113609313965
146,best,-6.875380516052246,-5.457742214202881
147,best,-6.6526570320129395,-5.388252258300781
148,best,-5.872053146362305,-4.632654190063477
149,best,-5.03292179107666,-4.045995712280273
150,best,-5.034160137176514,-4.187990665435791
151,best,-5.330140113830566,-4.387653827667236
152,best,-5.899714469909668,-4.847670555114746
153,best,-5.574759006500244,-4.511443614959717
154,best,-4.472718715667725,-3.6853926181793213
155,best,-6.875380516052246,-5.457742214202881
156,best,-6.039937496185303,-4.806785583496094
157,best,-6.45380163192749,-5.078542232513428
158,best,-4.795574188232422,-3.8714914321899414
159,best,-6.875380516052246,-5.457742214202881
160,best,-5.8521504402160645,-3.865135908126831
161,best,-6.69345760345459,-4.2667670249938965
162,best,-8.065220832824707,-5.590895652770996
163,best,-7.495497703552246,-5.195175647735596
164,best,-7.905545234680176,-5.15678596496582
165,best,-4.282487869262695,-2.7293925285339355
166,best,-5.776236057281494,-3.9405200481414795
167,best,-7.495497703552246,-5.195175647735596
168,best,-6.265178680419922,-4.8864617347717285
169,best,-5.663241863250732,-4.096068859100342
170,best,-7.045172691345215,-4.752963542938232
171,best,-5.55224609375,-3.491499662399292
172,best,-5.371530532836914,-3.7974720001220703
173,best,-6.637383937835693,-4.702030658721924
174,best,-8.007209777832031,-4.987721920013428
175,best,-5.645748138427734,-3.959141254425049
176,best,-7.825689792633057,-5.230441093444824
177,best,-4.919661998748779,-3.419588804244995
178,best,-6.016835689544678,-4.330540180206299
179,best,-6.462765693664551,-4.673726558685303
180,best,-5.04306697845459,-3.6749589443206787
181,best,-3.735642671585083,-3.196582317352295
182,best,-4.091392517089844,-3.4196693897247314
183,best,-4.681396961212158,-4.172126770019531
184,best,-4.816917419433594,-4.005120277404785
185,best,-5.566415309906006,-4.265132427215576
186,best,-5.566781044006348,-4.098304748535156
187,best,-6.476391792297363,-5.25262451171875
188,best,-3.854116201400757,-3.327589273452759
189,best,-5.09403133392334,-4.302897930145264
190,best,-5.241047382354736,-4.204566478729248
191,best,-5.04306697845459,-3.6749589443206787
192,best,-5.703084945678711,-4.624293327331543
193,best,-5.510452747344971,-4.243330955505371
194,best,-5.2798638343811035,-4.3016357421875
195,best,-5.777260780334473,-4.900389671325684
196,best,-5.948907375335693,-4.8817644119262695
197,best,-6.377996921539307,-5.003022193908691
198,best,-6.66934871673584,-5.027053356170654
199,best,-4.253030776977539,-3.44097900390625
200,best,-3.4673140048980713,-2.7478020191192627
201,best,-5.610971927642822,-4.632105350494385
202,best,-4.967231273651123,-4.0751800537109375
203,best,-5.49214506149292,-4.036632537841797
204,best,-5.49214506149292,-4.036632537841797
205,best,-4.856502056121826,-4.000442028045654
206,best,-5.520601272583008,-4.785632133483887
207,best,-5.70507287979126,-4.473291873931885
208,best,-5.49214506149292,-4.036632537841797
209,best,-4.856502056121826,-4.000442028045654
210,best,-5.319101333618164,-3.8443946838378906
211,best,-5.488189697265625,-4.506015777587891
212,best,-5.488189697265625,-4.506015777587891
213,best,-5.105757236480713,-4.1915364265441895
214,best,-5.319101333618164,-3.8443946838378906
215,best,-4.93995475769043,-4.021499156951904
216,best,-6.819955348968506,-5.303680896759033
217,best,-7.0831618309021,-5.42874813079834
218,best,-5.028347492218018,-3.9817123413085938
219,best,-4.424300670623779,-3.084848642349243
220,best,-5.4673752784729,-4.85195779800415
221,best,-4.359654426574707,-4.284208297729492
222,best,-6.09301233291626,-5.665505886077881
223,best,-5.353813171386719,-4.943762302398682
224,best,-5.727652072906494,-5.191797256469727
225,best,-5.524722576141357,-5.358483791351318
226,best,-4.998067378997803,-4.789165019989014
227,best,-5.476405143737793,-5.071037292480469
228,best,-5.3697614669799805,-5.167579650878906
229,best,-5.524722576141357,-5.358483791351318
230,best,-6.438321590423584,-5.646385192871094
231,best,-4.301242828369141,-4.161222457885742
232,best,-5.688654899597168,-4.68674898147583
233,best,-5.620387077331543,-4.978060245513916
234,best,-6.416384220123291,-5.708086967468262
235,best,-5.762437343597412,-5.172383785247803
236,best,-4.907485485076904,-4.4301862716674805
237,best,-5.097774982452393,-4.734993934631348
238,best,-5.932562828063965,-5.4348464012146
239,best,-5.039140224456787,-4.903560161590576
240,best,-4.927397727966309,-4.35890531539917
241,best,-5.856332302093506,-5.238791465759277
242,best,-6.137901306152344,-5.139005661010742
243,best,-5.396683692932129,-4.939495086669922
244,best,-6.16272497177124,-5.114814758300781
245,best,-6.151531219482422,-5.444284915924072
246,best,-5.127254009246826,-4.4647088050842285
247,best,-6.502126216888428,-5.777903079986572
248,best,-6.1884765625,-5.540585517883301
249,best,-5.9524245262146,-5.232285022735596
250,best,-5.902740478515625,-5.00337553024292
251,best,-5.440501689910889,-4.842209339141846
252,best,-6.02797794342041,-5.463868618011475
253,best,-5.09437370300293,-4.538567543029785
254,best,-5.222463607788086,-4.498171329498291
255,best,-5.936048984527588,-5.2782464027404785
256,best,-6.671854496002197,-5.806774139404297
257,best,-6.005198955535889,-5.2736101150512695
258,best,-4.97335147857666,-4.29343843460083
259,best,-4.744762897491455,-4.131387710571289
260,best,-6.6014604568481445,-5.939995765686035
261,best,-5.226218223571777,-4.874963760375977
262,best,-5.0152764320373535,-4.4199066162109375
263,best,-5.828385829925537,-5.319023132324219
264,best,-5.838237285614014,-5.174717426300049
265,best,-4.7854509353637695,-4.4999098777771
266,best,-5.1652021408081055,-4.825408458709717
267,best,-4.944162368774414,-4.753743648529053
268,best,-5.375975131988525,-4.806819915771484
269,best,-5.329585552215576,-4.925764560699463
270,best,-5.851174354553223,-5.45194673538208
271,best,-4.531824111938477,-4.3086676597595215
272,best,-5.194411754608154,-4.717769145965576
273,best,-5.339715957641602,-4.967268466949463
274,best,-6.3286452293396,-5.66158390045166
275,best,-4.6344404220581055,-4.367541790008545
276,best,-4.775244235992432,-4.341456413269043
277,best,-4.88756799697876,-4.71335506439209
278,best,-5.0514631271362305,-4.864651203155518
279,best,-5.6969170570373535,-5.051166534423828
280,best,-7.380417346954346,-6.424797058105469
281,best,-5.857521057128906,-4.951221466064453
282,best,-6.936530113220215,-6.150501728057861
283,best,-5.861011505126953,-5.514398097991943
284,best,-5.310330867767334,-4.491555213928223
285,best,-5.890914440155029,-4.866926193237305
286,best,-6.723437786102295,-5.3438615798950195
287,best,-7.136824607849121,-5.924036026000977
288,best,-6.347218990325928,-5.662991046905518
289,best,-6.047303676605225,-4.696898460388184
290,best,-5.639640808105469,-5.277695655822754
291,best,-7.216884136199951,-5.720190048217773
292,best,-5.915714740753174,-5.705714225769043
293,best,-6.78005313873291,-5.374270915985107
294,best,-5.813152313232422,-4.538228988647461
295,best,-6.2464447021484375,-5.218245506286621
296,best,-5.869952201843262,-5.125947952270508
297,best,-7.345031261444092,-6.37778902053833
298,best,-5.528000831604004,-5.279102802276611
299,best,-5.960172176361084,-5.467245578765869
300,best,-5.961512088775635,-5.081892013549805
301,best,-5.937027454376221,-5.255432605743408
302,best,-4.846994876861572,-4.168028831481934
303,best,-6.134004592895508,-5.041021347045898
304,best,-6.096574783325195,-5.2550225257873535
305,best,-6.1165289878845215,-5.452686786651611
306,best,-7.632871627807617,-6.185973167419434
307,best,-5.055822849273682,-4.428535461425781
308,best,-5.1647047996521,-4.44899320602417
309,best,-5.146807670593262,-4.15147590637207
310,best,-6.898930549621582,-5.832090377807617
311,best,-5.494552135467529,-4.851753234863281
312,best,-6.149745464324951,-5.174129486083984
313,best,-5.249248027801514,-4.670013904571533
314,best,-4.792023181915283,-4.196145534515381
315,best,-4.863692760467529,-3.9170851707458496
316,best,-4.568797588348389,-3.8410820960998535
317,best,-6.014400005340576,-5.116650104522705
318,best,-4.685941696166992,-3.893134832382202
319,best,-7.2912116050720215,-6.022590637207031
320,best,-4.82417106628418,-3.7640480995178223
321,best,-5.337366580963135,-4.666836261749268
322,best,-5.869817733764648,-5.207888126373291
323,best,-5.610546112060547,-4.618191719055176
324,best,-6.1733269691467285,-5.392769813537598
325,best,-4.736026287078857,-4.1460113525390625
326,best,-5.348433017730713,-4.720681667327881
327,best,-6.360398769378662,-5.5518269538879395
328,best,-4.278658390045166,-3.7437520027160645
329,best,-5.397198677062988,-4.62000036239624
330,best,-4.7489447593688965,-4.210577964782715
331,best,-5.4373931884765625,-4.761326313018799
332,best,-5.683226585388184,-4.967327117919922
333,best,-4.828399658203125,-4.026603698730469
334,best,-4.392358779907227,-3.8768222332000732
335,best,-5.005754470825195,-4.294454574584961
336,best,-5.373807430267334,-4.654830455780029
337,best,-6.304263591766357,-5.375526428222656
338,best,-4.346258163452148,-3.2985825538635254
339,best,-5.536717414855957,-4.098429203033447
340,best,-4.577463626861572,-4.819048881530762
341,best,-7.55373477935791,-6.379438400268555
342,best,-6.06754732131958,-4.63102388381958
343,best,-7.208282470703125,-5.773500919342041
344,best,-5.329811096191406,-4.782890319824219
345,best,-4.425800800323486,-4.096049785614014
346,best,-6.605923652648926,-5.351844310760498
347,best,-6.00883674621582,-5.4845123291015625
348,best,-6.470707893371582,-5.548196792602539
349,best,-5.671233654022217,-5.0901031494140625
350,best,-6.309164524078369,-6.222829818725586
351,best,-7.247000694274902,-6.498394012451172
352,best,-5.013598918914795,-4.509383678436279
353,best,-6.149511814117432,-4.817185878753662
354,best,-4.301270484924316,-3.5252583026885986
355,best,-5.044033050537109,-5.219289302825928
356,best,-6.5645928382873535,-6.410542964935303
357,best,-7.037689208984375,-6.666500568389893
358,best,-6.863160610198975,-5.474626064300537
359,best,-5.024720191955566,-4.5276641845703125
360,best,-5.8099188804626465,-4.8936309814453125
361,best,-7.214228630065918,-5.5441508293151855
362,best,-5.033299922943115,-4.551231861114502
363,best,-4.814313888549805,-4.5730977058410645
364,best,-5.054896354675293,-4.542252063751221
365,best,-6.075742244720459,-5.242702960968018
366,best,-6.387961387634277,-5.886962413787842
367,best,-5.253370761871338,-4.893916606903076
368,best,-6.46194314956665,-5.930282115936279
369,best,-8.162752151489258,-7.2176079750061035
370,best,-7.067403316497803,-5.718953609466553
371,best,-7.297183036804199,-6.525108337402344
372,best,-7.176713466644287,-6.02467155456543
373,best,-7.052864074707031,-6.398046970367432
374,best,-5.292102813720703,-4.880965709686279
375,best,-5.090607643127441,-5.081903457641602
376,best,-5.824034690856934,-5.247807025909424
377,best,-7.214228630065918,-5.5441508293151855
378,best,-4.814313888549805,-4.5730977058410645
379,best,-5.553640365600586,-4.894251346588135
380,best,-5.282586574554443,-4.933071613311768
381,best,-6.275527000427246,-5.165633678436279
382,best,-5.833805084228516,-5.205526828765869
383,best,-7.78228235244751,-6.909730911254883
384,best,-5.770744323730469,-5.371009826660156
385,best,-5.857646465301514,-5.524107456207275
386,best,-5.610900402069092,-4.712617874145508
387,best,-7.118227481842041,-6.265120983123779
388,best,-6.414606094360352,-5.762517929077148
389,best,-6.002438068389893,-5.581772804260254
390,best,-5.140205383300781,-5.204789161682129
391,best,-6.517715930938721,-5.904098033905029
392,best,-5.594412803649902,-5.156973838806152
393,best,-7.140248775482178,-6.393349647521973
394,best,-5.654245853424072,-5.469096660614014
395,best,-6.802459716796875,-6.156304836273193
396,best,-5.914353370666504,-5.304739952087402
397,best,-5.698019981384277,-5.283205986022949
398,best,-5.192760467529297,-4.935147762298584
399,best,-5.280837059020996,-4.777807235717773
400,best,-8.293822288513184,-6.682788372039795
401,best,-7.478880405426025,-6.120365142822266
402,best,-8.695333480834961,-7.531161785125732
403,best,-6.715716361999512,-5.178394794464111
404,best,-7.2825188636779785,-5.712975978851318
405,best,-6.333592414855957,-5.329325199127197
406,best,-6.2703118324279785,-5.5634307861328125
407,best,-6.770904541015625,-5.3871049880981445
408,best,-7.802768707275391,-5.997313499450684
409,best,-7.433602809906006,-6.441158771514893
410,best,-6.601106643676758,-4.629798412322998
411,best,-7.5206146240234375,-6.547372341156006
412,best,-6.8660736083984375,-5.248236179351807
413,best,-5.71204137802124,-4.695582866668701
414,best,-6.369691371917725,-5.876131534576416
415,best,-6.319735527038574,-5.570746898651123
416,best,-7.735021114349365,-6.736972808837891
417,best,-6.619856357574463,-5.619544506072998
418,best,-5.48095703125,-4.216075897216797
419,best,-6.715716361999512,-5.178394794464111
420,best,-5.933162689208984,-5.280726432800293
421,best,-5.2683916091918945,-5.247007846832275
422,best,-5.114327907562256,-4.523772239685059
423,best,-5.413198471069336,-4.585904598236084
424,best,-5.748392581939697,-5.427608966827393
425,best,-7.018429279327393,-6.09489631652832
426,best,-7.1817708015441895,-6.081222057342529
427,best,-7.799630165100098,-6.51420783996582
428,best,-7.077467918395996,-5.952080726623535
429,best,-5.683560848236084,-5.336114406585693
430,best,-7.119833469390869,-6.579446315765381
431,best,-5.7853827476501465,-4.9815778732299805
432,best,-5.257180690765381,-4.721762657165527
433,best,-6.986126899719238,-6.136845588684082
434,best,-6.567886829376221,-6.068767070770264
435,best,-5.627758026123047,-5.0548553466796875
436,best,-5.432638168334961,-4.535614967346191
437,best,-4.330418109893799,-3.8211417198181152
438,best,-4.789193630218506,-4.53012228012085
439,best,-6.2777814865112305,-5.821484565734863
440,best,-5.960287570953369,-4.476513862609863
441,best,-4.698608875274658,-4.502289772033691
442,best,-5.436326503753662,-4.9133758544921875
443,best,-4.54762601852417,-3.880570411682129
444,best,-5.667356967926025,-4.192320823669434
445,best,-6.263051509857178,-5.343169212341309
446,best,-5.813961505889893,-5.222682476043701
447,best,-6.981601715087891,-5.948006629943848
448,best,-5.080772399902344,-4.085058689117432
449,best,-4.794741630554199,-4.069584369659424
450,best,-5.665781497955322,-4.629768371582031
451,best,-4.89104700088501,-4.694999694824219
452,best,-6.232538223266602,-5.3881096839904785
453,best,-4.764873027801514,-3.7419185638427734
454,best,-5.281289100646973,-4.607252597808838
455,best,-5.588420391082764,-5.00587797164917
456,best,-4.793919563293457,-4.187568664550781
457,best,-5.221330642700195,-4.630680561065674
458,best,-4.875157833099365,-4.338169097900391
459,best,-5.964078903198242,-4.982090473175049
460,best,-5.926455497741699,-5.49683141708374
461,best,-3.727591037750244,-4.045492649078369
462,best,-4.166266441345215,-4.513988971710205
463,best,-5.825463771820068,-5.860827445983887
464,best,-5.51500940322876,-5.456695556640625
465,best,-5.0808186531066895,-5.314523696899414
466,best,-3.76686429977417,-4.035390853881836
467,best,-4.357232093811035,-4.560091972351074
468,best,-4.80244779586792,-5.079539775848389
469,best,-4.461052894592285,-4.690430164337158
470,best,-5.653311729431152,-5.741628646850586
471,best,-6.243885517120361,-5.581830978393555
472,best,-4.601707458496094,-4.875813961029053
473,best,-4.808076858520508,-4.909482479095459
474,best,-5.359757423400879,-5.607064247131348
475,best,-4.3105363845825195,-4.718719482421875
476,best,-4.2119855880737305,-4.528443336486816
477,best,-4.61823844909668,-4.7674479484558105
478,best,-3.578470468521118,-4.115527153015137
479,best,-4.34188985824585,-4.594460964202881
480,best,-5.284025192260742,-5.37293815612793
481,best,-4.937017440795898,-4.957542896270752
482,best,-6.141807556152344,-6.0174360275268555
483,best,-4.310052394866943,-4.483118057250977
484,best,-3.559128761291504,-3.4484755992889404
485,best,-5.089776515960693,-4.9848856925964355
486,best,-5.089776515960693,-4.9848856925964355
487,best,-5.7107834815979,-5.442710876464844
488,best,-3.5507912635803223,-3.8781144618988037
489,best,-6.137664794921875,-5.613295555114746
490,best,-5.734452724456787,-5.499197483062744
491,best,-6.427699565887451,-6.118535995483398
492,best,-5.089776515960693,-4.9848856925964355
493,best,-3.663938045501709,-3.8971121311187744
494,best,-4.251460075378418,-4.4614410400390625
495,best,-5.256172180175781,-4.67415189743042
496,best,-4.0484771728515625,-4.152151584625244
497,best,-3.987626075744629,-4.093729496002197
498,best,-3.663938045501709,-3.8971121311187744
499,best,-5.052671909332275,-4.492949485778809
500,best,-4.379415035247803,-4.740434169769287
501,best,-4.087732315063477,-4.138737201690674
502,best,-4.830758094787598,-4.981258869171143
503,best,-6.481903076171875,-6.414589881896973
504,best,-4.342211723327637,-4.455163478851318
505,best,-4.681838035583496,-4.679891109466553
506,best,-4.672657012939453,-4.678508281707764
507,best,-6.041084289550781,-5.9868669509887695
508,best,-4.753936767578125,-4.622681617736816
509,best,-4.658515453338623,-4.721502304077148
510,best,-6.379085540771484,-5.89635705947876
511,best,-5.718809127807617,-5.666120529174805
512,best,-4.958905220031738,-5.119377613067627
513,best,-5.061205863952637,-4.913498401641846
514,best,-4.863237380981445,-5.210597515106201
515,best,-5.62403678894043,-5.338664531707764
516,best,-5.202092170715332,-5.261393070220947
517,best,-3.712860345840454,-3.962819814682007
518,best,-5.551699638366699,-5.781662464141846
519,best,-6.715341567993164,-6.682807922363281
520,best,-6.00421142578125,-5.560933589935303
521,best,-4.464419364929199,-4.603151798248291
522,best,-5.693881511688232,-5.443758487701416
523,best,-5.775407791137695,-5.365694522857666
524,best,-3.698408842086792,-3.76897931098938
525,best,-6.089677333831787,-5.795836448669434
526,best,-3.7240567207336426,-3.8169214725494385
527,best,-4.6623005867004395,-4.387916564941406
528,best,-7.2021636962890625,-6.025043487548828
529,best,-5.746541976928711,-5.358211517333984
530,best,-4.475820541381836,-4.626752853393555
531,best,-7.05415678024292,-6.755975723266602
532,best,-6.132065773010254,-5.3011016845703125
533,best,-5.0672807693481445,-4.825903415679932
534,best,-5.568877220153809,-5.046154975891113
535,best,-4.565369606018066,-4.832142353057861
536,best,-4.126353740692139,-4.103237628936768
537,best,-7.05415678024292,-6.755975723266602
538,best,-4.341835975646973,-4.414483547210693
539,best,-4.9988226890563965,-5.224846363067627
540,best,-4.478793144226074,-4.370736598968506
541,best,-4.203718662261963,-4.343091011047363
542,best,-5.046910285949707,-4.909043788909912
543,best,-4.305530548095703,-4.3204665184021
544,best,-4.554266929626465,-4.532134056091309
545,best,-4.222302436828613,-4.1304121017456055
546,best,-4.554577827453613,-4.447194576263428
547,best,-5.887333393096924,-5.2756733894348145
548,best,-4.100941181182861,-4.428726673126221
549,best,-4.337820529937744,-4.504957675933838
550,best,-5.1157755851745605,-4.748410224914551
551,best,-5.381479740142822,-5.117680072784424
552,best,-4.283073902130127,-4.174365520477295
553,best,-5.412111759185791,-5.095401287078857
554,best,-5.909487724304199,-5.53985071182251
555,best,-5.804884433746338,-5.604877948760986
556,best,-4.612292766571045,-4.467634677886963
557,best,-5.046505451202393,-4.787888526916504
558,best,-4.117851257324219,-4.228314399719238
559,best,-4.906436920166016,-4.686278343200684
560,best,-4.799917221069336,-4.6846442222595215
561,best,-4.484098434448242,-4.5330352783203125
562,best,-5.518460273742676,-5.621618270874023
563,best,-4.621284484863281,-4.57305908203125
564,best,-5.985290050506592,-5.601186752319336
565,best,-3.5445799827575684,-3.887500762939453
566,best,-4.374069690704346,-4.142398834228516
567,best,-4.6011962890625,-4.396503448486328
568,best,-4.403471946716309,-4.252549171447754
569,best,-5.233087539672852,-5.013624668121338
570,best,-5.568172454833984,-5.481973648071289
571,best,-4.760672569274902,-4.597538471221924
572,best,-4.584959030151367,-4.1910481452941895
573,best,-5.406391620635986,-5.353267192840576
574,best,-3.745357036590576,-3.5923655033111572
575,best,-3.9617743492126465,-4.084132671356201
576,best,-4.213992118835449,-4.199254035949707
577,best,-3.5621497631073,-3.6154000759124756
578,best,-4.067531108856201,-4.215722560882568
579,best,-3.62137770652771,-3.6405727863311768
580,best,-4.001613140106201,-3.994936466217041
581,best,-4.704141139984131,-4.071803092956543
582,best,-4.361073017120361,-3.891373634338379
583,best,-5.0903754234313965,-4.432043552398682
584,best,-4.762957572937012,-4.479550361633301
585,best,-3.5188496112823486,-3.1323773860931396
586,best,-3.4408071041107178,-3.226461172103882
587,best,-4.779888153076172,-4.358119010925293
588,best,-3.9535953998565674,-3.9367005825042725
589,best,-4.7398600578308105,-4.109787940979004
590,best,-4.610327243804932,-4.08854341506958
591,best,-5.012869358062744,-4.351897716522217
592,best,-5.082825660705566,-4.331314563751221
593,best,-4.514046669006348,-4.10892391204834
594,best,-3.155461549758911,-2.6741204261779785
595,best,-4.779856204986572,-4.030062675476074
596,best,-3.308715581893921,-2.874871253967285
597,best,-4.267425060272217,-3.749722719192505
598,best,-5.965356349945068,-4.796276569366455
599,best,-3.7822487354278564,-3.415513277053833
600,best,-6.324674129486084,-5.496159076690674
601,best,-5.706874847412109,-4.582917213439941
602,best,-6.159477233886719,-5.170155048370361
603,best,-5.5460124015808105,-4.579357624053955
604,best,-6.324674129486084,-5.496159076690674
605,best,-4.505802631378174,-3.652268886566162
606,best,-5.868443012237549,-4.853984832763672
607,best,-5.202178478240967,-4.481422424316406
608,best,-5.46687650680542,-4.531815528869629
609,best,-5.79660177230835,-4.690815448760986
610,best,-4.411571502685547,-3.6262903213500977
611,best,-6.159478664398193,-5.170156002044678
612,best,-4.43435525894165,-3.6553516387939453
613,best,-4.4387335777282715,-3.6553690433502197
614,best,-4.242763519287109,-3.2347817420959473
615,best,-5.57760763168335,-4.693629741668701
616,best,-4.338897228240967,-3.647286891937256
617,best,-6.09506368637085,-4.637444019317627
618,best,-4.318915843963623,-3.6134839057922363
619,best,-6.492067813873291,-5.450016498565674
620,best,-5.1553168296813965,-4.520693302154541
621,best,-6.244980812072754,-5.3282012939453125
622,best,-6.128484725952148,-5.718003749847412
623,best,-4.085904598236084,-3.826136827468872
624,best,-4.213893890380859,-3.8416426181793213
625,best,-5.153460502624512,-4.925809383392334
626,best,-6.205872535705566,-5.714398384094238
627,best,-4.106196403503418,-3.855802059173584
628,best,-4.4678449630737305,-3.7101314067840576
629,best,-5.5798444747924805,-5.130616188049316
630,best,-5.576236724853516,-5.01660680770874
631,best,-5.091355800628662,-4.465587139129639
632,best,-4.257345199584961,-4.142514228820801
633,best,-4.469768047332764,-3.8572769165039062
634,best,-5.479452610015869,-4.743320941925049
635,best,-3.888289213180542,-3.3999953269958496
636,best,-6.188454627990723,-5.317739009857178
637,best,-4.757883071899414,-4.046547889709473
638,best,-5.906244277954102,-5.178837299346924
639,best,-4.091833114624023,-3.3787035942077637
640,best,-5.485935688018799,-4.577568054199219
641,best,-4.827892780303955,-4.307730674743652
642,best,-5.354188442230225,-4.275275707244873
643,best,-4.490203380584717,-4.044172763824463
644,best,-6.186456680297852,-5.735703468322754
645,best,-4.906324863433838,-4.489136695861816
646,best,-5.9027099609375,-5.167359352111816
647,best,-4.898508071899414,-4.082488059997559
648,best,-5.797189712524414,-4.912426948547363
649,best,-5.367284297943115,-4.785969257354736
650,best,-5.34848690032959,-4.8698015213012695
651,best,-4.279339790344238,-3.4883923530578613
652,best,-4.836437702178955,-3.9493210315704346
653,best,-4.640008449554443,-3.6896650791168213
654,best,-5.2296013832092285,-4.79125452041626
655,best,-6.1082282066345215,-4.782226085662842
656,best,-6.845747470855713,-5.448144435882568
657,best,-5.861616611480713,-5.4446330070495605
658,best,-5.824662685394287,-4.696455478668213
659,best,-5.081157684326172,-4.156332492828369
660,best,-5.98582649230957,-4.910429954528809
661,best,-4.573232173919678,-4.048641681671143
662,best,-6.5958051681518555,-5.77152681350708
663,best,-5.895054340362549,-4.974947929382324
664,best,-4.731898307800293,-4.424457550048828
665,best,-4.740403175354004,-4.428831100463867
666,best,-3.7617523670196533,-3.578289270401001
667,best,-5.804821491241455,-4.890441417694092
668,best,-5.4656195640563965,-4.76317024230957
669,best,-3.2607421875,-3.24983811378479
670,best,-6.128300189971924,-5.332239627838135
671,best,-4.7312750816345215,-3.838620662689209
672,best,-5.175597667694092,-4.488122940063477
673,best,-4.565762996673584,-3.867267608642578
674,best,-6.128300666809082,-5.332239151000977
675,best,-5.617451190948486,-4.999882221221924
676,best,-6.610335350036621,-5.822260856628418
677,best,-4.6186347007751465,-4.136526584625244
678,best,-4.890988349914551,-4.334563732147217
679,best,-5.173007488250732,-4.406661510467529
680,best,-5.168248176574707,-4.448401927947998
681,best,-4.429314136505127,-3.329068899154663
682,best,-4.5753889083862305,-3.9896554946899414
683,best,-5.446063041687012,-4.570685386657715
684,best,-4.551976203918457,-3.7104363441467285
685,best,-4.396236896514893,-3.7451820373535156
686,best,-4.7470808029174805,-3.5698788166046143
687,best,-3.6558308601379395,-3.445335865020752
688,best,-5.273242473602295,-4.10074520111084
689,best,-5.055172443389893,-4.2292280197143555
690,best,-4.67185115814209,-3.8241119384765625
691,best,-4.027126789093018,-3.2905213832855225
692,best,-5.915495872497559,-5.431150913238525
693,best,-3.965667247772217,-3.463245153427124
694,best,-4.54339599609375,-4.40756368637085
695,best,-5.339752197265625,-4.678351879119873
696,best,-5.418734073638916,-4.971784591674805
697,best,-3.6364307403564453,-3.3097949028015137
698,best,-5.102181434631348,-4.272520065307617
699,best,-3.8478336334228516,-3.10638165473938
