item_id,model_state,dative,score
1,initial,pp,-7.569319248199463
2,initial,pp,-8.14496898651123
3,initial,pp,-7.645018100738525
4,initial,pp,-8.276928901672363
5,initial,pp,-7.200654983520508
6,initial,pp,-7.881082057952881
7,initial,pp,-7.958803653717041
8,initial,pp,-7.512050151824951
9,initial,pp,-6.628481388092041
10,initial,pp,-7.830672740936279
11,initial,pp,-6.638430595397949
12,initial,pp,-5.648147106170654
13,initial,pp,-7.567410945892334
14,initial,pp,-5.564212799072266
15,initial,pp,-8.080265998840332
16,initial,pp,-7.512050151824951
17,initial,pp,-7.74818754196167
18,initial,pp,-6.793013095855713
19,initial,pp,-7.752975940704346
20,initial,pp,-7.15985107421875
21,initial,pp,-7.43577241897583
22,initial,pp,-6.584608554840088
23,initial,pp,-7.570883274078369
24,initial,pp,-7.836269378662109
25,initial,pp,-8.1820707321167
26,initial,pp,-7.695652008056641
27,initial,pp,-7.829736232757568
28,initial,pp,-7.388263702392578
29,initial,pp,-7.612800598144531
30,initial,pp,-7.806427001953125
31,initial,pp,-8.417258262634277
32,initial,pp,-7.836269378662109
33,initial,pp,-7.904519557952881
34,initial,pp,-8.458380699157715
35,initial,pp,-5.862560749053955
36,initial,pp,-5.8575358390808105
37,initial,pp,-7.612800598144531
38,initial,pp,-6.903182506561279
39,initial,pp,-7.946758270263672
40,initial,pp,-8.130438804626465
41,initial,pp,-7.501028060913086
42,initial,pp,-7.173669815063477
43,initial,pp,-6.889493942260742
44,initial,pp,-7.6110992431640625
45,initial,pp,-7.521755218505859
46,initial,pp,-7.593480110168457
47,initial,pp,-7.961617469787598
48,initial,pp,-7.143835544586182
49,initial,pp,-7.204807281494141
50,initial,pp,-7.135742664337158
51,initial,pp,-7.588424205780029
52,initial,pp,-6.295560359954834
53,initial,pp,-7.461652755737305
54,initial,pp,-7.767063140869141
55,initial,pp,-7.391154766082764
56,initial,pp,-6.457852363586426
57,initial,pp,-6.157845497131348
58,initial,pp,-7.517423629760742
59,initial,pp,-7.307461738586426
60,initial,pp,-7.6853251457214355
61,initial,pp,-7.8857855796813965
62,initial,pp,-7.627316474914551
63,initial,pp,-8.400561332702637
64,initial,pp,-8.302824974060059
65,initial,pp,-7.706269264221191
66,initial,pp,-9.306185722351074
67,initial,pp,-6.294197082519531
68,initial,pp,-8.814327239990234
69,initial,pp,-8.551504135131836
70,initial,pp,-8.250679969787598
71,initial,pp,-5.944653034210205
72,initial,pp,-8.261170387268066
73,initial,pp,-8.354002952575684
74,initial,pp,-9.21947193145752
75,initial,pp,-7.935394287109375
76,initial,pp,-7.314431667327881
77,initial,pp,-6.769711494445801
78,initial,pp,-7.115139007568359
79,initial,pp,-7.3422346115112305
80,initial,pp,-8.7296724319458
81,initial,pp,-7.259196758270264
82,initial,pp,-6.615287780761719
83,initial,pp,-7.072299003601074
84,initial,pp,-6.436302185058594
85,initial,pp,-6.615287780761719
86,initial,pp,-6.524339199066162
87,initial,pp,-6.3447465896606445
88,initial,pp,-6.3322577476501465
89,initial,pp,-7.082993507385254
90,initial,pp,-6.3223724365234375
91,initial,pp,-6.1184163093566895
92,initial,pp,-8.661762237548828
93,initial,pp,-6.805355072021484
94,initial,pp,-6.828971862792969
95,initial,pp,-6.559042930603027
96,initial,pp,-6.386047840118408
97,initial,pp,-8.042952537536621
98,initial,pp,-8.111021041870117
99,initial,pp,-6.910212993621826
100,initial,pp,-7.43478536605835
101,initial,pp,-6.288399696350098
102,initial,pp,-7.786553382873535
103,initial,pp,-7.364994049072266
104,initial,pp,-6.733658790588379
105,initial,pp,-7.284721374511719
106,initial,pp,-7.441127300262451
107,initial,pp,-6.948162078857422
108,initial,pp,-7.761801719665527
109,initial,pp,-7.375954627990723
110,initial,pp,-8.012838363647461
111,initial,pp,-7.818267345428467
112,initial,pp,-7.363544940948486
113,initial,pp,-7.190384864807129
114,initial,pp,-6.382957458496094
115,initial,pp,-7.925656795501709
116,initial,pp,-6.247561931610107
117,initial,pp,-8.03389835357666
118,initial,pp,-6.6488165855407715
119,initial,pp,-7.63889741897583
120,initial,pp,-8.361815452575684
121,initial,pp,-7.061991214752197
122,initial,pp,-7.255268096923828
123,initial,pp,-6.375258445739746
124,initial,pp,-7.229385852813721
125,initial,pp,-6.481308460235596
126,initial,pp,-6.696098804473877
127,initial,pp,-5.815682888031006
128,initial,pp,-7.73986291885376
129,initial,pp,-6.490446090698242
130,initial,pp,-6.097269535064697
131,initial,pp,-6.490446090698242
132,initial,pp,-7.255268573760986
133,initial,pp,-7.850540637969971
134,initial,pp,-6.644461154937744
135,initial,pp,-7.255268573760986
136,initial,pp,-6.696099758148193
137,initial,pp,-7.304660797119141
138,initial,pp,-5.017378807067871
139,initial,pp,-6.918863773345947
140,initial,pp,-6.842592716217041
141,initial,pp,-6.871437072753906
142,initial,pp,-6.519609451293945
143,initial,pp,-7.476127624511719
144,initial,pp,-7.180224418640137
145,initial,pp,-6.4157586097717285
146,initial,pp,-6.2216668128967285
147,initial,pp,-7.540509223937988
148,initial,pp,-7.362082004547119
149,initial,pp,-6.01597261428833
150,initial,pp,-5.712746620178223
151,initial,pp,-7.161252021789551
152,initial,pp,-6.802577972412109
153,initial,pp,-6.907493591308594
154,initial,pp,-6.769826889038086
155,initial,pp,-6.733492374420166
156,initial,pp,-6.1657867431640625
157,initial,pp,-6.290715217590332
158,initial,pp,-6.264333724975586
159,initial,pp,-6.808074474334717
160,initial,pp,-7.315303802490234
161,initial,pp,-7.908626079559326
162,initial,pp,-7.437106609344482
163,initial,pp,-7.546331882476807
164,initial,pp,-6.520309925079346
165,initial,pp,-6.630672931671143
166,initial,pp,-4.997375011444092
167,initial,pp,-6.893542289733887
168,initial,pp,-8.98807144165039
169,initial,pp,-7.364068508148193
170,initial,pp,-6.652683258056641
171,initial,pp,-7.546331882476807
172,initial,pp,-6.118658065795898
173,initial,pp,-5.971378803253174
174,initial,pp,-8.36394214630127
175,initial,pp,-6.6341962814331055
176,initial,pp,-6.630672931671143
177,initial,pp,-7.4766058921813965
178,initial,pp,-8.102545738220215
179,initial,pp,-5.727997779846191
180,initial,pp,-8.091114044189453
181,initial,pp,-6.528022289276123
182,initial,pp,-7.373809814453125
183,initial,pp,-5.877738952636719
184,initial,pp,-6.686985015869141
185,initial,pp,-6.242488861083984
186,initial,pp,-6.3466057777404785
187,initial,pp,-5.455381870269775
188,initial,pp,-6.669495582580566
189,initial,pp,-6.507537364959717
190,initial,pp,-5.519382476806641
191,initial,pp,-6.5869035720825195
192,initial,pp,-6.003795623779297
193,initial,pp,-6.156585693359375
194,initial,pp,-6.1365766525268555
195,initial,pp,-6.261147499084473
196,initial,pp,-5.647510051727295
197,initial,pp,-7.1726155281066895
198,initial,pp,-6.057133674621582
199,initial,pp,-6.158788681030273
200,initial,pp,-7.424932479858398
201,initial,pp,-6.048583030700684
202,initial,pp,-5.486513614654541
203,initial,pp,-8.152068138122559
204,initial,pp,-6.700218677520752
205,initial,pp,-7.5944743156433105
206,initial,pp,-7.17441987991333
207,initial,pp,-6.941763401031494
208,initial,pp,-6.158670425415039
209,initial,pp,-7.010624408721924
210,initial,pp,-6.236778736114502
211,initial,pp,-7.173943996429443
212,initial,pp,-6.34536075592041
213,initial,pp,-6.233331680297852
214,initial,pp,-7.193032264709473
215,initial,pp,-6.292128562927246
216,initial,pp,-5.312744617462158
217,initial,pp,-6.549670696258545
218,initial,pp,-7.1063232421875
219,initial,pp,-6.753823280334473
220,initial,pp,-6.369995594024658
221,initial,do,-7.618709564208984
222,initial,do,-8.139007568359375
223,initial,do,-7.506274223327637
224,initial,do,-6.95097017288208
225,initial,do,-8.167129516601562
226,initial,do,-7.456099510192871
227,initial,do,-7.790322303771973
228,initial,do,-8.669723510742188
229,initial,do,-8.420780181884766
230,initial,do,-8.344335556030273
231,initial,do,-7.6776275634765625
232,initial,do,-8.157720565795898
233,initial,do,-7.859335422515869
234,initial,do,-8.669723510742188
235,initial,do,-6.857067584991455
236,initial,do,-7.577320575714111
237,initial,do,-7.602437496185303
238,initial,do,-7.898975849151611
239,initial,do,-7.495188236236572
240,initial,do,-7.1474833488464355
241,initial,do,-7.859335422515869
242,initial,do,-7.896799564361572
243,initial,do,-8.919234275817871
244,initial,do,-7.898975849151611
245,initial,do,-8.495652198791504
246,initial,do,-6.775389671325684
247,initial,do,-8.582917213439941
248,initial,do,-8.148560523986816
249,initial,do,-7.590821266174316
250,initial,do,-6.793790340423584
251,initial,do,-7.564043998718262
252,initial,do,-7.295350074768066
253,initial,do,-8.33251953125
254,initial,do,-8.377654075622559
255,initial,do,-8.2052001953125
256,initial,do,-8.117732048034668
257,initial,do,-7.422919273376465
258,initial,do,-8.377654075622559
259,initial,do,-6.606874465942383
260,initial,do,-7.564043998718262
261,initial,do,-6.793790340423584
262,initial,do,-6.567129135131836
263,initial,do,-7.74745512008667
264,initial,pp,-7.216230392456055
265,initial,pp,-7.625463485717773
266,initial,pp,-6.801590442657471
267,initial,pp,-6.235853672027588
268,initial,pp,-7.33098030090332
269,initial,pp,-6.950348854064941
270,initial,pp,-7.067699909210205
271,initial,pp,-8.49853515625
272,initial,pp,-7.7485198974609375
273,initial,pp,-7.499603748321533
274,initial,pp,-7.407499313354492
275,initial,pp,-7.5337982177734375
276,initial,pp,-7.223229885101318
277,initial,pp,-8.49853515625
278,initial,pp,-6.393075942993164
279,initial,pp,-6.876576900482178
280,initial,pp,-7.287350654602051
281,initial,pp,-7.4567975997924805
282,initial,pp,-7.067122459411621
283,initial,pp,-6.82475471496582
284,initial,do,-7.500180721282959
285,initial,do,-7.064723491668701
286,initial,do,-8.414807319641113
287,initial,do,-7.2860798835754395
288,initial,do,-7.678752899169922
289,initial,do,-6.579361438751221
290,initial,do,-6.889167785644531
291,initial,do,-7.9974212646484375
292,initial,do,-7.678752899169922
293,initial,do,-6.984623908996582
294,initial,do,-6.930858135223389
295,initial,do,-7.438818454742432
296,initial,do,-6.96252965927124
297,initial,do,-7.6501312255859375
298,initial,do,-7.964208126068115
299,initial,do,-7.3097453117370605
300,initial,do,-7.5591959953308105
301,initial,do,-7.107152938842773
302,initial,do,-7.4232587814331055
303,initial,do,-7.014535903930664
304,initial,do,-7.256446838378906
305,initial,do,-6.889167785644531
306,initial,do,-7.509680271148682
307,initial,do,-6.742649078369141
308,initial,do,-7.2860798835754395
309,initial,do,-7.167216777801514
310,initial,do,-6.397052764892578
311,initial,do,-7.601267337799072
312,initial,do,-7.2860798835754395
313,initial,do,-8.408665657043457
314,initial,do,-6.78946590423584
315,initial,do,-7.852419376373291
316,initial,do,-7.682154178619385
317,initial,do,-7.955925941467285
318,initial,do,-6.397052764892578
319,initial,do,-7.107152938842773
320,initial,do,-6.47233247756958
321,initial,do,-7.53507661819458
322,initial,do,-8.414807319641113
323,initial,do,-7.719618797302246
324,initial,do,-7.761974334716797
325,initial,do,-7.848117351531982
326,initial,do,-7.008436679840088
327,initial,pp,-7.623632431030273
328,initial,pp,-7.0957722663879395
329,initial,pp,-8.209733963012695
330,initial,pp,-7.092717170715332
331,initial,pp,-7.251025199890137
332,initial,pp,-6.37040376663208
333,initial,pp,-6.56438684463501
334,initial,pp,-7.891765117645264
335,initial,pp,-7.251025199890137
336,initial,pp,-6.871706962585449
337,initial,pp,-6.619486331939697
338,initial,pp,-7.069698333740234
339,initial,pp,-6.759565353393555
340,initial,pp,-7.276288986206055
341,initial,pp,-7.575291633605957
342,initial,pp,-7.032713890075684
343,initial,pp,-7.295283317565918
344,initial,pp,-7.122772216796875
345,initial,pp,-7.167518138885498
346,initial,pp,-7.0221452713012695
347,initial,do,-7.2737860679626465
348,initial,do,-5.839427471160889
349,initial,do,-7.239657878875732
350,initial,do,-6.421782493591309
351,initial,do,-6.791563987731934
352,initial,do,-6.839639663696289
353,initial,do,-7.06988525390625
354,initial,do,-7.222288131713867
355,initial,do,-7.233415603637695
356,initial,do,-7.079805374145508
357,initial,do,-7.35648250579834
358,initial,do,-6.963221073150635
359,initial,do,-6.365440845489502
360,initial,do,-7.162486553192139
361,initial,do,-7.124037742614746
362,initial,do,-6.575908184051514
363,initial,do,-7.078829765319824
364,initial,do,-7.161765098571777
365,initial,do,-6.701368808746338
366,initial,do,-6.406345844268799
367,initial,do,-6.31278657913208
368,initial,do,-6.146955966949463
369,initial,do,-7.46589469909668
370,initial,do,-5.98788595199585
371,initial,do,-6.735380172729492
372,initial,do,-7.372671127319336
373,initial,do,-6.693689346313477
374,initial,do,-6.727226257324219
375,initial,do,-5.555886745452881
376,initial,do,-7.033685207366943
377,initial,do,-6.389246940612793
378,initial,do,-6.927377700805664
379,initial,do,-6.865451812744141
380,initial,do,-6.828500747680664
381,initial,do,-6.679037570953369
382,initial,do,-6.934503555297852
383,initial,do,-6.156914710998535
384,initial,do,-6.735380172729492
385,initial,do,-6.2887282371521
386,initial,do,-6.693689346313477
387,initial,do,-6.802218914031982
388,initial,do,-6.546970367431641
389,initial,do,-6.378476142883301
390,initial,pp,-7.171224117279053
391,initial,pp,-5.79847526550293
392,initial,pp,-7.140230655670166
393,initial,pp,-6.249935626983643
394,initial,pp,-7.089929103851318
395,initial,pp,-7.105762481689453
396,initial,pp,-6.979525089263916
397,initial,pp,-7.23871374130249
398,initial,pp,-7.2114973068237305
399,initial,pp,-7.012193202972412
400,initial,pp,-7.3281121253967285
401,initial,pp,-7.0371222496032715
402,initial,pp,-6.311367034912109
403,initial,pp,-7.100174903869629
404,initial,pp,-7.371706962585449
405,initial,pp,-6.537924766540527
406,initial,pp,-7.21633768081665
407,initial,pp,-7.181402683258057
408,initial,pp,-6.819244384765625
409,initial,pp,-6.30503511428833
410,initial,do,-8.31007194519043
411,initial,do,-7.766311168670654
412,initial,do,-8.141053199768066
413,initial,do,-8.498271942138672
414,initial,do,-8.613636016845703
415,initial,do,-8.205278396606445
416,initial,do,-7.942413806915283
417,initial,do,-8.508161544799805
418,initial,do,-7.179810523986816
419,initial,do,-8.001116752624512
420,initial,do,-7.382110595703125
421,initial,do,-8.927412033081055
422,initial,do,-8.836997032165527
423,initial,do,-8.506898880004883
424,initial,do,-7.309226036071777
425,initial,do,-9.015073776245117
426,initial,do,-7.535313129425049
427,initial,do,-8.465920448303223
428,initial,do,-8.418840408325195
429,initial,do,-8.513627052307129
430,initial,do,-8.988920211791992
431,initial,do,-7.018335342407227
432,initial,do,-8.465920448303223
433,initial,do,-8.72603702545166
434,initial,do,-8.302420616149902
435,initial,do,-8.5413236618042
436,initial,do,-8.107904434204102
437,initial,do,-8.123374938964844
438,initial,do,-7.911932468414307
439,initial,do,-9.212323188781738
440,initial,do,-8.844775199890137
441,initial,do,-8.315580368041992
442,initial,do,-8.45115852355957
443,initial,do,-7.973444938659668
444,initial,do,-7.625263214111328
445,initial,do,-7.944697856903076
446,initial,do,-9.015073776245117
447,initial,do,-8.521573066711426
448,initial,do,-6.765766143798828
449,initial,do,-7.297535419464111
450,initial,do,-7.963654041290283
451,initial,do,-8.354411125183105
452,initial,do,-8.371252059936523
453,initial,pp,-8.218766212463379
454,initial,pp,-7.208280563354492
455,initial,pp,-7.7304368019104
456,initial,pp,-8.093313217163086
457,initial,pp,-8.115349769592285
458,initial,pp,-7.908234119415283
459,initial,pp,-7.73707914352417
460,initial,pp,-8.003843307495117
461,initial,pp,-6.624237060546875
462,initial,pp,-8.099712371826172
463,initial,pp,-7.6444091796875
464,initial,pp,-9.090991973876953
465,initial,pp,-8.04336166381836
466,initial,pp,-8.333666801452637
467,initial,pp,-7.410123825073242
468,initial,pp,-8.94011402130127
469,initial,pp,-7.477102279663086
470,initial,pp,-8.71027660369873
471,initial,pp,-8.117215156555176
472,initial,pp,-8.153815269470215
473,initial,pp,-7.400633811950684
474,initial,pp,-8.074055671691895
475,initial,pp,-7.605779647827148
476,initial,pp,-6.857272624969482
477,initial,pp,-6.403906345367432
478,initial,pp,-7.45789909362793
479,initial,pp,-7.053212642669678
480,initial,pp,-6.9140238761901855
481,initial,pp,-7.978246688842773
482,initial,pp,-7.275858402252197
483,initial,pp,-6.293908596038818
484,initial,pp,-8.27165412902832
485,initial,pp,-7.946725845336914
486,initial,pp,-6.356149196624756
487,initial,pp,-8.05178165435791
488,initial,pp,-6.843570232391357
489,initial,pp,-6.509859085083008
490,initial,pp,-7.778372764587402
491,initial,pp,-7.092885494232178
492,initial,pp,-7.022111892700195
493,initial,do,-8.022109985351562
494,initial,do,-8.412617683410645
495,initial,do,-8.581672668457031
496,initial,do,-8.536060333251953
497,initial,do,-10.030805587768555
498,initial,do,-6.714277267456055
499,initial,do,-9.347013473510742
500,initial,do,-9.540426254272461
501,initial,do,-8.459403991699219
502,initial,do,-6.86152982711792
503,initial,do,-8.860028266906738
504,initial,do,-8.955921173095703
505,initial,do,-9.265299797058105
506,initial,do,-8.650988578796387
507,initial,do,-9.475137710571289
508,initial,do,-9.36010456085205
509,initial,do,-9.192445755004883
510,initial,do,-7.97072172164917
511,initial,do,-7.913021564483643
512,initial,do,-9.645689964294434
513,initial,do,-7.555429935455322
514,initial,do,-10.289194107055664
515,initial,do,-9.759660720825195
516,initial,do,-9.479701042175293
517,initial,do,-8.347405433654785
518,initial,do,-9.391599655151367
519,initial,do,-8.503305435180664
520,initial,do,-9.088061332702637
521,initial,do,-10.266746520996094
522,initial,do,-7.974592208862305
523,initial,do,-7.472630977630615
524,initial,do,-8.485712051391602
525,initial,do,-9.937350273132324
526,initial,do,-10.335236549377441
527,initial,do,-8.453094482421875
528,initial,do,-9.316484451293945
529,initial,do,-9.316484451293945
530,initial,do,-10.512557983398438
531,initial,do,-10.31446647644043
532,initial,do,-9.44788932800293
533,initial,do,-9.889437675476074
534,initial,do,-8.725861549377441
535,initial,do,-8.524880409240723
536,initial,pp,-7.908148765563965
537,initial,pp,-7.531600475311279
538,initial,pp,-7.9647064208984375
539,initial,pp,-8.2650728225708
540,initial,pp,-9.75620174407959
541,initial,pp,-5.98609733581543
542,initial,pp,-8.309673309326172
543,initial,pp,-8.595823287963867
544,initial,pp,-7.6534576416015625
545,initial,pp,-6.4334716796875
546,initial,pp,-8.44962215423584
547,initial,pp,-8.074967384338379
548,initial,pp,-8.554320335388184
549,initial,pp,-7.656982898712158
550,initial,pp,-8.869864463806152
551,initial,pp,-8.0060396194458
552,initial,pp,-8.206357955932617
553,initial,pp,-7.422558307647705
554,initial,pp,-7.412222385406494
555,initial,pp,-9.050848960876465
556,initial,do,-8.494975090026855
557,initial,do,-8.751482963562012
558,initial,do,-7.460601806640625
559,initial,do,-8.540096282958984
560,initial,do,-8.893108367919922
561,initial,do,-8.27473258972168
562,initial,do,-6.991788387298584
563,initial,do,-8.813122749328613
564,initial,do,-8.751482963562012
565,initial,do,-8.703930854797363
566,initial,do,-7.217442989349365
567,initial,do,-6.503574848175049
568,initial,do,-7.033297061920166
569,initial,do,-7.586676597595215
570,initial,do,-6.424716472625732
571,initial,do,-8.881085395812988
572,initial,do,-8.02653980255127
573,initial,do,-8.55005931854248
574,initial,do,-8.55005931854248
575,initial,do,-8.960098266601562
576,initial,do,-7.776425838470459
577,initial,do,-7.7317376136779785
578,initial,do,-8.02653980255127
579,initial,do,-7.9579315185546875
580,initial,do,-7.297548294067383
581,initial,do,-7.033297061920166
582,initial,do,-9.194120407104492
583,initial,do,-6.460616111755371
584,initial,do,-7.11065149307251
585,initial,do,-8.842840194702148
586,initial,do,-7.8524861335754395
587,initial,do,-8.348603248596191
588,initial,do,-6.460616111755371
589,initial,do,-7.5731282234191895
590,initial,do,-8.21004867553711
591,initial,do,-8.268685340881348
592,initial,do,-9.145341873168945
593,initial,do,-8.268685340881348
594,initial,do,-8.944864273071289
595,initial,do,-7.460601806640625
596,initial,do,-8.738696098327637
597,initial,do,-7.033297061920166
598,initial,do,-8.703930854797363
599,initial,pp,-7.960117816925049
600,initial,pp,-8.66163158416748
601,initial,pp,-7.516611099243164
602,initial,pp,-8.748417854309082
603,initial,pp,-8.695906639099121
604,initial,pp,-7.5973711013793945
605,initial,pp,-6.573379039764404
606,initial,pp,-8.443822860717773
607,initial,pp,-8.66163158416748
608,initial,pp,-8.857073783874512
609,initial,pp,-6.696537494659424
610,initial,pp,-6.469268798828125
611,initial,pp,-6.823681354522705
612,initial,pp,-7.175171852111816
613,initial,pp,-6.851840019226074
614,initial,pp,-8.516386032104492
615,initial,pp,-7.923856735229492
616,initial,pp,-8.321260452270508
617,initial,pp,-8.321260452270508
618,initial,pp,-8.97299861907959
619,initial,do,-8.214131355285645
620,initial,do,-7.10789680480957
621,initial,do,-7.531286716461182
622,initial,do,-7.759883403778076
623,initial,do,-7.929253578186035
624,initial,do,-7.76975154876709
625,initial,do,-8.219054222106934
626,initial,do,-8.017888069152832
627,initial,do,-8.328232765197754
628,initial,do,-8.94654369354248
629,initial,do,-7.6893310546875
630,initial,do,-6.250940799713135
631,initial,do,-6.823366165161133
632,initial,do,-7.439774513244629
633,initial,do,-6.498441696166992
634,initial,do,-8.667320251464844
635,initial,do,-7.051800727844238
636,initial,do,-8.131609916687012
637,initial,do,-6.823366165161133
638,initial,do,-8.12710189819336
639,initial,do,-7.999482154846191
640,initial,do,-8.178518295288086
641,initial,do,-7.485042572021484
642,initial,do,-9.295083045959473
643,initial,do,-8.138738632202148
644,initial,do,-6.367157936096191
645,initial,do,-8.186315536499023
646,initial,do,-7.857914447784424
647,initial,do,-8.703710556030273
648,initial,do,-8.311762809753418
649,initial,do,-7.777396202087402
650,initial,do,-8.894676208496094
651,initial,do,-8.424111366271973
652,initial,do,-8.469365119934082
653,initial,do,-8.688897132873535
654,initial,do,-7.3888444900512695
655,initial,do,-7.543795108795166
656,initial,do,-8.047026634216309
657,initial,do,-7.75787878036499
658,initial,do,-6.823365211486816
659,initial,do,-8.787810325622559
660,initial,do,-8.24662971496582
661,initial,do,-7.217626571655273
662,initial,pp,-7.44183874130249
663,initial,pp,-6.554655075073242
664,initial,pp,-7.46714973449707
665,initial,pp,-7.574064254760742
666,initial,pp,-7.584539890289307
667,initial,pp,-7.571473598480225
668,initial,pp,-8.046847343444824
669,initial,pp,-8.431183815002441
670,initial,pp,-8.391013145446777
671,initial,pp,-8.842402458190918
672,initial,pp,-7.532224178314209
673,initial,pp,-5.90287971496582
674,initial,pp,-6.728671073913574
675,initial,pp,-7.045989513397217
676,initial,pp,-6.298982620239258
677,initial,pp,-8.601812362670898
678,initial,pp,-6.715554714202881
679,initial,pp,-8.140624046325684
680,initial,pp,-6.728671073913574
681,initial,pp,-7.716744422912598
682,initial,do,-9.660383224487305
683,initial,do,-9.889107704162598
684,initial,do,-8.066941261291504
685,initial,do,-7.3833465576171875
686,initial,do,-9.212681770324707
687,initial,do,-8.429886817932129
688,initial,do,-9.859880447387695
689,initial,do,-10.64050006866455
690,initial,do,-7.602352619171143
691,initial,do,-9.003151893615723
692,initial,do,-7.789803504943848
693,initial,do,-9.981752395629883
694,initial,do,-7.788402557373047
695,initial,do,-8.972064018249512
696,initial,do,-9.930238723754883
697,initial,do,-8.231307029724121
698,initial,do,-8.247441291809082
699,initial,do,-8.396595001220703
700,initial,do,-9.456767082214355
701,initial,do,-7.30719518661499
702,initial,do,-9.412362098693848
703,initial,do,-8.539639472961426
704,initial,do,-9.947528839111328
705,initial,do,-9.52912425994873
706,initial,do,-8.366833686828613
707,initial,do,-9.723695755004883
708,initial,do,-8.302693367004395
709,initial,do,-8.490656852722168
710,initial,do,-10.301546096801758
711,initial,do,-9.367692947387695
712,initial,do,-8.78130054473877
713,initial,do,-9.731024742126465
714,initial,do,-10.2721529006958
715,initial,do,-9.740297317504883
716,initial,do,-9.86111068725586
717,initial,do,-10.097620964050293
718,initial,do,-9.638700485229492
719,initial,do,-10.276266098022461
720,initial,do,-7.660733699798584
721,initial,do,-9.525870323181152
722,initial,do,-8.017125129699707
723,initial,do,-8.384957313537598
724,initial,do,-8.967994689941406
725,initial,pp,-9.440596580505371
726,initial,pp,-9.203849792480469
727,initial,pp,-7.258946895599365
728,initial,pp,-6.939465045928955
729,initial,pp,-8.629392623901367
730,initial,pp,-8.57068920135498
731,initial,pp,-10.051788330078125
732,initial,pp,-9.425230979919434
733,initial,pp,-7.031838893890381
734,initial,pp,-8.362717628479004
735,initial,pp,-7.589930057525635
736,initial,pp,-9.265835762023926
737,initial,pp,-7.5680975914001465
738,initial,pp,-8.865304946899414
739,initial,pp,-9.197840690612793
740,initial,pp,-8.437371253967285
741,initial,pp,-7.973391532897949
742,initial,pp,-7.877045154571533
743,initial,pp,-8.993412017822266
744,initial,pp,-7.923356056213379
745,initial,pp,-7.395721435546875
746,initial,pp,-7.105662822723389
747,initial,pp,-7.3658599853515625
748,initial,pp,-7.249750137329102
749,initial,pp,-8.569372177124023
750,initial,pp,-8.400919914245605
751,initial,pp,-8.331245422363281
752,initial,pp,-7.444062232971191
753,initial,pp,-7.644132614135742
754,initial,pp,-7.393845558166504
755,initial,pp,-6.588545322418213
756,initial,pp,-6.514502048492432
757,initial,pp,-7.804563522338867
758,initial,pp,-7.041038990020752
759,initial,pp,-7.432284832000732
760,initial,pp,-8.317943572998047
761,initial,pp,-9.137552261352539
762,initial,pp,-8.94802188873291
763,initial,pp,-6.701558589935303
764,initial,pp,-7.5869460105896
765,initial,pp,-7.591453552246094
766,initial,pp,-7.526518821716309
767,initial,pp,-8.674759864807129
768,initial,pp,-7.614044189453125
769,initial,pp,-8.382089614868164
770,initial,pp,-8.138496398925781
771,initial,pp,-7.808640480041504
772,initial,pp,-8.893908500671387
773,initial,pp,-7.737936019897461
774,initial,pp,-6.286314487457275
775,initial,pp,-8.059510231018066
776,initial,pp,-6.750775337219238
777,initial,pp,-7.387004852294922
778,initial,pp,-7.9329752922058105
779,initial,pp,-8.465304374694824
780,initial,pp,-7.970425128936768
781,initial,pp,-8.719701766967773
782,initial,pp,-7.2985687255859375
783,initial,pp,-8.826257705688477
784,initial,pp,-8.601441383361816
785,initial,do,-7.354000091552734
786,initial,do,-6.0590620040893555
787,initial,do,-6.734701633453369
788,initial,do,-6.402473449707031
789,initial,do,-7.497708797454834
790,initial,do,-6.532037734985352
791,initial,do,-6.846103191375732
792,initial,do,-6.414161682128906
793,initial,do,-8.032483100891113
794,initial,do,-8.033198356628418
795,initial,do,-6.372504711151123
796,initial,do,-6.078099250793457
797,initial,do,-6.518174171447754
798,initial,do,-8.339700698852539
799,initial,do,-6.0998759269714355
800,initial,do,-5.736729621887207
801,initial,do,-7.9768242835998535
802,initial,do,-6.439622402191162
803,initial,do,-8.794302940368652
804,initial,do,-8.621769905090332
805,initial,do,-8.278875350952148
806,initial,do,-5.770532131195068
807,initial,do,-8.025851249694824
808,initial,do,-8.920329093933105
809,initial,do,-6.606654167175293
810,initial,do,-6.116238117218018
811,initial,do,-7.377222537994385
812,initial,do,-6.540154457092285
813,initial,do,-6.970451354980469
814,initial,do,-6.589285373687744
815,initial,do,-6.302637100219727
816,initial,do,-6.573725700378418
817,initial,do,-6.269661903381348
818,initial,do,-5.418874263763428
819,initial,do,-8.146249771118164
820,initial,do,-5.736729621887207
821,initial,do,-7.92029333114624
822,initial,do,-6.85059928894043
823,initial,do,-6.581897258758545
824,initial,do,-8.302874565124512
825,initial,do,-7.45120906829834
826,initial,do,-7.124165058135986
827,initial,do,-8.138947486877441
828,initial,pp,-6.826993465423584
829,initial,pp,-5.952952861785889
830,initial,pp,-6.9355878829956055
831,initial,pp,-6.415986061096191
832,initial,pp,-7.261910438537598
833,initial,pp,-6.291623115539551
834,initial,pp,-6.669918060302734
835,initial,pp,-6.407756805419922
836,initial,pp,-7.6198625564575195
837,initial,pp,-7.147396564483643
838,initial,pp,-6.178606033325195
839,initial,pp,-5.954880714416504
840,initial,pp,-6.421249866485596
841,initial,pp,-7.468210220336914
842,initial,pp,-5.742199420928955
843,initial,pp,-5.5306620597839355
844,initial,pp,-7.419393539428711
845,initial,pp,-6.55441427230835
846,initial,pp,-8.107687950134277
847,initial,pp,-7.926910400390625
848,initial,do,-6.337902069091797
849,initial,do,-6.305046081542969
850,initial,do,-6.321620464324951
851,initial,do,-8.429018020629883
852,initial,do,-5.734714508056641
853,initial,do,-7.657015323638916
854,initial,do,-7.104074478149414
855,initial,do,-6.216918468475342
856,initial,do,-6.283542156219482
857,initial,do,-6.808626174926758
858,initial,do,-7.490536689758301
859,initial,do,-6.318138599395752
860,initial,do,-6.918021202087402
861,initial,do,-5.157728672027588
862,initial,do,-5.375796794891357
863,initial,do,-5.739149570465088
864,initial,do,-5.99479866027832
865,initial,do,-8.340843200683594
866,initial,do,-5.607914447784424
867,initial,do,-5.954862117767334
868,initial,do,-7.315139293670654
869,initial,do,-6.338800430297852
870,initial,do,-8.132104873657227
871,initial,do,-5.858983516693115
872,initial,do,-5.836644172668457
873,initial,do,-6.4762282371521
874,initial,do,-6.283542156219482
875,initial,do,-6.690550327301025
876,initial,do,-6.545995712280273
877,initial,do,-7.724650859832764
878,initial,do,-6.438596725463867
879,initial,do,-5.48915433883667
880,initial,do,-8.258740425109863
881,initial,do,-7.355464935302734
882,initial,do,-6.66902494430542
883,initial,do,-6.900464057922363
884,initial,do,-6.337902545928955
885,initial,do,-6.369792938232422
886,initial,do,-5.634822368621826
887,initial,do,-7.120994567871094
888,initial,do,-8.0823974609375
889,initial,do,-7.566824436187744
890,initial,do,-6.045134544372559
891,initial,pp,-6.357334136962891
892,initial,pp,-6.503025054931641
893,initial,pp,-6.343696594238281
894,initial,pp,-7.9023542404174805
895,initial,pp,-6.042431831359863
896,initial,pp,-7.2342329025268555
897,initial,pp,-6.772091865539551
898,initial,pp,-6.209590911865234
899,initial,pp,-6.38969612121582
900,initial,pp,-6.663845062255859
901,initial,pp,-7.338535785675049
902,initial,pp,-6.427521228790283
903,initial,pp,-6.713982582092285
904,initial,pp,-5.080419063568115
905,initial,pp,-5.812638282775879
906,initial,pp,-5.9414191246032715
907,initial,pp,-6.039285659790039
908,initial,pp,-7.849738121032715
909,initial,pp,-5.812921047210693
910,initial,pp,-6.332709789276123
911,initial,do,-6.988503932952881
912,initial,do,-6.851228713989258
913,initial,do,-6.785750389099121
914,initial,do,-7.179908752441406
915,initial,do,-6.549775123596191
916,initial,do,-6.452153205871582
917,initial,do,-6.975790023803711
918,initial,do,-7.887501239776611
919,initial,do,-7.26552677154541
920,initial,do,-7.303028583526611
921,initial,do,-6.594298839569092
922,initial,do,-6.533359050750732
923,initial,do,-7.805914878845215
924,initial,do,-6.4720258712768555
925,initial,do,-6.90001106262207
926,initial,do,-6.950880527496338
927,initial,do,-7.52956485748291
928,initial,do,-7.089707851409912
929,initial,do,-6.298409461975098
930,initial,do,-5.752437114715576
931,initial,do,-7.093613147735596
932,initial,do,-6.750802516937256
933,initial,do,-6.337830066680908
934,initial,do,-6.038349628448486
935,initial,do,-6.777148246765137
936,initial,do,-7.152900695800781
937,initial,do,-5.871216297149658
938,initial,do,-6.417550563812256
939,initial,do,-7.995489120483398
940,initial,do,-6.389246940612793
941,initial,do,-7.145780563354492
942,initial,do,-7.827845096588135
943,initial,do,-6.684826850891113
944,initial,do,-6.569067478179932
945,initial,do,-6.488777160644531
946,initial,do,-8.346866607666016
947,initial,do,-7.166891098022461
948,initial,do,-6.623970985412598
949,initial,do,-7.303028583526611
950,initial,do,-6.475805282592773
951,initial,do,-7.810755252838135
952,initial,do,-6.659680366516113
953,initial,do,-7.559172630310059
954,initial,pp,-6.677732944488525
955,initial,pp,-6.482346534729004
956,initial,pp,-6.714471817016602
957,initial,pp,-7.024022102355957
958,initial,pp,-6.350395679473877
959,initial,pp,-6.665314197540283
960,initial,pp,-7.120643615722656
961,initial,pp,-7.6573967933654785
962,initial,pp,-7.225353240966797
963,initial,pp,-7.071774482727051
964,initial,pp,-6.7841477394104
965,initial,pp,-6.300487041473389
966,initial,pp,-7.36141300201416
967,initial,pp,-6.4097065925598145
968,initial,pp,-6.808525085449219
969,initial,pp,-7.15790319442749
970,initial,pp,-7.141076564788818
971,initial,pp,-7.224035739898682
972,initial,pp,-6.408561706542969
973,initial,pp,-5.7681684494018555
974,initial,do,-8.196969985961914
975,initial,do,-7.781216144561768
976,initial,do,-9.445165634155273
977,initial,do,-8.298507690429688
978,initial,do,-7.167367458343506
979,initial,do,-6.6137895584106445
980,initial,do,-8.831975936889648
981,initial,do,-6.443325042724609
982,initial,do,-7.889065742492676
983,initial,do,-7.0059027671813965
984,initial,do,-7.430378437042236
985,initial,do,-8.257401466369629
986,initial,do,-8.754284858703613
987,initial,do,-7.157121658325195
988,initial,do,-8.962745666503906
989,initial,do,-8.960662841796875
990,initial,do,-9.077943801879883
991,initial,do,-6.923343658447266
992,initial,do,-7.26835298538208
993,initial,do,-7.330643653869629
994,initial,do,-6.594682693481445
995,initial,do,-8.545770645141602
996,initial,do,-7.610025882720947
997,initial,do,-7.241250991821289
998,initial,do,-7.5326972007751465
999,initial,do,-6.801200866699219
1000,initial,do,-7.028796195983887
1001,initial,do,-6.232672214508057
1002,initial,do,-7.434212684631348
1003,initial,do,-7.330643653869629
1004,initial,do,-7.383328437805176
1005,initial,do,-6.425286769866943
1006,initial,do,-8.379908561706543
1007,initial,do,-7.253777503967285
1008,initial,do,-7.109221458435059
1009,initial,do,-6.858223915100098
1010,initial,do,-7.197878360748291
1011,initial,do,-8.681198120117188
1012,initial,do,-7.914997577667236
1013,initial,do,-7.947186470031738
1014,initial,do,-7.914997577667236
1015,initial,do,-6.795989990234375
1016,initial,do,-6.235331058502197
1017,initial,pp,-7.2347869873046875
1018,initial,pp,-7.045003890991211
1019,initial,pp,-8.769128799438477
1020,initial,pp,-7.865877151489258
1021,initial,pp,-7.107733249664307
1022,initial,pp,-6.494215965270996
1023,initial,pp,-7.96597146987915
1024,initial,pp,-6.259828567504883
1025,initial,pp,-7.644258499145508
1026,initial,pp,-6.720056056976318
1027,initial,pp,-7.588212013244629
1028,initial,pp,-7.545371055603027
1029,initial,pp,-8.387859344482422
1030,initial,pp,-6.755555629730225
1031,initial,pp,-8.256875038146973
1032,initial,pp,-8.458822250366211
1033,initial,pp,-8.249588012695312
1034,initial,pp,-6.862215042114258
1035,initial,pp,-7.019930362701416
1036,initial,pp,-7.307408332824707
1037,initial,pp,-6.4650750160217285
1038,initial,pp,-5.930455207824707
1039,initial,pp,-7.1072845458984375
1040,initial,pp,-6.762353897094727
1041,initial,pp,-5.879757404327393
1042,initial,pp,-6.959753513336182
1043,initial,pp,-7.911683082580566
1044,initial,pp,-5.407316207885742
1045,initial,pp,-6.8520588874816895
1046,initial,pp,-6.1022047996521
1047,initial,pp,-8.199965476989746
1048,initial,pp,-6.006584167480469
1049,initial,pp,-6.164982318878174
1050,initial,pp,-5.747368335723877
1051,initial,pp,-5.546950340270996
1052,initial,pp,-6.829061985015869
1053,initial,pp,-6.828001499176025
1054,initial,pp,-6.594640254974365
1055,initial,pp,-5.330662250518799
1056,initial,pp,-6.033053398132324
1057,initial,pp,-6.648736000061035
1058,initial,pp,-6.117787837982178
1059,initial,pp,-7.508440017700195
1060,initial,pp,-5.630007743835449
1061,initial,pp,-6.596739292144775
1062,initial,pp,-6.997442722320557
1063,initial,pp,-5.685880661010742
1064,initial,pp,-6.63877010345459
1065,initial,pp,-6.658015727996826
1066,initial,pp,-6.740773677825928
1067,initial,pp,-7.47151517868042
1068,initial,pp,-5.370899677276611
1069,initial,pp,-6.189304828643799
1070,initial,pp,-6.4059672355651855
1071,initial,pp,-6.119174480438232
1072,initial,pp,-6.144548416137695
1073,initial,pp,-6.0659942626953125
1074,initial,pp,-6.209774494171143
1075,initial,pp,-6.10156774520874
1076,initial,pp,-7.352616310119629
1077,initial,do,-8.600821495056152
1078,initial,do,-8.447686195373535
1079,initial,do,-8.69521427154541
1080,initial,do,-8.308280944824219
1081,initial,do,-7.416431427001953
1082,initial,do,-7.764993190765381
1083,initial,do,-8.33035945892334
1084,initial,do,-8.111593246459961
1085,initial,do,-7.919792652130127
1086,initial,do,-6.720810890197754
1087,initial,do,-8.04259204864502
1088,initial,do,-7.60303258895874
1089,initial,do,-8.101972579956055
1090,initial,do,-8.948315620422363
1091,initial,do,-8.407883644104004
1092,initial,do,-7.610828876495361
1093,initial,do,-7.816987991333008
1094,initial,do,-8.368162155151367
1095,initial,do,-7.147900581359863
1096,initial,do,-8.23743724822998
1097,initial,do,-8.311833381652832
1098,initial,do,-8.559035301208496
1099,initial,do,-9.219632148742676
1100,initial,do,-9.241011619567871
1101,initial,do,-8.221405982971191
1102,initial,do,-7.905435085296631
1103,initial,do,-7.948770999908447
1104,initial,do,-7.438527584075928
1105,initial,do,-7.702568054199219
1106,initial,do,-7.5762152671813965
1107,initial,do,-8.559035301208496
1108,initial,do,-8.834773063659668
1109,initial,do,-6.3875226974487305
1110,initial,do,-8.608113288879395
1111,initial,do,-7.494022369384766
1112,initial,do,-6.714301586151123
1113,initial,do,-7.7779717445373535
1114,initial,do,-7.510182857513428
1115,initial,do,-8.102413177490234
1116,initial,do,-8.791718482971191
1117,initial,do,-8.093649864196777
1118,initial,do,-8.482574462890625
1119,initial,do,-7.015875816345215
1120,initial,pp,-7.553104877471924
1121,initial,pp,-7.62570858001709
1122,initial,pp,-7.428328514099121
1123,initial,pp,-7.002528190612793
1124,initial,pp,-6.240916728973389
1125,initial,pp,-7.27485990524292
1126,initial,pp,-6.816153526306152
1127,initial,pp,-7.244723796844482
1128,initial,pp,-6.704470634460449
1129,initial,pp,-6.2108473777771
1130,initial,pp,-6.89426851272583
1131,initial,pp,-6.193721771240234
1132,initial,pp,-7.386712074279785
1133,initial,pp,-7.398601055145264
1134,initial,pp,-7.241006374359131
1135,initial,pp,-6.903623104095459
1136,initial,pp,-7.253279209136963
1137,initial,pp,-6.809104919433594
1138,initial,pp,-6.577056407928467
1139,initial,pp,-7.068273067474365
1140,initial,do,-7.842810153961182
1141,initial,do,-7.156036853790283
1142,initial,do,-6.390749931335449
1143,initial,do,-7.456859111785889
1144,initial,do,-6.9593505859375
1145,initial,do,-6.928167343139648
1146,initial,do,-7.842810153961182
1147,initial,do,-8.4889497756958
1148,initial,do,-8.082837104797363
1149,initial,do,-6.6371893882751465
1150,initial,do,-7.376043796539307
1151,initial,do,-8.861869812011719
1152,initial,do,-8.042939186096191
1153,initial,do,-8.111647605895996
1154,initial,do,-7.174396991729736
1155,initial,do,-6.632064342498779
1156,initial,do,-7.184051990509033
1157,initial,do,-7.057225227355957
1158,initial,do,-7.742021560668945
1159,initial,do,-7.560001850128174
1160,initial,do,-8.58078384399414
1161,initial,do,-6.286367416381836
1162,initial,do,-7.178686141967773
1163,initial,do,-6.636059761047363
1164,initial,do,-7.156036853790283
1165,initial,do,-6.789811611175537
1166,initial,do,-8.179286003112793
1167,initial,do,-6.825331211090088
1168,initial,do,-7.933670520782471
1169,initial,do,-6.9686689376831055
1170,initial,do,-6.874917507171631
1171,initial,do,-7.547128677368164
1172,initial,do,-7.184051990509033
1173,initial,do,-8.281861305236816
1174,initial,do,-7.4633564949035645
1175,initial,do,-7.4633564949035645
1176,initial,do,-8.191299438476562
1177,initial,do,-8.376487731933594
1178,initial,do,-6.690006732940674
1179,initial,do,-6.632064342498779
1180,initial,do,-7.178686141967773
1181,initial,do,-7.816500186920166
1182,initial,do,-6.825331211090088
1183,initial,pp,-7.253022193908691
1184,initial,pp,-6.723893165588379
1185,initial,pp,-5.833050727844238
1186,initial,pp,-7.012172222137451
1187,initial,pp,-6.421948432922363
1188,initial,pp,-6.561257839202881
1189,initial,pp,-7.253022193908691
1190,initial,pp,-7.745187282562256
1191,initial,pp,-7.2766618728637695
1192,initial,pp,-6.028679370880127
1193,initial,pp,-6.8378472328186035
1194,initial,pp,-7.856585502624512
1195,initial,pp,-7.253476619720459
1196,initial,pp,-7.349499702453613
1197,initial,pp,-6.751960277557373
1198,initial,pp,-6.219875335693359
1199,initial,pp,-6.462612152099609
1200,initial,pp,-6.455273151397705
1201,initial,pp,-7.104611873626709
1202,initial,pp,-7.089386940002441
1203,initial,do,-7.840451240539551
1204,initial,do,-6.854955673217773
1205,initial,do,-7.824875831604004
1206,initial,do,-7.592973232269287
1207,initial,do,-7.933713436126709
1208,initial,do,-6.5636725425720215
1209,initial,do,-7.486395835876465
1210,initial,do,-6.36861515045166
1211,initial,do,-6.079362869262695
1212,initial,do,-6.840235233306885
1213,initial,do,-8.026334762573242
1214,initial,do,-7.017181396484375
1215,initial,do,-6.374476909637451
1216,initial,do,-7.099542140960693
1217,initial,do,-7.681451320648193
1218,initial,do,-6.437071323394775
1219,initial,do,-7.223587989807129
1220,initial,do,-7.334185600280762
1221,initial,do,-7.012320518493652
1222,initial,do,-6.5180816650390625
1223,initial,do,-8.07929801940918
1224,initial,do,-8.209246635437012
1225,initial,do,-8.53377628326416
1226,initial,do,-7.155031681060791
1227,initial,do,-8.166414260864258
1228,initial,do,-7.5933637619018555
1229,initial,do,-7.503462791442871
1230,initial,do,-7.625555038452148
1231,initial,do,-7.1988444328308105
1232,initial,do,-6.944274425506592
1233,initial,do,-7.401938438415527
1234,initial,do,-6.865036964416504
1235,initial,do,-6.569281578063965
1236,initial,do,-7.116332054138184
1237,initial,do,-7.124185085296631
1238,initial,do,-7.473197937011719
1239,initial,do,-6.3267011642456055
1240,initial,do,-7.639368534088135
1241,initial,do,-7.72589111328125
1242,initial,do,-6.000762462615967
1243,initial,do,-6.577652931213379
1244,initial,do,-7.909526824951172
1245,initial,do,-7.512275218963623
1246,initial,pp,-7.676027297973633
1247,initial,pp,-6.609943866729736
1248,initial,pp,-7.06282377243042
1249,initial,pp,-7.280725479125977
1250,initial,pp,-7.070108890533447
1251,initial,pp,-6.261593341827393
1252,initial,pp,-7.131369590759277
1253,initial,pp,-6.187735557556152
1254,initial,pp,-5.763095855712891
1255,initial,pp,-6.837245464324951
1256,initial,pp,-7.608824729919434
1257,initial,pp,-6.947360038757324
1258,initial,pp,-6.349407196044922
1259,initial,pp,-6.787846565246582
1260,initial,pp,-7.360354900360107
1261,initial,pp,-6.046693325042725
1262,initial,pp,-6.737832546234131
1263,initial,pp,-6.850217819213867
1264,initial,pp,-6.724417209625244
1265,initial,pp,-6.040334701538086
1266,initial,do,-7.362465858459473
1267,initial,do,-7.69950532913208
1268,initial,do,-8.043417930603027
1269,initial,do,-7.683226108551025
1270,initial,do,-6.9058380126953125
1271,initial,do,-8.41535758972168
1272,initial,do,-9.485682487487793
1273,initial,do,-9.833958625793457
1274,initial,do,-6.604405879974365
1275,initial,do,-8.629096984863281
1276,initial,do,-9.785088539123535
1277,initial,do,-7.353286266326904
1278,initial,do,-9.33980941772461
1279,initial,do,-8.810032844543457
1280,initial,do,-8.46410083770752
1281,initial,do,-9.452207565307617
1282,initial,do,-8.874377250671387
1283,initial,do,-8.77607536315918
1284,initial,do,-7.588249206542969
1285,initial,do,-8.801562309265137
1286,initial,do,-6.770109176635742
1287,initial,do,-8.564534187316895
1288,initial,do,-9.126741409301758
1289,initial,do,-8.7396821975708
1290,initial,do,-8.14045238494873
1291,initial,do,-8.15430736541748
1292,initial,do,-8.758753776550293
1293,initial,do,-9.184236526489258
1294,initial,do,-9.052481651306152
1295,initial,do,-8.289307594299316
1296,initial,do,-7.674225330352783
1297,initial,do,-8.680207252502441
1298,initial,do,-8.025702476501465
1299,initial,do,-6.486175537109375
1300,initial,do,-8.820637702941895
1301,initial,do,-9.668556213378906
1302,initial,do,-8.675435066223145
1303,initial,do,-7.787727355957031
1304,initial,do,-7.769741535186768
1305,initial,do,-9.248796463012695
1306,initial,do,-9.450429916381836
1307,initial,do,-7.440152645111084
1308,initial,do,-9.116150856018066
1309,initial,pp,-6.943113327026367
1310,initial,pp,-6.766868591308594
1311,initial,pp,-7.027904033660889
1312,initial,pp,-6.52081298828125
1313,initial,pp,-6.505797386169434
1314,initial,pp,-7.554961204528809
1315,initial,pp,-8.727267265319824
1316,initial,pp,-8.67101764678955
1317,initial,pp,-6.384700298309326
1318,initial,pp,-8.0015230178833
1319,initial,pp,-8.352643013000488
1320,initial,pp,-6.4187140464782715
1321,initial,pp,-8.16366958618164
1322,initial,pp,-7.401040077209473
1323,initial,pp,-7.778021335601807
1324,initial,pp,-8.032169342041016
1325,initial,pp,-7.21339750289917
1326,initial,pp,-8.147685050964355
1327,initial,pp,-7.1489739418029785
1328,initial,pp,-8.055157661437988
1329,initial,pp,-6.484541416168213
1330,initial,pp,-5.891902446746826
1331,initial,pp,-6.837682723999023
1332,initial,pp,-7.226997375488281
1333,initial,pp,-7.734377384185791
1334,initial,pp,-6.4408769607543945
1335,initial,pp,-5.963992118835449
1336,initial,pp,-5.888931751251221
1337,initial,pp,-6.486446857452393
1338,initial,pp,-6.898150444030762
1339,initial,pp,-5.611574649810791
1340,initial,pp,-7.096493721008301
1341,initial,pp,-6.893185138702393
1342,initial,pp,-7.714269161224365
1343,initial,pp,-7.51475715637207
1344,initial,pp,-6.6725544929504395
1345,initial,pp,-7.135229110717773
1346,initial,pp,-5.385908126831055
1347,initial,pp,-7.404279708862305
1348,initial,pp,-6.580256938934326
1349,initial,pp,-6.727861404418945
1350,initial,pp,-7.147121429443359
1351,initial,pp,-7.4616289138793945
1352,initial,pp,-6.60325813293457
1353,initial,pp,-6.9095635414123535
1354,initial,pp,-5.477455139160156
1355,initial,pp,-5.816851615905762
1356,initial,pp,-6.395292282104492
1357,initial,pp,-6.233668804168701
1358,initial,pp,-7.049633979797363
1359,initial,pp,-6.614715576171875
1360,initial,pp,-6.657656669616699
1361,initial,pp,-5.999597072601318
1362,initial,pp,-6.2657012939453125
1363,initial,pp,-6.925874710083008
1364,initial,pp,-6.540888786315918
1365,initial,pp,-7.796369552612305
1366,initial,pp,-6.43499755859375
1367,initial,pp,-6.5840373039245605
1368,initial,pp,-6.735234260559082
1,final,pp,-6.529703617095947
2,final,pp,-7.1333136558532715
3,final,pp,-6.526723861694336
4,final,pp,-6.76668119430542
5,final,pp,-6.1328125
6,final,pp,-6.599678039550781
7,final,pp,-6.751226425170898
8,final,pp,-6.297784328460693
9,final,pp,-5.480840682983398
10,final,pp,-6.325992584228516
11,final,pp,-5.7643890380859375
12,final,pp,-4.672385215759277
13,final,pp,-6.124857425689697
14,final,pp,-4.608551025390625
15,final,pp,-7.09832763671875
16,final,pp,-6.297784328460693
17,final,pp,-6.7794976234436035
18,final,pp,-5.88295316696167
19,final,pp,-6.356700420379639
20,final,pp,-5.9998459815979
21,final,pp,-6.239063262939453
22,final,pp,-5.777856826782227
23,final,pp,-6.463917255401611
24,final,pp,-6.699910640716553
25,final,pp,-6.685405731201172
26,final,pp,-6.705865859985352
27,final,pp,-6.743588924407959
28,final,pp,-6.3079657554626465
29,final,pp,-6.581238269805908
30,final,pp,-6.392082691192627
31,final,pp,-6.52647066116333
32,final,pp,-6.699910640716553
33,final,pp,-6.923092365264893
34,final,pp,-7.068493366241455
35,final,pp,-4.924201965332031
36,final,pp,-5.132314682006836
37,final,pp,-6.581239223480225
38,final,pp,-5.724506855010986
39,final,pp,-6.698810577392578
40,final,pp,-6.652065277099609
41,final,pp,-6.386198997497559
42,final,pp,-6.568654537200928
43,final,pp,-6.086281776428223
44,final,pp,-6.711859703063965
45,final,pp,-6.918730735778809
46,final,pp,-6.66547966003418
47,final,pp,-7.344848155975342
48,final,pp,-6.293346405029297
49,final,pp,-6.222701072692871
50,final,pp,-6.12285041809082
51,final,pp,-7.131675720214844
52,final,pp,-5.5389556884765625
53,final,pp,-6.625016689300537
54,final,pp,-6.528145790100098
55,final,pp,-6.5378546714782715
56,final,pp,-5.555379390716553
57,final,pp,-5.524670124053955
58,final,pp,-7.0339508056640625
59,final,pp,-6.3552093505859375
60,final,pp,-6.468358039855957
61,final,pp,-6.959545135498047
62,final,pp,-6.88353967666626
63,final,pp,-7.020477294921875
64,final,pp,-6.923912048339844
65,final,pp,-6.641195297241211
66,final,pp,-7.499144077301025
67,final,pp,-5.451962947845459
68,final,pp,-7.390251159667969
69,final,pp,-7.551342010498047
70,final,pp,-7.373534679412842
71,final,pp,-5.092698097229004
72,final,pp,-7.723716735839844
73,final,pp,-6.978122234344482
74,final,pp,-8.333832740783691
75,final,pp,-7.0141167640686035
76,final,pp,-6.327737808227539
77,final,pp,-5.982929706573486
78,final,pp,-6.096289157867432
79,final,pp,-5.944502353668213
80,final,pp,-7.149872303009033
81,final,pp,-6.5895676612854
82,final,pp,-5.641997814178467
83,final,pp,-5.8237833976745605
84,final,pp,-5.662374019622803
85,final,pp,-5.641997814178467
86,final,pp,-5.684465408325195
87,final,pp,-5.636401176452637
88,final,pp,-5.310341835021973
89,final,pp,-5.9256391525268555
90,final,pp,-5.460191249847412
91,final,pp,-5.395812511444092
92,final,pp,-7.2258195877075195
93,final,pp,-5.931517601013184
94,final,pp,-5.823307037353516
95,final,pp,-5.654706954956055
96,final,pp,-5.78794002532959
97,final,pp,-6.917579174041748
98,final,pp,-7.145804405212402
99,final,pp,-6.197660446166992
100,final,pp,-6.235066890716553
101,final,pp,-5.627427577972412
102,final,pp,-6.714148998260498
103,final,pp,-6.09612512588501
104,final,pp,-5.900135040283203
105,final,pp,-5.969281196594238
106,final,pp,-6.342235565185547
107,final,pp,-5.925314426422119
108,final,pp,-6.844090461730957
109,final,pp,-6.434669494628906
110,final,pp,-6.525543212890625
111,final,pp,-5.921568870544434
112,final,pp,-5.89003324508667
113,final,pp,-6.063101291656494
114,final,pp,-5.6122026443481445
115,final,pp,-6.400874614715576
116,final,pp,-5.580770015716553
117,final,pp,-6.573490142822266
118,final,pp,-5.7145891189575195
119,final,pp,-6.44063663482666
120,final,pp,-6.623617649078369
121,final,pp,-5.248959064483643
122,final,pp,-5.799841403961182
123,final,pp,-5.57157039642334
124,final,pp,-6.109466075897217
125,final,pp,-5.346713542938232
126,final,pp,-5.26603889465332
127,final,pp,-5.0978546142578125
128,final,pp,-6.216182708740234
129,final,pp,-5.257266044616699
130,final,pp,-5.107868671417236
131,final,pp,-5.257266044616699
132,final,pp,-5.799841403961182
133,final,pp,-5.88893461227417
134,final,pp,-5.290135383605957
135,final,pp,-5.799841403961182
136,final,pp,-5.26603889465332
137,final,pp,-5.737853527069092
138,final,pp,-4.127997398376465
139,final,pp,-5.277039051055908
140,final,pp,-5.3336710929870605
141,final,pp,-5.980958938598633
142,final,pp,-5.709200382232666
143,final,pp,-5.976781845092773
144,final,pp,-5.978931427001953
145,final,pp,-5.302282810211182
146,final,pp,-5.45071268081665
147,final,pp,-6.006258487701416
148,final,pp,-6.075399398803711
149,final,pp,-5.217752456665039
150,final,pp,-4.819180488586426
151,final,pp,-6.446230888366699
152,final,pp,-5.953558444976807
153,final,pp,-5.602554798126221
154,final,pp,-5.769023895263672
155,final,pp,-5.58974027633667
156,final,pp,-5.467641353607178
157,final,pp,-5.58146858215332
158,final,pp,-5.604941368103027
159,final,pp,-5.56648063659668
160,final,pp,-6.18458366394043
161,final,pp,-6.699809551239014
162,final,pp,-5.8655781745910645
163,final,pp,-6.069102764129639
164,final,pp,-5.387767791748047
165,final,pp,-5.542369842529297
166,final,pp,-4.177333831787109
167,final,pp,-6.154079437255859
168,final,pp,-7.178553104400635
169,final,pp,-5.9670281410217285
170,final,pp,-5.757083892822266
171,final,pp,-6.069102764129639
172,final,pp,-5.037209987640381
173,final,pp,-5.145518779754639
174,final,pp,-7.037851810455322
175,final,pp,-5.683423042297363
176,final,pp,-5.542369842529297
177,final,pp,-5.9188995361328125
178,final,pp,-6.927839279174805
179,final,pp,-5.005107402801514
180,final,pp,-6.915543079376221
181,final,pp,-5.4841084480285645
182,final,pp,-5.982544422149658
183,final,pp,-5.14601993560791
184,final,pp,-6.137592315673828
185,final,pp,-5.394514083862305
186,final,pp,-5.315949440002441
187,final,pp,-4.594127178192139
188,final,pp,-5.080267906188965
189,final,pp,-4.944992542266846
190,final,pp,-4.928623199462891
191,final,pp,-5.627336502075195
192,final,pp,-5.332838535308838
193,final,pp,-5.310678958892822
194,final,pp,-5.11507511138916
195,final,pp,-5.327218055725098
196,final,pp,-4.911529064178467
197,final,pp,-5.802722454071045
198,final,pp,-5.173493385314941
199,final,pp,-5.4157280921936035
200,final,pp,-5.9329423904418945
201,final,pp,-5.074423789978027
202,final,pp,-4.3845977783203125
203,final,pp,-6.136277198791504
204,final,pp,-5.68641996383667
205,final,pp,-5.781566619873047
206,final,pp,-5.6306633949279785
207,final,pp,-5.975769519805908
208,final,pp,-5.028984069824219
209,final,pp,-5.295924663543701
210,final,pp,-4.7868547439575195
211,final,pp,-5.670696258544922
212,final,pp,-5.562943935394287
213,final,pp,-4.997857570648193
214,final,pp,-6.274455547332764
215,final,pp,-5.479720115661621
216,final,pp,-4.706631660461426
217,final,pp,-5.284253120422363
218,final,pp,-5.278165340423584
219,final,pp,-5.151662349700928
220,final,pp,-5.5645036697387695
221,final,do,-6.862205505371094
222,final,do,-6.699300289154053
223,final,do,-6.588470458984375
224,final,do,-5.786581516265869
225,final,do,-6.708908557891846
226,final,do,-6.408249855041504
227,final,do,-6.692460060119629
228,final,do,-7.450560569763184
229,final,do,-7.087075233459473
230,final,do,-7.08984899520874
231,final,do,-6.36992883682251
232,final,do,-6.859925746917725
233,final,do,-6.624046802520752
234,final,do,-7.450560569763184
235,final,do,-5.615117073059082
236,final,do,-6.367759704589844
237,final,do,-6.435305595397949
238,final,do,-6.314926624298096
239,final,do,-6.688925743103027
240,final,do,-6.116872310638428
241,final,do,-6.624046802520752
242,final,do,-6.705080986022949
243,final,do,-7.460605144500732
244,final,do,-6.314926624298096
245,final,do,-7.039226055145264
246,final,do,-5.504846096038818
247,final,do,-6.80585241317749
248,final,do,-6.8275556564331055
249,final,do,-6.196308135986328
250,final,do,-5.843229293823242
251,final,do,-6.42976713180542
252,final,do,-6.4046173095703125
253,final,do,-7.225168704986572
254,final,do,-7.12667989730835
255,final,do,-6.878897190093994
256,final,do,-6.635790824890137
257,final,do,-6.578136444091797
258,final,do,-7.12667989730835
259,final,do,-5.327155113220215
260,final,do,-6.42976713180542
261,final,do,-5.843229293823242
262,final,do,-5.345596790313721
263,final,do,-6.635367393493652
264,final,pp,-6.319942474365234
265,final,pp,-6.262721061706543
266,final,pp,-5.941563606262207
267,final,pp,-5.28628396987915
268,final,pp,-6.09049654006958
269,final,pp,-5.62792444229126
270,final,pp,-5.925849914550781
271,final,pp,-7.0680365562438965
272,final,pp,-6.605086326599121
273,final,pp,-6.472743034362793
274,final,pp,-6.030117034912109
275,final,pp,-6.164066314697266
276,final,pp,-6.115505695343018
277,final,pp,-7.0680365562438965
278,final,pp,-5.3009490966796875
279,final,pp,-5.802585601806641
280,final,pp,-6.191196441650391
281,final,pp,-6.064749717712402
282,final,pp,-6.183109283447266
283,final,pp,-5.823400497436523
284,final,do,-6.258936882019043
285,final,do,-5.860026836395264
286,final,do,-7.158900737762451
287,final,do,-6.417766571044922
288,final,do,-6.321578502655029
289,final,do,-5.855435371398926
290,final,do,-6.1979146003723145
291,final,do,-6.841292858123779
292,final,do,-6.321578502655029
293,final,do,-6.40100622177124
294,final,do,-5.935288429260254
295,final,do,-6.28619909286499
296,final,do,-5.970128059387207
297,final,do,-6.5960211753845215
298,final,do,-6.546142578125
299,final,do,-6.184743404388428
300,final,do,-6.571628570556641
301,final,do,-6.058084011077881
302,final,do,-6.283608436584473
303,final,do,-6.154905319213867
304,final,do,-6.213590621948242
305,final,do,-6.1979146003723145
306,final,do,-6.45650053024292
307,final,do,-6.044195652008057
308,final,do,-6.417766571044922
309,final,do,-6.266376495361328
310,final,do,-5.353568077087402
311,final,do,-6.51464319229126
312,final,do,-6.417766571044922
313,final,do,-7.126572608947754
314,final,do,-6.047451019287109
315,final,do,-6.764460563659668
316,final,do,-6.486770153045654
317,final,do,-7.260241508483887
318,final,do,-5.353568077087402
319,final,do,-6.058084011077881
320,final,do,-5.680789470672607
321,final,do,-6.313133716583252
322,final,do,-7.158900737762451
323,final,do,-6.972618103027344
324,final,do,-6.778107643127441
325,final,do,-7.166893005371094
326,final,do,-6.281897068023682
327,final,pp,-5.963260650634766
328,final,pp,-5.7541961669921875
329,final,pp,-6.693263530731201
330,final,pp,-5.654431343078613
331,final,pp,-5.8840765953063965
332,final,pp,-5.350926876068115
333,final,pp,-5.8747100830078125
334,final,pp,-6.513007164001465
335,final,pp,-5.8840765953063965
336,final,pp,-5.957863807678223
337,final,pp,-5.661560535430908
338,final,pp,-5.696235656738281
339,final,pp,-5.5737223625183105
340,final,pp,-6.0661773681640625
341,final,pp,-5.9380011558532715
342,final,pp,-5.867081642150879
343,final,pp,-6.038445472717285
344,final,pp,-5.945642471313477
345,final,pp,-5.781886577606201
346,final,pp,-5.904916763305664
347,final,do,-6.25918436050415
348,final,do,-4.912054061889648
349,final,do,-6.0302734375
350,final,do,-5.606767177581787
351,final,do,-5.672952651977539
352,final,do,-5.988184928894043
353,final,do,-6.290916442871094
354,final,do,-6.010520935058594
355,final,do,-6.243001461029053
356,final,do,-6.200209140777588
357,final,do,-6.437843322753906
358,final,do,-6.200803756713867
359,final,do,-5.759328365325928
360,final,do,-6.249672889709473
361,final,do,-6.114591121673584
362,final,do,-5.867607593536377
363,final,do,-6.1533966064453125
364,final,do,-6.256137847900391
365,final,do,-6.066926002502441
366,final,do,-5.287580966949463
367,final,do,-5.818479537963867
368,final,do,-5.579736232757568
369,final,do,-6.308372497558594
370,final,do,-5.367344856262207
371,final,do,-5.932190895080566
372,final,do,-6.470039367675781
373,final,do,-5.885138988494873
374,final,do,-6.072946071624756
375,final,do,-4.726274490356445
376,final,do,-6.3072590827941895
377,final,do,-5.658534049987793
378,final,do,-6.046128749847412
379,final,do,-5.673280239105225
380,final,do,-5.895092487335205
381,final,do,-6.071764945983887
382,final,do,-6.304379940032959
383,final,do,-5.553187370300293
384,final,do,-5.932190895080566
385,final,do,-5.544551849365234
386,final,do,-5.885139465332031
387,final,do,-5.9805450439453125
388,final,do,-5.697409629821777
389,final,do,-5.812990188598633
390,final,pp,-5.953450679779053
391,final,pp,-4.887114524841309
392,final,pp,-5.939974784851074
393,final,pp,-5.3180832862854
394,final,pp,-5.719629764556885
395,final,pp,-5.844450950622559
396,final,pp,-6.131491661071777
397,final,pp,-5.901576042175293
398,final,pp,-5.99337100982666
399,final,pp,-6.005244731903076
400,final,pp,-6.2441558837890625
401,final,pp,-6.111638069152832
402,final,pp,-5.642860412597656
403,final,pp,-6.143847465515137
404,final,pp,-6.296297550201416
405,final,pp,-5.824797630310059
406,final,pp,-5.978725910186768
407,final,pp,-6.203372478485107
408,final,pp,-5.9394121170043945
409,final,pp,-5.500879764556885
410,final,do,-7.504907131195068
411,final,do,-6.9849629402160645
412,final,do,-7.152774810791016
413,final,do,-7.695850372314453
414,final,do,-8.058926582336426
415,final,do,-6.8592681884765625
416,final,do,-6.906739234924316
417,final,do,-7.535290241241455
418,final,do,-6.183116912841797
419,final,do,-6.879677772521973
420,final,do,-6.60227632522583
421,final,do,-7.572086811065674
422,final,do,-7.982533931732178
423,final,do,-7.79494571685791
424,final,do,-6.443900108337402
425,final,do,-7.657593250274658
426,final,do,-6.184499263763428
427,final,do,-7.106029987335205
428,final,do,-6.933481693267822
429,final,do,-7.313699245452881
430,final,do,-8.05181884765625
431,final,do,-6.378237247467041
432,final,do,-7.106029987335205
433,final,do,-7.2004899978637695
434,final,do,-7.808857440948486
435,final,do,-7.457335948944092
436,final,do,-7.294477939605713
437,final,do,-7.3508100509643555
438,final,do,-7.034595012664795
439,final,do,-8.035775184631348
440,final,do,-7.825505256652832
441,final,do,-7.228705406188965
442,final,do,-7.626166820526123
443,final,do,-7.023658752441406
444,final,do,-7.075125217437744
445,final,do,-7.036234378814697
446,final,do,-7.657593250274658
447,final,do,-8.046721458435059
448,final,do,-5.990726470947266
449,final,do,-6.383213520050049
450,final,do,-6.986210823059082
451,final,do,-7.48781681060791
452,final,do,-7.194572925567627
453,final,pp,-6.77046537399292
454,final,pp,-6.368281841278076
455,final,pp,-6.294097900390625
456,final,pp,-7.22471809387207
457,final,pp,-7.164348125457764
458,final,pp,-6.588830471038818
459,final,pp,-6.3394951820373535
460,final,pp,-6.685338020324707
461,final,pp,-5.453242301940918
462,final,pp,-6.583126544952393
463,final,pp,-6.7292938232421875
464,final,pp,-7.548490047454834
465,final,pp,-7.217884063720703
466,final,pp,-7.346175670623779
467,final,pp,-6.139067649841309
468,final,pp,-7.4066267013549805
469,final,pp,-5.8817667961120605
470,final,pp,-6.83197546005249
471,final,pp,-6.649253845214844
472,final,pp,-6.806951999664307
473,final,pp,-6.156117916107178
474,final,pp,-6.57783317565918
475,final,pp,-6.029456615447998
476,final,pp,-6.133997440338135
477,final,pp,-5.145994663238525
478,final,pp,-5.728780269622803
479,final,pp,-6.0150885581970215
480,final,pp,-6.077856063842773
481,final,pp,-6.516700267791748
482,final,pp,-5.978969573974609
483,final,pp,-5.458272933959961
484,final,pp,-6.414148807525635
485,final,pp,-6.805420875549316
486,final,pp,-5.726377010345459
487,final,pp,-6.323619842529297
488,final,pp,-5.717704772949219
489,final,pp,-5.82213020324707
490,final,pp,-6.345893859863281
491,final,pp,-5.73744010925293
492,final,pp,-6.091033935546875
493,final,do,-7.056278228759766
494,final,do,-7.177216053009033
495,final,do,-7.459000587463379
496,final,do,-6.913047790527344
497,final,do,-8.047818183898926
498,final,do,-5.244942665100098
499,final,do,-7.230339050292969
500,final,do,-8.043802261352539
501,final,do,-7.034971237182617
502,final,do,-5.876683712005615
503,final,do,-7.171722412109375
504,final,do,-7.203910827636719
505,final,do,-8.030641555786133
506,final,do,-7.283271789550781
507,final,do,-8.439820289611816
508,final,do,-7.843097686767578
509,final,do,-7.665238857269287
510,final,do,-6.984165191650391
511,final,do,-6.566076278686523
512,final,do,-7.518261909484863
513,final,do,-6.505824089050293
514,final,do,-8.038813591003418
515,final,do,-7.635004997253418
516,final,do,-7.738336086273193
517,final,do,-7.3143792152404785
518,final,do,-8.4520902633667
519,final,do,-7.28522253036499
520,final,do,-7.937111854553223
521,final,do,-7.665098667144775
522,final,do,-6.745676517486572
523,final,do,-6.293008327484131
524,final,do,-6.583805084228516
525,final,do,-7.888707637786865
526,final,do,-8.067159652709961
527,final,do,-7.0139641761779785
528,final,do,-8.124809265136719
529,final,do,-8.124809265136719
530,final,do,-9.071321487426758
531,final,do,-8.79544734954834
532,final,do,-7.71483850479126
533,final,do,-8.455435752868652
534,final,do,-7.325903415679932
535,final,do,-6.7538018226623535
536,final,pp,-7.306938171386719
537,final,pp,-6.7061967849731445
538,final,pp,-6.909392833709717
539,final,pp,-6.950831890106201
540,final,pp,-8.497715950012207
541,final,pp,-4.643825531005859
542,final,pp,-6.771806240081787
543,final,pp,-7.256408214569092
544,final,pp,-6.628592491149902
545,final,pp,-5.504979610443115
546,final,pp,-7.002114772796631
547,final,pp,-6.914318561553955
548,final,pp,-7.204226970672607
549,final,pp,-6.829662799835205
550,final,pp,-8.004389762878418
551,final,pp,-6.788101673126221
552,final,pp,-7.1278977394104
553,final,pp,-6.854382514953613
554,final,pp,-6.064545631408691
555,final,pp,-7.947536468505859
556,final,do,-6.7593994140625
557,final,do,-7.521185398101807
558,final,do,-6.593747615814209
559,final,do,-6.947145938873291
560,final,do,-7.539231777191162
561,final,do,-7.035154342651367
562,final,do,-6.1375346183776855
563,final,do,-7.3035688400268555
564,final,do,-7.521185398101807
565,final,do,-7.026400089263916
566,final,do,-6.026358127593994
567,final,do,-5.730815410614014
568,final,do,-6.053466796875
569,final,do,-6.49505615234375
570,final,do,-5.254242897033691
571,final,do,-7.022706508636475
572,final,do,-6.841391563415527
573,final,do,-6.838844299316406
574,final,do,-6.838844299316406
575,final,do,-7.37827205657959
576,final,do,-6.807414531707764
577,final,do,-6.509804725646973
578,final,do,-6.841391563415527
579,final,do,-6.753881454467773
580,final,do,-6.254467487335205
581,final,do,-6.053466796875
582,final,do,-7.464595794677734
583,final,do,-5.165380954742432
584,final,do,-5.769031524658203
585,final,do,-7.41583776473999
586,final,do,-6.346889495849609
587,final,do,-6.494673252105713
588,final,do,-5.165380954742432
589,final,do,-6.101590633392334
590,final,do,-7.047562599182129
591,final,do,-7.090964317321777
592,final,do,-6.907362937927246
593,final,do,-7.090964317321777
594,final,do,-7.1193437576293945
595,final,do,-6.593747615814209
596,final,do,-7.604244232177734
597,final,do,-6.053466796875
598,final,do,-7.026400089263916
599,final,pp,-6.746500492095947
600,final,pp,-7.380027770996094
601,final,pp,-6.907578468322754
602,final,pp,-7.470799922943115
603,final,pp,-7.338986873626709
604,final,pp,-6.774790287017822
605,final,pp,-5.949439525604248
606,final,pp,-7.035345554351807
607,final,pp,-7.380027770996094
608,final,pp,-7.885578155517578
609,final,pp,-5.715047359466553
610,final,pp,-5.31760835647583
611,final,pp,-6.212019920349121
612,final,pp,-6.362600326538086
613,final,pp,-6.231131076812744
614,final,pp,-6.9768195152282715
615,final,pp,-6.578832626342773
616,final,pp,-6.761079788208008
617,final,pp,-6.761079788208008
618,final,pp,-7.710130214691162
619,final,do,-6.586481094360352
620,final,do,-6.040281772613525
621,final,do,-6.576996803283691
622,final,do,-6.276028633117676
623,final,do,-6.908937931060791
624,final,do,-6.396984577178955
625,final,do,-6.776083946228027
626,final,do,-6.507210731506348
627,final,do,-6.565471172332764
628,final,do,-6.8352580070495605
629,final,do,-6.194523811340332
630,final,do,-4.754308700561523
631,final,do,-5.382935047149658
632,final,do,-6.053837299346924
633,final,do,-5.385826587677002
634,final,do,-6.804228782653809
635,final,do,-5.814507484436035
636,final,do,-7.246407985687256
637,final,do,-5.382935047149658
638,final,do,-6.5349650382995605
639,final,do,-6.798957347869873
640,final,do,-6.721701145172119
641,final,do,-6.237971305847168
642,final,do,-8.006860733032227
643,final,do,-7.073716640472412
644,final,do,-5.376158714294434
645,final,do,-7.284354209899902
646,final,do,-6.54647159576416
647,final,do,-7.22616720199585
648,final,do,-6.935297966003418
649,final,do,-6.592094421386719
650,final,do,-7.869948387145996
651,final,do,-7.663388729095459
652,final,do,-7.087863445281982
653,final,do,-6.693695545196533
654,final,do,-6.276874542236328
655,final,do,-6.666898727416992
656,final,do,-6.8525848388671875
657,final,do,-6.684298038482666
658,final,do,-5.382935047149658
659,final,do,-7.455746650695801
660,final,do,-7.269125461578369
661,final,do,-5.863945960998535
662,final,pp,-6.643091201782227
663,final,pp,-5.328670024871826
664,final,pp,-6.759354114532471
665,final,pp,-6.610957622528076
666,final,pp,-6.7540507316589355
667,final,pp,-6.501763820648193
668,final,pp,-6.863443851470947
669,final,pp,-7.2442626953125
670,final,pp,-7.199703216552734
671,final,pp,-7.397153854370117
672,final,pp,-5.914278030395508
673,final,pp,-4.714609622955322
674,final,pp,-5.735121250152588
675,final,pp,-5.619924545288086
676,final,pp,-5.497463226318359
677,final,pp,-7.424427032470703
678,final,pp,-5.484024524688721
679,final,pp,-7.28833532333374
680,final,pp,-5.735121250152588
681,final,pp,-6.5912885665893555
682,final,do,-8.40365982055664
683,final,do,-9.643508911132812
684,final,do,-6.545225143432617
685,final,do,-6.411092281341553
686,final,do,-7.07383394241333
687,final,do,-7.382185459136963
688,final,do,-8.846588134765625
689,final,do,-9.099431037902832
690,final,do,-7.290637969970703
691,final,do,-8.060118675231934
692,final,do,-7.044712066650391
693,final,do,-8.710554122924805
694,final,do,-6.327159881591797
695,final,do,-7.609686374664307
696,final,do,-7.9847259521484375
697,final,do,-6.402812480926514
698,final,do,-7.155035495758057
699,final,do,-6.8207106590271
700,final,do,-8.421262741088867
701,final,do,-6.092630863189697
702,final,do,-8.17408561706543
703,final,do,-7.2869720458984375
704,final,do,-8.161928176879883
705,final,do,-8.080202102661133
706,final,do,-7.2122626304626465
707,final,do,-8.584698677062988
708,final,do,-7.122133731842041
709,final,do,-6.736232757568359
710,final,do,-9.736898422241211
711,final,do,-7.977165222167969
712,final,do,-7.989735126495361
713,final,do,-8.71898078918457
714,final,do,-8.44774341583252
715,final,do,-8.303512573242188
716,final,do,-9.073650360107422
717,final,do,-8.86587142944336
718,final,do,-8.679708480834961
719,final,do,-8.37486457824707
720,final,do,-6.085517883300781
721,final,do,-8.15485668182373
722,final,do,-7.335926055908203
723,final,do,-6.99127197265625
724,final,do,-7.725619792938232
725,final,pp,-8.323473930358887
726,final,pp,-8.303359031677246
727,final,pp,-5.724740028381348
728,final,pp,-6.207113265991211
729,final,pp,-7.290833473205566
730,final,pp,-7.128312587738037
731,final,pp,-8.823702812194824
732,final,pp,-8.100855827331543
733,final,pp,-6.441932201385498
734,final,pp,-7.686500549316406
735,final,pp,-6.97767972946167
736,final,pp,-8.11473274230957
737,final,pp,-6.650327682495117
738,final,pp,-7.730576515197754
739,final,pp,-8.155399322509766
740,final,pp,-7.483223915100098
741,final,pp,-6.219239711761475
742,final,pp,-6.197188377380371
743,final,pp,-7.631746292114258
744,final,pp,-7.080815315246582
745,final,pp,-6.485111236572266
746,final,pp,-5.8334550857543945
747,final,pp,-6.738866806030273
748,final,pp,-6.605138778686523
749,final,pp,-7.241581916809082
750,final,pp,-7.352240562438965
751,final,pp,-7.298641204833984
752,final,pp,-6.234137058258057
753,final,pp,-6.927638530731201
754,final,pp,-6.657262325286865
755,final,pp,-5.939844608306885
756,final,pp,-5.700893402099609
757,final,pp,-6.735403537750244
758,final,pp,-5.8629961013793945
759,final,pp,-5.850385665893555
760,final,pp,-7.405300617218018
761,final,pp,-7.908355712890625
762,final,pp,-7.606766700744629
763,final,pp,-6.088792324066162
764,final,pp,-6.5615434646606445
765,final,pp,-7.041077613830566
766,final,pp,-6.251846790313721
767,final,pp,-6.957457542419434
768,final,pp,-5.9762678146362305
769,final,pp,-7.220201015472412
770,final,pp,-6.74985408782959
771,final,pp,-6.639488220214844
772,final,pp,-7.133373737335205
773,final,pp,-6.748000144958496
774,final,pp,-5.634439468383789
775,final,pp,-6.783980369567871
776,final,pp,-5.280045032501221
777,final,pp,-6.445278644561768
778,final,pp,-7.322982311248779
779,final,pp,-7.045821189880371
780,final,pp,-6.280716896057129
781,final,pp,-6.9656500816345215
782,final,pp,-5.738228797912598
783,final,pp,-6.790519714355469
784,final,pp,-7.6363067626953125
785,final,do,-6.122878074645996
786,final,do,-5.020259857177734
787,final,do,-5.880633354187012
788,final,do,-5.271220684051514
789,final,do,-6.012057781219482
790,final,do,-5.111926555633545
791,final,do,-5.865900993347168
792,final,do,-5.26786994934082
793,final,do,-6.418980598449707
794,final,do,-6.4203009605407715
795,final,do,-5.13355827331543
796,final,do,-4.871222496032715
797,final,do,-5.183233737945557
798,final,do,-6.880059719085693
799,final,do,-4.665811538696289
800,final,do,-4.661863803863525
801,final,do,-6.363340854644775
802,final,do,-5.5434956550598145
803,final,do,-7.040657043457031
804,final,do,-7.2911376953125
805,final,do,-7.1049957275390625
806,final,do,-4.827757358551025
807,final,do,-6.110011577606201
808,final,do,-7.277907848358154
809,final,do,-5.582815170288086
810,final,do,-5.016237258911133
811,final,do,-6.383331298828125
812,final,do,-5.549394607543945
813,final,do,-5.425845146179199
814,final,do,-5.601869106292725
815,final,do,-5.255305767059326
816,final,do,-5.438584804534912
817,final,do,-5.060634136199951
818,final,do,-4.381949424743652
819,final,do,-6.418907165527344
820,final,do,-4.661863803863525
821,final,do,-6.552064418792725
822,final,do,-5.605775356292725
823,final,do,-5.236714839935303
824,final,do,-6.796899318695068
825,final,do,-6.236586570739746
826,final,do,-5.6615519523620605
827,final,do,-6.73624849319458
828,final,pp,-6.100089073181152
829,final,pp,-5.244431495666504
830,final,pp,-6.167590141296387
831,final,pp,-5.485548973083496
832,final,pp,-6.278911113739014
833,final,pp,-5.248269081115723
834,final,pp,-5.8219895362854
835,final,pp,-5.5147881507873535
836,final,pp,-6.393077850341797
837,final,pp,-6.070648670196533
838,final,pp,-5.495560646057129
839,final,pp,-5.191550254821777
840,final,pp,-5.250677585601807
841,final,pp,-6.180408477783203
842,final,pp,-4.856339454650879
843,final,pp,-4.694387912750244
844,final,pp,-6.051035404205322
845,final,pp,-5.689243316650391
846,final,pp,-6.556051731109619
847,final,pp,-6.495677471160889
848,final,do,-5.46414041519165
849,final,do,-5.354170799255371
850,final,do,-5.514519214630127
851,final,do,-6.713636875152588
852,final,do,-5.002822399139404
853,final,do,-6.439414978027344
854,final,do,-6.20025110244751
855,final,do,-5.411407947540283
856,final,do,-5.360106468200684
857,final,do,-5.728094100952148
858,final,do,-6.047069549560547
859,final,do,-5.562894821166992
860,final,do,-5.929694175720215
861,final,do,-4.299588203430176
862,final,do,-5.082601547241211
863,final,do,-5.092425346374512
864,final,do,-5.081168174743652
865,final,do,-7.1485595703125
866,final,do,-4.794654369354248
867,final,do,-5.044488906860352
868,final,do,-6.28786563873291
869,final,do,-5.04329252243042
870,final,do,-6.88692045211792
871,final,do,-5.06785249710083
872,final,do,-5.272100448608398
873,final,do,-5.628608226776123
874,final,do,-5.360106945037842
875,final,do,-5.3101677894592285
876,final,do,-5.5294108390808105
877,final,do,-6.143860340118408
878,final,do,-5.4720025062561035
879,final,do,-4.618785858154297
880,final,do,-6.9973464012146
881,final,do,-6.29661226272583
882,final,do,-5.575301170349121
883,final,do,-6.065810203552246
884,final,do,-5.464139938354492
885,final,do,-4.977902889251709
886,final,do,-4.85597562789917
887,final,do,-6.1627044677734375
888,final,do,-6.8127593994140625
889,final,do,-6.5609130859375
890,final,do,-4.953827381134033
891,final,pp,-5.464162349700928
892,final,pp,-5.579600811004639
893,final,pp,-5.671661376953125
894,final,pp,-6.379171371459961
895,final,pp,-5.363417625427246
896,final,pp,-6.025882244110107
897,final,pp,-5.890924453735352
898,final,pp,-5.454565048217773
899,final,pp,-5.501611232757568
900,final,pp,-5.682199478149414
901,final,pp,-6.006231307983398
902,final,pp,-5.670613765716553
903,final,pp,-5.987918853759766
904,final,pp,-4.251938343048096
905,final,pp,-5.385142803192139
906,final,pp,-5.344943046569824
907,final,pp,-5.265480041503906
908,final,pp,-6.650867938995361
909,final,pp,-5.070804595947266
910,final,pp,-5.509446144104004
911,final,do,-6.069418907165527
912,final,do,-6.152000904083252
913,final,do,-5.5435261726379395
914,final,do,-5.97546911239624
915,final,do,-5.479434967041016
916,final,do,-5.43430233001709
917,final,do,-6.327061176300049
918,final,do,-6.638120651245117
919,final,do,-5.84438419342041
920,final,do,-6.221935749053955
921,final,do,-5.967157363891602
922,final,do,-5.6024556159973145
923,final,do,-6.769909858703613
924,final,do,-5.617648124694824
925,final,do,-5.837866306304932
926,final,do,-5.84925651550293
927,final,do,-6.399816513061523
928,final,do,-6.008587837219238
929,final,do,-5.524323463439941
930,final,do,-4.726020336151123
931,final,do,-5.75553560256958
932,final,do,-5.533293724060059
933,final,do,-5.543878078460693
934,final,do,-5.01743221282959
935,final,do,-5.657625675201416
936,final,do,-6.160231590270996
937,final,do,-4.7037034034729
938,final,do,-5.092520713806152
939,final,do,-6.515722751617432
940,final,do,-5.386812210083008
941,final,do,-5.912538528442383
942,final,do,-6.809059143066406
943,final,do,-5.672184944152832
944,final,do,-5.577761650085449
945,final,do,-5.340373516082764
946,final,do,-7.036357879638672
947,final,do,-5.918256759643555
948,final,do,-5.702829837799072
949,final,do,-6.221935749053955
950,final,do,-5.450134754180908
951,final,do,-6.657077312469482
952,final,do,-5.521413803100586
953,final,do,-6.300623416900635
954,final,pp,-5.863592147827148
955,final,pp,-5.894166946411133
956,final,pp,-5.772414684295654
957,final,pp,-5.894364356994629
958,final,pp,-5.581589698791504
959,final,pp,-5.776500701904297
960,final,pp,-6.462459087371826
961,final,pp,-6.483992099761963
962,final,pp,-6.043976306915283
963,final,pp,-6.23502254486084
964,final,pp,-6.109354019165039
965,final,pp,-5.270185470581055
966,final,pp,-6.20463228225708
967,final,pp,-5.711836338043213
968,final,pp,-6.07830286026001
969,final,pp,-5.873350620269775
970,final,pp,-5.993551731109619
971,final,pp,-6.298882007598877
972,final,pp,-5.708996295928955
973,final,pp,-4.977718353271484
974,final,do,-6.95495080947876
975,final,do,-6.638333320617676
976,final,do,-7.864912986755371
977,final,do,-7.2129058837890625
978,final,do,-5.890846252441406
979,final,do,-5.818944931030273
980,final,do,-7.804425239562988
981,final,do,-5.444823265075684
982,final,do,-6.842742919921875
983,final,do,-5.781744003295898
984,final,do,-6.472200393676758
985,final,do,-6.431192398071289
986,final,do,-7.1013312339782715
987,final,do,-6.2565460205078125
988,final,do,-7.887619972229004
989,final,do,-7.9703521728515625
990,final,do,-7.854449272155762
991,final,do,-5.849856853485107
992,final,do,-6.271889686584473
993,final,do,-6.566685676574707
994,final,do,-5.4785847663879395
995,final,do,-7.560390472412109
996,final,do,-6.6250457763671875
997,final,do,-6.347353458404541
998,final,do,-6.78416109085083
999,final,do,-6.036940574645996
1000,final,do,-5.987056732177734
1001,final,do,-5.499045372009277
1002,final,do,-6.404792785644531
1003,final,do,-6.566685676574707
1004,final,do,-6.104408264160156
1005,final,do,-5.742627143859863
1006,final,do,-7.123536109924316
1007,final,do,-6.28558874130249
1008,final,do,-6.162812232971191
1009,final,do,-5.746236801147461
1010,final,do,-6.4620747566223145
1011,final,do,-7.157526969909668
1012,final,do,-6.848784446716309
1013,final,do,-7.0579118728637695
1014,final,do,-6.848784446716309
1015,final,do,-6.149488925933838
1016,final,do,-5.204914093017578
1017,final,pp,-6.289117813110352
1018,final,pp,-6.092898368835449
1019,final,pp,-7.549570083618164
1020,final,pp,-6.691891670227051
1021,final,pp,-5.837209224700928
1022,final,pp,-5.748250484466553
1023,final,pp,-6.810436725616455
1024,final,pp,-5.232670307159424
1025,final,pp,-6.428480625152588
1026,final,pp,-5.645203590393066
1027,final,pp,-6.587541103363037
1028,final,pp,-6.300103187561035
1029,final,pp,-7.019749164581299
1030,final,pp,-5.864741802215576
1031,final,pp,-7.018449783325195
1032,final,pp,-7.198025703430176
1033,final,pp,-7.270033836364746
1034,final,pp,-5.90631103515625
1035,final,pp,-6.076746940612793
1036,final,pp,-6.455804347991943
1037,final,pp,-5.689798355102539
1038,final,pp,-5.28007698059082
1039,final,pp,-6.3471856117248535
1040,final,pp,-5.904591083526611
1041,final,pp,-5.112800121307373
1042,final,pp,-6.077800750732422
1043,final,pp,-6.757040977478027
1044,final,pp,-4.666306495666504
1045,final,pp,-6.0527825355529785
1046,final,pp,-5.444200038909912
1047,final,pp,-7.085906982421875
1048,final,pp,-5.045201301574707
1049,final,pp,-5.426058292388916
1050,final,pp,-5.073441505432129
1051,final,pp,-4.780686378479004
1052,final,pp,-5.806816101074219
1053,final,pp,-6.213657379150391
1054,final,pp,-5.640508651733398
1055,final,pp,-4.535467147827148
1056,final,pp,-5.375854969024658
1057,final,pp,-5.822534561157227
1058,final,pp,-5.217790126800537
1059,final,pp,-6.336448669433594
1060,final,pp,-5.164831161499023
1061,final,pp,-5.598232746124268
1062,final,pp,-5.666361331939697
1063,final,pp,-4.936779975891113
1064,final,pp,-5.679346084594727
1065,final,pp,-5.915018558502197
1066,final,pp,-5.901087760925293
1067,final,pp,-6.071221828460693
1068,final,pp,-4.811944961547852
1069,final,pp,-5.232610702514648
1070,final,pp,-5.590765476226807
1071,final,pp,-5.311143398284912
1072,final,pp,-5.3093953132629395
1073,final,pp,-5.161871910095215
1074,final,pp,-5.416129112243652
1075,final,pp,-5.218040943145752
1076,final,pp,-6.7581467628479
1077,final,do,-6.861711025238037
1078,final,do,-6.589260101318359
1079,final,do,-6.764842987060547
1080,final,do,-6.763518810272217
1081,final,do,-5.683097839355469
1082,final,do,-6.172623157501221
1083,final,do,-6.6475043296813965
1084,final,do,-6.1689066886901855
1085,final,do,-6.470118045806885
1086,final,do,-5.531940937042236
1087,final,do,-6.214682102203369
1088,final,do,-6.179956912994385
1089,final,do,-6.168480396270752
1090,final,do,-6.715747833251953
1091,final,do,-6.314412593841553
1092,final,do,-6.266407012939453
1093,final,do,-6.660320281982422
1094,final,do,-6.237146854400635
1095,final,do,-5.551179885864258
1096,final,do,-6.32184362411499
1097,final,do,-6.205347537994385
1098,final,do,-6.530344486236572
1099,final,do,-6.7438201904296875
1100,final,do,-6.519278049468994
1101,final,do,-6.547949314117432
1102,final,do,-6.481542110443115
1103,final,do,-6.314197540283203
1104,final,do,-5.703527927398682
1105,final,do,-6.472184658050537
1106,final,do,-6.14970588684082
1107,final,do,-6.530344486236572
1108,final,do,-7.275918483734131
1109,final,do,-4.781518459320068
1110,final,do,-7.410163879394531
1111,final,do,-6.258368492126465
1112,final,do,-5.51052188873291
1113,final,do,-6.446272373199463
1114,final,do,-6.147970199584961
1115,final,do,-6.247766017913818
1116,final,do,-6.924429416656494
1117,final,do,-6.691800594329834
1118,final,do,-6.914936065673828
1119,final,do,-5.4850969314575195
1120,final,pp,-5.907624244689941
1121,final,pp,-5.731678009033203
1122,final,pp,-5.82025671005249
1123,final,pp,-5.690657615661621
1124,final,pp,-4.700045108795166
1125,final,pp,-5.763857364654541
1126,final,pp,-5.371834754943848
1127,final,pp,-5.422146797180176
1128,final,pp,-5.512860298156738
1129,final,pp,-5.016417503356934
1130,final,pp,-5.091219425201416
1131,final,pp,-5.07673978805542
1132,final,pp,-5.448506832122803
1133,final,pp,-5.728991508483887
1134,final,pp,-5.347774028778076
1135,final,pp,-5.702750205993652
1136,final,pp,-6.016381740570068
1137,final,pp,-5.1517791748046875
1138,final,pp,-5.033135414123535
1139,final,pp,-5.492268085479736
1140,final,do,-6.574147701263428
1141,final,do,-6.4384894371032715
1142,final,do,-5.314840793609619
1143,final,do,-6.2375359535217285
1144,final,do,-6.1603312492370605
1145,final,do,-6.0313286781311035
1146,final,do,-6.574147701263428
1147,final,do,-7.127014636993408
1148,final,do,-6.523050308227539
1149,final,do,-5.696502685546875
1150,final,do,-5.91030740737915
1151,final,do,-7.219621181488037
1152,final,do,-6.488134860992432
1153,final,do,-6.829587459564209
1154,final,do,-6.158417224884033
1155,final,do,-5.353085994720459
1156,final,do,-6.154205322265625
1157,final,do,-5.878575325012207
1158,final,do,-6.588110446929932
1159,final,do,-6.220687389373779
1160,final,do,-6.873504638671875
1161,final,do,-5.211493015289307
1162,final,do,-6.3213348388671875
1163,final,do,-5.781705379486084
1164,final,do,-6.4384894371032715
1165,final,do,-5.6275458335876465
1166,final,do,-6.56031608581543
1167,final,do,-5.6718292236328125
1168,final,do,-6.031809329986572
1169,final,do,-6.0523200035095215
1170,final,do,-5.7743306159973145
1171,final,do,-5.733648777008057
1172,final,do,-6.154205322265625
1173,final,do,-6.5556254386901855
1174,final,do,-6.127317905426025
1175,final,do,-6.127317905426025
1176,final,do,-6.431636333465576
1177,final,do,-6.1165547370910645
1178,final,do,-5.551777362823486
1179,final,do,-5.353085994720459
1180,final,do,-6.3213348388671875
1181,final,do,-6.518730640411377
1182,final,do,-5.6718292236328125
1183,final,pp,-5.7450127601623535
1184,final,pp,-5.590449810028076
1185,final,pp,-4.561025142669678
1186,final,pp,-5.622656345367432
1187,final,pp,-5.507724285125732
1188,final,pp,-5.273707866668701
1189,final,pp,-5.745013236999512
1190,final,pp,-5.814823150634766
1191,final,pp,-5.710595607757568
1192,final,pp,-5.108855724334717
1193,final,pp,-5.2648844718933105
1194,final,pp,-6.037611961364746
1195,final,pp,-5.561638832092285
1196,final,pp,-5.88390588760376
1197,final,pp,-5.319965362548828
1198,final,pp,-4.755717754364014
1199,final,pp,-5.409378528594971
1200,final,pp,-4.895709991455078
1201,final,pp,-5.798716068267822
1202,final,pp,-5.490692138671875
1203,final,do,-6.4757513999938965
1204,final,do,-5.701552867889404
1205,final,do,-6.474734783172607
1206,final,do,-6.0187835693359375
1207,final,do,-6.8264479637146
1208,final,do,-5.741612434387207
1209,final,do,-6.40589714050293
1210,final,do,-5.618293762207031
1211,final,do,-5.351815223693848
1212,final,do,-5.79850959777832
1213,final,do,-6.171601295471191
1214,final,do,-5.584870338439941
1215,final,do,-5.236974239349365
1216,final,do,-5.785879611968994
1217,final,do,-6.267860412597656
1218,final,do,-5.547198295593262
1219,final,do,-6.271627902984619
1220,final,do,-6.118391990661621
1221,final,do,-5.363275051116943
1222,final,do,-5.255382061004639
1223,final,do,-6.967423915863037
1224,final,do,-6.485915184020996
1225,final,do,-7.0605788230896
1226,final,do,-6.4253034591674805
1227,final,do,-6.707406044006348
1228,final,do,-6.477086067199707
1229,final,do,-5.844423294067383
1230,final,do,-6.165279388427734
1231,final,do,-6.048192501068115
1232,final,do,-5.841179370880127
1233,final,do,-5.8709025382995605
1234,final,do,-6.1424880027771
1235,final,do,-5.8862786293029785
1236,final,do,-6.279268264770508
1237,final,do,-6.0309648513793945
1238,final,do,-6.219688892364502
1239,final,do,-5.245438575744629
1240,final,do,-6.200192928314209
1241,final,do,-6.642646312713623
1242,final,do,-4.829807281494141
1243,final,do,-5.546458721160889
1244,final,do,-6.34423828125
1245,final,do,-6.049462795257568
1246,final,pp,-6.185244083404541
1247,final,pp,-5.287734508514404
1248,final,pp,-5.502016544342041
1249,final,pp,-5.664881229400635
1250,final,pp,-5.815161228179932
1251,final,pp,-5.426365375518799
1252,final,pp,-5.843270301818848
1253,final,pp,-5.3475470542907715
1254,final,pp,-4.853074550628662
1255,final,pp,-5.758739948272705
1256,final,pp,-5.615630149841309
1257,final,pp,-5.396387100219727
1258,final,pp,-4.906765937805176
1259,final,pp,-5.419990539550781
1260,final,pp,-5.798153400421143
1261,final,pp,-4.888674259185791
1262,final,pp,-5.811829566955566
1263,final,pp,-5.725908279418945
1264,final,pp,-5.327253818511963
1265,final,pp,-4.950931549072266
1266,final,do,-5.4558329582214355
1267,final,do,-6.014922618865967
1268,final,do,-6.888613224029541
1269,final,do,-6.368373394012451
1270,final,do,-6.011044502258301
1271,final,do,-7.056948184967041
1272,final,do,-8.4716157913208
1273,final,do,-7.853567600250244
1274,final,do,-5.643773555755615
1275,final,do,-7.4486212730407715
1276,final,do,-7.6137309074401855
1277,final,do,-5.430487632751465
1278,final,do,-8.073358535766602
1279,final,do,-6.706456661224365
1280,final,do,-6.874025821685791
1281,final,do,-7.882499694824219
1282,final,do,-7.060181140899658
1283,final,do,-7.270092010498047
1284,final,do,-6.386375904083252
1285,final,do,-7.305126190185547
1286,final,do,-6.07750129699707
1287,final,do,-7.782313823699951
1288,final,do,-7.327842712402344
1289,final,do,-7.955837726593018
1290,final,do,-6.929900646209717
1291,final,do,-6.469356536865234
1292,final,do,-6.894369125366211
1293,final,do,-7.887507915496826
1294,final,do,-7.375543117523193
1295,final,do,-6.640347957611084
1296,final,do,-6.708715915679932
1297,final,do,-7.237128734588623
1298,final,do,-7.427022457122803
1299,final,do,-4.758272171020508
1300,final,do,-7.050043106079102
1301,final,do,-7.735187530517578
1302,final,do,-6.9731011390686035
1303,final,do,-6.614404678344727
1304,final,do,-6.409726619720459
1305,final,do,-7.160987854003906
1306,final,do,-7.482795238494873
1307,final,do,-6.405959606170654
1308,final,do,-7.893373966217041
1309,final,pp,-5.07433557510376
1310,final,pp,-5.345763206481934
1311,final,pp,-5.857604503631592
1312,final,pp,-5.195796489715576
1313,final,pp,-5.348365306854248
1314,final,pp,-6.1270318031311035
1315,final,pp,-7.428735256195068
1316,final,pp,-6.7775115966796875
1317,final,pp,-5.096478462219238
1318,final,pp,-6.760464191436768
1319,final,pp,-6.547356605529785
1320,final,pp,-4.864062309265137
1321,final,pp,-7.116405963897705
1322,final,pp,-5.462317943572998
1323,final,pp,-6.21012020111084
1324,final,pp,-6.427285194396973
1325,final,pp,-5.6135945320129395
1326,final,pp,-6.671855449676514
1327,final,pp,-5.764563083648682
1328,final,pp,-6.530821800231934
1329,final,pp,-5.259258270263672
1330,final,pp,-4.733236312866211
1331,final,pp,-5.855189800262451
1332,final,pp,-5.826789379119873
1333,final,pp,-6.612814903259277
1334,final,pp,-5.161681175231934
1335,final,pp,-4.696254730224609
1336,final,pp,-4.855810642242432
1337,final,pp,-5.389598846435547
1338,final,pp,-6.101963043212891
1339,final,pp,-4.918052673339844
1340,final,pp,-5.7632551193237305
1341,final,pp,-5.266340732574463
1342,final,pp,-6.417097568511963
1343,final,pp,-6.160372257232666
1344,final,pp,-4.897172927856445
1345,final,pp,-5.987880229949951
1346,final,pp,-4.43914794921875
1347,final,pp,-6.3784284591674805
1348,final,pp,-5.191171646118164
1349,final,pp,-5.041336536407471
1350,final,pp,-5.183603286743164
1351,final,pp,-5.951983451843262
1352,final,pp,-5.092634201049805
1353,final,pp,-4.973384380340576
1354,final,pp,-4.201399803161621
1355,final,pp,-4.449037551879883
1356,final,pp,-4.742192268371582
1357,final,pp,-5.305623531341553
1358,final,pp,-5.338247299194336
1359,final,pp,-5.019255638122559
1360,final,pp,-4.87497615814209
1361,final,pp,-5.07186222076416
1362,final,pp,-5.402109146118164
1363,final,pp,-5.319377899169922
1364,final,pp,-5.360011100769043
1365,final,pp,-6.215066909790039
1366,final,pp,-5.174895286560059
1367,final,pp,-4.99803352355957
1368,final,pp,-5.222324848175049
1,best,pp,-6.529703617095947
2,best,pp,-7.1333136558532715
3,best,pp,-6.526723861694336
4,best,pp,-6.76668119430542
5,best,pp,-6.1328125
6,best,pp,-6.599678039550781
7,best,pp,-6.751226425170898
8,best,pp,-6.297784328460693
9,best,pp,-5.480840682983398
10,best,pp,-6.325992584228516
11,best,pp,-5.7643890380859375
12,best,pp,-4.672385215759277
13,best,pp,-6.124857425689697
14,best,pp,-4.608551025390625
15,best,pp,-7.09832763671875
16,best,pp,-6.297784328460693
17,best,pp,-6.7794976234436035
18,best,pp,-5.88295316696167
19,best,pp,-6.356700420379639
20,best,pp,-5.9998459815979
21,best,pp,-6.239063262939453
22,best,pp,-5.777856826782227
23,best,pp,-6.463917255401611
24,best,pp,-6.699910640716553
25,best,pp,-6.685405731201172
26,best,pp,-6.705865859985352
27,best,pp,-6.743588924407959
28,best,pp,-6.3079657554626465
29,best,pp,-6.581238269805908
30,best,pp,-6.392082691192627
31,best,pp,-6.52647066116333
32,best,pp,-6.699910640716553
33,best,pp,-6.923092365264893
34,best,pp,-7.068493366241455
35,best,pp,-4.924201965332031
36,best,pp,-5.132314682006836
37,best,pp,-6.581239223480225
38,best,pp,-5.724506855010986
39,best,pp,-6.698810577392578
40,best,pp,-6.652065277099609
41,best,pp,-6.386198997497559
42,best,pp,-6.568654537200928
43,best,pp,-6.086281776428223
44,best,pp,-6.711859703063965
45,best,pp,-6.918730735778809
46,best,pp,-6.66547966003418
47,best,pp,-7.344848155975342
48,best,pp,-6.293346405029297
49,best,pp,-6.222701072692871
50,best,pp,-6.12285041809082
51,best,pp,-7.131675720214844
52,best,pp,-5.5389556884765625
53,best,pp,-6.625016689300537
54,best,pp,-6.528145790100098
55,best,pp,-6.5378546714782715
56,best,pp,-5.555379390716553
57,best,pp,-5.524670124053955
58,best,pp,-7.0339508056640625
59,best,pp,-6.3552093505859375
60,best,pp,-6.468358039855957
61,best,pp,-6.959545135498047
62,best,pp,-6.88353967666626
63,best,pp,-7.020477294921875
64,best,pp,-6.923912048339844
65,best,pp,-6.641195297241211
66,best,pp,-7.499144077301025
67,best,pp,-5.451962947845459
68,best,pp,-7.390251159667969
69,best,pp,-7.551342010498047
70,best,pp,-7.373534679412842
71,best,pp,-5.092698097229004
72,best,pp,-7.723716735839844
73,best,pp,-6.978122234344482
74,best,pp,-8.333832740783691
75,best,pp,-7.0141167640686035
76,best,pp,-6.327737808227539
77,best,pp,-5.982929706573486
78,best,pp,-6.096289157867432
79,best,pp,-5.944502353668213
80,best,pp,-7.149872303009033
81,best,pp,-6.5895676612854
82,best,pp,-5.641997814178467
83,best,pp,-5.8237833976745605
84,best,pp,-5.662374019622803
85,best,pp,-5.641997814178467
86,best,pp,-5.684465408325195
87,best,pp,-5.636401176452637
88,best,pp,-5.310341835021973
89,best,pp,-5.9256391525268555
90,best,pp,-5.460191249847412
91,best,pp,-5.395812511444092
92,best,pp,-7.2258195877075195
93,best,pp,-5.931517601013184
94,best,pp,-5.823307037353516
95,best,pp,-5.654706954956055
96,best,pp,-5.78794002532959
97,best,pp,-6.917579174041748
98,best,pp,-7.145804405212402
99,best,pp,-6.197660446166992
100,best,pp,-6.235066890716553
101,best,pp,-5.627427577972412
102,best,pp,-6.714148998260498
103,best,pp,-6.09612512588501
104,best,pp,-5.900135040283203
105,best,pp,-5.969281196594238
106,best,pp,-6.342235565185547
107,best,pp,-5.925314426422119
108,best,pp,-6.844090461730957
109,best,pp,-6.434669494628906
110,best,pp,-6.525543212890625
111,best,pp,-5.921568870544434
112,best,pp,-5.89003324508667
113,best,pp,-6.063101291656494
114,best,pp,-5.6122026443481445
115,best,pp,-6.400874614715576
116,best,pp,-5.580770015716553
117,best,pp,-6.573490142822266
118,best,pp,-5.7145891189575195
119,best,pp,-6.44063663482666
120,best,pp,-6.623617649078369
121,best,pp,-5.248959064483643
122,best,pp,-5.799841403961182
123,best,pp,-5.57157039642334
124,best,pp,-6.109466075897217
125,best,pp,-5.346713542938232
126,best,pp,-5.26603889465332
127,best,pp,-5.0978546142578125
128,best,pp,-6.216182708740234
129,best,pp,-5.257266044616699
130,best,pp,-5.107868671417236
131,best,pp,-5.257266044616699
132,best,pp,-5.799841403961182
133,best,pp,-5.88893461227417
134,best,pp,-5.290135383605957
135,best,pp,-5.799841403961182
136,best,pp,-5.26603889465332
137,best,pp,-5.737853527069092
138,best,pp,-4.127997398376465
139,best,pp,-5.277039051055908
140,best,pp,-5.3336710929870605
141,best,pp,-5.980958938598633
142,best,pp,-5.709200382232666
143,best,pp,-5.976781845092773
144,best,pp,-5.978931427001953
145,best,pp,-5.302282810211182
146,best,pp,-5.45071268081665
147,best,pp,-6.006258487701416
148,best,pp,-6.075399398803711
149,best,pp,-5.217752456665039
150,best,pp,-4.819180488586426
151,best,pp,-6.446230888366699
152,best,pp,-5.953558444976807
153,best,pp,-5.602554798126221
154,best,pp,-5.769023895263672
155,best,pp,-5.58974027633667
156,best,pp,-5.467641353607178
157,best,pp,-5.58146858215332
158,best,pp,-5.604941368103027
159,best,pp,-5.56648063659668
160,best,pp,-6.18458366394043
161,best,pp,-6.699809551239014
162,best,pp,-5.8655781745910645
163,best,pp,-6.069102764129639
164,best,pp,-5.387767791748047
165,best,pp,-5.542369842529297
166,best,pp,-4.177333831787109
167,best,pp,-6.154079437255859
168,best,pp,-7.178553104400635
169,best,pp,-5.9670281410217285
170,best,pp,-5.757083892822266
171,best,pp,-6.069102764129639
172,best,pp,-5.037209987640381
173,best,pp,-5.145518779754639
174,best,pp,-7.037851810455322
175,best,pp,-5.683423042297363
176,best,pp,-5.542369842529297
177,best,pp,-5.9188995361328125
178,best,pp,-6.927839279174805
179,best,pp,-5.005107402801514
180,best,pp,-6.915543079376221
181,best,pp,-5.4841084480285645
182,best,pp,-5.982544422149658
183,best,pp,-5.14601993560791
184,best,pp,-6.137592315673828
185,best,pp,-5.394514083862305
186,best,pp,-5.315949440002441
187,best,pp,-4.594127178192139
188,best,pp,-5.080267906188965
189,best,pp,-4.944992542266846
190,best,pp,-4.928623199462891
191,best,pp,-5.627336502075195
192,best,pp,-5.332838535308838
193,best,pp,-5.310678958892822
194,best,pp,-5.11507511138916
195,best,pp,-5.327218055725098
196,best,pp,-4.911529064178467
197,best,pp,-5.802722454071045
198,best,pp,-5.173493385314941
199,best,pp,-5.4157280921936035
200,best,pp,-5.9329423904418945
201,best,pp,-5.074423789978027
202,best,pp,-4.3845977783203125
203,best,pp,-6.136277198791504
204,best,pp,-5.68641996383667
205,best,pp,-5.781566619873047
206,best,pp,-5.6306633949279785
207,best,pp,-5.975769519805908
208,best,pp,-5.028984069824219
209,best,pp,-5.295924663543701
210,best,pp,-4.7868547439575195
211,best,pp,-5.670696258544922
212,best,pp,-5.562943935394287
213,best,pp,-4.997857570648193
214,best,pp,-6.274455547332764
215,best,pp,-5.479720115661621
216,best,pp,-4.706631660461426
217,best,pp,-5.284253120422363
218,best,pp,-5.278165340423584
219,best,pp,-5.151662349700928
220,best,pp,-5.5645036697387695
221,best,do,-6.862205505371094
222,best,do,-6.699300289154053
223,best,do,-6.588470458984375
224,best,do,-5.786581516265869
225,best,do,-6.708908557891846
226,best,do,-6.408249855041504
227,best,do,-6.692460060119629
228,best,do,-7.450560569763184
229,best,do,-7.087075233459473
230,best,do,-7.08984899520874
231,best,do,-6.36992883682251
232,best,do,-6.859925746917725
233,best,do,-6.624046802520752
234,best,do,-7.450560569763184
235,best,do,-5.615117073059082
236,best,do,-6.367759704589844
237,best,do,-6.435305595397949
238,best,do,-6.314926624298096
239,best,do,-6.688925743103027
240,best,do,-6.116872310638428
241,best,do,-6.624046802520752
242,best,do,-6.705080986022949
243,best,do,-7.460605144500732
244,best,do,-6.314926624298096
245,best,do,-7.039226055145264
246,best,do,-5.504846096038818
247,best,do,-6.80585241317749
248,best,do,-6.8275556564331055
249,best,do,-6.196308135986328
250,best,do,-5.843229293823242
251,best,do,-6.42976713180542
252,best,do,-6.4046173095703125
253,best,do,-7.225168704986572
254,best,do,-7.12667989730835
255,best,do,-6.878897190093994
256,best,do,-6.635790824890137
257,best,do,-6.578136444091797
258,best,do,-7.12667989730835
259,best,do,-5.327155113220215
260,best,do,-6.42976713180542
261,best,do,-5.843229293823242
262,best,do,-5.345596790313721
263,best,do,-6.635367393493652
264,best,pp,-6.319942474365234
265,best,pp,-6.262721061706543
266,best,pp,-5.941563606262207
267,best,pp,-5.28628396987915
268,best,pp,-6.09049654006958
269,best,pp,-5.62792444229126
270,best,pp,-5.925849914550781
271,best,pp,-7.0680365562438965
272,best,pp,-6.605086326599121
273,best,pp,-6.472743034362793
274,best,pp,-6.030117034912109
275,best,pp,-6.164066314697266
276,best,pp,-6.115505695343018
277,best,pp,-7.0680365562438965
278,best,pp,-5.3009490966796875
279,best,pp,-5.802585601806641
280,best,pp,-6.191196441650391
281,best,pp,-6.064749717712402
282,best,pp,-6.183109283447266
283,best,pp,-5.823400497436523
284,best,do,-6.258936882019043
285,best,do,-5.860026836395264
286,best,do,-7.158900737762451
287,best,do,-6.417766571044922
288,best,do,-6.321578502655029
289,best,do,-5.855435371398926
290,best,do,-6.1979146003723145
291,best,do,-6.841292858123779
292,best,do,-6.321578502655029
293,best,do,-6.40100622177124
294,best,do,-5.935288429260254
295,best,do,-6.28619909286499
296,best,do,-5.970128059387207
297,best,do,-6.5960211753845215
298,best,do,-6.546142578125
299,best,do,-6.184743404388428
300,best,do,-6.571628570556641
301,best,do,-6.058084011077881
302,best,do,-6.283608436584473
303,best,do,-6.154905319213867
304,best,do,-6.213590621948242
305,best,do,-6.1979146003723145
306,best,do,-6.45650053024292
307,best,do,-6.044195652008057
308,best,do,-6.417766571044922
309,best,do,-6.266376495361328
310,best,do,-5.353568077087402
311,best,do,-6.51464319229126
312,best,do,-6.417766571044922
313,best,do,-7.126572608947754
314,best,do,-6.047451019287109
315,best,do,-6.764460563659668
316,best,do,-6.486770153045654
317,best,do,-7.260241508483887
318,best,do,-5.353568077087402
319,best,do,-6.058084011077881
320,best,do,-5.680789470672607
321,best,do,-6.313133716583252
322,best,do,-7.158900737762451
323,best,do,-6.972618103027344
324,best,do,-6.778107643127441
325,best,do,-7.166893005371094
326,best,do,-6.281897068023682
327,best,pp,-5.963260650634766
328,best,pp,-5.7541961669921875
329,best,pp,-6.693263530731201
330,best,pp,-5.654431343078613
331,best,pp,-5.8840765953063965
332,best,pp,-5.350926876068115
333,best,pp,-5.8747100830078125
334,best,pp,-6.513007164001465
335,best,pp,-5.8840765953063965
336,best,pp,-5.957863807678223
337,best,pp,-5.661560535430908
338,best,pp,-5.696235656738281
339,best,pp,-5.5737223625183105
340,best,pp,-6.0661773681640625
341,best,pp,-5.9380011558532715
342,best,pp,-5.867081642150879
343,best,pp,-6.038445472717285
344,best,pp,-5.945642471313477
345,best,pp,-5.781886577606201
346,best,pp,-5.904916763305664
347,best,do,-6.25918436050415
348,best,do,-4.912054061889648
349,best,do,-6.0302734375
350,best,do,-5.606767177581787
351,best,do,-5.672952651977539
352,best,do,-5.988184928894043
353,best,do,-6.290916442871094
354,best,do,-6.010520935058594
355,best,do,-6.243001461029053
356,best,do,-6.200209140777588
357,best,do,-6.437843322753906
358,best,do,-6.200803756713867
359,best,do,-5.759328365325928
360,best,do,-6.249672889709473
361,best,do,-6.114591121673584
362,best,do,-5.867607593536377
363,best,do,-6.1533966064453125
364,best,do,-6.256137847900391
365,best,do,-6.066926002502441
366,best,do,-5.287580966949463
367,best,do,-5.818479537963867
368,best,do,-5.579736232757568
369,best,do,-6.308372497558594
370,best,do,-5.367344856262207
371,best,do,-5.932190895080566
372,best,do,-6.470039367675781
373,best,do,-5.885138988494873
374,best,do,-6.072946071624756
375,best,do,-4.726274490356445
376,best,do,-6.3072590827941895
377,best,do,-5.658534049987793
378,best,do,-6.046128749847412
379,best,do,-5.673280239105225
380,best,do,-5.895092487335205
381,best,do,-6.071764945983887
382,best,do,-6.304379940032959
383,best,do,-5.553187370300293
384,best,do,-5.932190895080566
385,best,do,-5.544551849365234
386,best,do,-5.885139465332031
387,best,do,-5.9805450439453125
388,best,do,-5.697409629821777
389,best,do,-5.812990188598633
390,best,pp,-5.953450679779053
391,best,pp,-4.887114524841309
392,best,pp,-5.939974784851074
393,best,pp,-5.3180832862854
394,best,pp,-5.719629764556885
395,best,pp,-5.844450950622559
396,best,pp,-6.131491661071777
397,best,pp,-5.901576042175293
398,best,pp,-5.99337100982666
399,best,pp,-6.005244731903076
400,best,pp,-6.2441558837890625
401,best,pp,-6.111638069152832
402,best,pp,-5.642860412597656
403,best,pp,-6.143847465515137
404,best,pp,-6.296297550201416
405,best,pp,-5.824797630310059
406,best,pp,-5.978725910186768
407,best,pp,-6.203372478485107
408,best,pp,-5.9394121170043945
409,best,pp,-5.500879764556885
410,best,do,-7.504907131195068
411,best,do,-6.9849629402160645
412,best,do,-7.152774810791016
413,best,do,-7.695850372314453
414,best,do,-8.058926582336426
415,best,do,-6.8592681884765625
416,best,do,-6.906739234924316
417,best,do,-7.535290241241455
418,best,do,-6.183116912841797
419,best,do,-6.879677772521973
420,best,do,-6.60227632522583
421,best,do,-7.572086811065674
422,best,do,-7.982533931732178
423,best,do,-7.79494571685791
424,best,do,-6.443900108337402
425,best,do,-7.657593250274658
426,best,do,-6.184499263763428
427,best,do,-7.106029987335205
428,best,do,-6.933481693267822
429,best,do,-7.313699245452881
430,best,do,-8.05181884765625
431,best,do,-6.378237247467041
432,best,do,-7.106029987335205
433,best,do,-7.2004899978637695
434,best,do,-7.808857440948486
435,best,do,-7.457335948944092
436,best,do,-7.294477939605713
437,best,do,-7.3508100509643555
438,best,do,-7.034595012664795
439,best,do,-8.035775184631348
440,best,do,-7.825505256652832
441,best,do,-7.228705406188965
442,best,do,-7.626166820526123
443,best,do,-7.023658752441406
444,best,do,-7.075125217437744
445,best,do,-7.036234378814697
446,best,do,-7.657593250274658
447,best,do,-8.046721458435059
448,best,do,-5.990726470947266
449,best,do,-6.383213520050049
450,best,do,-6.986210823059082
451,best,do,-7.48781681060791
452,best,do,-7.194572925567627
453,best,pp,-6.77046537399292
454,best,pp,-6.368281841278076
455,best,pp,-6.294097900390625
456,best,pp,-7.22471809387207
457,best,pp,-7.164348125457764
458,best,pp,-6.588830471038818
459,best,pp,-6.3394951820373535
460,best,pp,-6.685338020324707
461,best,pp,-5.453242301940918
462,best,pp,-6.583126544952393
463,best,pp,-6.7292938232421875
464,best,pp,-7.548490047454834
465,best,pp,-7.217884063720703
466,best,pp,-7.346175670623779
467,best,pp,-6.139067649841309
468,best,pp,-7.4066267013549805
469,best,pp,-5.8817667961120605
470,best,pp,-6.83197546005249
471,best,pp,-6.649253845214844
472,best,pp,-6.806951999664307
473,best,pp,-6.156117916107178
474,best,pp,-6.57783317565918
475,best,pp,-6.029456615447998
476,best,pp,-6.133997440338135
477,best,pp,-5.145994663238525
478,best,pp,-5.728780269622803
479,best,pp,-6.0150885581970215
480,best,pp,-6.077856063842773
481,best,pp,-6.516700267791748
482,best,pp,-5.978969573974609
483,best,pp,-5.458272933959961
484,best,pp,-6.414148807525635
485,best,pp,-6.805420875549316
486,best,pp,-5.726377010345459
487,best,pp,-6.323619842529297
488,best,pp,-5.717704772949219
489,best,pp,-5.82213020324707
490,best,pp,-6.345893859863281
491,best,pp,-5.73744010925293
492,best,pp,-6.091033935546875
493,best,do,-7.056278228759766
494,best,do,-7.177216053009033
495,best,do,-7.459000587463379
496,best,do,-6.913047790527344
497,best,do,-8.047818183898926
498,best,do,-5.244942665100098
499,best,do,-7.230339050292969
500,best,do,-8.043802261352539
501,best,do,-7.034971237182617
502,best,do,-5.876683712005615
503,best,do,-7.171722412109375
504,best,do,-7.203910827636719
505,best,do,-8.030641555786133
506,best,do,-7.283271789550781
507,best,do,-8.439820289611816
508,best,do,-7.843097686767578
509,best,do,-7.665238857269287
510,best,do,-6.984165191650391
511,best,do,-6.566076278686523
512,best,do,-7.518261909484863
513,best,do,-6.505824089050293
514,best,do,-8.038813591003418
515,best,do,-7.635004997253418
516,best,do,-7.738336086273193
517,best,do,-7.3143792152404785
518,best,do,-8.4520902633667
519,best,do,-7.28522253036499
520,best,do,-7.937111854553223
521,best,do,-7.665098667144775
522,best,do,-6.745676517486572
523,best,do,-6.293008327484131
524,best,do,-6.583805084228516
525,best,do,-7.888707637786865
526,best,do,-8.067159652709961
527,best,do,-7.0139641761779785
528,best,do,-8.124809265136719
529,best,do,-8.124809265136719
530,best,do,-9.071321487426758
531,best,do,-8.79544734954834
532,best,do,-7.71483850479126
533,best,do,-8.455435752868652
534,best,do,-7.325903415679932
535,best,do,-6.7538018226623535
536,best,pp,-7.306938171386719
537,best,pp,-6.7061967849731445
538,best,pp,-6.909392833709717
539,best,pp,-6.950831890106201
540,best,pp,-8.497715950012207
541,best,pp,-4.643825531005859
542,best,pp,-6.771806240081787
543,best,pp,-7.256408214569092
544,best,pp,-6.628592491149902
545,best,pp,-5.504979610443115
546,best,pp,-7.002114772796631
547,best,pp,-6.914318561553955
548,best,pp,-7.204226970672607
549,best,pp,-6.829662799835205
550,best,pp,-8.004389762878418
551,best,pp,-6.788101673126221
552,best,pp,-7.1278977394104
553,best,pp,-6.854382514953613
554,best,pp,-6.064545631408691
555,best,pp,-7.947536468505859
556,best,do,-6.7593994140625
557,best,do,-7.521185398101807
558,best,do,-6.593747615814209
559,best,do,-6.947145938873291
560,best,do,-7.539231777191162
561,best,do,-7.035154342651367
562,best,do,-6.1375346183776855
563,best,do,-7.3035688400268555
564,best,do,-7.521185398101807
565,best,do,-7.026400089263916
566,best,do,-6.026358127593994
567,best,do,-5.730815410614014
568,best,do,-6.053466796875
569,best,do,-6.49505615234375
570,best,do,-5.254242897033691
571,best,do,-7.022706508636475
572,best,do,-6.841391563415527
573,best,do,-6.838844299316406
574,best,do,-6.838844299316406
575,best,do,-7.37827205657959
576,best,do,-6.807414531707764
577,best,do,-6.509804725646973
578,best,do,-6.841391563415527
579,best,do,-6.753881454467773
580,best,do,-6.254467487335205
581,best,do,-6.053466796875
582,best,do,-7.464595794677734
583,best,do,-5.165380954742432
584,best,do,-5.769031524658203
585,best,do,-7.41583776473999
586,best,do,-6.346889495849609
587,best,do,-6.494673252105713
588,best,do,-5.165380954742432
589,best,do,-6.101590633392334
590,best,do,-7.047562599182129
591,best,do,-7.090964317321777
592,best,do,-6.907362937927246
593,best,do,-7.090964317321777
594,best,do,-7.1193437576293945
595,best,do,-6.593747615814209
596,best,do,-7.604244232177734
597,best,do,-6.053466796875
598,best,do,-7.026400089263916
599,best,pp,-6.746500492095947
600,best,pp,-7.380027770996094
601,best,pp,-6.907578468322754
602,best,pp,-7.470799922943115
603,best,pp,-7.338986873626709
604,best,pp,-6.774790287017822
605,best,pp,-5.949439525604248
606,best,pp,-7.035345554351807
607,best,pp,-7.380027770996094
608,best,pp,-7.885578155517578
609,best,pp,-5.715047359466553
610,best,pp,-5.31760835647583
611,best,pp,-6.212019920349121
612,best,pp,-6.362600326538086
613,best,pp,-6.231131076812744
614,best,pp,-6.9768195152282715
615,best,pp,-6.578832626342773
616,best,pp,-6.761079788208008
617,best,pp,-6.761079788208008
618,best,pp,-7.710130214691162
619,best,do,-6.586481094360352
620,best,do,-6.040281772613525
621,best,do,-6.576996803283691
622,best,do,-6.276028633117676
623,best,do,-6.908937931060791
624,best,do,-6.396984577178955
625,best,do,-6.776083946228027
626,best,do,-6.507210731506348
627,best,do,-6.565471172332764
628,best,do,-6.8352580070495605
629,best,do,-6.194523811340332
630,best,do,-4.754308700561523
631,best,do,-5.382935047149658
632,best,do,-6.053837299346924
633,best,do,-5.385826587677002
634,best,do,-6.804228782653809
635,best,do,-5.814507484436035
636,best,do,-7.246407985687256
637,best,do,-5.382935047149658
638,best,do,-6.5349650382995605
639,best,do,-6.798957347869873
640,best,do,-6.721701145172119
641,best,do,-6.237971305847168
642,best,do,-8.006860733032227
643,best,do,-7.073716640472412
644,best,do,-5.376158714294434
645,best,do,-7.284354209899902
646,best,do,-6.54647159576416
647,best,do,-7.22616720199585
648,best,do,-6.935297966003418
649,best,do,-6.592094421386719
650,best,do,-7.869948387145996
651,best,do,-7.663388729095459
652,best,do,-7.087863445281982
653,best,do,-6.693695545196533
654,best,do,-6.276874542236328
655,best,do,-6.666898727416992
656,best,do,-6.8525848388671875
657,best,do,-6.684298038482666
658,best,do,-5.382935047149658
659,best,do,-7.455746650695801
660,best,do,-7.269125461578369
661,best,do,-5.863945960998535
662,best,pp,-6.643091201782227
663,best,pp,-5.328670024871826
664,best,pp,-6.759354114532471
665,best,pp,-6.610957622528076
666,best,pp,-6.7540507316589355
667,best,pp,-6.501763820648193
668,best,pp,-6.863443851470947
669,best,pp,-7.2442626953125
670,best,pp,-7.199703216552734
671,best,pp,-7.397153854370117
672,best,pp,-5.914278030395508
673,best,pp,-4.714609622955322
674,best,pp,-5.735121250152588
675,best,pp,-5.619924545288086
676,best,pp,-5.497463226318359
677,best,pp,-7.424427032470703
678,best,pp,-5.484024524688721
679,best,pp,-7.28833532333374
680,best,pp,-5.735121250152588
681,best,pp,-6.5912885665893555
682,best,do,-8.40365982055664
683,best,do,-9.643508911132812
684,best,do,-6.545225143432617
685,best,do,-6.411092281341553
686,best,do,-7.07383394241333
687,best,do,-7.382185459136963
688,best,do,-8.846588134765625
689,best,do,-9.099431037902832
690,best,do,-7.290637969970703
691,best,do,-8.060118675231934
692,best,do,-7.044712066650391
693,best,do,-8.710554122924805
694,best,do,-6.327159881591797
695,best,do,-7.609686374664307
696,best,do,-7.9847259521484375
697,best,do,-6.402812480926514
698,best,do,-7.155035495758057
699,best,do,-6.8207106590271
700,best,do,-8.421262741088867
701,best,do,-6.092630863189697
702,best,do,-8.17408561706543
703,best,do,-7.2869720458984375
704,best,do,-8.161928176879883
705,best,do,-8.080202102661133
706,best,do,-7.2122626304626465
707,best,do,-8.584698677062988
708,best,do,-7.122133731842041
709,best,do,-6.736232757568359
710,best,do,-9.736898422241211
711,best,do,-7.977165222167969
712,best,do,-7.989735126495361
713,best,do,-8.71898078918457
714,best,do,-8.44774341583252
715,best,do,-8.303512573242188
716,best,do,-9.073650360107422
717,best,do,-8.86587142944336
718,best,do,-8.679708480834961
719,best,do,-8.37486457824707
720,best,do,-6.085517883300781
721,best,do,-8.15485668182373
722,best,do,-7.335926055908203
723,best,do,-6.99127197265625
724,best,do,-7.725619792938232
725,best,pp,-8.323473930358887
726,best,pp,-8.303359031677246
727,best,pp,-5.724740028381348
728,best,pp,-6.207113265991211
729,best,pp,-7.290833473205566
730,best,pp,-7.128312587738037
731,best,pp,-8.823702812194824
732,best,pp,-8.100855827331543
733,best,pp,-6.441932201385498
734,best,pp,-7.686500549316406
735,best,pp,-6.97767972946167
736,best,pp,-8.11473274230957
737,best,pp,-6.650327682495117
738,best,pp,-7.730576515197754
739,best,pp,-8.155399322509766
740,best,pp,-7.483223915100098
741,best,pp,-6.219239711761475
742,best,pp,-6.197188377380371
743,best,pp,-7.631746292114258
744,best,pp,-7.080815315246582
745,best,pp,-6.485111236572266
746,best,pp,-5.8334550857543945
747,best,pp,-6.738866806030273
748,best,pp,-6.605138778686523
749,best,pp,-7.241581916809082
750,best,pp,-7.352240562438965
751,best,pp,-7.298641204833984
752,best,pp,-6.234137058258057
753,best,pp,-6.927638530731201
754,best,pp,-6.657262325286865
755,best,pp,-5.939844608306885
756,best,pp,-5.700893402099609
757,best,pp,-6.735403537750244
758,best,pp,-5.8629961013793945
759,best,pp,-5.850385665893555
760,best,pp,-7.405300617218018
761,best,pp,-7.908355712890625
762,best,pp,-7.606766700744629
763,best,pp,-6.088792324066162
764,best,pp,-6.5615434646606445
765,best,pp,-7.041077613830566
766,best,pp,-6.251846790313721
767,best,pp,-6.957457542419434
768,best,pp,-5.9762678146362305
769,best,pp,-7.220201015472412
770,best,pp,-6.74985408782959
771,best,pp,-6.639488220214844
772,best,pp,-7.133373737335205
773,best,pp,-6.748000144958496
774,best,pp,-5.634439468383789
775,best,pp,-6.783980369567871
776,best,pp,-5.280045032501221
777,best,pp,-6.445278644561768
778,best,pp,-7.322982311248779
779,best,pp,-7.045821189880371
780,best,pp,-6.280716896057129
781,best,pp,-6.9656500816345215
782,best,pp,-5.738228797912598
783,best,pp,-6.790519714355469
784,best,pp,-7.6363067626953125
785,best,do,-6.122878074645996
786,best,do,-5.020259857177734
787,best,do,-5.880633354187012
788,best,do,-5.271220684051514
789,best,do,-6.012057781219482
790,best,do,-5.111926555633545
791,best,do,-5.865900993347168
792,best,do,-5.26786994934082
793,best,do,-6.418980598449707
794,best,do,-6.4203009605407715
795,best,do,-5.13355827331543
796,best,do,-4.871222496032715
797,best,do,-5.183233737945557
798,best,do,-6.880059719085693
799,best,do,-4.665811538696289
800,best,do,-4.661863803863525
801,best,do,-6.363340854644775
802,best,do,-5.5434956550598145
803,best,do,-7.040657043457031
804,best,do,-7.2911376953125
805,best,do,-7.1049957275390625
806,best,do,-4.827757358551025
807,best,do,-6.110011577606201
808,best,do,-7.277907848358154
809,best,do,-5.582815170288086
810,best,do,-5.016237258911133
811,best,do,-6.383331298828125
812,best,do,-5.549394607543945
813,best,do,-5.425845146179199
814,best,do,-5.601869106292725
815,best,do,-5.255305767059326
816,best,do,-5.438584804534912
817,best,do,-5.060634136199951
818,best,do,-4.381949424743652
819,best,do,-6.418907165527344
820,best,do,-4.661863803863525
821,best,do,-6.552064418792725
822,best,do,-5.605775356292725
823,best,do,-5.236714839935303
824,best,do,-6.796899318695068
825,best,do,-6.236586570739746
826,best,do,-5.6615519523620605
827,best,do,-6.73624849319458
828,best,pp,-6.100089073181152
829,best,pp,-5.244431495666504
830,best,pp,-6.167590141296387
831,best,pp,-5.485548973083496
832,best,pp,-6.278911113739014
833,best,pp,-5.248269081115723
834,best,pp,-5.8219895362854
835,best,pp,-5.5147881507873535
836,best,pp,-6.393077850341797
837,best,pp,-6.070648670196533
838,best,pp,-5.495560646057129
839,best,pp,-5.191550254821777
840,best,pp,-5.250677585601807
841,best,pp,-6.180408477783203
842,best,pp,-4.856339454650879
843,best,pp,-4.694387912750244
844,best,pp,-6.051035404205322
845,best,pp,-5.689243316650391
846,best,pp,-6.556051731109619
847,best,pp,-6.495677471160889
848,best,do,-5.46414041519165
849,best,do,-5.354170799255371
850,best,do,-5.514519214630127
851,best,do,-6.713636875152588
852,best,do,-5.002822399139404
853,best,do,-6.439414978027344
854,best,do,-6.20025110244751
855,best,do,-5.411407947540283
856,best,do,-5.360106468200684
857,best,do,-5.728094100952148
858,best,do,-6.047069549560547
859,best,do,-5.562894821166992
860,best,do,-5.929694175720215
861,best,do,-4.299588203430176
862,best,do,-5.082601547241211
863,best,do,-5.092425346374512
864,best,do,-5.081168174743652
865,best,do,-7.1485595703125
866,best,do,-4.794654369354248
867,best,do,-5.044488906860352
868,best,do,-6.28786563873291
869,best,do,-5.04329252243042
870,best,do,-6.88692045211792
871,best,do,-5.06785249710083
872,best,do,-5.272100448608398
873,best,do,-5.628608226776123
874,best,do,-5.360106945037842
875,best,do,-5.3101677894592285
876,best,do,-5.5294108390808105
877,best,do,-6.143860340118408
878,best,do,-5.4720025062561035
879,best,do,-4.618785858154297
880,best,do,-6.9973464012146
881,best,do,-6.29661226272583
882,best,do,-5.575301170349121
883,best,do,-6.065810203552246
884,best,do,-5.464139938354492
885,best,do,-4.977902889251709
886,best,do,-4.85597562789917
887,best,do,-6.1627044677734375
888,best,do,-6.8127593994140625
889,best,do,-6.5609130859375
890,best,do,-4.953827381134033
891,best,pp,-5.464162349700928
892,best,pp,-5.579600811004639
893,best,pp,-5.671661376953125
894,best,pp,-6.379171371459961
895,best,pp,-5.363417625427246
896,best,pp,-6.025882244110107
897,best,pp,-5.890924453735352
898,best,pp,-5.454565048217773
899,best,pp,-5.501611232757568
900,best,pp,-5.682199478149414
901,best,pp,-6.006231307983398
902,best,pp,-5.670613765716553
903,best,pp,-5.987918853759766
904,best,pp,-4.251938343048096
905,best,pp,-5.385142803192139
906,best,pp,-5.344943046569824
907,best,pp,-5.265480041503906
908,best,pp,-6.650867938995361
909,best,pp,-5.070804595947266
910,best,pp,-5.509446144104004
911,best,do,-6.069418907165527
912,best,do,-6.152000904083252
913,best,do,-5.5435261726379395
914,best,do,-5.97546911239624
915,best,do,-5.479434967041016
916,best,do,-5.43430233001709
917,best,do,-6.327061176300049
918,best,do,-6.638120651245117
919,best,do,-5.84438419342041
920,best,do,-6.221935749053955
921,best,do,-5.967157363891602
922,best,do,-5.6024556159973145
923,best,do,-6.769909858703613
924,best,do,-5.617648124694824
925,best,do,-5.837866306304932
926,best,do,-5.84925651550293
927,best,do,-6.399816513061523
928,best,do,-6.008587837219238
929,best,do,-5.524323463439941
930,best,do,-4.726020336151123
931,best,do,-5.75553560256958
932,best,do,-5.533293724060059
933,best,do,-5.543878078460693
934,best,do,-5.01743221282959
935,best,do,-5.657625675201416
936,best,do,-6.160231590270996
937,best,do,-4.7037034034729
938,best,do,-5.092520713806152
939,best,do,-6.515722751617432
940,best,do,-5.386812210083008
941,best,do,-5.912538528442383
942,best,do,-6.809059143066406
943,best,do,-5.672184944152832
944,best,do,-5.577761650085449
945,best,do,-5.340373516082764
946,best,do,-7.036357879638672
947,best,do,-5.918256759643555
948,best,do,-5.702829837799072
949,best,do,-6.221935749053955
950,best,do,-5.450134754180908
951,best,do,-6.657077312469482
952,best,do,-5.521413803100586
953,best,do,-6.300623416900635
954,best,pp,-5.863592147827148
955,best,pp,-5.894166946411133
956,best,pp,-5.772414684295654
957,best,pp,-5.894364356994629
958,best,pp,-5.581589698791504
959,best,pp,-5.776500701904297
960,best,pp,-6.462459087371826
961,best,pp,-6.483992099761963
962,best,pp,-6.043976306915283
963,best,pp,-6.23502254486084
964,best,pp,-6.109354019165039
965,best,pp,-5.270185470581055
966,best,pp,-6.20463228225708
967,best,pp,-5.711836338043213
968,best,pp,-6.07830286026001
969,best,pp,-5.873350620269775
970,best,pp,-5.993551731109619
971,best,pp,-6.298882007598877
972,best,pp,-5.708996295928955
973,best,pp,-4.977718353271484
974,best,do,-6.95495080947876
975,best,do,-6.638333320617676
976,best,do,-7.864912986755371
977,best,do,-7.2129058837890625
978,best,do,-5.890846252441406
979,best,do,-5.818944931030273
980,best,do,-7.804425239562988
981,best,do,-5.444823265075684
982,best,do,-6.842742919921875
983,best,do,-5.781744003295898
984,best,do,-6.472200393676758
985,best,do,-6.431192398071289
986,best,do,-7.1013312339782715
987,best,do,-6.2565460205078125
988,best,do,-7.887619972229004
989,best,do,-7.9703521728515625
990,best,do,-7.854449272155762
991,best,do,-5.849856853485107
992,best,do,-6.271889686584473
993,best,do,-6.566685676574707
994,best,do,-5.4785847663879395
995,best,do,-7.560390472412109
996,best,do,-6.6250457763671875
997,best,do,-6.347353458404541
998,best,do,-6.78416109085083
999,best,do,-6.036940574645996
1000,best,do,-5.987056732177734
1001,best,do,-5.499045372009277
1002,best,do,-6.404792785644531
1003,best,do,-6.566685676574707
1004,best,do,-6.104408264160156
1005,best,do,-5.742627143859863
1006,best,do,-7.123536109924316
1007,best,do,-6.28558874130249
1008,best,do,-6.162812232971191
1009,best,do,-5.746236801147461
1010,best,do,-6.4620747566223145
1011,best,do,-7.157526969909668
1012,best,do,-6.848784446716309
1013,best,do,-7.0579118728637695
1014,best,do,-6.848784446716309
1015,best,do,-6.149488925933838
1016,best,do,-5.204914093017578
1017,best,pp,-6.289117813110352
1018,best,pp,-6.092898368835449
1019,best,pp,-7.549570083618164
1020,best,pp,-6.691891670227051
1021,best,pp,-5.837209224700928
1022,best,pp,-5.748250484466553
1023,best,pp,-6.810436725616455
1024,best,pp,-5.232670307159424
1025,best,pp,-6.428480625152588
1026,best,pp,-5.645203590393066
1027,best,pp,-6.587541103363037
1028,best,pp,-6.300103187561035
1029,best,pp,-7.019749164581299
1030,best,pp,-5.864741802215576
1031,best,pp,-7.018449783325195
1032,best,pp,-7.198025703430176
1033,best,pp,-7.270033836364746
1034,best,pp,-5.90631103515625
1035,best,pp,-6.076746940612793
1036,best,pp,-6.455804347991943
1037,best,pp,-5.689798355102539
1038,best,pp,-5.28007698059082
1039,best,pp,-6.3471856117248535
1040,best,pp,-5.904591083526611
1041,best,pp,-5.112800121307373
1042,best,pp,-6.077800750732422
1043,best,pp,-6.757040977478027
1044,best,pp,-4.666306495666504
1045,best,pp,-6.0527825355529785
1046,best,pp,-5.444200038909912
1047,best,pp,-7.085906982421875
1048,best,pp,-5.045201301574707
1049,best,pp,-5.426058292388916
1050,best,pp,-5.073441505432129
1051,best,pp,-4.780686378479004
1052,best,pp,-5.806816101074219
1053,best,pp,-6.213657379150391
1054,best,pp,-5.640508651733398
1055,best,pp,-4.535467147827148
1056,best,pp,-5.375854969024658
1057,best,pp,-5.822534561157227
1058,best,pp,-5.217790126800537
1059,best,pp,-6.336448669433594
1060,best,pp,-5.164831161499023
1061,best,pp,-5.598232746124268
1062,best,pp,-5.666361331939697
1063,best,pp,-4.936779975891113
1064,best,pp,-5.679346084594727
1065,best,pp,-5.915018558502197
1066,best,pp,-5.901087760925293
1067,best,pp,-6.071221828460693
1068,best,pp,-4.811944961547852
1069,best,pp,-5.232610702514648
1070,best,pp,-5.590765476226807
1071,best,pp,-5.311143398284912
1072,best,pp,-5.3093953132629395
1073,best,pp,-5.161871910095215
1074,best,pp,-5.416129112243652
1075,best,pp,-5.218040943145752
1076,best,pp,-6.7581467628479
1077,best,do,-6.861711025238037
1078,best,do,-6.589260101318359
1079,best,do,-6.764842987060547
1080,best,do,-6.763518810272217
1081,best,do,-5.683097839355469
1082,best,do,-6.172623157501221
1083,best,do,-6.6475043296813965
1084,best,do,-6.1689066886901855
1085,best,do,-6.470118045806885
1086,best,do,-5.531940937042236
1087,best,do,-6.214682102203369
1088,best,do,-6.179956912994385
1089,best,do,-6.168480396270752
1090,best,do,-6.715747833251953
1091,best,do,-6.314412593841553
1092,best,do,-6.266407012939453
1093,best,do,-6.660320281982422
1094,best,do,-6.237146854400635
1095,best,do,-5.551179885864258
1096,best,do,-6.32184362411499
1097,best,do,-6.205347537994385
1098,best,do,-6.530344486236572
1099,best,do,-6.7438201904296875
1100,best,do,-6.519278049468994
1101,best,do,-6.547949314117432
1102,best,do,-6.481542110443115
1103,best,do,-6.314197540283203
1104,best,do,-5.703527927398682
1105,best,do,-6.472184658050537
1106,best,do,-6.14970588684082
1107,best,do,-6.530344486236572
1108,best,do,-7.275918483734131
1109,best,do,-4.781518459320068
1110,best,do,-7.410163879394531
1111,best,do,-6.258368492126465
1112,best,do,-5.51052188873291
1113,best,do,-6.446272373199463
1114,best,do,-6.147970199584961
1115,best,do,-6.247766017913818
1116,best,do,-6.924429416656494
1117,best,do,-6.691800594329834
1118,best,do,-6.914936065673828
1119,best,do,-5.4850969314575195
1120,best,pp,-5.907624244689941
1121,best,pp,-5.731678009033203
1122,best,pp,-5.82025671005249
1123,best,pp,-5.690657615661621
1124,best,pp,-4.700045108795166
1125,best,pp,-5.763857364654541
1126,best,pp,-5.371834754943848
1127,best,pp,-5.422146797180176
1128,best,pp,-5.512860298156738
1129,best,pp,-5.016417503356934
1130,best,pp,-5.091219425201416
1131,best,pp,-5.07673978805542
1132,best,pp,-5.448506832122803
1133,best,pp,-5.728991508483887
1134,best,pp,-5.347774028778076
1135,best,pp,-5.702750205993652
1136,best,pp,-6.016381740570068
1137,best,pp,-5.1517791748046875
1138,best,pp,-5.033135414123535
1139,best,pp,-5.492268085479736
1140,best,do,-6.574147701263428
1141,best,do,-6.4384894371032715
1142,best,do,-5.314840793609619
1143,best,do,-6.2375359535217285
1144,best,do,-6.1603312492370605
1145,best,do,-6.0313286781311035
1146,best,do,-6.574147701263428
1147,best,do,-7.127014636993408
1148,best,do,-6.523050308227539
1149,best,do,-5.696502685546875
1150,best,do,-5.91030740737915
1151,best,do,-7.219621181488037
1152,best,do,-6.488134860992432
1153,best,do,-6.829587459564209
1154,best,do,-6.158417224884033
1155,best,do,-5.353085994720459
1156,best,do,-6.154205322265625
1157,best,do,-5.878575325012207
1158,best,do,-6.588110446929932
1159,best,do,-6.220687389373779
1160,best,do,-6.873504638671875
1161,best,do,-5.211493015289307
1162,best,do,-6.3213348388671875
1163,best,do,-5.781705379486084
1164,best,do,-6.4384894371032715
1165,best,do,-5.6275458335876465
1166,best,do,-6.56031608581543
1167,best,do,-5.6718292236328125
1168,best,do,-6.031809329986572
1169,best,do,-6.0523200035095215
1170,best,do,-5.7743306159973145
1171,best,do,-5.733648777008057
1172,best,do,-6.154205322265625
1173,best,do,-6.5556254386901855
1174,best,do,-6.127317905426025
1175,best,do,-6.127317905426025
1176,best,do,-6.431636333465576
1177,best,do,-6.1165547370910645
1178,best,do,-5.551777362823486
1179,best,do,-5.353085994720459
1180,best,do,-6.3213348388671875
1181,best,do,-6.518730640411377
1182,best,do,-5.6718292236328125
1183,best,pp,-5.7450127601623535
1184,best,pp,-5.590449810028076
1185,best,pp,-4.561025142669678
1186,best,pp,-5.622656345367432
1187,best,pp,-5.507724285125732
1188,best,pp,-5.273707866668701
1189,best,pp,-5.745013236999512
1190,best,pp,-5.814823150634766
1191,best,pp,-5.710595607757568
1192,best,pp,-5.108855724334717
1193,best,pp,-5.2648844718933105
1194,best,pp,-6.037611961364746
1195,best,pp,-5.561638832092285
1196,best,pp,-5.88390588760376
1197,best,pp,-5.319965362548828
1198,best,pp,-4.755717754364014
1199,best,pp,-5.409378528594971
1200,best,pp,-4.895709991455078
1201,best,pp,-5.798716068267822
1202,best,pp,-5.490692138671875
1203,best,do,-6.4757513999938965
1204,best,do,-5.701552867889404
1205,best,do,-6.474734783172607
1206,best,do,-6.0187835693359375
1207,best,do,-6.8264479637146
1208,best,do,-5.741612434387207
1209,best,do,-6.40589714050293
1210,best,do,-5.618293762207031
1211,best,do,-5.351815223693848
1212,best,do,-5.79850959777832
1213,best,do,-6.171601295471191
1214,best,do,-5.584870338439941
1215,best,do,-5.236974239349365
1216,best,do,-5.785879611968994
1217,best,do,-6.267860412597656
1218,best,do,-5.547198295593262
1219,best,do,-6.271627902984619
1220,best,do,-6.118391990661621
1221,best,do,-5.363275051116943
1222,best,do,-5.255382061004639
1223,best,do,-6.967423915863037
1224,best,do,-6.485915184020996
1225,best,do,-7.0605788230896
1226,best,do,-6.4253034591674805
1227,best,do,-6.707406044006348
1228,best,do,-6.477086067199707
1229,best,do,-5.844423294067383
1230,best,do,-6.165279388427734
1231,best,do,-6.048192501068115
1232,best,do,-5.841179370880127
1233,best,do,-5.8709025382995605
1234,best,do,-6.1424880027771
1235,best,do,-5.8862786293029785
1236,best,do,-6.279268264770508
1237,best,do,-6.0309648513793945
1238,best,do,-6.219688892364502
1239,best,do,-5.245438575744629
1240,best,do,-6.200192928314209
1241,best,do,-6.642646312713623
1242,best,do,-4.829807281494141
1243,best,do,-5.546458721160889
1244,best,do,-6.34423828125
1245,best,do,-6.049462795257568
1246,best,pp,-6.185244083404541
1247,best,pp,-5.287734508514404
1248,best,pp,-5.502016544342041
1249,best,pp,-5.664881229400635
1250,best,pp,-5.815161228179932
1251,best,pp,-5.426365375518799
1252,best,pp,-5.843270301818848
1253,best,pp,-5.3475470542907715
1254,best,pp,-4.853074550628662
1255,best,pp,-5.758739948272705
1256,best,pp,-5.615630149841309
1257,best,pp,-5.396387100219727
1258,best,pp,-4.906765937805176
1259,best,pp,-5.419990539550781
1260,best,pp,-5.798153400421143
1261,best,pp,-4.888674259185791
1262,best,pp,-5.811829566955566
1263,best,pp,-5.725908279418945
1264,best,pp,-5.327253818511963
1265,best,pp,-4.950931549072266
1266,best,do,-5.4558329582214355
1267,best,do,-6.014922618865967
1268,best,do,-6.888613224029541
1269,best,do,-6.368373394012451
1270,best,do,-6.011044502258301
1271,best,do,-7.056948184967041
1272,best,do,-8.4716157913208
1273,best,do,-7.853567600250244
1274,best,do,-5.643773555755615
1275,best,do,-7.4486212730407715
1276,best,do,-7.6137309074401855
1277,best,do,-5.430487632751465
1278,best,do,-8.073358535766602
1279,best,do,-6.706456661224365
1280,best,do,-6.874025821685791
1281,best,do,-7.882499694824219
1282,best,do,-7.060181140899658
1283,best,do,-7.270092010498047
1284,best,do,-6.386375904083252
1285,best,do,-7.305126190185547
1286,best,do,-6.07750129699707
1287,best,do,-7.782313823699951
1288,best,do,-7.327842712402344
1289,best,do,-7.955837726593018
1290,best,do,-6.929900646209717
1291,best,do,-6.469356536865234
1292,best,do,-6.894369125366211
1293,best,do,-7.887507915496826
1294,best,do,-7.375543117523193
1295,best,do,-6.640347957611084
1296,best,do,-6.708715915679932
1297,best,do,-7.237128734588623
1298,best,do,-7.427022457122803
1299,best,do,-4.758272171020508
1300,best,do,-7.050043106079102
1301,best,do,-7.735187530517578
1302,best,do,-6.9731011390686035
1303,best,do,-6.614404678344727
1304,best,do,-6.409726619720459
1305,best,do,-7.160987854003906
1306,best,do,-7.482795238494873
1307,best,do,-6.405959606170654
1308,best,do,-7.893373966217041
1309,best,pp,-5.07433557510376
1310,best,pp,-5.345763206481934
1311,best,pp,-5.857604503631592
1312,best,pp,-5.195796489715576
1313,best,pp,-5.348365306854248
1314,best,pp,-6.1270318031311035
1315,best,pp,-7.428735256195068
1316,best,pp,-6.7775115966796875
1317,best,pp,-5.096478462219238
1318,best,pp,-6.760464191436768
1319,best,pp,-6.547356605529785
1320,best,pp,-4.864062309265137
1321,best,pp,-7.116405963897705
1322,best,pp,-5.462317943572998
1323,best,pp,-6.21012020111084
1324,best,pp,-6.427285194396973
1325,best,pp,-5.6135945320129395
1326,best,pp,-6.671855449676514
1327,best,pp,-5.764563083648682
1328,best,pp,-6.530821800231934
1329,best,pp,-5.259258270263672
1330,best,pp,-4.733236312866211
1331,best,pp,-5.855189800262451
1332,best,pp,-5.826789379119873
1333,best,pp,-6.612814903259277
1334,best,pp,-5.161681175231934
1335,best,pp,-4.696254730224609
1336,best,pp,-4.855810642242432
1337,best,pp,-5.389598846435547
1338,best,pp,-6.101963043212891
1339,best,pp,-4.918052673339844
1340,best,pp,-5.7632551193237305
1341,best,pp,-5.266340732574463
1342,best,pp,-6.417097568511963
1343,best,pp,-6.160372257232666
1344,best,pp,-4.897172927856445
1345,best,pp,-5.987880229949951
1346,best,pp,-4.43914794921875
1347,best,pp,-6.3784284591674805
1348,best,pp,-5.191171646118164
1349,best,pp,-5.041336536407471
1350,best,pp,-5.183603286743164
1351,best,pp,-5.951983451843262
1352,best,pp,-5.092634201049805
1353,best,pp,-4.973384380340576
1354,best,pp,-4.201399803161621
1355,best,pp,-4.449037551879883
1356,best,pp,-4.742192268371582
1357,best,pp,-5.305623531341553
1358,best,pp,-5.338247299194336
1359,best,pp,-5.019255638122559
1360,best,pp,-4.87497615814209
1361,best,pp,-5.07186222076416
1362,best,pp,-5.402109146118164
1363,best,pp,-5.319377899169922
1364,best,pp,-5.360011100769043
1365,best,pp,-6.215066909790039
1366,best,pp,-5.174895286560059
1367,best,pp,-4.99803352355957
1368,best,pp,-5.222324848175049
