item_id,model_state,do,pp
0,initial,-7.228429317474365,-6.87554407119751
1,initial,-8.38306713104248,-7.562822341918945
2,initial,-7.360203266143799,-6.6951823234558105
3,initial,-8.625795364379883,-7.8354172706604
4,initial,-7.590582370758057,-6.573871612548828
5,initial,-8.311881065368652,-7.345783233642578
6,initial,-8.678781509399414,-8.196170806884766
7,initial,-8.406065940856934,-7.278718948364258
8,initial,-7.654138088226318,-6.295433044433594
9,initial,-7.360203266143799,-6.6951823234558105
10,initial,-9.451519012451172,-7.926835536956787
11,initial,-7.085954189300537,-6.387983798980713
12,initial,-7.8231401443481445,-6.5899834632873535
13,initial,-9.509481430053711,-7.971228122711182
14,initial,-7.654138088226318,-6.295433044433594
15,initial,-8.807207107543945,-7.299688816070557
16,initial,-7.5700273513793945,-6.312049388885498
17,initial,-8.3681640625,-7.133902549743652
18,initial,-9.318449020385742,-8.579623222351074
19,initial,-7.5677080154418945,-6.523336410522461
20,initial,-7.31037712097168,-7.134219646453857
21,initial,-8.12812614440918,-7.114776611328125
22,initial,-8.992301940917969,-8.349618911743164
23,initial,-8.128226280212402,-7.391856670379639
24,initial,-9.588125228881836,-8.408221244812012
25,initial,-8.128226280212402,-7.391856670379639
26,initial,-9.394767761230469,-8.218071937561035
27,initial,-8.720904350280762,-8.493500709533691
28,initial,-7.781578540802002,-7.531297206878662
29,initial,-9.457582473754883,-8.32337474822998
30,initial,-7.785567760467529,-7.595032691955566
31,initial,-8.681168556213379,-7.670599460601807
32,initial,-8.992302894592285,-8.349618911743164
33,initial,-8.681168556213379,-7.670599460601807
34,initial,-8.051222801208496,-7.615715026855469
35,initial,-8.92324447631836,-8.530892372131348
36,initial,-7.781578063964844,-7.5312981605529785
37,initial,-8.681168556213379,-7.670599460601807
38,initial,-7.468051910400391,-7.24993371963501
39,initial,-7.364721775054932,-6.960311412811279
40,initial,-7.303487300872803,-6.945876121520996
41,initial,-7.027516841888428,-6.463560104370117
42,initial,-7.526952266693115,-6.971229553222656
43,initial,-8.728190422058105,-7.789896488189697
44,initial,-7.666059970855713,-6.783590316772461
45,initial,-7.433385848999023,-6.645148277282715
46,initial,-7.239311218261719,-6.52916955947876
47,initial,-8.063530921936035,-7.368078231811523
48,initial,-8.872318267822266,-8.114821434020996
49,initial,-7.4078264236450195,-6.899786949157715
50,initial,-8.165635108947754,-7.461600303649902
51,initial,-8.694352149963379,-8.12154483795166
52,initial,-7.985468864440918,-7.36584997177124
53,initial,-8.13625431060791,-7.585182189941406
54,initial,-7.704232215881348,-7.074188232421875
55,initial,-7.564829349517822,-6.759622573852539
56,initial,-7.23391056060791,-6.552690505981445
57,initial,-6.429286479949951,-6.127686023712158
58,initial,-7.4730143547058105,-6.578838348388672
59,initial,-7.442227840423584,-6.4427971839904785
60,initial,-8.011566162109375,-7.079201698303223
61,initial,-8.738343238830566,-7.667795181274414
62,initial,-10.767599105834961,-9.162447929382324
63,initial,-8.954887390136719,-7.354527950286865
64,initial,-8.082072257995605,-7.557605266571045
65,initial,-8.28067684173584,-7.597445964813232
66,initial,-8.462544441223145,-7.397834777832031
67,initial,-10.957877159118652,-9.312220573425293
68,initial,-8.509302139282227,-7.27601957321167
69,initial,-8.390202522277832,-6.985678195953369
70,initial,-8.271242141723633,-7.196178913116455
71,initial,-9.990707397460938,-8.998993873596191
72,initial,-7.269992828369141,-5.718456745147705
73,initial,-7.986246109008789,-7.1300787925720215
74,initial,-7.250447750091553,-6.431093215942383
75,initial,-9.374778747558594,-8.029326438903809
76,initial,-7.73715353012085,-7.021856784820557
77,initial,-10.035664558410645,-8.296563148498535
78,initial,-7.9969482421875,-6.9796271324157715
79,initial,-8.371909141540527,-7.317790508270264
80,initial,-6.237350940704346,-5.896615505218506
81,initial,-6.405087947845459,-5.834362983703613
82,initial,-7.660538673400879,-7.484460353851318
83,initial,-7.337985038757324,-6.798479080200195
84,initial,-6.319582939147949,-6.428962707519531
85,initial,-8.097579002380371,-8.188384056091309
86,initial,-8.082744598388672,-7.292784690856934
87,initial,-6.8951849937438965,-6.58742094039917
88,initial,-6.848150253295898,-6.780184745788574
89,initial,-6.248950958251953,-6.052443504333496
90,initial,-6.682275295257568,-6.046219825744629
91,initial,-8.48264217376709,-8.399734497070312
92,initial,-6.3171515464782715,-5.827226161956787
93,initial,-7.247620582580566,-7.137552738189697
94,initial,-7.009367942810059,-7.040414333343506
95,initial,-6.905354976654053,-6.811939716339111
96,initial,-6.5386481285095215,-6.072420120239258
97,initial,-7.269207000732422,-6.498767375946045
98,initial,-7.766692161560059,-7.535843849182129
99,initial,-6.270883083343506,-5.692431449890137
100,initial,-7.442136287689209,-6.414666175842285
101,initial,-7.649295806884766,-6.830746173858643
102,initial,-8.535311698913574,-7.68760347366333
103,initial,-7.479379653930664,-6.127195835113525
104,initial,-7.479379653930664,-6.127195835113525
105,initial,-7.395230293273926,-6.790037631988525
106,initial,-8.98595142364502,-7.734669208526611
107,initial,-8.496831893920898,-6.998193264007568
108,initial,-6.9210429191589355,-6.2354230880737305
109,initial,-9.550206184387207,-8.408734321594238
110,initial,-8.782044410705566,-7.662125587463379
111,initial,-7.550373554229736,-6.758267402648926
112,initial,-8.4822416305542,-7.261017322540283
113,initial,-8.745954513549805,-7.526530742645264
114,initial,-7.48911714553833,-6.496272087097168
115,initial,-8.68795108795166,-7.676201820373535
116,initial,-9.288077354431152,-8.258787155151367
117,initial,-8.012202262878418,-7.017943382263184
118,initial,-8.98595142364502,-7.734669208526611
119,initial,-8.788433074951172,-7.711883068084717
120,initial,-8.193320274353027,-6.511516571044922
121,initial,-8.030561447143555,-6.273579120635986
122,initial,-8.223060607910156,-6.76407527923584
123,initial,-7.898898124694824,-5.494136810302734
124,initial,-7.571224212646484,-6.350437641143799
125,initial,-9.711874008178711,-7.176538944244385
126,initial,-9.525022506713867,-8.16472339630127
127,initial,-10.03349494934082,-7.447124004364014
128,initial,-8.637417793273926,-6.8903584480285645
129,initial,-10.591829299926758,-7.957150936126709
130,initial,-7.257785797119141,-5.731776714324951
131,initial,-7.900174617767334,-6.40934944152832
132,initial,-7.720856189727783,-6.704545497894287
133,initial,-10.036346435546875,-7.6814751625061035
134,initial,-10.591829299926758,-7.957150936126709
135,initial,-8.158319473266602,-5.7872233390808105
136,initial,-7.40498685836792,-6.3816094398498535
137,initial,-8.158319473266602,-5.7872233390808105
138,initial,-9.711874961853027,-7.176540374755859
139,initial,-8.2349853515625,-7.179671287536621
140,initial,-6.915632724761963,-6.682636737823486
141,initial,-8.151433944702148,-7.44448184967041
142,initial,-7.653314590454102,-7.181018352508545
143,initial,-6.650705337524414,-6.106386184692383
144,initial,-8.274863243103027,-7.849199295043945
145,initial,-7.418885231018066,-6.303572654724121
146,initial,-8.510869026184082,-7.738795280456543
147,initial,-8.689079284667969,-8.011696815490723
148,initial,-7.660597801208496,-7.148658752441406
149,initial,-7.580992221832275,-6.831035614013672
150,initial,-7.884026527404785,-7.164373397827148
151,initial,-7.849526405334473,-7.289083480834961
152,initial,-8.64200210571289,-7.908580303192139
153,initial,-8.180083274841309,-7.615694999694824
154,initial,-6.915632724761963,-6.682636737823486
155,initial,-8.510869026184082,-7.738795280456543
156,initial,-8.632173538208008,-8.034963607788086
157,initial,-8.708383560180664,-7.886920928955078
158,initial,-7.470869064331055,-6.751445770263672
159,initial,-8.510869026184082,-7.738795280456543
160,initial,-9.317960739135742,-7.94862174987793
161,initial,-8.547113418579102,-6.567113399505615
162,initial,-8.10120677947998,-7.067005634307861
163,initial,-10.341592788696289,-8.85543155670166
164,initial,-9.874414443969727,-8.431915283203125
165,initial,-7.7495436668396,-6.783933162689209
166,initial,-8.313796997070312,-7.6124677658081055
167,initial,-10.341592788696289,-8.85543155670166
168,initial,-8.566742897033691,-7.8523736000061035
169,initial,-8.14783000946045,-7.612171173095703
170,initial,-9.734415054321289,-8.414097785949707
171,initial,-9.039102554321289,-7.635837078094482
172,initial,-7.646751403808594,-7.006824493408203
173,initial,-10.25666332244873,-8.321486473083496
174,initial,-9.845685958862305,-8.135144233703613
175,initial,-8.695728302001953,-7.923003673553467
176,initial,-9.3717041015625,-7.793881893157959
177,initial,-8.321634292602539,-7.055716037750244
178,initial,-7.8061041831970215,-7.245996952056885
179,initial,-8.934270858764648,-7.219174861907959
180,initial,-7.0784077644348145,-6.954689025878906
181,initial,-5.805466651916504,-5.7678937911987305
182,initial,-6.733309268951416,-6.4014892578125
183,initial,-6.2936015129089355,-6.486898899078369
184,initial,-6.7726287841796875,-6.031177520751953
185,initial,-7.931007385253906,-7.471536636352539
186,initial,-7.036555767059326,-7.030783653259277
187,initial,-8.640032768249512,-7.861110210418701
188,initial,-5.7688822746276855,-5.979329586029053
189,initial,-7.311132431030273,-6.898624420166016
190,initial,-7.534619331359863,-6.75768518447876
191,initial,-7.0784077644348145,-6.954689025878906
192,initial,-7.065732002258301,-6.850918769836426
193,initial,-7.903051376342773,-7.486917972564697
194,initial,-6.789828300476074,-6.514535427093506
195,initial,-7.257722854614258,-6.756247520446777
196,initial,-7.133272171020508,-6.748569488525391
197,initial,-7.5583930015563965,-6.380897045135498
198,initial,-8.055150032043457,-7.855710029602051
199,initial,-6.867336750030518,-6.39567756652832
200,initial,-6.8587965965271,-6.114389419555664
201,initial,-8.04443359375,-7.210798263549805
202,initial,-8.656966209411621,-7.5775675773620605
203,initial,-7.754274845123291,-6.4789605140686035
204,initial,-7.754274845123291,-6.4789605140686035
205,initial,-7.822271823883057,-7.0984930992126465
206,initial,-9.170269012451172,-8.185749053955078
207,initial,-9.297967910766602,-8.257843017578125
208,initial,-7.754274845123291,-6.4789605140686035
209,initial,-7.822271823883057,-7.0984930992126465
210,initial,-8.23825740814209,-7.3490986824035645
211,initial,-8.234567642211914,-6.919727802276611
212,initial,-8.234567642211914,-6.919727802276611
213,initial,-8.758988380432129,-7.615405082702637
214,initial,-8.23825740814209,-7.3490986824035645
215,initial,-8.712538719177246,-7.688486576080322
216,initial,-9.245769500732422,-8.15491771697998
217,initial,-8.982234001159668,-7.767307281494141
218,initial,-7.77547025680542,-6.902531623840332
219,initial,-7.125162601470947,-5.820302486419678
220,initial,-6.513115882873535,-6.5216593742370605
221,initial,-6.808929443359375,-6.846314430236816
222,initial,-7.210587024688721,-6.755827903747559
223,initial,-6.837899208068848,-6.67014217376709
224,initial,-7.881138324737549,-7.515628814697266
225,initial,-7.383871078491211,-7.200991153717041
226,initial,-7.045128345489502,-7.065701484680176
227,initial,-7.21531867980957,-6.880961894989014
228,initial,-7.463728904724121,-7.087366104125977
229,initial,-7.383871078491211,-7.200991153717041
230,initial,-7.52346658706665,-7.159779071807861
231,initial,-7.018915176391602,-6.532535552978516
232,initial,-8.171529769897461,-7.662820339202881
233,initial,-8.517293930053711,-7.786532878875732
234,initial,-8.543665885925293,-7.509690761566162
235,initial,-7.558750629425049,-7.033519744873047
236,initial,-6.894141674041748,-6.522226333618164
237,initial,-7.084609031677246,-6.664578914642334
238,initial,-8.152104377746582,-7.475804328918457
239,initial,-7.471611976623535,-7.111307621002197
240,initial,-6.44965934753418,-6.4915547370910645
241,initial,-7.839779853820801,-7.4062066078186035
242,initial,-7.998058795928955,-7.895573616027832
243,initial,-7.250261306762695,-7.319215774536133
244,initial,-7.481098651885986,-7.507029056549072
245,initial,-8.182446479797363,-7.92712926864624
246,initial,-6.960534572601318,-7.087368488311768
247,initial,-8.040390968322754,-7.823254585266113
248,initial,-7.821005821228027,-7.662230014801025
249,initial,-8.200159072875977,-7.855956077575684
250,initial,-7.576759338378906,-7.531336307525635
251,initial,-6.665774822235107,-6.911463737487793
252,initial,-6.67338228225708,-6.867536544799805
253,initial,-6.918890953063965,-6.8592963218688965
254,initial,-6.878952980041504,-6.828303337097168
255,initial,-7.512999534606934,-7.366329669952393
256,initial,-8.091090202331543,-7.825352668762207
257,initial,-8.159350395202637,-8.014843940734863
258,initial,-6.6458868980407715,-6.770830154418945
259,initial,-6.173336029052734,-6.283360958099365
260,initial,-6.697813987731934,-6.73931360244751
261,initial,-6.606790065765381,-6.929247856140137
262,initial,-6.55213737487793,-6.456539154052734
263,initial,-6.891687870025635,-6.89135217666626
264,initial,-7.227583885192871,-7.045995235443115
265,initial,-6.727365016937256,-6.647569179534912
266,initial,-6.4293365478515625,-6.622125148773193
267,initial,-6.615172386169434,-6.317442893981934
268,initial,-6.926380634307861,-6.784742832183838
269,initial,-6.703182697296143,-7.052870750427246
270,initial,-6.982332706451416,-6.950201511383057
271,initial,-5.923407554626465,-6.218070983886719
272,initial,-6.26778507232666,-6.114192008972168
273,initial,-6.628402233123779,-6.282395839691162
274,initial,-7.664553165435791,-7.519198417663574
275,initial,-5.849521160125732,-6.203166484832764
276,initial,-5.95267915725708,-6.1680779457092285
277,initial,-6.291080951690674,-6.705378532409668
278,initial,-6.872852325439453,-7.05494499206543
279,initial,-6.89214563369751,-6.670778751373291
280,initial,-8.637505531311035,-8.414381980895996
281,initial,-8.13851261138916,-7.811081886291504
282,initial,-7.902076721191406,-7.876391887664795
283,initial,-7.421658992767334,-7.321770668029785
284,initial,-6.631909370422363,-6.757212162017822
285,initial,-6.590968132019043,-6.333162307739258
286,initial,-8.552204132080078,-8.261651992797852
287,initial,-8.807748794555664,-8.206901550292969
288,initial,-7.601029396057129,-7.301325798034668
289,initial,-6.472239971160889,-6.374533653259277
290,initial,-8.131230354309082,-7.868255138397217
291,initial,-8.646100997924805,-8.107659339904785
292,initial,-7.551539421081543,-7.403371334075928
293,initial,-8.631972312927246,-8.382879257202148
294,initial,-7.065303802490234,-6.674243450164795
295,initial,-7.731840133666992,-7.495405197143555
296,initial,-7.2593536376953125,-7.144382476806641
297,initial,-8.69690227508545,-8.430472373962402
298,initial,-7.219581604003906,-7.2899346351623535
299,initial,-8.325767517089844,-7.90385103225708
300,initial,-6.893263339996338,-6.759490966796875
301,initial,-7.321241855621338,-7.1843953132629395
302,initial,-6.1868367195129395,-6.0573601722717285
303,initial,-6.9911208152771,-6.826033115386963
304,initial,-6.54149055480957,-6.3196330070495605
305,initial,-7.251237869262695,-7.296766757965088
306,initial,-8.40993881225586,-8.386640548706055
307,initial,-6.808877468109131,-6.3540191650390625
308,initial,-6.790711402893066,-6.56077241897583
309,initial,-6.440549373626709,-6.375612258911133
310,initial,-8.034736633300781,-7.911184310913086
311,initial,-6.371844291687012,-6.591789245605469
312,initial,-6.845098495483398,-6.709232330322266
313,initial,-6.91804313659668,-6.428640365600586
314,initial,-6.550193786621094,-6.442149639129639
315,initial,-6.55925178527832,-6.241099834442139
316,initial,-6.053043365478516,-5.75515079498291
317,initial,-7.255114555358887,-7.114504337310791
318,initial,-6.460608959197998,-6.1273884773254395
319,initial,-7.536112308502197,-7.6649932861328125
320,initial,-6.109842777252197,-5.771506309509277
321,initial,-7.562436103820801,-6.890317916870117
322,initial,-7.40610933303833,-7.18903112411499
323,initial,-6.971903324127197,-6.490505218505859
324,initial,-7.54112434387207,-7.259345054626465
325,initial,-7.054830551147461,-6.9054765701293945
326,initial,-7.759125709533691,-7.17525053024292
327,initial,-7.955310821533203,-7.779058456420898
328,initial,-6.274240970611572,-5.996084690093994
329,initial,-7.295328617095947,-7.128745079040527
330,initial,-6.698971271514893,-6.41916561126709
331,initial,-7.643216609954834,-7.189553260803223
332,initial,-7.7464280128479,-7.075207233428955
333,initial,-6.63035249710083,-6.361512660980225
334,initial,-6.417524337768555,-6.39290189743042
335,initial,-6.642098426818848,-6.508378028869629
336,initial,-7.296927452087402,-7.026431083679199
337,initial,-6.722151279449463,-6.46177864074707
338,initial,-5.783992290496826,-5.421894550323486
339,initial,-7.049339294433594,-6.470392227172852
340,initial,-6.785262107849121,-6.378671169281006
341,initial,-9.059211730957031,-8.506477355957031
342,initial,-9.152962684631348,-9.227531433105469
343,initial,-9.720808029174805,-9.616140365600586
344,initial,-7.853453159332275,-7.5218071937561035
345,initial,-7.465059280395508,-7.3304853439331055
346,initial,-10.102192878723145,-8.640406608581543
347,initial,-8.7352876663208,-8.0947847366333
348,initial,-9.784628868103027,-9.382242202758789
349,initial,-8.146143913269043,-7.6468892097473145
350,initial,-8.336990356445312,-8.344880104064941
351,initial,-9.93498420715332,-9.271767616271973
352,initial,-8.176011085510254,-7.681033611297607
353,initial,-9.273270606994629,-9.326090812683105
354,initial,-7.102792263031006,-7.36803674697876
355,initial,-8.605626106262207,-8.362832069396973
356,initial,-9.95359992980957,-9.675187110900879
357,initial,-9.187177658081055,-8.662727355957031
358,initial,-7.998355865478516,-7.3514180183410645
359,initial,-8.282364845275879,-7.811673164367676
360,initial,-8.15842056274414,-7.842819690704346
361,initial,-8.722535133361816,-9.079909324645996
362,initial,-7.759039402008057,-7.6306328773498535
363,initial,-7.512610912322998,-7.501038074493408
364,initial,-7.281404972076416,-7.457326412200928
365,initial,-7.005072593688965,-7.170925140380859
366,initial,-7.323477268218994,-7.653580188751221
367,initial,-8.6907958984375,-8.616039276123047
368,initial,-9.71162223815918,-9.229046821594238
369,initial,-9.107086181640625,-9.55437183380127
370,initial,-7.410260200500488,-7.728132724761963
371,initial,-9.502877235412598,-9.45737361907959
372,initial,-8.998710632324219,-8.666666984558105
373,initial,-9.820419311523438,-9.965750694274902
374,initial,-8.205770492553711,-8.209711074829102
375,initial,-6.772902011871338,-6.571320056915283
376,initial,-7.145515441894531,-7.696360111236572
377,initial,-8.722535133361816,-9.079909324645996
378,initial,-7.512610912322998,-7.501038074493408
379,initial,-7.78572416305542,-7.684238910675049
380,initial,-6.760798454284668,-6.946280002593994
381,initial,-8.445993423461914,-8.28127384185791
382,initial,-7.0875067710876465,-7.110309600830078
383,initial,-8.170727729797363,-8.127339363098145
384,initial,-6.67924165725708,-6.47613525390625
385,initial,-7.335563659667969,-7.23784065246582
386,initial,-7.921900272369385,-7.895236968994141
387,initial,-8.236895561218262,-8.423710823059082
388,initial,-7.37135124206543,-7.2312469482421875
389,initial,-7.467963695526123,-7.455422878265381
390,initial,-6.772578239440918,-6.9194135665893555
391,initial,-7.797680854797363,-7.514333248138428
392,initial,-7.380314350128174,-7.10564661026001
393,initial,-8.241095542907715,-8.242559432983398
394,initial,-7.465069770812988,-7.638058185577393
395,initial,-8.30820369720459,-8.387229919433594
396,initial,-7.597827434539795,-7.812845230102539
397,initial,-6.735859394073486,-6.851738929748535
398,initial,-6.896185398101807,-7.501618385314941
399,initial,-6.922123908996582,-7.036436080932617
400,initial,-8.362309455871582,-7.780993461608887
401,initial,-9.117849349975586,-8.537460327148438
402,initial,-9.38325023651123,-9.180733680725098
403,initial,-7.093183994293213,-7.2463884353637695
404,initial,-8.92333698272705,-7.877267837524414
405,initial,-8.662336349487305,-7.919668674468994
406,initial,-8.230698585510254,-7.927346706390381
407,initial,-8.317831993103027,-8.269584655761719
408,initial,-7.5496697425842285,-7.024231433868408
409,initial,-8.571674346923828,-8.021015167236328
410,initial,-7.613132476806641,-7.155506610870361
411,initial,-9.308401107788086,-8.484025001525879
412,initial,-8.818005561828613,-8.7146577835083
413,initial,-7.459157943725586,-7.339972019195557
414,initial,-8.371533393859863,-8.306994438171387
415,initial,-9.735223770141602,-8.566048622131348
416,initial,-8.949370384216309,-8.770699501037598
417,initial,-9.495431900024414,-9.613930702209473
418,initial,-8.434910774230957,-7.842858791351318
419,initial,-7.0931830406188965,-7.2463884353637695
420,initial,-7.661168575286865,-7.337743759155273
421,initial,-6.155119895935059,-6.382439613342285
422,initial,-7.425585746765137,-7.038780689239502
423,initial,-7.2917938232421875,-7.040857791900635
424,initial,-6.359657287597656,-6.5196685791015625
425,initial,-8.724774360656738,-8.795526504516602
426,initial,-8.723685264587402,-8.695584297180176
427,initial,-9.020835876464844,-9.043153762817383
428,initial,-8.135236740112305,-8.293923377990723
429,initial,-6.040704727172852,-6.279492378234863
430,initial,-9.740251541137695,-9.09672737121582
431,initial,-6.907102108001709,-6.957730293273926
432,initial,-6.990758419036865,-7.270489692687988
433,initial,-8.612381935119629,-8.110084533691406
434,initial,-7.443673133850098,-7.489786624908447
435,initial,-6.517255783081055,-6.617677211761475
436,initial,-6.502147197723389,-6.2773284912109375
437,initial,-6.365878582000732,-6.376072883605957
438,initial,-6.565506935119629,-6.731626987457275
439,initial,-6.398780822753906,-6.6947922706604
440,initial,-8.065844535827637,-7.771847724914551
441,initial,-6.360228538513184,-6.072573184967041
442,initial,-7.523149490356445,-7.191195011138916
443,initial,-7.216794490814209,-6.972537994384766
444,initial,-7.742894649505615,-7.035550117492676
445,initial,-8.398669242858887,-7.937208652496338
446,initial,-8.860335350036621,-8.460648536682129
447,initial,-8.716858863830566,-8.4196195602417
448,initial,-7.5875468254089355,-7.481652736663818
449,initial,-7.130563259124756,-6.703937530517578
450,initial,-8.24649715423584,-7.173348426818848
451,initial,-8.265762329101562,-7.6507158279418945
452,initial,-8.481681823730469,-8.134265899658203
453,initial,-7.251232624053955,-6.990533828735352
454,initial,-7.714607238769531,-7.119868278503418
455,initial,-7.670557498931885,-7.134795665740967
456,initial,-7.29410457611084,-7.249250411987305
457,initial,-7.358976364135742,-6.728891849517822
458,initial,-7.607883930206299,-7.204990863800049
459,initial,-7.193111896514893,-6.971191883087158
460,initial,-7.988407611846924,-7.573017120361328
461,initial,-6.008579730987549,-5.964724540710449
462,initial,-6.248549461364746,-5.962573051452637
463,initial,-7.380069255828857,-6.786127090454102
464,initial,-6.82867956161499,-6.4766645431518555
465,initial,-6.714291095733643,-6.809944152832031
466,initial,-6.919144630432129,-5.960298538208008
467,initial,-6.960033416748047,-6.284913539886475
468,initial,-7.831992149353027,-7.057302474975586
469,initial,-7.084704399108887,-6.663782596588135
470,initial,-7.25147008895874,-6.713969707489014
471,initial,-9.271876335144043,-8.307184219360352
472,initial,-7.18112850189209,-6.973293304443359
473,initial,-7.032532691955566,-6.71419620513916
474,initial,-6.45478630065918,-6.541046142578125
475,initial,-7.198401927947998,-7.026097774505615
476,initial,-5.9024658203125,-5.9895806312561035
477,initial,-6.979996681213379,-6.703446865081787
478,initial,-6.199329853057861,-6.119905471801758
479,initial,-6.374906063079834,-6.284860610961914
480,initial,-5.636669635772705,-5.778361797332764
481,initial,-6.8373188972473145,-6.568770408630371
482,initial,-6.91552734375,-6.924127578735352
483,initial,-6.21761417388916,-5.9928297996521
484,initial,-5.668004989624023,-5.652464389801025
485,initial,-6.420310974121094,-6.335439682006836
486,initial,-6.420310974121094,-6.335439682006836
487,initial,-6.551722526550293,-6.5576934814453125
488,initial,-6.300877571105957,-6.016653537750244
489,initial,-7.161402225494385,-7.012349605560303
490,initial,-7.993937969207764,-7.310758590698242
491,initial,-8.795896530151367,-8.123655319213867
492,initial,-6.420310974121094,-6.335439682006836
493,initial,-6.151020050048828,-5.855625629425049
494,initial,-7.0398454666137695,-6.381789684295654
495,initial,-7.28548526763916,-6.979674339294434
496,initial,-5.829802513122559,-5.8212199211120605
497,initial,-6.140702247619629,-6.088380813598633
498,initial,-6.151020050048828,-5.855625629425049
499,initial,-7.053628444671631,-6.894037246704102
500,initial,-5.786092758178711,-6.313652992248535
501,initial,-5.884820938110352,-6.183329105377197
502,initial,-6.459348201751709,-6.55122709274292
503,initial,-7.891115188598633,-7.617657661437988
504,initial,-5.996290683746338,-5.884028911590576
505,initial,-6.519800662994385,-6.2463226318359375
506,initial,-6.082459926605225,-6.440983772277832
507,initial,-7.473849773406982,-7.357175350189209
508,initial,-6.552183151245117,-6.599900722503662
509,initial,-6.103147506713867,-6.128988742828369
510,initial,-7.748847007751465,-7.664849281311035
511,initial,-7.293622970581055,-7.106968879699707
512,initial,-6.666643142700195,-6.669275283813477
513,initial,-6.749603271484375,-6.6366682052612305
514,initial,-6.1736650466918945,-6.703794479370117
515,initial,-6.21525764465332,-6.620977878570557
516,initial,-6.988189697265625,-6.418898105621338
517,initial,-5.364184856414795,-5.629580020904541
518,initial,-6.551156520843506,-6.6397552490234375
519,initial,-7.984162330627441,-7.773470878601074
520,initial,-7.3958868980407715,-6.463368892669678
521,initial,-7.067790985107422,-6.468574523925781
522,initial,-7.419041156768799,-6.809047698974609
523,initial,-6.770519733428955,-6.820311546325684
524,initial,-5.935085773468018,-5.409753799438477
525,initial,-7.47691535949707,-7.1986823081970215
526,initial,-6.217110633850098,-6.1698222160339355
527,initial,-5.729493141174316,-5.790791988372803
528,initial,-8.814265251159668,-8.010736465454102
529,initial,-7.542953968048096,-7.0783162117004395
530,initial,-7.009176254272461,-6.2109832763671875
531,initial,-8.068490982055664,-7.698795318603516
532,initial,-8.293573379516602,-7.915256500244141
533,initial,-7.120268821716309,-6.261468887329102
534,initial,-7.921633243560791,-7.55210542678833
535,initial,-6.366916179656982,-6.219404220581055
536,initial,-6.039939880371094,-5.966977596282959
537,initial,-8.068490982055664,-7.698795318603516
538,initial,-6.197749137878418,-6.333483695983887
539,initial,-6.227484703063965,-6.262607097625732
540,initial,-5.507262229919434,-6.046967506408691
541,initial,-5.51257848739624,-5.8184494972229
542,initial,-6.075302600860596,-5.957218170166016
543,initial,-5.629893779754639,-6.166138172149658
544,initial,-5.9528608322143555,-5.956145286560059
545,initial,-6.092449188232422,-6.576761722564697
546,initial,-6.404516696929932,-6.63572883605957
547,initial,-6.172454833984375,-6.412172794342041
548,initial,-5.414566516876221,-5.648777484893799
549,initial,-6.18717622756958,-5.767721176147461
550,initial,-6.149999618530273,-6.203186511993408
551,initial,-6.834840297698975,-6.727787017822266
552,initial,-6.326522350311279,-6.453347206115723
553,initial,-7.523512363433838,-7.21736478805542
554,initial,-6.893760681152344,-7.081771373748779
555,initial,-7.493605613708496,-7.3514723777771
556,initial,-5.5328779220581055,-6.06330680847168
557,initial,-6.021158218383789,-6.140651226043701
558,initial,-5.412992477416992,-5.630436420440674
559,initial,-5.800914764404297,-6.06978702545166
560,initial,-7.2325592041015625,-6.653099060058594
561,initial,-7.022298812866211,-6.593313694000244
562,initial,-7.863781452178955,-7.351653099060059
563,initial,-6.260858058929443,-6.00890588760376
564,initial,-7.673382759094238,-7.4040679931640625
565,initial,-6.032951354980469,-5.872276782989502
566,initial,-6.54115629196167,-6.10202693939209
567,initial,-7.42053747177124,-7.002039909362793
568,initial,-6.310366630554199,-6.53170919418335
569,initial,-7.304494857788086,-7.176955223083496
570,initial,-7.383917331695557,-6.8492889404296875
571,initial,-6.620543479919434,-6.566586017608643
572,initial,-6.9000444412231445,-6.595765590667725
573,initial,-8.010980606079102,-7.363566875457764
574,initial,-5.891958236694336,-5.766030311584473
575,initial,-6.12384033203125,-5.962027072906494
576,initial,-6.414444923400879,-5.857542991638184
577,initial,-5.435298919677734,-5.502498149871826
578,initial,-5.780383586883545,-5.920182704925537
579,initial,-6.178729057312012,-5.924776554107666
580,initial,-7.400725364685059,-6.906651020050049
581,initial,-8.490418434143066,-7.397533893585205
582,initial,-7.337527751922607,-6.413177013397217
583,initial,-8.393735885620117,-7.333217144012451
584,initial,-8.069840431213379,-7.105355739593506
585,initial,-6.936263561248779,-5.940435409545898
586,initial,-6.983576774597168,-6.174480438232422
587,initial,-8.28954792022705,-7.364723205566406
588,initial,-7.6869964599609375,-6.967278003692627
589,initial,-8.505667686462402,-7.28895902633667
590,initial,-8.137937545776367,-7.321364879608154
591,initial,-9.004551887512207,-7.6408305168151855
592,initial,-7.8086090087890625,-7.190323352813721
593,initial,-7.493666648864746,-6.798410415649414
594,initial,-6.447725772857666,-5.76472806930542
595,initial,-8.510696411132812,-7.2649688720703125
596,initial,-6.620124816894531,-5.84698486328125
597,initial,-7.735307216644287,-6.883063316345215
598,initial,-8.687203407287598,-7.1805291175842285
599,initial,-7.815138339996338,-6.7066850662231445
600,initial,-7.219393253326416,-6.762885093688965
601,initial,-8.844149589538574,-8.040249824523926
602,initial,-9.20373821258545,-8.444703102111816
603,initial,-8.877631187438965,-7.8419694900512695
604,initial,-7.219393253326416,-6.762885093688965
605,initial,-7.115865230560303,-6.800040245056152
606,initial,-8.722222328186035,-7.794856548309326
607,initial,-7.9571638107299805,-7.508375644683838
608,initial,-8.231648445129395,-7.495261192321777
609,initial,-8.255317687988281,-7.583500385284424
610,initial,-7.390666484832764,-6.839756011962891
611,initial,-9.20373821258545,-8.444703102111816
612,initial,-7.203640460968018,-6.685096740722656
613,initial,-8.002062797546387,-7.270644187927246
614,initial,-6.894180774688721,-6.54211950302124
615,initial,-7.2495341300964355,-6.886406898498535
616,initial,-7.1338067054748535,-6.622169494628906
617,initial,-8.003161430358887,-7.578193187713623
618,initial,-7.477054119110107,-6.814034461975098
619,initial,-9.022552490234375,-8.150161743164062
620,initial,-6.97310733795166,-6.5477681159973145
621,initial,-7.522622108459473,-7.072278022766113
622,initial,-7.475578784942627,-7.601307392120361
623,initial,-6.592167854309082,-6.395849704742432
624,initial,-7.070407867431641,-6.77524995803833
625,initial,-7.249242782592773,-7.171497344970703
626,initial,-7.952976226806641,-7.6072998046875
627,initial,-6.148346900939941,-6.194686412811279
628,initial,-7.06353235244751,-6.668028831481934
629,initial,-7.68588399887085,-7.264383316040039
630,initial,-7.278920650482178,-7.168757915496826
631,initial,-7.292111396789551,-6.970987319946289
632,initial,-6.50236701965332,-6.5582475662231445
633,initial,-6.140968322753906,-5.828257083892822
634,initial,-7.055487632751465,-6.689897060394287
635,initial,-5.750868797302246,-5.5827741622924805
636,initial,-7.34544038772583,-6.872707843780518
637,initial,-6.542085647583008,-6.315513610839844
638,initial,-7.640762805938721,-7.1063008308410645
639,initial,-6.195710182189941,-5.931703567504883
640,initial,-8.063492774963379,-6.780017375946045
641,initial,-7.857041835784912,-7.212920188903809
642,initial,-7.15086030960083,-6.644103050231934
643,initial,-8.722565650939941,-7.458946704864502
644,initial,-7.896200656890869,-6.925453186035156
645,initial,-8.480575561523438,-7.9416608810424805
646,initial,-9.5427827835083,-8.629263877868652
647,initial,-7.8236260414123535,-6.836893558502197
648,initial,-9.226862907409668,-8.151863098144531
649,initial,-8.07141399383545,-7.144373893737793
650,initial,-7.679871559143066,-7.29672908782959
651,initial,-7.061949729919434,-6.421224117279053
652,initial,-7.87050199508667,-6.8033881187438965
653,initial,-8.135869026184082,-7.284914493560791
654,initial,-7.523368835449219,-6.54923152923584
655,initial,-8.462815284729004,-7.669465065002441
656,initial,-8.743354797363281,-8.068685531616211
657,initial,-8.697698593139648,-7.863816261291504
658,initial,-9.10551929473877,-7.864776611328125
659,initial,-8.497355461120605,-7.549637794494629
660,initial,-7.680429935455322,-7.567727088928223
661,initial,-5.569613456726074,-5.558442115783691
662,initial,-7.799878120422363,-7.2257843017578125
663,initial,-7.751057147979736,-7.79821252822876
664,initial,-6.08651065826416,-6.130735874176025
665,initial,-6.107816696166992,-6.422060012817383
666,initial,-6.074086666107178,-6.231395244598389
667,initial,-6.802475929260254,-6.655704498291016
668,initial,-5.888783931732178,-5.881162643432617
669,initial,-5.4169464111328125,-5.877349376678467
670,initial,-7.495353698730469,-7.560904502868652
671,initial,-6.778268337249756,-6.752089023590088
672,initial,-7.032196998596191,-7.372201919555664
673,initial,-6.216911315917969,-6.186717987060547
674,initial,-7.495352745056152,-7.560904502868652
675,initial,-7.146228790283203,-7.56015157699585
676,initial,-8.362602233886719,-7.64983606338501
677,initial,-6.487246036529541,-6.6694488525390625
678,initial,-6.774867057800293,-6.905013561248779
679,initial,-7.2502336502075195,-7.146754741668701
680,initial,-6.9339070320129395,-6.053125858306885
681,initial,-7.176848888397217,-6.3966779708862305
682,initial,-7.1905364990234375,-6.632531642913818
683,initial,-7.569839000701904,-6.984745025634766
684,initial,-7.05544376373291,-6.55540657043457
685,initial,-6.616893291473389,-5.696896076202393
686,initial,-7.378349304199219,-6.718404293060303
687,initial,-6.4559173583984375,-6.09568452835083
688,initial,-6.832459926605225,-6.011152267456055
689,initial,-8.257594108581543,-7.541930198669434
690,initial,-6.864751815795898,-6.128123760223389
691,initial,-6.550468444824219,-6.069089889526367
692,initial,-7.175107002258301,-6.768515110015869
693,initial,-7.443778038024902,-6.342166423797607
694,initial,-7.486126899719238,-7.3270416259765625
695,initial,-7.514017581939697,-7.232301235198975
696,initial,-8.013396263122559,-7.513486385345459
697,initial,-6.842075824737549,-6.0616536140441895
698,initial,-7.4073357582092285,-6.851963996887207
699,initial,-6.618309020996094,-6.056718349456787
0,final,-5.534107208251953,-3.9799416065216064
1,final,-7.650542259216309,-5.673538684844971
2,final,-6.339659214019775,-4.984632968902588
3,final,-11.523284912109375,-8.907448768615723
4,final,-4.5672736167907715,-3.587682008743286
5,final,-7.5668816566467285,-5.6210761070251465
6,final,-7.57201623916626,-5.829563140869141
7,final,-7.407899379730225,-6.0959792137146
8,final,-5.418678283691406,-4.820384502410889
9,final,-6.339659214019775,-4.984632968902588
10,final,-9.510401725769043,-8.068848609924316
11,final,-5.60374641418457,-4.278883457183838
12,final,-8.06324291229248,-6.730535507202148
13,final,-10.138740539550781,-8.368975639343262
14,final,-5.418678283691406,-4.820384502410889
15,final,-7.376242637634277,-5.905487060546875
16,final,-8.474952697753906,-7.011141300201416
17,final,-8.095836639404297,-6.4261603355407715
18,final,-12.190799713134766,-9.34999942779541
19,final,-5.000082969665527,-3.4742939472198486
20,final,-5.791371822357178,-4.113094806671143
21,final,-7.7778706550598145,-6.192957401275635
22,final,-10.400925636291504,-7.712259769439697
23,final,-6.031087398529053,-4.701013088226318
24,final,-10.094703674316406,-7.842742919921875
25,final,-6.031087398529053,-4.701013088226318
26,final,-11.105329513549805,-8.747757911682129
27,final,-7.664114952087402,-5.480169773101807
28,final,-8.37499713897705,-6.3703932762146
29,final,-9.525009155273438,-7.423184871673584
30,final,-6.35287618637085,-4.477776050567627
31,final,-6.918054103851318,-5.203954219818115
32,final,-10.40092658996582,-7.712258815765381
33,final,-6.918052673339844,-5.203954696655273
34,final,-7.120506286621094,-5.0011372566223145
35,final,-10.480920791625977,-7.809303283691406
36,final,-8.374995231628418,-6.370392799377441
37,final,-6.918052673339844,-5.203954696655273
38,final,-6.457937240600586,-4.729361534118652
39,final,-6.603200435638428,-4.777396202087402
40,final,-6.380439758300781,-4.8405632972717285
41,final,-6.830792427062988,-5.508550643920898
42,final,-8.317886352539062,-6.765146732330322
43,final,-9.521122932434082,-7.453571319580078
44,final,-8.470292091369629,-6.464072227478027
45,final,-7.714646816253662,-6.239405632019043
46,final,-6.393282413482666,-4.621772289276123
47,final,-8.339139938354492,-6.859952926635742
48,final,-11.202695846557617,-8.45779800415039
49,final,-8.16860580444336,-6.53875207901001
50,final,-9.073328018188477,-7.062933921813965
51,final,-11.999582290649414,-9.304304122924805
52,final,-8.681489944458008,-6.974461555480957
53,final,-9.474661827087402,-7.217286109924316
54,final,-8.653596878051758,-6.852132320404053
55,final,-6.761202335357666,-4.781607151031494
56,final,-6.96096134185791,-5.4352641105651855
57,final,-7.110762596130371,-4.846421718597412
58,final,-6.74993371963501,-5.0583062171936035
59,final,-8.225290298461914,-6.269203186035156
60,final,-8.99943733215332,-6.786834239959717
61,final,-9.527490615844727,-7.257178783416748
62,final,-13.513603210449219,-9.60775375366211
63,final,-8.886720657348633,-5.348300933837891
64,final,-9.909841537475586,-7.515385150909424
65,final,-8.045538902282715,-5.761061668395996
66,final,-7.21950101852417,-5.391295909881592
67,final,-13.262533187866211,-9.036559104919434
68,final,-7.006491661071777,-4.292666912078857
69,final,-7.027081489562988,-4.831898212432861
70,final,-10.584477424621582,-7.8241729736328125
71,final,-13.460336685180664,-9.70842456817627
72,final,-5.25808572769165,-3.284266948699951
73,final,-7.309732913970947,-4.96541690826416
74,final,-7.667328834533691,-5.712038040161133
75,final,-8.38894271850586,-6.267452716827393
76,final,-7.510616779327393,-4.872397422790527
77,final,-9.37285041809082,-6.4715728759765625
78,final,-9.170668601989746,-6.8679938316345215
79,final,-9.657461166381836,-7.638512134552002
80,final,-4.132404804229736,-3.3077621459960938
81,final,-5.4964799880981445,-4.593756198883057
82,final,-6.465876579284668,-5.213662147521973
83,final,-7.1662116050720215,-5.570013999938965
84,final,-8.668960571289062,-7.11418342590332
85,final,-9.280960083007812,-7.456887245178223
86,final,-8.279306411743164,-6.655523300170898
87,final,-8.055211067199707,-6.57466459274292
88,final,-8.637497901916504,-6.933553695678711
89,final,-7.194342613220215,-5.760560989379883
90,final,-4.762292861938477,-3.3127243518829346
91,final,-10.079148292541504,-7.807677745819092
92,final,-6.20129919052124,-5.053748607635498
93,final,-6.201003074645996,-5.235177993774414
94,final,-6.331882476806641,-5.038923740386963
95,final,-9.349294662475586,-7.549741268157959
96,final,-4.753710746765137,-3.918769598007202
97,final,-6.163483619689941,-4.621206283569336
98,final,-7.138203144073486,-5.431060791015625
99,final,-4.05980110168457,-3.0674922466278076
100,final,-5.645729064941406,-3.4339711666107178
101,final,-6.816992282867432,-5.043079853057861
102,final,-10.203262329101562,-7.5480146408081055
103,final,-7.444492340087891,-5.144078254699707
104,final,-7.444492340087891,-5.144078254699707
105,final,-7.1750712394714355,-5.52509880065918
106,final,-8.92402172088623,-6.54590368270874
107,final,-6.571316242218018,-3.8370587825775146
108,final,-4.866929054260254,-3.446969985961914
109,final,-11.346842765808105,-8.127909660339355
110,final,-9.926979064941406,-7.459775447845459
111,final,-6.191023349761963,-4.520204544067383
112,final,-10.051612854003906,-7.612805366516113
113,final,-10.732842445373535,-8.144071578979492
114,final,-7.014792442321777,-5.204555034637451
115,final,-8.806142807006836,-6.303832054138184
116,final,-10.292652130126953,-7.360297679901123
117,final,-7.006011962890625,-4.743802547454834
118,final,-8.92402172088623,-6.54590368270874
119,final,-9.030261039733887,-6.765220642089844
120,final,-5.708207607269287,-5.198988437652588
121,final,-4.997260570526123,-4.584456443786621
122,final,-7.4112935066223145,-6.583187580108643
123,final,-4.7141852378845215,-4.100304126739502
124,final,-5.348227500915527,-4.2412004470825195
125,final,-6.8323774337768555,-5.736448764801025
126,final,-9.272734642028809,-7.588555812835693
127,final,-9.668112754821777,-8.167220115661621
128,final,-5.584238529205322,-4.962406635284424
129,final,-11.227359771728516,-9.655313491821289
130,final,-4.5696611404418945,-3.8180277347564697
131,final,-4.121918678283691,-3.2425453662872314
132,final,-5.079998016357422,-4.3166327476501465
133,final,-9.209946632385254,-7.864723205566406
134,final,-11.227359771728516,-9.655313491821289
135,final,-5.361845016479492,-4.659900188446045
136,final,-5.755651950836182,-5.029892921447754
137,final,-5.361845016479492,-4.659900188446045
138,final,-6.832376956939697,-5.736447811126709
139,final,-7.8293986320495605,-6.589534759521484
140,final,-5.661313056945801,-4.622889041900635
141,final,-8.853256225585938,-7.042675971984863
142,final,-7.800787925720215,-6.555041790008545
143,final,-5.5980448722839355,-4.539870738983154
144,final,-9.896594047546387,-7.786750316619873
145,final,-5.401845455169678,-3.718123435974121
146,final,-9.937368392944336,-8.173858642578125
147,final,-9.804365158081055,-7.84033203125
148,final,-8.155529975891113,-6.6621294021606445
149,final,-6.923884391784668,-5.722616195678711
150,final,-7.908358573913574,-6.412622451782227
151,final,-8.865059852600098,-7.176050186157227
152,final,-10.939035415649414,-8.229310035705566
153,final,-9.951312065124512,-8.091093063354492
154,final,-5.661313056945801,-4.622889041900635
155,final,-9.937368392944336,-8.173858642578125
156,final,-11.651436805725098,-9.17797565460205
157,final,-10.778836250305176,-8.453269958496094
158,final,-6.348025321960449,-5.079885482788086
159,final,-9.937368392944336,-8.173858642578125
160,final,-10.669344902038574,-8.43749713897705
161,final,-5.863707542419434,-3.4108827114105225
162,final,-6.782537937164307,-4.674762725830078
163,final,-11.27895736694336,-8.308649063110352
164,final,-12.207776069641113,-9.182646751403809
165,final,-6.305160999298096,-5.054264545440674
166,final,-7.031932830810547,-4.89961576461792
167,final,-11.27895736694336,-8.308649063110352
168,final,-9.033221244812012,-7.0162672996521
169,final,-6.460842609405518,-5.126765727996826
170,final,-11.453756332397461,-7.916858673095703
171,final,-8.64019775390625,-5.576834201812744
172,final,-5.982615947723389,-4.838022708892822
173,final,-11.488534927368164,-8.17733097076416
174,final,-8.469971656799316,-6.052515506744385
175,final,-6.687338352203369,-5.002345561981201
176,final,-8.417654037475586,-5.370459079742432
177,final,-8.10560131072998,-6.645560264587402
178,final,-9.159655570983887,-6.632111072540283
179,final,-5.518456935882568,-3.7934741973876953
180,final,-6.220099449157715,-5.218052387237549
181,final,-4.914589881896973,-4.378354072570801
182,final,-5.002630233764648,-4.302433490753174
183,final,-8.021761894226074,-6.733071804046631
184,final,-4.239763259887695,-3.19071626663208
185,final,-6.014500141143799,-4.896875381469727
186,final,-6.9972734451293945,-5.847121238708496
187,final,-9.892715454101562,-7.751116752624512
188,final,-5.858365535736084,-4.9048027992248535
189,final,-7.44834041595459,-6.405526638031006
190,final,-5.808140277862549,-4.600905418395996
191,final,-6.220099449157715,-5.218052387237549
192,final,-7.385483741760254,-6.0396928787231445
193,final,-6.93245267868042,-5.590155601501465
194,final,-6.077261924743652,-5.20623779296875
195,final,-5.517301559448242,-4.574414253234863
196,final,-7.38392448425293,-6.260527610778809
197,final,-6.04536771774292,-4.488002300262451
198,final,-9.0585298538208,-7.299737930297852
199,final,-5.3290839195251465,-4.360450744628906
200,final,-4.450993061065674,-3.307300090789795
201,final,-7.502114295959473,-5.750299453735352
202,final,-8.357569694519043,-6.170954704284668
203,final,-5.286696910858154,-3.3574061393737793
204,final,-5.286696910858154,-3.3574061393737793
205,final,-6.018364906311035,-4.457828521728516
206,final,-9.710944175720215,-7.291462421417236
207,final,-10.074860572814941,-7.625962257385254
208,final,-5.286696910858154,-3.3574061393737793
209,final,-6.018364906311035,-4.457828521728516
210,final,-8.682183265686035,-6.515716552734375
211,final,-5.269008159637451,-3.2308154106140137
212,final,-5.269008159637451,-3.2308154106140137
213,final,-8.874722480773926,-6.8301615715026855
214,final,-8.682183265686035,-6.515716552734375
215,final,-9.435078620910645,-7.209910869598389
216,final,-9.638867378234863,-6.857377529144287
217,final,-10.009217262268066,-7.537007808685303
218,final,-5.319723606109619,-3.959254503250122
219,final,-4.743890285491943,-3.234034299850464
220,final,-4.918334484100342,-5.130077362060547
221,final,-7.072098255157471,-7.211452007293701
222,final,-5.522036075592041,-5.278564453125
223,final,-5.358439922332764,-5.341582298278809
224,final,-9.429633140563965,-8.798810958862305
225,final,-7.792418479919434,-7.527493953704834
226,final,-7.274268627166748,-6.826882362365723
227,final,-6.038638114929199,-5.678585529327393
228,final,-7.825656890869141,-7.786168575286865
229,final,-7.792418479919434,-7.527493953704834
230,final,-6.990804195404053,-7.073605060577393
231,final,-7.207431316375732,-6.846673965454102
232,final,-9.001058578491211,-8.892642974853516
233,final,-9.993606567382812,-9.759428024291992
234,final,-8.216458320617676,-8.021407127380371
235,final,-7.765038967132568,-7.6142449378967285
236,final,-6.483860969543457,-6.00489616394043
237,final,-6.823404312133789,-6.1607794761657715
238,final,-10.147527694702148,-9.665289878845215
239,final,-6.867208480834961,-6.437353610992432
240,final,-7.437702655792236,-6.137895584106445
241,final,-7.298774719238281,-6.67808723449707
242,final,-9.848658561706543,-9.016226768493652
243,final,-7.538032054901123,-6.683281421661377
244,final,-9.00744342803955,-8.457347869873047
245,final,-11.05571174621582,-9.709595680236816
246,final,-6.8341264724731445,-6.7237548828125
247,final,-9.725683212280273,-8.733165740966797
248,final,-10.131454467773438,-8.893884658813477
249,final,-10.704623222351074,-9.193984985351562
250,final,-8.998811721801758,-8.299257278442383
251,final,-5.2261433601379395,-4.684502601623535
252,final,-5.750207424163818,-4.962520599365234
253,final,-6.404775619506836,-5.97316837310791
254,final,-7.189435005187988,-6.32817268371582
255,final,-7.275437831878662,-6.811310768127441
256,final,-8.50610065460205,-7.503695011138916
257,final,-9.970438003540039,-9.059349060058594
258,final,-5.815688133239746,-5.677515029907227
259,final,-5.8246235847473145,-5.051089763641357
260,final,-7.620001792907715,-6.186036109924316
261,final,-8.850519180297852,-7.792686462402344
262,final,-7.948022842407227,-7.041903018951416
263,final,-8.883179664611816,-6.807127952575684
264,final,-8.091155052185059,-7.158439636230469
265,final,-7.579136848449707,-6.561652660369873
266,final,-6.470174312591553,-6.115216255187988
267,final,-8.235880851745605,-6.787744998931885
268,final,-9.548206329345703,-7.9468674659729
269,final,-9.550480842590332,-8.474275588989258
270,final,-7.812895774841309,-7.252525806427002
271,final,-5.957034587860107,-5.351661682128906
272,final,-7.740642547607422,-6.566699028015137
273,final,-7.652177810668945,-6.827808380126953
274,final,-10.562296867370605,-9.39600944519043
275,final,-5.729233741760254,-5.053493499755859
276,final,-5.822453022003174,-5.3273091316223145
277,final,-7.50029993057251,-6.980544090270996
278,final,-7.557049751281738,-7.062023639678955
279,final,-6.764246940612793,-5.9350409507751465
280,final,-9.20934009552002,-7.858536243438721
281,final,-9.432393074035645,-7.977173328399658
282,final,-11.113545417785645,-9.206872940063477
283,final,-8.599510192871094,-7.381711483001709
284,final,-6.449748992919922,-5.569880962371826
285,final,-7.373854637145996,-6.397736549377441
286,final,-12.42902660369873,-10.274797439575195
287,final,-9.856837272644043,-8.654232025146484
288,final,-6.784825801849365,-5.844291687011719
289,final,-6.246249198913574,-5.108273506164551
290,final,-10.39797306060791,-9.268957138061523
291,final,-9.868040084838867,-7.969631195068359
292,final,-8.662762641906738,-7.269174575805664
293,final,-13.272501945495605,-10.646678924560547
294,final,-6.859718322753906,-5.388734817504883
295,final,-9.321324348449707,-7.815074443817139
296,final,-5.917265892028809,-5.527960777282715
297,final,-9.475419998168945,-8.229073524475098
298,final,-8.441370010375977,-7.140049457550049
299,final,-11.606931686401367,-10.256078720092773
300,final,-8.652809143066406,-7.388387680053711
301,final,-8.189814567565918,-6.866446018218994
302,final,-5.260490894317627,-4.400900363922119
303,final,-6.645378589630127,-5.626623630523682
304,final,-5.555210590362549,-4.227539539337158
305,final,-6.526174545288086,-5.303674697875977
306,final,-10.318404197692871,-8.491838455200195
307,final,-6.373134136199951,-5.337961196899414
308,final,-6.061816215515137,-5.250628471374512
309,final,-6.323445796966553,-5.758142471313477
310,final,-8.678083419799805,-7.249273300170898
311,final,-8.73638916015625,-7.549853324890137
312,final,-6.529710292816162,-5.5602264404296875
313,final,-6.375933647155762,-5.416205883026123
314,final,-7.396946430206299,-6.384859561920166
315,final,-5.421438217163086,-4.71964168548584
316,final,-5.430478572845459,-4.231843948364258
317,final,-8.567224502563477,-7.204090595245361
318,final,-5.120518207550049,-4.396849155426025
319,final,-6.769270420074463,-5.492671012878418
320,final,-5.037169933319092,-4.133146286010742
321,final,-7.727234840393066,-6.731778144836426
322,final,-7.787260055541992,-6.276620864868164
323,final,-6.574828147888184,-5.310657024383545
324,final,-8.290447235107422,-6.816732883453369
325,final,-7.778815269470215,-6.5473198890686035
326,final,-9.781347274780273,-8.18137264251709
327,final,-9.812705993652344,-8.273538589477539
328,final,-6.722353935241699,-5.4429826736450195
329,final,-8.001778602600098,-6.410275936126709
330,final,-7.0513014793396,-6.311699867248535
331,final,-9.347137451171875,-8.268112182617188
332,final,-9.12132453918457,-7.879648685455322
333,final,-6.712160587310791,-5.907879829406738
334,final,-5.307157039642334,-4.57509183883667
335,final,-6.647615432739258,-5.380048751831055
336,final,-7.580842018127441,-6.155317783355713
337,final,-5.5641632080078125,-4.564229488372803
338,final,-6.215909957885742,-4.8112287521362305
339,final,-8.202383041381836,-6.906400680541992
340,final,-5.470427513122559,-5.492667198181152
341,final,-11.9244966506958,-11.394972801208496
342,final,-10.248785972595215,-10.231915473937988
343,final,-9.974996566772461,-9.837043762207031
344,final,-6.792997360229492,-6.847787380218506
345,final,-6.113998889923096,-6.392195701599121
346,final,-11.255098342895508,-10.71554946899414
347,final,-5.557514190673828,-5.424291610717773
348,final,-10.735456466674805,-10.798497200012207
349,final,-6.1756110191345215,-6.214799404144287
350,final,-5.093680381774902,-5.35418176651001
351,final,-11.905329704284668,-11.299323081970215
352,final,-8.19083023071289,-8.07806396484375
353,final,-11.4148588180542,-11.212430000305176
354,final,-5.9716362953186035,-6.380657196044922
355,final,-8.142674446105957,-8.073751449584961
356,final,-11.759786605834961,-11.003448486328125
357,final,-11.640777587890625,-11.030550956726074
358,final,-5.735438823699951,-6.025671482086182
359,final,-8.305286407470703,-8.424066543579102
360,final,-6.037691116333008,-5.838478088378906
361,final,-6.952847480773926,-6.984672546386719
362,final,-6.105112552642822,-5.004094123840332
363,final,-6.022576808929443,-6.286320686340332
364,final,-5.740635871887207,-4.490599632263184
365,final,-5.24733829498291,-4.048573970794678
366,final,-4.355788230895996,-5.024481296539307
367,final,-6.850161552429199,-6.8220343589782715
368,final,-9.981498718261719,-9.353760719299316
369,final,-7.5366530418396,-7.268123626708984
370,final,-5.238211154937744,-5.387540340423584
371,final,-11.313122749328613,-10.274943351745605
372,final,-10.225940704345703,-9.807740211486816
373,final,-11.616673469543457,-10.667157173156738
374,final,-6.9398512840271,-7.3065361976623535
375,final,-5.320438385009766,-5.235088348388672
376,final,-5.585047721862793,-5.991920471191406
377,final,-6.952847480773926,-6.984672546386719
378,final,-6.022576808929443,-6.286320686340332
379,final,-7.816387176513672,-7.832845211029053
380,final,-7.7605977058410645,-7.15398645401001
381,final,-11.030179023742676,-8.945110321044922
382,final,-7.188635349273682,-6.2548112869262695
383,final,-7.814669609069824,-7.297341823577881
384,final,-6.140079021453857,-5.740747451782227
385,final,-6.846156597137451,-6.428950309753418
386,final,-8.886077880859375,-8.220054626464844
387,final,-10.020622253417969,-8.562338829040527
388,final,-8.0303316116333,-8.026973724365234
389,final,-6.713534832000732,-5.794480800628662
390,final,-5.899374961853027,-6.01910400390625
391,final,-7.979450225830078,-7.730576515197754
392,final,-9.740976333618164,-8.42782974243164
393,final,-10.242311477661133,-8.979023933410645
394,final,-7.25314474105835,-6.51256799697876
395,final,-11.40781307220459,-10.241996765136719
396,final,-6.993192195892334,-6.609030723571777
397,final,-5.6581902503967285,-4.8539204597473145
398,final,-7.702131271362305,-6.8076701164245605
399,final,-8.026079177856445,-7.047970771789551
400,final,-7.25676155090332,-6.5661540031433105
401,final,-11.454809188842773,-8.902050971984863
402,final,-11.448989868164062,-10.242796897888184
403,final,-5.935715198516846,-5.270966529846191
404,final,-6.954315185546875,-5.533407688140869
405,final,-9.823826789855957,-8.503215789794922
406,final,-9.479339599609375,-7.885199546813965
407,final,-9.767050743103027,-8.759018898010254
408,final,-5.512200832366943,-4.986685752868652
409,final,-9.172465324401855,-8.227992057800293
410,final,-6.280463695526123,-5.352123260498047
411,final,-7.54336404800415,-6.42212438583374
412,final,-9.036157608032227,-8.154166221618652
413,final,-7.435899257659912,-6.388157367706299
414,final,-7.276165008544922,-6.4781880378723145
415,final,-11.966105461120605,-9.307250022888184
416,final,-6.240696907043457,-6.364444732666016
417,final,-11.204779624938965,-10.562751770019531
418,final,-8.871199607849121,-8.677396774291992
419,final,-5.9357147216796875,-5.270966529846191
420,final,-6.5092878341674805,-5.865309715270996
421,final,-8.35994815826416,-7.3872528076171875
422,final,-6.7301812171936035,-6.248234748840332
423,final,-7.48547887802124,-6.443890571594238
424,final,-6.630366325378418,-6.3340301513671875
425,final,-9.46584415435791,-8.633909225463867
426,final,-9.9232177734375,-8.247845649719238
427,final,-11.106088638305664,-9.47637939453125
428,final,-8.803163528442383,-7.888006210327148
429,final,-5.290637969970703,-4.909910678863525
430,final,-11.602782249450684,-9.828031539916992
431,final,-4.508693695068359,-4.226177215576172
432,final,-5.00444221496582,-4.540816307067871
433,final,-10.610122680664062,-9.51547908782959
434,final,-9.376790046691895,-8.301374435424805
435,final,-5.488857746124268,-4.9062395095825195
436,final,-4.686284065246582,-3.8995373249053955
437,final,-6.011053562164307,-5.475987434387207
438,final,-8.572182655334473,-7.22251033782959
439,final,-5.338898181915283,-4.90899658203125
440,final,-5.567205905914307,-5.074330806732178
441,final,-5.675833702087402,-4.976047515869141
442,final,-5.814500331878662,-5.452488422393799
443,final,-6.349696159362793,-5.999268054962158
444,final,-4.922445297241211,-4.493823528289795
445,final,-8.209318161010742,-7.355467796325684
446,final,-10.500517845153809,-8.306084632873535
447,final,-7.9680938720703125,-6.355019569396973
448,final,-6.147093296051025,-5.651055812835693
449,final,-5.4648823738098145,-4.264670372009277
450,final,-10.037434577941895,-7.9240264892578125
451,final,-8.54012393951416,-7.637784004211426
452,final,-10.79826831817627,-9.324585914611816
453,final,-6.023388385772705,-5.367373943328857
454,final,-5.6161699295043945,-4.470019340515137
455,final,-7.481040000915527,-6.920980453491211
456,final,-6.172153472900391,-5.426662445068359
457,final,-4.8782806396484375,-3.4991776943206787
458,final,-8.345869064331055,-6.878002166748047
459,final,-4.359978199005127,-4.161691188812256
460,final,-9.2653226852417,-8.915367126464844
461,final,-4.023958683013916,-4.538733959197998
462,final,-4.094066143035889,-4.566567420959473
463,final,-5.260004997253418,-5.777951717376709
464,final,-5.173589706420898,-5.484667778015137
465,final,-6.745377063751221,-6.872201442718506
466,final,-5.62038516998291,-5.896993160247803
467,final,-5.161162376403809,-5.059978008270264
468,final,-5.788228511810303,-6.073694705963135
469,final,-6.864975452423096,-6.6972856521606445
470,final,-4.775973796844482,-4.993484973907471
471,final,-10.389366149902344,-9.963127136230469
472,final,-7.48695707321167,-7.227278232574463
473,final,-7.240183353424072,-7.26488733291626
474,final,-6.614047527313232,-6.591371059417725
475,final,-5.731048583984375,-6.22185754776001
476,final,-3.422574758529663,-3.9684462547302246
477,final,-6.300454616546631,-6.570710182189941
478,final,-6.559463977813721,-6.5307111740112305
479,final,-4.289499759674072,-4.612037181854248
480,final,-3.9359347820281982,-3.9607479572296143
481,final,-6.450029373168945,-5.882329940795898
482,final,-5.17629861831665,-5.308867931365967
483,final,-4.042873859405518,-4.208034515380859
484,final,-4.863992214202881,-4.633150577545166
485,final,-5.650137424468994,-5.926098823547363
486,final,-5.650137424468994,-5.926098823547363
487,final,-5.243239402770996,-5.207418441772461
488,final,-4.394562244415283,-4.23795223236084
489,final,-5.770808696746826,-5.090734958648682
490,final,-8.194221496582031,-7.586529731750488
491,final,-9.801324844360352,-9.406160354614258
492,final,-5.650137424468994,-5.926098823547363
493,final,-3.593195676803589,-3.6601908206939697
494,final,-5.46307897567749,-5.293820381164551
495,final,-6.3094868659973145,-5.342461585998535
496,final,-3.7549760341644287,-3.7552192211151123
497,final,-6.534573078155518,-6.3389892578125
498,final,-3.593195676803589,-3.6601908206939697
499,final,-5.69950008392334,-5.2115020751953125
500,final,-5.4242939949035645,-5.127118110656738
501,final,-5.168455123901367,-5.108589172363281
502,final,-5.755456924438477,-5.4587321281433105
503,final,-9.066934585571289,-8.947608947753906
504,final,-5.8865861892700195,-5.637415409088135
505,final,-5.651782989501953,-5.176621913909912
506,final,-7.268233299255371,-5.507789611816406
507,final,-6.906210422515869,-6.636168003082275
508,final,-6.52397346496582,-5.820740699768066
509,final,-5.795875072479248,-5.742979526519775
510,final,-9.284255981445312,-7.883378505706787
511,final,-8.7330322265625,-8.261594772338867
512,final,-6.308984279632568,-6.4721550941467285
513,final,-7.163708686828613,-7.095738410949707
514,final,-5.882632732391357,-6.207993030548096
515,final,-5.954946517944336,-5.483767509460449
516,final,-6.785472869873047,-6.585728645324707
517,final,-5.168504238128662,-5.089495658874512
518,final,-6.173709392547607,-5.668590545654297
519,final,-7.335720539093018,-7.14801549911499
520,final,-5.9735236167907715,-5.175852298736572
521,final,-9.300813674926758,-8.57105541229248
522,final,-6.703697681427002,-5.92875337600708
523,final,-5.549043655395508,-5.720914840698242
524,final,-5.492198467254639,-5.092301368713379
525,final,-6.0470356941223145,-5.496167182922363
526,final,-4.69473934173584,-4.724392414093018
527,final,-6.431954383850098,-6.290552139282227
528,final,-10.71895694732666,-9.506684303283691
529,final,-8.377727508544922,-7.538699626922607
530,final,-6.151384353637695,-5.842150688171387
531,final,-6.581061840057373,-6.379805564880371
532,final,-7.463648796081543,-6.423163414001465
533,final,-7.691579818725586,-6.8581109046936035
534,final,-7.684351921081543,-6.0568389892578125
535,final,-5.705160617828369,-5.201724529266357
536,final,-5.620351791381836,-5.510309219360352
537,final,-6.581061840057373,-6.379805564880371
538,final,-5.1822333335876465,-5.329326629638672
539,final,-6.594867706298828,-6.25032377243042
540,final,-5.193302631378174,-5.307656764984131
541,final,-4.552723407745361,-4.542994022369385
542,final,-4.638769149780273,-4.199423313140869
543,final,-4.285144805908203,-4.580686569213867
544,final,-5.750537395477295,-5.1970534324646
545,final,-5.374769687652588,-5.108372211456299
546,final,-5.315011501312256,-4.846614837646484
547,final,-5.153657913208008,-4.509434223175049
548,final,-4.924326419830322,-4.822125434875488
549,final,-6.83355712890625,-6.236061096191406
550,final,-6.165159225463867,-5.757959365844727
551,final,-7.264640808105469,-6.800125598907471
552,final,-5.22838830947876,-5.300321578979492
553,final,-7.014438629150391,-6.751460075378418
554,final,-5.815455913543701,-5.2353034019470215
555,final,-7.925189971923828,-7.7639079093933105
556,final,-6.496397495269775,-6.170095920562744
557,final,-5.407427787780762,-4.807096004486084
558,final,-4.849233627319336,-4.546456336975098
559,final,-6.340535640716553,-5.8694000244140625
560,final,-9.088594436645508,-8.064888000488281
561,final,-5.4232916831970215,-4.97102689743042
562,final,-8.643289566040039,-7.289115905761719
563,final,-5.567173480987549,-5.497465133666992
564,final,-8.568093299865723,-7.965870380401611
565,final,-4.378167152404785,-4.019946098327637
566,final,-8.322572708129883,-7.550665855407715
567,final,-6.7219696044921875,-6.3201799392700195
568,final,-6.524060249328613,-5.739587783813477
569,final,-7.246894836425781,-7.019658088684082
570,final,-6.079914569854736,-5.163427829742432
571,final,-7.327642917633057,-6.927722454071045
572,final,-6.275400638580322,-5.4588518142700195
573,final,-8.747354507446289,-8.03233528137207
574,final,-4.665956974029541,-4.296761512756348
575,final,-4.97347354888916,-4.8835344314575195
576,final,-5.398099422454834,-4.609478950500488
577,final,-3.3254964351654053,-3.1061437129974365
578,final,-4.350784778594971,-4.635496139526367
579,final,-4.937930583953857,-4.530140399932861
580,final,-5.3580827713012695,-5.612755298614502
581,final,-7.767068386077881,-7.3602094650268555
582,final,-6.247593879699707,-6.126092433929443
583,final,-9.154911994934082,-8.889945030212402
584,final,-5.832496643066406,-6.166806697845459
585,final,-4.790045261383057,-4.765242576599121
586,final,-5.1062164306640625,-4.890717506408691
587,final,-8.32552433013916,-7.7139668464660645
588,final,-7.122198104858398,-7.640548229217529
589,final,-8.110522270202637,-7.250339031219482
590,final,-9.04213809967041,-8.680342674255371
591,final,-9.798195838928223,-9.204460144042969
592,final,-6.053269863128662,-6.137123107910156
593,final,-6.616387844085693,-6.657173156738281
594,final,-3.9383561611175537,-4.05055046081543
595,final,-8.512601852416992,-7.936033725738525
596,final,-4.799999713897705,-4.778122901916504
597,final,-5.280860900878906,-5.8886308670043945
598,final,-6.236717700958252,-5.998532295227051
599,final,-5.642882823944092,-5.72493839263916
600,final,-4.782461166381836,-4.2580718994140625
601,final,-9.001315116882324,-8.543246269226074
602,final,-8.675248146057129,-8.146862983703613
603,final,-10.05859088897705,-8.608034133911133
604,final,-4.782461166381836,-4.2580718994140625
605,final,-5.169461727142334,-4.683818817138672
606,final,-8.288976669311523,-7.236257076263428
607,final,-5.432566165924072,-5.094478130340576
608,final,-7.677811145782471,-6.976803779602051
609,final,-8.530923843383789,-7.8180389404296875
610,final,-4.776610374450684,-4.1383376121521
611,final,-8.675252914428711,-8.146862983703613
612,final,-4.689568996429443,-4.400644779205322
613,final,-6.440101623535156,-5.760615825653076
614,final,-4.057589054107666,-3.813399076461792
615,final,-4.808999538421631,-4.768377780914307
616,final,-6.11275053024292,-5.749317169189453
617,final,-5.74176025390625,-5.30452823638916
618,final,-5.723935604095459,-5.659592628479004
619,final,-9.33461856842041,-8.24947738647461
620,final,-5.650946140289307,-5.554625511169434
621,final,-6.640867710113525,-6.114519119262695
622,final,-9.498629570007324,-8.922689437866211
623,final,-5.668225288391113,-5.068734645843506
624,final,-6.716804504394531,-6.316360950469971
625,final,-7.25438117980957,-6.79946756362915
626,final,-8.982256889343262,-8.405892372131348
627,final,-7.271079063415527,-5.383167743682861
628,final,-6.307122707366943,-5.501331806182861
629,final,-7.302819728851318,-6.343717575073242
630,final,-7.777284622192383,-6.218898296356201
631,final,-9.492264747619629,-7.982672691345215
632,final,-6.843486309051514,-5.612958908081055
633,final,-4.666067123413086,-4.336384296417236
634,final,-5.790376663208008,-5.623922348022461
635,final,-6.013236999511719,-4.774966239929199
636,final,-5.7924370765686035,-5.831762313842773
637,final,-5.235802173614502,-4.5119476318359375
638,final,-7.05909538269043,-6.761444091796875
639,final,-5.1472907066345215,-4.338913917541504
640,final,-5.189636707305908,-4.1785054206848145
641,final,-6.03096342086792,-4.999237537384033
642,final,-6.650594234466553,-5.524672985076904
643,final,-7.3543620109558105,-5.858269691467285
644,final,-5.551374435424805,-5.215574741363525
645,final,-6.529862403869629,-6.076048851013184
646,final,-11.061179161071777,-9.159075736999512
647,final,-4.337624549865723,-4.216897964477539
648,final,-10.038887977600098,-8.110509872436523
649,final,-8.521531105041504,-8.01352596282959
650,final,-8.182485580444336,-7.13901424407959
651,final,-6.39177942276001,-5.364233493804932
652,final,-7.43275785446167,-7.010900497436523
653,final,-9.143709182739258,-7.975390911102295
654,final,-4.819825649261475,-4.3279128074646
655,final,-10.328099250793457,-8.59570598602295
656,final,-7.201024532318115,-6.877988338470459
657,final,-7.601484775543213,-6.639946937561035
658,final,-10.148421287536621,-8.227507591247559
659,final,-8.888876914978027,-7.893593788146973
660,final,-8.227912902832031,-7.331999778747559
661,final,-4.6809868812561035,-4.184455871582031
662,final,-9.111560821533203,-8.237567901611328
663,final,-8.481759071350098,-7.164061069488525
664,final,-4.373384952545166,-4.184919357299805
665,final,-6.731295585632324,-6.158769607543945
666,final,-6.017343521118164,-5.448349952697754
667,final,-5.555084228515625,-4.785024166107178
668,final,-4.382411956787109,-3.6064939498901367
669,final,-5.389507293701172,-4.874501705169678
670,final,-6.59464168548584,-6.077978134155273
671,final,-5.695565223693848,-4.911769866943359
672,final,-5.612304210662842,-5.353677749633789
673,final,-5.8953142166137695,-5.056394577026367
674,final,-6.59464168548584,-6.077978134155273
675,final,-7.630448341369629,-7.0692458152771
676,final,-9.751738548278809,-8.732308387756348
677,final,-6.916624546051025,-5.963850498199463
678,final,-7.409234523773193,-6.232806205749512
679,final,-8.440991401672363,-6.910029411315918
680,final,-4.867369651794434,-4.323028564453125
681,final,-6.026716709136963,-5.141404628753662
682,final,-6.9120917320251465,-6.24213981628418
683,final,-6.150081634521484,-4.757725715637207
684,final,-5.508975505828857,-4.276218414306641
685,final,-3.711472988128662,-3.0770797729492188
686,final,-7.414387226104736,-6.049575328826904
687,final,-5.226652145385742,-4.116820335388184
688,final,-4.81563138961792,-3.8374862670898438
689,final,-9.787535667419434,-7.951573371887207
690,final,-6.106446266174316,-4.63586950302124
691,final,-4.826900482177734,-3.5998716354370117
692,final,-5.660922527313232,-5.078577041625977
693,final,-5.745711803436279,-4.438379764556885
694,final,-8.140461921691895,-6.48114538192749
695,final,-6.268379211425781,-5.259411334991455
696,final,-6.4835968017578125,-5.627717971801758
697,final,-5.33746862411499,-4.956302642822266
698,final,-5.780668258666992,-4.289666175842285
699,final,-5.769686222076416,-4.836849689483643
0,best,-4.873891353607178,-3.4729702472686768
1,best,-5.509669780731201,-4.31776762008667
2,best,-4.754444599151611,-3.8825886249542236
3,best,-9.157228469848633,-7.140716552734375
4,best,-4.561553001403809,-3.4184179306030273
5,best,-5.241420745849609,-3.9879872798919678
6,best,-6.4490532875061035,-5.004096984863281
7,best,-5.574389457702637,-4.466490745544434
8,best,-4.334456443786621,-3.7706010341644287
9,best,-4.754444599151611,-3.8825886249542236
10,best,-8.31037712097168,-7.037336349487305
11,best,-4.141575813293457,-3.2325990200042725
12,best,-5.778608322143555,-4.701074123382568
13,best,-8.73612117767334,-7.06706428527832
14,best,-4.334456443786621,-3.7706010341644287
15,best,-6.299923896789551,-4.970447063446045
16,best,-6.041495323181152,-5.040649890899658
17,best,-6.560366153717041,-5.273314476013184
18,best,-10.071818351745605,-7.858068466186523
19,best,-4.6432905197143555,-3.5319855213165283
20,best,-4.522141933441162,-3.3158068656921387
21,best,-6.1403889656066895,-5.004939079284668
22,best,-8.909546852111816,-6.78913688659668
23,best,-4.9637627601623535,-3.8952908515930176
24,best,-8.495580673217773,-6.690288543701172
25,best,-4.9637627601623535,-3.8952908515930176
26,best,-8.765214920043945,-6.963548183441162
27,best,-6.466073036193848,-4.782982349395752
28,best,-7.792757034301758,-6.184536457061768
29,best,-7.953615665435791,-6.400381088256836
30,best,-5.389369487762451,-3.88228178024292
31,best,-4.7008867263793945,-3.5876033306121826
32,best,-8.909543991088867,-6.78913688659668
33,best,-4.7008867263793945,-3.587603807449341
34,best,-5.041088581085205,-3.729299783706665
35,best,-9.206501007080078,-7.075672149658203
36,best,-7.792757511138916,-6.184536457061768
37,best,-4.7008867263793945,-3.587603807449341
38,best,-5.055668354034424,-3.8918216228485107
39,best,-5.238439083099365,-3.8949294090270996
40,best,-5.647253513336182,-4.348050594329834
41,best,-5.676146507263184,-4.650366306304932
42,best,-7.858380317687988,-6.493891716003418
43,best,-8.447062492370605,-6.840785980224609
44,best,-6.558074474334717,-4.893954753875732
45,best,-6.468022346496582,-5.25015115737915
46,best,-5.317103385925293,-3.872878074645996
47,best,-7.88431453704834,-6.583956241607666
48,best,-9.99657917022705,-7.79315710067749
49,best,-7.729953765869141,-6.369015216827393
50,best,-7.757081508636475,-6.1703572273254395
51,best,-10.329854965209961,-8.474007606506348
52,best,-8.16468620300293,-6.734655380249023
53,best,-8.395100593566895,-6.569928169250488
54,best,-7.646205425262451,-6.182013511657715
55,best,-5.648928642272949,-4.09018087387085
56,best,-6.061023235321045,-4.803606986999512
57,best,-5.819647789001465,-4.312315940856934
58,best,-5.309423923492432,-4.033329010009766
59,best,-6.480350494384766,-4.923330307006836
60,best,-7.407049179077148,-5.592679500579834
61,best,-7.044638156890869,-5.391826629638672
62,best,-11.956011772155762,-8.681158065795898
63,best,-7.619178771972656,-4.510036945343018
64,best,-9.445507049560547,-7.271893501281738
65,best,-6.807572841644287,-4.946352958679199
66,best,-6.332050323486328,-4.7052178382873535
67,best,-11.878438949584961,-8.153512954711914
68,best,-6.302221775054932,-3.9702327251434326
69,best,-6.214911460876465,-4.2930588722229
70,best,-8.830227851867676,-6.5750651359558105
71,best,-11.324434280395508,-8.3042631149292
72,best,-4.698973178863525,-3.117354154586792
73,best,-5.7019476890563965,-4.134727478027344
74,best,-6.467450141906738,-4.907626628875732
75,best,-7.38668966293335,-5.317007064819336
76,best,-6.537801265716553,-4.198512077331543
77,best,-8.206108093261719,-5.553976535797119
78,best,-8.510298728942871,-6.42761754989624
79,best,-9.124489784240723,-7.237614154815674
80,best,-3.2375380992889404,-2.647451639175415
81,best,-4.484731674194336,-3.7841057777404785
82,best,-5.236026287078857,-4.28211784362793
83,best,-6.849586486816406,-5.469674110412598
84,best,-7.101069927215576,-5.841892719268799
85,best,-8.029826164245605,-6.599842548370361
86,best,-6.979734420776367,-5.7179436683654785
87,best,-7.090004920959473,-5.798618316650391
88,best,-7.662178993225098,-6.140660762786865
89,best,-6.5906243324279785,-5.402422904968262
90,best,-4.507713794708252,-3.4758667945861816
91,best,-8.992222785949707,-7.038199424743652
92,best,-5.099908828735352,-4.256197929382324
93,best,-5.145301818847656,-4.411748886108398
94,best,-5.237016201019287,-4.236321926116943
95,best,-8.157206535339355,-6.610447883605957
96,best,-3.913796901702881,-3.2708144187927246
97,best,-5.473817348480225,-4.12920618057251
98,best,-5.930401802062988,-4.618763446807861
99,best,-3.3784844875335693,-2.6513805389404297
100,best,-4.901975154876709,-3.123056650161743
101,best,-5.740863800048828,-4.32120418548584
102,best,-8.676398277282715,-6.753096103668213
103,best,-5.228374004364014,-3.7261271476745605
104,best,-5.228374004364014,-3.7261271476745605
105,best,-6.631913661956787,-5.399672508239746
106,best,-7.75152587890625,-5.846031665802002
107,best,-5.900696277618408,-3.649134397506714
108,best,-3.927415609359741,-2.9066410064697266
109,best,-9.537383079528809,-6.995166778564453
110,best,-7.9283881187438965,-5.8854851722717285
111,best,-4.973589897155762,-3.7088005542755127
112,best,-8.127776145935059,-6.245879650115967
113,best,-8.790755271911621,-6.613730430603027
114,best,-5.723335266113281,-4.343954086303711
115,best,-8.364579200744629,-6.236753940582275
116,best,-8.849803924560547,-6.566708087921143
117,best,-5.2023444175720215,-3.6099026203155518
118,best,-7.75152587890625,-5.846031665802002
119,best,-7.62713098526001,-5.824795246124268
120,best,-4.522143840789795,-4.011414527893066
121,best,-3.8847429752349854,-3.4952523708343506
122,best,-5.9933953285217285,-5.2535786628723145
123,best,-4.07572078704834,-3.3558099269866943
124,best,-3.6989529132843018,-2.917292833328247
125,best,-5.74257230758667,-4.706450462341309
126,best,-7.8263702392578125,-6.449124813079834
127,best,-8.387842178344727,-6.8339457511901855
128,best,-4.728715419769287,-4.136152744293213
129,best,-9.785504341125488,-8.248716354370117
130,best,-3.891345977783203,-3.0370075702667236
131,best,-3.8118953704833984,-3.076380968093872
132,best,-3.731041669845581,-3.198558807373047
133,best,-8.0083646774292,-6.783414840698242
134,best,-9.785504341125488,-8.248716354370117
135,best,-3.9907889366149902,-3.311152219772339
136,best,-4.495418071746826,-3.772674560546875
137,best,-3.9907889366149902,-3.311152219772339
138,best,-5.742574214935303,-4.706451416015625
139,best,-7.168437957763672,-5.9764862060546875
140,best,-4.931585311889648,-4.065825462341309
141,best,-7.675532817840576,-6.17264461517334
142,best,-7.269455909729004,-6.066243648529053
143,best,-4.934241771697998,-3.8700790405273438
144,best,-8.51887321472168,-7.141660690307617
145,best,-4.766817569732666,-3.4203414916992188
146,best,-8.074067115783691,-6.729647159576416
147,best,-8.891270637512207,-7.140748500823975
148,best,-7.59283971786499,-6.223293781280518
149,best,-6.111618995666504,-4.92179012298584
150,best,-6.7646484375,-5.474027156829834
151,best,-7.991069316864014,-6.432390213012695
152,best,-9.466081619262695,-7.43420934677124
153,best,-8.684773445129395,-7.040081977844238
154,best,-4.931585311889648,-4.065825462341309
155,best,-8.074067115783691,-6.729647159576416
156,best,-10.056219100952148,-8.156959533691406
157,best,-9.492125511169434,-7.496674537658691
158,best,-5.367496013641357,-4.200409412384033
159,best,-8.074067115783691,-6.729647159576416
160,best,-9.815409660339355,-7.297243595123291
161,best,-5.829383373260498,-3.418184995651245
162,best,-5.792079448699951,-4.022042274475098
163,best,-9.670882225036621,-6.9815754890441895
164,best,-9.823073387145996,-7.275266170501709
165,best,-5.04060173034668,-3.873100996017456
166,best,-6.155170440673828,-4.172424793243408
167,best,-9.670882225036621,-6.9815754890441895
168,best,-8.593134880065918,-6.532319068908691
169,best,-5.578108310699463,-4.40362024307251
170,best,-10.090437889099121,-6.758370876312256
171,best,-6.59841251373291,-3.876640558242798
172,best,-4.8558173179626465,-3.8753323554992676
173,best,-10.039350509643555,-7.059264659881592
174,best,-7.303031921386719,-5.111174583435059
175,best,-5.6872124671936035,-4.213533878326416
176,best,-7.190147399902344,-4.430996417999268
177,best,-6.653771877288818,-5.338657379150391
178,best,-8.63024616241455,-6.121345520019531
179,best,-5.363784313201904,-3.64957332611084
180,best,-5.108582496643066,-4.287691116333008
181,best,-3.957503318786621,-3.542072296142578
182,best,-4.214354991912842,-3.616873025894165
183,best,-7.092167854309082,-5.839005470275879
184,best,-4.017293453216553,-3.295574903488159
185,best,-5.073825836181641,-4.1130547523498535
186,best,-5.724815368652344,-4.791851043701172
187,best,-8.79491138458252,-6.881636619567871
188,best,-4.402917861938477,-3.591944694519043
189,best,-6.217676162719727,-5.395688533782959
190,best,-4.7546539306640625,-3.7408571243286133
191,best,-5.108582496643066,-4.287691116333008
192,best,-6.5642409324646,-5.4257073402404785
193,best,-5.844112873077393,-4.68996524810791
194,best,-5.05583381652832,-4.323257923126221
195,best,-4.7768731117248535,-4.078943729400635
196,best,-6.03977108001709,-5.119481086730957
197,best,-5.253725528717041,-3.9613399505615234
198,best,-7.948216915130615,-6.384249210357666
199,best,-4.073994159698486,-3.319979190826416
200,best,-3.40614914894104,-2.5403871536254883
201,best,-6.1062235832214355,-4.653428554534912
202,best,-6.965351581573486,-5.347942352294922
203,best,-4.6811299324035645,-3.19604229927063
204,best,-4.6811299324035645,-3.19604229927063
205,best,-4.828444004058838,-3.565901517868042
206,best,-8.653643608093262,-6.4884772300720215
207,best,-8.458443641662598,-6.37038516998291
208,best,-4.6811299324035645,-3.19604229927063
209,best,-4.828444004058838,-3.565901517868042
210,best,-7.443063259124756,-5.488934516906738
211,best,-4.84437370300293,-3.2689645290374756
212,best,-4.84437370300293,-3.2689645290374756
213,best,-7.410604953765869,-5.8737473487854
214,best,-7.443063259124756,-5.488934516906738
215,best,-7.846094608306885,-6.167988300323486
216,best,-8.056107521057129,-5.857958793640137
217,best,-8.024327278137207,-6.0332512855529785
218,best,-4.199177265167236,-3.135613441467285
219,best,-3.2752444744110107,-2.134251356124878
220,best,-4.292672634124756,-4.450084686279297
221,best,-5.493123531341553,-5.684351444244385
222,best,-5.045416831970215,-4.701470851898193
223,best,-4.922573089599609,-4.865309715270996
224,best,-8.761190414428711,-8.247745513916016
225,best,-7.330995082855225,-7.062702178955078
226,best,-6.360967636108398,-5.999393463134766
227,best,-5.782444000244141,-5.123734474182129
228,best,-7.493265151977539,-7.360630512237549
229,best,-7.330995082855225,-7.062702178955078
230,best,-6.20571756362915,-6.069095611572266
231,best,-6.400863170623779,-6.05889892578125
232,best,-7.849287986755371,-7.763436794281006
233,best,-8.94887638092041,-8.849985122680664
234,best,-6.990529537200928,-6.917134761810303
235,best,-7.444279670715332,-7.134279251098633
236,best,-6.023345470428467,-5.3747382164001465
237,best,-6.271678447723389,-5.568411350250244
238,best,-8.618542671203613,-8.323709487915039
239,best,-5.872098445892334,-5.698976516723633
240,best,-6.087847709655762,-5.170206069946289
241,best,-5.47052001953125,-5.162798881530762
242,best,-8.011799812316895,-7.7818098068237305
243,best,-6.442020893096924,-5.9098124504089355
244,best,-7.304344177246094,-6.9141435623168945
245,best,-8.996709823608398,-8.303653717041016
246,best,-5.612748146057129,-5.686567783355713
247,best,-8.350275993347168,-7.58922815322876
248,best,-8.47691822052002,-7.5870442390441895
249,best,-8.812578201293945,-8.006303787231445
250,best,-7.450194358825684,-6.981179237365723
251,best,-4.389028072357178,-4.498366832733154
252,best,-4.883029460906982,-4.545755386352539
253,best,-5.273594856262207,-5.092710494995117
254,best,-6.273814678192139,-5.490301132202148
255,best,-6.160419464111328,-5.723302364349365
256,best,-7.3780999183654785,-6.4146342277526855
257,best,-8.802088737487793,-8.152274131774902
258,best,-4.8914794921875,-4.968869686126709
259,best,-5.044515609741211,-4.481403827667236
260,best,-6.704409599304199,-5.493006706237793
261,best,-8.467671394348145,-7.388476371765137
262,best,-6.963937282562256,-6.301759719848633
263,best,-7.394691467285156,-5.969571113586426
264,best,-6.390450954437256,-5.885001182556152
265,best,-6.5003485679626465,-5.808659076690674
266,best,-5.819591045379639,-5.52943229675293
267,best,-6.831851482391357,-5.614443302154541
268,best,-8.311534881591797,-7.000830173492432
269,best,-8.281665802001953,-7.7499871253967285
270,best,-7.421376705169678,-6.967048168182373
271,best,-4.913745403289795,-4.729472637176514
272,best,-7.21563720703125,-6.3026580810546875
273,best,-6.172131061553955,-5.295142650604248
274,best,-8.9978666305542,-8.336264610290527
275,best,-5.169641494750977,-4.502336025238037
276,best,-4.75386381149292,-4.591097831726074
277,best,-6.199916362762451,-5.923779487609863
278,best,-6.790303707122803,-6.379380702972412
279,best,-5.342793941497803,-4.998200416564941
280,best,-8.171287536621094,-6.830124855041504
281,best,-7.645638465881348,-6.450125217437744
282,best,-10.170945167541504,-8.43923568725586
283,best,-7.833333969116211,-6.648765563964844
284,best,-5.498054504394531,-4.795919418334961
285,best,-5.989593029022217,-5.277376174926758
286,best,-10.876347541809082,-8.855570793151855
287,best,-9.282187461853027,-7.733768939971924
288,best,-5.952012538909912,-5.213738918304443
289,best,-5.36992073059082,-4.53680944442749
290,best,-9.242526054382324,-8.158294677734375
291,best,-8.552894592285156,-6.844461441040039
292,best,-7.868232727050781,-6.290696144104004
293,best,-11.4308500289917,-9.304206848144531
294,best,-6.25198221206665,-4.804737091064453
295,best,-8.823731422424316,-7.48966121673584
296,best,-5.332062721252441,-5.031050205230713
297,best,-8.260488510131836,-7.086762428283691
298,best,-7.476811408996582,-6.43620491027832
299,best,-10.255705833435059,-8.948593139648438
300,best,-7.918272495269775,-6.686674118041992
301,best,-7.1903395652771,-6.183417797088623
302,best,-4.237887382507324,-3.6123974323272705
303,best,-5.780365467071533,-4.989027976989746
304,best,-5.284336566925049,-4.066585063934326
305,best,-5.782344341278076,-5.101332664489746
306,best,-9.38318920135498,-7.8539018630981445
307,best,-5.229736804962158,-4.345932483673096
308,best,-5.1875505447387695,-4.555995464324951
309,best,-5.116631984710693,-4.945887565612793
310,best,-7.647013187408447,-6.374935626983643
311,best,-7.509640693664551,-6.507160663604736
312,best,-5.712698936462402,-4.823073863983154
313,best,-5.141378402709961,-4.304088115692139
314,best,-6.493770122528076,-5.642280101776123
315,best,-4.924649715423584,-4.3846001625061035
316,best,-4.887661457061768,-3.8332276344299316
317,best,-7.918839931488037,-6.5691351890563965
318,best,-4.566192150115967,-3.963329315185547
319,best,-6.259687423706055,-5.284715175628662
320,best,-4.129345893859863,-3.571319103240967
321,best,-6.960233688354492,-5.911474704742432
322,best,-6.8742899894714355,-5.669124126434326
323,best,-5.654000282287598,-4.259294509887695
324,best,-7.982868671417236,-6.518227577209473
325,best,-6.810380935668945,-5.752028942108154
326,best,-8.668315887451172,-7.249961853027344
327,best,-8.626639366149902,-7.042957305908203
328,best,-5.498141288757324,-4.841219425201416
329,best,-6.404169082641602,-5.066802978515625
330,best,-6.612227439880371,-5.9982829093933105
331,best,-8.040448188781738,-7.263139724731445
332,best,-8.264639854431152,-7.5077080726623535
333,best,-5.5045084953308105,-5.000000476837158
334,best,-4.466257095336914,-3.7831618785858154
335,best,-5.820268630981445,-4.811666011810303
336,best,-6.496610641479492,-5.370728969573975
337,best,-4.917200565338135,-3.8587217330932617
338,best,-4.687756538391113,-3.974430799484253
339,best,-7.349980354309082,-6.321465492248535
340,best,-4.556419849395752,-4.685823440551758
341,best,-9.991891860961914,-9.573603630065918
342,best,-8.899554252624512,-9.082805633544922
343,best,-8.684544563293457,-8.729945182800293
344,best,-5.591066360473633,-5.824103355407715
345,best,-4.8416008949279785,-5.207826137542725
346,best,-10.242147445678711,-10.035969734191895
347,best,-5.408328056335449,-5.517177581787109
348,best,-9.595650672912598,-9.74509334564209
349,best,-5.342735767364502,-5.511803150177002
350,best,-4.85137414932251,-5.26303243637085
351,best,-9.932504653930664,-9.62094783782959
352,best,-6.787889003753662,-6.785194396972656
353,best,-9.737391471862793,-9.833584785461426
354,best,-4.721874713897705,-5.36746883392334
355,best,-6.569081783294678,-6.817397594451904
356,best,-10.10152816772461,-9.662971496582031
357,best,-9.340397834777832,-9.212721824645996
358,best,-5.334500312805176,-5.6241302490234375
359,best,-7.005092144012451,-7.21579647064209
360,best,-5.171359539031982,-5.140685081481934
361,best,-5.632737636566162,-5.996791839599609
362,best,-5.067795276641846,-4.250652313232422
363,best,-4.572530269622803,-5.29422664642334
364,best,-4.115945816040039,-3.4342870712280273
365,best,-4.392508506774902,-3.62145733833313
366,best,-3.9668221473693848,-5.049652576446533
367,best,-4.756501197814941,-5.06440544128418
368,best,-8.421144485473633,-8.1103515625
369,best,-6.398371696472168,-6.226705551147461
370,best,-4.547447204589844,-4.905415058135986
371,best,-9.135815620422363,-8.589241981506348
372,best,-8.949079513549805,-8.779623031616211
373,best,-9.860077857971191,-9.440321922302246
374,best,-4.743963241577148,-5.625768184661865
375,best,-4.369531154632568,-4.464277267456055
376,best,-3.9140961170196533,-4.847731113433838
377,best,-5.632737636566162,-5.996791839599609
378,best,-4.572530269622803,-5.29422664642334
379,best,-6.119239807128906,-6.684410095214844
380,best,-6.360057830810547,-6.209583759307861
381,best,-9.500062942504883,-8.388066291809082
382,best,-6.672159194946289,-6.106076717376709
383,best,-6.732699394226074,-6.836256980895996
384,best,-5.516653060913086,-5.11267614364624
385,best,-5.495266914367676,-5.610977649688721
386,best,-8.012757301330566,-7.438709259033203
387,best,-8.645718574523926,-7.916574478149414
388,best,-7.606278419494629,-7.635064125061035
389,best,-5.352183818817139,-4.732800483703613
390,best,-4.6472368240356445,-5.028822898864746
391,best,-7.5208353996276855,-7.352514266967773
392,best,-8.29007625579834,-7.210849285125732
393,best,-9.089595794677734,-8.589838027954102
394,best,-6.871220111846924,-6.104807376861572
395,best,-9.728192329406738,-9.410524368286133
396,best,-5.995913028717041,-5.9308576583862305
397,best,-4.925711631774902,-4.320977687835693
398,best,-6.550422668457031,-5.76284122467041
399,best,-6.351998805999756,-5.905794143676758
400,best,-6.571567535400391,-5.836202144622803
401,best,-10.950810432434082,-8.103174209594727
402,best,-10.051361083984375,-9.13853931427002
403,best,-5.176233768463135,-4.842954635620117
404,best,-6.932528495788574,-5.654090881347656
405,best,-7.546308994293213,-6.705791473388672
406,best,-8.151725769042969,-6.752372741699219
407,best,-9.201321601867676,-8.297926902770996
408,best,-5.134992599487305,-4.739926815032959
409,best,-8.735215187072754,-7.501404762268066
410,best,-5.05502462387085,-4.510054111480713
411,best,-6.809796333312988,-5.773291110992432
412,best,-7.485185146331787,-6.634471893310547
413,best,-6.412316799163818,-5.519661903381348
414,best,-6.611253261566162,-5.707039833068848
415,best,-10.747342109680176,-8.589737892150879
416,best,-6.2757158279418945,-6.453141689300537
417,best,-10.410490989685059,-9.481064796447754
418,best,-7.442110538482666,-7.515523433685303
419,best,-5.176234722137451,-4.842954635620117
420,best,-5.752726078033447,-5.19633150100708
421,best,-7.557899475097656,-6.505896091461182
422,best,-5.671458721160889,-5.435202598571777
423,best,-6.948118209838867,-5.904180526733398
424,best,-5.58895206451416,-5.314266204833984
425,best,-8.505386352539062,-7.867898941040039
426,best,-9.456817626953125,-7.533429145812988
427,best,-10.57773494720459,-8.900060653686523
428,best,-8.341941833496094,-7.57207727432251
429,best,-4.27408504486084,-3.9793360233306885
430,best,-10.302777290344238,-8.896350860595703
431,best,-4.144489288330078,-4.534607410430908
432,best,-4.536873817443848,-4.102965354919434
433,best,-8.948029518127441,-8.076210021972656
434,best,-8.411559104919434,-7.472997188568115
435,best,-4.819691181182861,-4.366229057312012
436,best,-4.259313583374023,-3.6757302284240723
437,best,-5.2337260246276855,-4.91403341293335
438,best,-7.826591968536377,-6.7065815925598145
439,best,-4.811824321746826,-4.377915382385254
440,best,-5.098852634429932,-5.142404079437256
441,best,-4.660526752471924,-4.26246452331543
442,best,-4.602625370025635,-4.60133695602417
443,best,-5.275324821472168,-5.217365264892578
444,best,-4.255265712738037,-4.099063396453857
445,best,-7.791334629058838,-7.065663814544678
446,best,-8.967793464660645,-7.251765251159668
447,best,-6.592504501342773,-5.404043674468994
448,best,-5.277389049530029,-4.928615093231201
449,best,-4.672954082489014,-3.6922712326049805
450,best,-8.256342887878418,-6.546341896057129
451,best,-7.307042121887207,-6.5825700759887695
452,best,-8.994011878967285,-7.78973913192749
453,best,-5.084033012390137,-4.55571985244751
454,best,-4.651727199554443,-3.747312068939209
455,best,-7.034438133239746,-6.584142684936523
456,best,-5.052750110626221,-4.558138847351074
457,best,-4.3166890144348145,-3.287679672241211
458,best,-6.339792251586914,-5.2006378173828125
459,best,-3.6225907802581787,-3.798400402069092
460,best,-7.619220733642578,-7.303254127502441
461,best,-3.3989882469177246,-3.798349142074585
462,best,-3.444969892501831,-3.7790520191192627
463,best,-4.855654716491699,-5.192229747772217
464,best,-4.342370986938477,-4.626351833343506
465,best,-5.7337212562561035,-5.915003776550293
466,best,-4.744470596313477,-4.9357075691223145
467,best,-4.4908647537231445,-4.335196495056152
468,best,-5.226848602294922,-5.453428745269775
469,best,-6.175748825073242,-5.872108459472656
470,best,-4.568241119384766,-4.628965377807617
471,best,-9.064286231994629,-8.81822395324707
472,best,-6.013674736022949,-6.017722129821777
473,best,-6.036723613739014,-6.074245452880859
474,best,-5.683193683624268,-5.722775459289551
475,best,-4.753987789154053,-5.233062744140625
476,best,-3.189683437347412,-3.4840869903564453
477,best,-5.431192874908447,-5.535562992095947
478,best,-5.34186315536499,-5.3860626220703125
479,best,-3.6709015369415283,-3.9683377742767334
480,best,-3.300762891769409,-3.375140428543091
481,best,-5.563983917236328,-5.027616500854492
482,best,-4.636817932128906,-4.661776065826416
483,best,-3.2499027252197266,-3.4454941749572754
484,best,-3.801534414291382,-3.717960834503174
485,best,-5.185511112213135,-5.491413593292236
486,best,-5.185511112213135,-5.491413593292236
487,best,-4.346315383911133,-4.34549617767334
488,best,-3.206857204437256,-3.300942897796631
489,best,-4.746504306793213,-4.633518218994141
490,best,-7.125741481781006,-6.52983283996582
491,best,-8.653525352478027,-8.30061149597168
492,best,-5.185511112213135,-5.491413593292236
493,best,-2.7456371784210205,-2.852670907974243
494,best,-4.453241348266602,-4.361030578613281
495,best,-5.069616317749023,-4.614951133728027
496,best,-2.593604564666748,-2.7439115047454834
497,best,-5.258394241333008,-5.214587211608887
498,best,-2.7456371784210205,-2.852670907974243
499,best,-4.415738582611084,-4.2998948097229
500,best,-4.61376428604126,-4.688621997833252
501,best,-4.18046236038208,-4.070517539978027
502,best,-5.322876930236816,-4.8532185554504395
503,best,-7.634683609008789,-7.704822540283203
504,best,-4.580032825469971,-4.315212726593018
505,best,-5.091937065124512,-4.563587665557861
506,best,-5.948057651519775,-5.011111736297607
507,best,-6.060108661651611,-5.829418659210205
508,best,-5.46838903427124,-4.684174060821533
509,best,-4.639471054077148,-4.550261974334717
510,best,-8.571608543395996,-7.288515567779541
511,best,-7.582633018493652,-7.089940547943115
512,best,-6.0338311195373535,-6.14256477355957
513,best,-6.948233127593994,-6.722592353820801
514,best,-4.730705738067627,-5.155872821807861
515,best,-5.248720169067383,-4.993847846984863
516,best,-5.949517250061035,-5.601244926452637
517,best,-4.565392971038818,-4.432066440582275
518,best,-5.481708526611328,-5.307419300079346
519,best,-6.404592514038086,-6.337736129760742
520,best,-5.464816570281982,-4.57642126083374
521,best,-8.21578598022461,-7.57155704498291
522,best,-5.653136253356934,-4.9368085861206055
523,best,-4.895875453948975,-4.9615159034729
524,best,-4.4008941650390625,-4.135355472564697
525,best,-4.932381629943848,-4.6335859298706055
526,best,-3.7500367164611816,-3.7837164402008057
527,best,-5.513537883758545,-5.462113857269287
528,best,-9.240495681762695,-8.097294807434082
529,best,-7.937662124633789,-7.116587162017822
530,best,-4.682404041290283,-4.3419318199157715
531,best,-6.092437744140625,-5.750960826873779
532,best,-6.181945323944092,-5.4090752601623535
533,best,-6.620202541351318,-5.767822742462158
534,best,-6.805956840515137,-5.413346290588379
535,best,-4.894509315490723,-4.432883262634277
536,best,-4.529372215270996,-4.533674240112305
537,best,-6.092437744140625,-5.750960826873779
538,best,-4.337616920471191,-4.551575660705566
539,best,-6.2714643478393555,-5.861869812011719
540,best,-4.794096946716309,-4.956469535827637
541,best,-4.039444446563721,-3.970508337020874
542,best,-4.300902843475342,-3.8108596801757812
543,best,-3.847019910812378,-4.086222171783447
544,best,-5.40624475479126,-4.923670291900635
545,best,-4.685664653778076,-4.5283002853393555
546,best,-4.531596660614014,-4.14015007019043
547,best,-4.768719673156738,-4.2301106452941895
548,best,-3.942499876022339,-3.800074577331543
549,best,-5.88641357421875,-5.292606830596924
550,best,-5.816326141357422,-5.3811259269714355
551,best,-6.348692417144775,-5.942382335662842
552,best,-4.507197856903076,-4.5452961921691895
553,best,-6.126571178436279,-5.8737263679504395
554,best,-5.0311431884765625,-4.499616622924805
555,best,-7.519805908203125,-7.315128803253174
556,best,-5.964879035949707,-5.668429851531982
557,best,-4.317239284515381,-3.790477991104126
558,best,-4.130550384521484,-3.835566520690918
559,best,-5.472812652587891,-5.16202974319458
560,best,-8.069138526916504,-7.223427772521973
561,best,-4.680619716644287,-4.361060619354248
562,best,-7.642723560333252,-6.440999984741211
563,best,-4.6777215003967285,-4.666555881500244
564,best,-7.122384071350098,-6.588506698608398
565,best,-3.7986161708831787,-3.542365074157715
566,best,-7.223611831665039,-6.681857109069824
567,best,-5.879312992095947,-5.396178245544434
568,best,-5.079950332641602,-4.553721904754639
569,best,-6.900568008422852,-6.508508205413818
570,best,-5.001719951629639,-4.244556427001953
571,best,-6.273919105529785,-5.8434157371521
572,best,-5.144388198852539,-4.692374229431152
573,best,-7.66436767578125,-7.222697734832764
574,best,-3.3707656860351562,-3.109050989151001
575,best,-4.274842262268066,-4.126088619232178
576,best,-4.473190784454346,-3.805832624435425
577,best,-2.6136391162872314,-2.4050796031951904
578,best,-3.5982680320739746,-3.9911842346191406
579,best,-4.172394752502441,-3.733290672302246
580,best,-4.3048295974731445,-4.583377838134766
581,best,-6.922445774078369,-6.3226542472839355
582,best,-5.964535236358643,-5.607309341430664
583,best,-7.605017185211182,-7.25479793548584
584,best,-4.0828962326049805,-4.470485687255859
585,best,-3.872546434402466,-3.777857780456543
586,best,-4.123130798339844,-3.940707206726074
587,best,-7.353399753570557,-6.795943260192871
588,best,-5.378262996673584,-5.8007731437683105
589,best,-6.73771858215332,-5.998147487640381
590,best,-7.580667018890381,-7.153257846832275
591,best,-8.482796669006348,-7.8905253410339355
592,best,-4.925600051879883,-4.905849933624268
593,best,-6.099647521972656,-6.0996198654174805
594,best,-3.108389377593994,-3.017969846725464
595,best,-7.597915172576904,-7.0595855712890625
596,best,-3.917907953262329,-3.739607572555542
597,best,-4.333775997161865,-4.745095729827881
598,best,-5.222625732421875,-4.8608880043029785
599,best,-3.9953572750091553,-4.123561382293701
600,best,-3.7875258922576904,-3.776287317276001
601,best,-7.8091349601745605,-7.609561443328857
602,best,-7.416102886199951,-7.155158042907715
603,best,-7.902355194091797,-7.258143901824951
604,best,-3.7875258922576904,-3.776287317276001
605,best,-3.6982662677764893,-3.4929232597351074
606,best,-6.827123641967773,-6.178427696228027
607,best,-4.4710001945495605,-4.379550457000732
608,best,-6.120237827301025,-5.7728776931762695
609,best,-6.516071796417236,-6.128985404968262
610,best,-3.657543182373047,-3.3884143829345703
611,best,-7.416103839874268,-7.155158042907715
612,best,-3.6685712337493896,-3.635991096496582
613,best,-4.342923641204834,-4.188223838806152
614,best,-2.784766435623169,-2.6363062858581543
615,best,-3.3654356002807617,-3.5135347843170166
616,best,-4.693180561065674,-4.598062992095947
617,best,-4.468587875366211,-4.1116557121276855
618,best,-4.759964942932129,-4.803595542907715
619,best,-7.275047779083252,-6.9144415855407715
620,best,-4.712199687957764,-4.708333492279053
621,best,-5.604516983032227,-5.109375953674316
622,best,-8.10737133026123,-7.7202935218811035
623,best,-4.608351230621338,-4.357331275939941
624,best,-5.529699325561523,-5.197264671325684
625,best,-6.07832145690918,-5.942469596862793
626,best,-8.549657821655273,-7.734960079193115
627,best,-5.56035041809082,-4.665680408477783
628,best,-5.02072811126709,-4.333196640014648
629,best,-6.034583568572998,-5.5485758781433105
630,best,-6.495230674743652,-5.453500747680664
631,best,-8.133913040161133,-6.933906078338623
632,best,-5.83929443359375,-5.1984429359436035
633,best,-3.9797542095184326,-3.658766269683838
634,best,-4.697839736938477,-4.7091898918151855
635,best,-4.894796371459961,-3.937451124191284
636,best,-4.58090877532959,-4.905989646911621
637,best,-4.782039165496826,-3.934504985809326
638,best,-5.735866069793701,-5.715543746948242
639,best,-4.3473920822143555,-3.693516969680786
640,best,-4.595084190368652,-3.5900604724884033
641,best,-5.137258052825928,-4.220910549163818
642,best,-5.215114593505859,-4.457265377044678
643,best,-5.759557723999023,-4.53256368637085
644,best,-4.967976093292236,-4.614377498626709
645,best,-5.837224006652832,-5.479464530944824
646,best,-9.76951789855957,-8.268013000488281
647,best,-4.019591808319092,-3.7411248683929443
648,best,-9.123642921447754,-7.269583225250244
649,best,-6.58452844619751,-6.394401550292969
650,best,-6.944491863250732,-6.048306465148926
651,best,-5.304844856262207,-4.399938583374023
652,best,-7.0401458740234375,-6.511650085449219
653,best,-8.28542423248291,-6.897410869598389
654,best,-4.2137770652771,-3.6595280170440674
655,best,-8.430015563964844,-6.941342830657959
656,best,-6.285269260406494,-5.7568769454956055
657,best,-5.827212810516357,-5.147358417510986
658,best,-8.828421592712402,-7.071094989776611
659,best,-7.5851826667785645,-6.5422587394714355
660,best,-7.092864513397217,-6.242362976074219
661,best,-4.238544940948486,-3.848522663116455
662,best,-7.5278754234313965,-6.963437557220459
663,best,-7.942411422729492,-6.8856987953186035
664,best,-3.824265241622925,-3.761397361755371
665,best,-5.610220909118652,-5.205742359161377
666,best,-5.08353328704834,-4.671857833862305
667,best,-4.89058780670166,-4.260012149810791
668,best,-3.7687690258026123,-3.1469244956970215
669,best,-4.340907096862793,-4.0099568367004395
670,best,-5.064642429351807,-4.837343215942383
671,best,-4.628535747528076,-4.050800800323486
672,best,-4.494131088256836,-4.491890907287598
673,best,-5.38848876953125,-4.6154656410217285
674,best,-5.064642429351807,-4.837342739105225
675,best,-6.511046409606934,-6.284502983093262
676,best,-8.462501525878906,-7.780497074127197
677,best,-6.082089424133301,-5.154565811157227
678,best,-6.62899923324585,-5.626333713531494
679,best,-6.964982509613037,-6.117849349975586
680,best,-4.305847644805908,-3.916304349899292
681,best,-4.553383827209473,-3.8899178504943848
682,best,-6.475162029266357,-5.949438095092773
683,best,-4.824592113494873,-3.7213542461395264
684,best,-4.271575450897217,-3.480107307434082
685,best,-3.0172741413116455,-2.7097840309143066
686,best,-6.484995365142822,-5.1531291007995605
687,best,-4.25780725479126,-3.280341386795044
688,best,-4.095342636108398,-3.540081024169922
689,best,-8.38835620880127,-6.949900150299072
690,best,-5.116396427154541,-3.9977803230285645
691,best,-3.9987235069274902,-2.956969976425171
692,best,-4.938462734222412,-4.570497512817383
693,best,-4.306551456451416,-3.360318660736084
694,best,-6.748050689697266,-5.634797096252441
695,best,-5.037757873535156,-4.249416351318359
696,best,-5.396582126617432,-4.650111198425293
697,best,-3.8539998531341553,-3.771134853363037
698,best,-5.068753242492676,-3.765946626663208
699,best,-4.772339820861816,-3.9828686714172363
