item_id,model_state,do,pp
0,initial,-7.7886481285095215,-6.868988037109375
1,initial,-8.151538848876953,-7.745254039764404
2,initial,-7.2046895027160645,-7.0502471923828125
3,initial,-8.693635940551758,-8.454341888427734
4,initial,-7.897158622741699,-6.50303840637207
5,initial,-7.776419162750244,-7.626881122589111
6,initial,-9.104351997375488,-8.103569030761719
7,initial,-8.326674461364746,-7.485959529876709
8,initial,-7.448426723480225,-6.560176372528076
9,initial,-7.2046895027160645,-7.0502471923828125
10,initial,-9.320549011230469,-7.9662299156188965
11,initial,-7.22557258605957,-6.9655442237854
12,initial,-8.137702941894531,-6.602664470672607
13,initial,-9.313398361206055,-7.362284183502197
14,initial,-7.448426723480225,-6.560176372528076
15,initial,-9.038530349731445,-7.936670303344727
16,initial,-7.546061038970947,-6.868072986602783
17,initial,-8.243948936462402,-6.930824279785156
18,initial,-9.302083969116211,-8.70207691192627
19,initial,-7.342024326324463,-6.86076545715332
20,initial,-7.360710620880127,-6.652929782867432
21,initial,-7.7011027336120605,-7.1196184158325195
22,initial,-8.399507522583008,-8.024253845214844
23,initial,-7.845178604125977,-7.066453456878662
24,initial,-8.553752899169922,-7.452770233154297
25,initial,-7.845178604125977,-7.066453456878662
26,initial,-8.953680992126465,-7.99365758895874
27,initial,-8.455057144165039,-8.297350883483887
28,initial,-6.927341461181641,-6.505293846130371
29,initial,-8.887208938598633,-8.18321704864502
30,initial,-7.693887233734131,-7.003708362579346
31,initial,-7.888970851898193,-7.178102970123291
32,initial,-8.399507522583008,-8.024253845214844
33,initial,-7.88897180557251,-7.178102493286133
34,initial,-7.48141622543335,-7.506141662597656
35,initial,-8.15704345703125,-7.932994842529297
36,initial,-6.927341938018799,-6.505293846130371
37,initial,-7.88897180557251,-7.178102493286133
38,initial,-7.251903057098389,-6.73550271987915
39,initial,-7.229463577270508,-6.523307800292969
40,initial,-7.483732223510742,-6.738519668579102
41,initial,-7.4585795402526855,-7.176389694213867
42,initial,-7.436797142028809,-7.224193096160889
43,initial,-8.108952522277832,-7.994081497192383
44,initial,-7.8650641441345215,-6.635194301605225
45,initial,-7.41236686706543,-6.842647075653076
46,initial,-7.419910430908203,-6.709532737731934
47,initial,-7.654928207397461,-6.771128177642822
48,initial,-8.273859977722168,-8.042217254638672
49,initial,-7.110048294067383,-6.324197292327881
50,initial,-7.678483009338379,-7.395237922668457
51,initial,-8.63883113861084,-8.082807540893555
52,initial,-8.112862586975098,-7.055152416229248
53,initial,-8.186577796936035,-7.715190410614014
54,initial,-7.381791591644287,-7.544498920440674
55,initial,-7.483352184295654,-6.823888778686523
56,initial,-7.4439873695373535,-6.683335781097412
57,initial,-6.712243556976318,-6.746682167053223
58,initial,-7.811402320861816,-6.9679741859436035
59,initial,-7.379508972167969,-6.849857330322266
60,initial,-8.776086807250977,-7.840790748596191
61,initial,-9.803337097167969,-8.454955101013184
62,initial,-10.173257827758789,-9.675586700439453
63,initial,-9.485590934753418,-8.545236587524414
64,initial,-8.211933135986328,-7.437412738800049
65,initial,-7.827985763549805,-7.45335054397583
66,initial,-8.415619850158691,-7.478603363037109
67,initial,-10.123952865600586,-9.047234535217285
68,initial,-8.388931274414062,-7.625293731689453
69,initial,-8.633070945739746,-7.658463001251221
70,initial,-7.851631164550781,-7.216485023498535
71,initial,-9.548728942871094,-9.353273391723633
72,initial,-6.991505146026611,-6.311521053314209
73,initial,-7.707757949829102,-7.253037929534912
74,initial,-7.273478031158447,-6.907179832458496
75,initial,-9.29229736328125,-8.116734504699707
76,initial,-8.548466682434082,-7.688669681549072
77,initial,-9.727045059204102,-8.71057415008545
78,initial,-7.862555027008057,-7.386414527893066
79,initial,-8.080246925354004,-7.066495418548584
80,initial,-5.870678901672363,-6.079174995422363
81,initial,-6.087671279907227,-5.982378005981445
82,initial,-7.517112731933594,-7.017213344573975
83,initial,-6.505699157714844,-6.032443046569824
84,initial,-6.5694403648376465,-6.662836074829102
85,initial,-8.580022811889648,-7.594346046447754
86,initial,-8.051074981689453,-7.301005840301514
87,initial,-7.019126892089844,-7.005283355712891
88,initial,-6.6911163330078125,-6.553681373596191
89,initial,-5.4546380043029785,-5.766232490539551
90,initial,-6.68939733505249,-5.880179405212402
91,initial,-8.640603065490723,-8.093238830566406
92,initial,-6.132554054260254,-6.243298530578613
93,initial,-7.0392889976501465,-6.524595260620117
94,initial,-7.276481628417969,-6.963628768920898
95,initial,-7.0680365562438965,-6.969311237335205
96,initial,-6.021500110626221,-6.002023696899414
97,initial,-6.757981300354004,-6.272467136383057
98,initial,-8.233342170715332,-7.591629981994629
99,initial,-6.137090682983398,-5.737668037414551
100,initial,-7.423165798187256,-6.489373683929443
101,initial,-7.817037105560303,-6.958016395568848
102,initial,-8.813462257385254,-7.887691974639893
103,initial,-7.378120422363281,-6.69940185546875
104,initial,-7.378120422363281,-6.69940185546875
105,initial,-7.512115955352783,-6.295037269592285
106,initial,-8.07754898071289,-7.314871788024902
107,initial,-7.544765472412109,-6.727899074554443
108,initial,-6.9604620933532715,-6.136891841888428
109,initial,-8.970494270324707,-8.186590194702148
110,initial,-8.377936363220215,-7.37954044342041
111,initial,-7.329211235046387,-6.8096442222595215
112,initial,-8.480245590209961,-7.979712009429932
113,initial,-8.66643238067627,-7.546470642089844
114,initial,-7.428061485290527,-6.512609481811523
115,initial,-7.640106201171875,-6.66217565536499
116,initial,-9.08676528930664,-7.990286350250244
117,initial,-8.07666301727295,-7.326530933380127
118,initial,-8.07754898071289,-7.314871788024902
119,initial,-8.543200492858887,-7.642821311950684
120,initial,-7.312088489532471,-6.341804504394531
121,initial,-7.156713485717773,-6.417332172393799
122,initial,-7.6376495361328125,-6.702202320098877
123,initial,-7.246094703674316,-5.770294189453125
124,initial,-7.495439052581787,-6.256394863128662
125,initial,-9.094639778137207,-7.273586750030518
126,initial,-9.041641235351562,-7.55128812789917
127,initial,-8.561824798583984,-6.486985683441162
128,initial,-7.615946292877197,-6.72601842880249
129,initial,-9.478353500366211,-7.43466329574585
130,initial,-7.376786708831787,-5.867370128631592
131,initial,-7.114666938781738,-6.1739182472229
132,initial,-7.255054950714111,-6.590967655181885
133,initial,-8.998005867004395,-7.183584213256836
134,initial,-9.478353500366211,-7.43466329574585
135,initial,-7.4091997146606445,-5.928206920623779
136,initial,-7.448487758636475,-6.569503307342529
137,initial,-7.4091997146606445,-5.928206920623779
138,initial,-9.094640731811523,-7.273587703704834
139,initial,-7.216111660003662,-6.241826057434082
140,initial,-6.735233306884766,-6.48195219039917
141,initial,-7.675576210021973,-6.789671421051025
142,initial,-7.321264743804932,-6.425187110900879
143,initial,-6.306585311889648,-6.104143142700195
144,initial,-8.228690147399902,-7.582864761352539
145,initial,-6.858669757843018,-6.009425640106201
146,initial,-8.205303192138672,-7.499847412109375
147,initial,-8.258063316345215,-7.456357479095459
148,initial,-7.773651599884033,-6.771535396575928
149,initial,-7.297094821929932,-6.826961040496826
150,initial,-7.992092132568359,-7.124382972717285
151,initial,-7.567779541015625,-6.855193614959717
152,initial,-8.87816047668457,-7.70847225189209
153,initial,-7.650463581085205,-7.086205005645752
154,initial,-6.735233306884766,-6.48195219039917
155,initial,-8.205303192138672,-7.499847412109375
156,initial,-8.553925514221191,-7.778268814086914
157,initial,-7.90733003616333,-7.2606401443481445
158,initial,-7.258479118347168,-6.8752522468566895
159,initial,-8.205303192138672,-7.499847412109375
160,initial,-8.564933776855469,-7.136971950531006
161,initial,-8.128775596618652,-6.488394260406494
162,initial,-7.6156840324401855,-7.281757354736328
163,initial,-9.179032325744629,-7.873058319091797
164,initial,-9.77863883972168,-8.212082862854004
165,initial,-7.264344692230225,-6.605530261993408
166,initial,-8.25310230255127,-7.543295860290527
167,initial,-9.179032325744629,-7.873058319091797
168,initial,-8.966635704040527,-7.373450756072998
169,initial,-8.403778076171875,-7.486816883087158
170,initial,-9.041641235351562,-7.344516754150391
171,initial,-8.13825798034668,-6.877857685089111
172,initial,-7.828723907470703,-7.2393999099731445
173,initial,-9.359251022338867,-7.978178024291992
174,initial,-9.633788108825684,-8.57009506225586
175,initial,-9.142412185668945,-7.868403911590576
176,initial,-9.156561851501465,-8.23509693145752
177,initial,-7.996980667114258,-7.030730724334717
178,initial,-7.514400005340576,-6.593256950378418
179,initial,-8.900171279907227,-7.294677734375
180,initial,-6.976439952850342,-6.5434722900390625
181,initial,-5.700013637542725,-5.902669906616211
182,initial,-6.179131031036377,-6.119469165802002
183,initial,-6.213649272918701,-6.010254383087158
184,initial,-6.475436687469482,-5.636783599853516
185,initial,-7.551911354064941,-7.110776901245117
186,initial,-7.036798000335693,-6.63342809677124
187,initial,-8.199991226196289,-7.327661037445068
188,initial,-5.9801836013793945,-5.747438430786133
189,initial,-7.047764778137207,-6.4940009117126465
190,initial,-7.502687454223633,-6.844939231872559
191,initial,-6.976439952850342,-6.5434722900390625
192,initial,-6.408110618591309,-6.031916618347168
193,initial,-7.6266770362854,-7.099932670593262
194,initial,-6.0888776779174805,-6.054480075836182
195,initial,-7.364237308502197,-6.872150421142578
196,initial,-6.6038899421691895,-6.255021095275879
197,initial,-7.302553653717041,-6.324393272399902
198,initial,-7.801974773406982,-6.865995407104492
199,initial,-6.48809289932251,-5.936736106872559
200,initial,-6.585184574127197,-6.132441997528076
201,initial,-7.539401531219482,-6.49747371673584
202,initial,-7.785501956939697,-6.7654194831848145
203,initial,-7.211592197418213,-6.254477500915527
204,initial,-7.211592197418213,-6.254477500915527
205,initial,-7.0236101150512695,-6.330854415893555
206,initial,-8.534651756286621,-7.147900581359863
207,initial,-8.689528465270996,-7.536532402038574
208,initial,-7.211592197418213,-6.254477500915527
209,initial,-7.0236101150512695,-6.330854415893555
210,initial,-7.543975353240967,-6.582004547119141
211,initial,-7.457775115966797,-6.237160682678223
212,initial,-7.457775115966797,-6.237160682678223
213,initial,-7.792034149169922,-6.73323392868042
214,initial,-7.543975353240967,-6.582004547119141
215,initial,-8.085165023803711,-7.080793857574463
216,initial,-8.042187690734863,-6.856017589569092
217,initial,-8.410710334777832,-7.295578956604004
218,initial,-7.371740818023682,-6.465640544891357
219,initial,-6.911376476287842,-5.893953800201416
220,initial,-7.112729072570801,-6.466584205627441
221,initial,-7.019753456115723,-6.453379154205322
222,initial,-7.1238837242126465,-6.408062934875488
223,initial,-7.200351238250732,-6.643869876861572
224,initial,-8.061877250671387,-7.170982360839844
225,initial,-7.477211952209473,-7.402551651000977
226,initial,-7.292227745056152,-6.879678249359131
227,initial,-7.245172500610352,-6.736239910125732
228,initial,-7.407458305358887,-7.352392196655273
229,initial,-7.477211952209473,-7.402551651000977
230,initial,-7.747146129608154,-7.103560924530029
231,initial,-6.640716552734375,-6.1701178550720215
232,initial,-8.13546085357666,-7.07820987701416
233,initial,-8.791128158569336,-7.802839756011963
234,initial,-8.736687660217285,-8.00033950805664
235,initial,-7.162718772888184,-6.9569597244262695
236,initial,-6.7102203369140625,-6.216317176818848
237,initial,-6.944491386413574,-6.355382442474365
238,initial,-8.952353477478027,-8.161736488342285
239,initial,-7.321629047393799,-7.053722858428955
240,initial,-6.625868797302246,-6.5284037590026855
241,initial,-7.542267322540283,-7.3018903732299805
242,initial,-7.897738933563232,-7.393013954162598
243,initial,-7.316871643066406,-6.987662315368652
244,initial,-7.749306678771973,-7.462709903717041
245,initial,-8.331315040588379,-7.967782020568848
246,initial,-7.2989501953125,-7.078429222106934
247,initial,-7.856133460998535,-7.645140647888184
248,initial,-8.351378440856934,-8.275598526000977
249,initial,-8.287818908691406,-8.024664878845215
250,initial,-7.47269868850708,-7.323040008544922
251,initial,-6.4336838722229,-6.460746765136719
252,initial,-6.710307598114014,-6.483279228210449
253,initial,-7.062346935272217,-6.958131790161133
254,initial,-6.752808570861816,-6.474308013916016
255,initial,-7.597071170806885,-7.2752861976623535
256,initial,-8.401640892028809,-8.076330184936523
257,initial,-8.274435997009277,-8.008739471435547
258,initial,-6.843287467956543,-6.5157904624938965
259,initial,-6.125438690185547,-5.953065395355225
260,initial,-6.351778030395508,-6.696341514587402
261,initial,-6.022296905517578,-6.462221622467041
262,initial,-6.215576648712158,-6.116936683654785
263,initial,-6.770133972167969,-7.074054718017578
264,initial,-7.180692672729492,-7.311888694763184
265,initial,-6.764559745788574,-6.7797627449035645
266,initial,-6.275301456451416,-6.277000904083252
267,initial,-6.361174583435059,-6.247425079345703
268,initial,-6.81117057800293,-6.703254699707031
269,initial,-6.633965015411377,-6.8071699142456055
270,initial,-6.712841987609863,-6.822731018066406
271,initial,-6.001750469207764,-6.398366451263428
272,initial,-5.647891044616699,-5.890495300292969
273,initial,-6.524792671203613,-6.110993385314941
274,initial,-7.271307945251465,-7.278233528137207
275,initial,-5.467382431030273,-5.949613571166992
276,initial,-6.180671215057373,-6.282785415649414
277,initial,-5.967045783996582,-6.270533561706543
278,initial,-6.541624546051025,-6.9015703201293945
279,initial,-6.793869972229004,-6.819791316986084
280,initial,-9.686426162719727,-8.903299331665039
281,initial,-8.651362419128418,-8.081527709960938
282,initial,-8.07355785369873,-7.821722030639648
283,initial,-7.477811813354492,-7.351759910583496
284,initial,-6.6601481437683105,-7.0710601806640625
285,initial,-6.476696968078613,-6.582483768463135
286,initial,-9.198883056640625,-8.782292366027832
287,initial,-8.214825630187988,-7.796514511108398
288,initial,-8.563128471374512,-7.819637298583984
289,initial,-6.724328994750977,-6.918076992034912
290,initial,-8.517069816589355,-7.903011322021484
291,initial,-9.12076473236084,-8.749518394470215
292,initial,-7.735472679138184,-7.689395427703857
293,initial,-9.108898162841797,-8.689730644226074
294,initial,-7.183839797973633,-6.958319187164307
295,initial,-8.026493072509766,-7.595746994018555
296,initial,-7.852695465087891,-7.097171783447266
297,initial,-9.696075439453125,-8.978126525878906
298,initial,-7.427175521850586,-7.3996124267578125
299,initial,-8.850104331970215,-8.49386978149414
300,initial,-7.100215911865234,-6.687724590301514
301,initial,-7.270934104919434,-7.022416591644287
302,initial,-5.976422309875488,-5.8366827964782715
303,initial,-7.2100510597229,-7.030020236968994
304,initial,-6.538058757781982,-6.1165995597839355
305,initial,-7.588566303253174,-7.025014400482178
306,initial,-8.599140167236328,-8.013140678405762
307,initial,-6.410542011260986,-6.220208644866943
308,initial,-6.755734920501709,-6.420312404632568
309,initial,-6.60342264175415,-6.007969379425049
310,initial,-7.880368709564209,-7.6132283210754395
311,initial,-7.077817440032959,-7.063968181610107
312,initial,-6.862215042114258,-6.768045902252197
313,initial,-6.590139865875244,-6.329853057861328
314,initial,-6.425924301147461,-6.318485260009766
315,initial,-6.14918327331543,-6.028462886810303
316,initial,-5.834354400634766,-5.718213081359863
317,initial,-7.104960918426514,-7.0222954750061035
318,initial,-6.027845859527588,-5.817620277404785
319,initial,-7.771390914916992,-7.136431694030762
320,initial,-5.8859639167785645,-5.800302028656006
321,initial,-7.138301849365234,-6.740411281585693
322,initial,-7.067834377288818,-6.8941802978515625
323,initial,-7.148098945617676,-6.80816650390625
324,initial,-7.280210494995117,-7.315457820892334
325,initial,-7.101507663726807,-6.678436279296875
326,initial,-7.489315032958984,-7.549458980560303
327,initial,-7.941439628601074,-7.520358562469482
328,initial,-5.779628276824951,-5.978329658508301
329,initial,-7.395550727844238,-7.128217697143555
330,initial,-6.444284439086914,-6.451752662658691
331,initial,-7.389529228210449,-6.965042591094971
332,initial,-7.316732883453369,-7.077263832092285
333,initial,-6.8144612312316895,-6.551504611968994
334,initial,-6.391024112701416,-6.377776622772217
335,initial,-6.622274398803711,-6.364567279815674
336,initial,-7.115592002868652,-6.988915920257568
337,initial,-6.699683666229248,-6.34681510925293
338,initial,-5.630136013031006,-5.610825061798096
339,initial,-6.883970737457275,-6.551775932312012
340,initial,-6.88550329208374,-6.4211835861206055
341,initial,-9.199499130249023,-8.787102699279785
342,initial,-9.781744003295898,-8.82012939453125
343,initial,-10.042219161987305,-9.458560943603516
344,initial,-8.093361854553223,-7.9005913734436035
345,initial,-8.154549598693848,-7.562686443328857
346,initial,-9.92907428741455,-8.335722923278809
347,initial,-8.100605964660645,-7.726682662963867
348,initial,-9.900217056274414,-8.754801750183105
349,initial,-8.140109062194824,-7.844420433044434
350,initial,-9.15047836303711,-8.790560722351074
351,initial,-10.559725761413574,-10.12890911102295
352,initial,-8.632306098937988,-7.8393659591674805
353,initial,-10.279714584350586,-9.479790687561035
354,initial,-7.932528018951416,-7.3534698486328125
355,initial,-9.376114845275879,-8.56450366973877
356,initial,-11.255782127380371,-10.2688627243042
357,initial,-9.451807975769043,-8.815733909606934
358,initial,-8.223360061645508,-7.693034648895264
359,initial,-8.33686351776123,-7.930782318115234
360,initial,-7.980659008026123,-8.07313346862793
361,initial,-9.646657943725586,-9.06152629852295
362,initial,-7.823755741119385,-7.339803218841553
363,initial,-7.657963275909424,-7.509146690368652
364,initial,-7.235572814941406,-7.517554759979248
365,initial,-7.183043479919434,-7.324428081512451
366,initial,-7.518717288970947,-7.923671245574951
367,initial,-8.434572219848633,-8.35777759552002
368,initial,-9.122041702270508,-8.707042694091797
369,initial,-10.493446350097656,-10.269258499145508
370,initial,-7.334067344665527,-7.729156017303467
371,initial,-10.091609001159668,-10.191030502319336
372,initial,-8.500304222106934,-8.415712356567383
373,initial,-10.255964279174805,-10.15914249420166
374,initial,-7.882747650146484,-7.888010501861572
375,initial,-7.327613830566406,-6.601024150848389
376,initial,-7.629692077636719,-8.032516479492188
377,initial,-9.646657943725586,-9.06152629852295
378,initial,-7.657963275909424,-7.509146690368652
379,initial,-8.094067573547363,-7.665626525878906
380,initial,-7.280813694000244,-7.7271270751953125
381,initial,-9.34130859375,-9.059555053710938
382,initial,-7.0691680908203125,-7.415687561035156
383,initial,-8.560391426086426,-8.363216400146484
384,initial,-6.869504451751709,-6.519038200378418
385,initial,-7.825107097625732,-8.240523338317871
386,initial,-7.859612464904785,-8.209334373474121
387,initial,-8.530075073242188,-8.44715690612793
388,initial,-7.592528343200684,-7.443540573120117
389,initial,-7.465795040130615,-7.565842628479004
390,initial,-7.102047443389893,-7.638471603393555
391,initial,-7.630850791931152,-7.329783916473389
392,initial,-7.555568218231201,-7.756068229675293
393,initial,-8.528267860412598,-8.602994918823242
394,initial,-7.621973991394043,-8.007081985473633
395,initial,-8.585505485534668,-8.868865013122559
396,initial,-7.828238487243652,-8.319890975952148
397,initial,-7.0098066329956055,-7.10321044921875
398,initial,-7.5172882080078125,-8.056764602661133
399,initial,-7.535457611083984,-7.541475296020508
400,initial,-8.789322853088379,-7.898437023162842
401,initial,-9.050312042236328,-8.76749324798584
402,initial,-9.520442008972168,-9.703505516052246
403,initial,-7.416727542877197,-7.79802131652832
404,initial,-9.433877944946289,-8.124119758605957
405,initial,-9.202406883239746,-8.353200912475586
406,initial,-8.481245994567871,-8.133184432983398
407,initial,-8.292171478271484,-8.209936141967773
408,initial,-7.371149063110352,-7.2837090492248535
409,initial,-8.195525169372559,-7.575680255889893
410,initial,-7.647975444793701,-7.630040645599365
411,initial,-9.413995742797852,-8.989279747009277
412,initial,-9.325700759887695,-9.376032829284668
413,initial,-7.752480983734131,-8.190043449401855
414,initial,-9.043670654296875,-9.100789070129395
415,initial,-9.191131591796875,-8.707046508789062
416,initial,-9.46465015411377,-9.260976791381836
417,initial,-9.512675285339355,-8.98535442352295
418,initial,-8.74442195892334,-8.223832130432129
419,initial,-7.416727542877197,-7.79802131652832
420,initial,-8.094565391540527,-7.841261863708496
421,initial,-6.671017646789551,-6.169418811798096
422,initial,-7.15726375579834,-7.044408798217773
423,initial,-7.0990986824035645,-6.912268161773682
424,initial,-6.524651527404785,-6.047154426574707
425,initial,-8.608088493347168,-8.208243370056152
426,initial,-8.696465492248535,-8.266707420349121
427,initial,-9.141694068908691,-8.727396965026855
428,initial,-7.7293806076049805,-7.830049514770508
429,initial,-6.120247840881348,-6.075124740600586
430,initial,-9.983863830566406,-9.462390899658203
431,initial,-6.882349014282227,-6.923612117767334
432,initial,-6.74887752532959,-7.255544662475586
433,initial,-8.701719284057617,-8.315574645996094
434,initial,-7.7334489822387695,-6.993353366851807
435,initial,-6.987542152404785,-6.377782344818115
436,initial,-6.352719306945801,-6.3889360427856445
437,initial,-6.636392593383789,-6.667944431304932
438,initial,-6.785121917724609,-6.591047763824463
439,initial,-6.988241672515869,-6.56926155090332
440,initial,-7.80974817276001,-7.51426362991333
441,initial,-6.567245960235596,-6.272983551025391
442,initial,-7.5714240074157715,-7.527867794036865
443,initial,-7.581063270568848,-7.2284040451049805
444,initial,-7.697494983673096,-7.514019012451172
445,initial,-8.128568649291992,-7.564549446105957
446,initial,-8.77503490447998,-8.41222095489502
447,initial,-9.452590942382812,-8.632547378540039
448,initial,-7.945274829864502,-7.33062744140625
449,initial,-7.077095985412598,-6.6663970947265625
450,initial,-8.070429801940918,-7.520884990692139
451,initial,-8.301739692687988,-7.397241592407227
452,initial,-8.803361892700195,-8.131220817565918
453,initial,-7.926102161407471,-7.258420944213867
454,initial,-7.3947601318359375,-6.795433521270752
455,initial,-7.396213531494141,-7.087419033050537
456,initial,-7.738917350769043,-7.6023125648498535
457,initial,-7.354104518890381,-7.006158351898193
458,initial,-7.582892894744873,-7.196215629577637
459,initial,-7.707342624664307,-7.303250789642334
460,initial,-8.417195320129395,-7.758100986480713
461,initial,-6.250637054443359,-5.838033676147461
462,initial,-5.817439556121826,-5.920013427734375
463,initial,-7.335997581481934,-6.702666282653809
464,initial,-7.064432621002197,-6.923500061035156
465,initial,-6.71927547454834,-6.4731035232543945
466,initial,-6.673033237457275,-6.342994689941406
467,initial,-7.147022247314453,-6.395013809204102
468,initial,-7.364625453948975,-7.094960689544678
469,initial,-6.743542671203613,-6.302423477172852
470,initial,-7.366230487823486,-6.779719829559326
471,initial,-8.923808097839355,-8.219030380249023
472,initial,-6.990597248077393,-6.490289211273193
473,initial,-7.1518731117248535,-6.526766777038574
474,initial,-6.5338215827941895,-6.25437068939209
475,initial,-7.374666690826416,-6.8491644859313965
476,initial,-5.7109761238098145,-5.7166523933410645
477,initial,-6.75120735168457,-6.584015846252441
478,initial,-6.678281784057617,-6.282748222351074
479,initial,-6.159877777099609,-5.807239055633545
480,initial,-5.430408954620361,-5.671156406402588
481,initial,-6.261188507080078,-6.2374348640441895
482,initial,-6.877831935882568,-6.693601131439209
483,initial,-5.723986625671387,-5.521072864532471
484,initial,-5.805813789367676,-5.706236362457275
485,initial,-5.707665920257568,-5.513672351837158
486,initial,-5.707665920257568,-5.513672351837158
487,initial,-6.459403038024902,-6.523623466491699
488,initial,-5.713537693023682,-5.480774402618408
489,initial,-6.87445068359375,-6.862283229827881
490,initial,-7.255600452423096,-7.122201442718506
491,initial,-8.2432861328125,-7.863202095031738
492,initial,-5.707665920257568,-5.513672351837158
493,initial,-5.8531999588012695,-5.478587627410889
494,initial,-6.772125720977783,-6.300168991088867
495,initial,-7.245589256286621,-7.072381973266602
496,initial,-5.440208911895752,-5.560837745666504
497,initial,-6.264791488647461,-6.154546737670898
498,initial,-5.8531999588012695,-5.478587627410889
499,initial,-7.234022617340088,-6.997382164001465
500,initial,-5.914341449737549,-6.152963638305664
501,initial,-6.131909370422363,-5.843658447265625
502,initial,-6.552635192871094,-6.682226657867432
503,initial,-8.133952140808105,-7.84042501449585
504,initial,-5.974100112915039,-5.6265692710876465
505,initial,-6.732094764709473,-6.472328186035156
506,initial,-6.467742919921875,-6.7722578048706055
507,initial,-7.874902725219727,-7.566191673278809
508,initial,-6.8316216468811035,-6.572508335113525
509,initial,-6.110435485839844,-5.9236159324646
510,initial,-7.434994220733643,-7.5698041915893555
511,initial,-7.748295307159424,-7.372899532318115
512,initial,-6.5686163902282715,-6.1057257652282715
513,initial,-6.915365695953369,-6.4854021072387695
514,initial,-6.7190022468566895,-6.493119716644287
515,initial,-6.75305700302124,-6.686034202575684
516,initial,-7.1913604736328125,-6.674893379211426
517,initial,-5.6189165115356445,-5.848489284515381
518,initial,-7.012308120727539,-6.978052139282227
519,initial,-8.311271667480469,-8.045598983764648
520,initial,-7.568881988525391,-6.739274501800537
521,initial,-7.593286991119385,-7.160188674926758
522,initial,-8.002209663391113,-7.176122188568115
523,initial,-6.96815299987793,-6.897671699523926
524,initial,-6.534570217132568,-6.153132438659668
525,initial,-7.451267719268799,-7.200100898742676
526,initial,-5.840230464935303,-5.778602123260498
527,initial,-5.86659049987793,-6.012016773223877
528,initial,-9.120973587036133,-8.434396743774414
529,initial,-7.810528755187988,-7.128507614135742
530,initial,-6.457960605621338,-6.009749412536621
531,initial,-8.108502388000488,-7.506901741027832
532,initial,-8.97314167022705,-8.081769943237305
533,initial,-7.432722091674805,-6.857666492462158
534,initial,-8.501129150390625,-7.932156085968018
535,initial,-6.098806858062744,-5.894505500793457
536,initial,-6.4926042556762695,-6.420065879821777
537,initial,-8.108502388000488,-7.506901741027832
538,initial,-5.84458065032959,-5.861644268035889
539,initial,-6.129312038421631,-5.767576217651367
540,initial,-4.752762794494629,-4.9059295654296875
541,initial,-5.361496448516846,-5.351809024810791
542,initial,-6.005126953125,-5.875461101531982
543,initial,-5.410417079925537,-5.336516857147217
544,initial,-5.048192501068115,-5.235921859741211
545,initial,-6.031777858734131,-5.924743175506592
546,initial,-6.148709774017334,-5.960866928100586
547,initial,-5.971072196960449,-6.0623250007629395
548,initial,-5.351718425750732,-5.415159225463867
549,initial,-6.210222244262695,-5.981287479400635
550,initial,-5.668012619018555,-5.615163326263428
551,initial,-6.609115123748779,-6.448362827301025
552,initial,-6.175587177276611,-6.139564514160156
553,initial,-7.448285102844238,-6.940847396850586
554,initial,-7.0162200927734375,-6.907741546630859
555,initial,-7.183012962341309,-6.789199352264404
556,initial,-4.921079635620117,-5.776946544647217
557,initial,-5.983100891113281,-5.9405694007873535
558,initial,-5.666721343994141,-5.549116134643555
559,initial,-5.709721088409424,-5.751315116882324
560,initial,-7.1901421546936035,-6.7166571617126465
561,initial,-7.164605140686035,-6.517910003662109
562,initial,-7.54850435256958,-7.146443843841553
563,initial,-6.092313766479492,-5.7943854331970215
564,initial,-7.726154804229736,-7.350519180297852
565,initial,-5.878838062286377,-5.569797515869141
566,initial,-6.726024150848389,-6.548903465270996
567,initial,-7.4529571533203125,-6.734644412994385
568,initial,-6.729803562164307,-6.884988307952881
569,initial,-6.998996257781982,-6.435884952545166
570,initial,-7.270163059234619,-6.803330898284912
571,initial,-6.6376824378967285,-6.505773544311523
572,initial,-6.55991268157959,-6.567263126373291
573,initial,-8.145731925964355,-7.303531169891357
574,initial,-5.901280403137207,-5.528384208679199
575,initial,-6.030133247375488,-5.729373455047607
576,initial,-6.49823522567749,-5.995796203613281
577,initial,-5.502645492553711,-5.2522196769714355
578,initial,-5.550562858581543,-5.627923488616943
579,initial,-6.097060680389404,-5.739830017089844
580,initial,-7.309418678283691,-6.77232551574707
581,initial,-7.923750400543213,-7.164008140563965
582,initial,-6.720098972320557,-6.461789131164551
583,initial,-8.395622253417969,-7.683600902557373
584,initial,-8.073115348815918,-7.029438495635986
585,initial,-6.748371601104736,-6.392631530761719
586,initial,-7.124000549316406,-6.36094856262207
587,initial,-7.753774166107178,-6.978909969329834
588,initial,-7.738460540771484,-6.5861496925354
589,initial,-7.762203216552734,-7.0701704025268555
590,initial,-8.618317604064941,-7.48374605178833
591,initial,-8.471970558166504,-7.39409875869751
592,initial,-8.467364311218262,-7.447322368621826
593,initial,-6.902426719665527,-6.64556884765625
594,initial,-6.5666069984436035,-6.102890491485596
595,initial,-8.22092056274414,-7.03972864151001
596,initial,-6.768150806427002,-6.383632183074951
597,initial,-7.736930847167969,-6.684683322906494
598,initial,-8.33864974975586,-7.421671390533447
599,initial,-7.888063907623291,-6.86997652053833
600,initial,-6.95316743850708,-6.64697265625
601,initial,-8.190829277038574,-7.535800457000732
602,initial,-8.437070846557617,-7.817331790924072
603,initial,-8.079684257507324,-7.35278844833374
604,initial,-6.95316743850708,-6.64697265625
605,initial,-7.1295084953308105,-6.868709564208984
606,initial,-8.014847755432129,-7.321796417236328
607,initial,-7.451030254364014,-7.202380657196045
608,initial,-7.891061782836914,-7.248349666595459
609,initial,-7.872758388519287,-7.327634334564209
610,initial,-7.1831207275390625,-6.728123664855957
611,initial,-8.437071800231934,-7.817331790924072
612,initial,-7.089310646057129,-6.682655334472656
613,initial,-7.5153889656066895,-7.299707889556885
614,initial,-6.775432586669922,-6.416601657867432
615,initial,-7.192972660064697,-6.78434419631958
616,initial,-7.205198764801025,-6.698605537414551
617,initial,-7.963572978973389,-7.3268046379089355
618,initial,-7.134475231170654,-6.7711639404296875
619,initial,-7.984983444213867,-7.377565860748291
620,initial,-7.133101940155029,-6.51750373840332
621,initial,-7.6699323654174805,-7.292837142944336
622,initial,-8.734163284301758,-8.161928176879883
623,initial,-6.935691833496094,-6.947845458984375
624,initial,-7.368885040283203,-7.09819221496582
625,initial,-7.679615497589111,-7.3998212814331055
626,initial,-8.184745788574219,-7.580595970153809
627,initial,-6.531284332275391,-6.5656023025512695
628,initial,-6.962717533111572,-6.60572624206543
629,initial,-8.129199028015137,-7.474821090698242
630,initial,-7.821653366088867,-7.425792217254639
631,initial,-7.1013407707214355,-6.674428462982178
632,initial,-6.679082870483398,-6.796836853027344
633,initial,-6.151915550231934,-6.25281286239624
634,initial,-7.185401439666748,-6.608811855316162
635,initial,-5.940692901611328,-5.9381794929504395
636,initial,-7.31120491027832,-6.962855339050293
637,initial,-6.511415958404541,-6.39050817489624
638,initial,-7.7325592041015625,-7.279354572296143
639,initial,-6.42543363571167,-6.249993324279785
640,initial,-8.588072776794434,-7.322494983673096
641,initial,-8.049260139465332,-7.273599147796631
642,initial,-7.294476509094238,-7.116629600524902
643,initial,-8.645549774169922,-7.696293830871582
644,initial,-7.980221271514893,-7.0449981689453125
645,initial,-8.810701370239258,-7.8823089599609375
646,initial,-9.26352596282959,-8.456904411315918
647,initial,-7.615027904510498,-6.5716376304626465
648,initial,-9.305495262145996,-8.132071495056152
649,initial,-8.256099700927734,-7.336490154266357
650,initial,-7.5563483238220215,-7.364853858947754
651,initial,-7.098782062530518,-6.8226728439331055
652,initial,-7.245396614074707,-6.695458889007568
653,initial,-7.879037857055664,-6.954339504241943
654,initial,-7.870847702026367,-6.74233341217041
655,initial,-8.79277515411377,-8.080082893371582
656,initial,-9.04162311553955,-8.233687400817871
657,initial,-8.997756004333496,-8.185707092285156
658,initial,-8.459650993347168,-7.715548515319824
659,initial,-8.227065086364746,-7.117000102996826
660,initial,-7.787095546722412,-7.084140300750732
661,initial,-5.955354690551758,-5.668179512023926
662,initial,-7.8976640701293945,-7.400299072265625
663,initial,-6.977505207061768,-7.192439079284668
664,initial,-6.082140922546387,-5.727365016937256
665,initial,-6.014019966125488,-6.362576007843018
666,initial,-5.989621639251709,-6.064468860626221
667,initial,-6.811082363128662,-6.464099407196045
668,initial,-5.845854759216309,-5.503747940063477
669,initial,-5.303079128265381,-6.019129753112793
670,initial,-7.594674110412598,-7.069199085235596
671,initial,-6.736552715301514,-6.493786811828613
672,initial,-6.933906555175781,-6.780576705932617
673,initial,-5.6765546798706055,-6.001222610473633
674,initial,-7.594674110412598,-7.069200038909912
675,initial,-6.956269264221191,-6.732748031616211
676,initial,-8.282821655273438,-7.636728286743164
677,initial,-6.313436985015869,-6.156686782836914
678,initial,-6.4782562255859375,-6.350730895996094
679,initial,-6.987056732177734,-6.718133926391602
680,initial,-6.764450550079346,-5.999540328979492
681,initial,-7.214390277862549,-6.570214748382568
682,initial,-6.806140422821045,-6.264750957489014
683,initial,-7.802530765533447,-6.9457197189331055
684,initial,-7.107032775878906,-6.5007429122924805
685,initial,-6.442273139953613,-5.824955940246582
686,initial,-6.739696502685547,-6.369208335876465
687,initial,-6.307525634765625,-6.078025817871094
688,initial,-6.923511981964111,-6.02099609375
689,initial,-8.153633117675781,-7.674692153930664
690,initial,-6.379384517669678,-6.04334020614624
691,initial,-6.634807586669922,-6.143896102905273
692,initial,-6.783495903015137,-6.29046106338501
693,initial,-6.744175434112549,-6.420881271362305
694,initial,-7.1856608390808105,-6.969160079956055
695,initial,-7.443354606628418,-7.143248558044434
696,initial,-8.132390975952148,-7.5118327140808105
697,initial,-6.860228538513184,-6.4667463302612305
698,initial,-6.959811687469482,-6.38282585144043
699,initial,-6.584766387939453,-6.332533836364746
0,final,-7.298352241516113,-6.759444713592529
1,final,-5.840460300445557,-5.675364017486572
2,final,-3.862961769104004,-3.8199844360351562
3,final,-5.408836364746094,-4.949387550354004
4,final,-7.8336076736450195,-6.495686054229736
5,final,-5.532565116882324,-4.927659511566162
6,final,-6.344202518463135,-6.009624481201172
7,final,-6.265192985534668,-5.464916229248047
8,final,-5.067004680633545,-4.486159324645996
9,final,-3.862961769104004,-3.8199844360351562
10,final,-6.495062351226807,-5.310182571411133
11,final,-4.468515872955322,-4.291266918182373
12,final,-8.0609130859375,-6.767635822296143
13,final,-5.569163799285889,-4.688968181610107
14,final,-5.067004680633545,-4.486159324645996
15,final,-6.355899810791016,-5.600376129150391
16,final,-8.466029167175293,-7.4247612953186035
17,final,-9.037670135498047,-8.459527969360352
18,final,-5.885749340057373,-5.902757167816162
19,final,-7.572379112243652,-6.751989364624023
20,final,-5.291356563568115,-4.820382118225098
21,final,-9.156916618347168,-7.452866077423096
22,final,-6.045361042022705,-4.6492018699646
23,final,-5.042724609375,-3.935025691986084
24,final,-5.721865177154541,-4.184815883636475
25,final,-5.042724609375,-3.935025691986084
26,final,-6.090919494628906,-4.490830898284912
27,final,-6.2465996742248535,-5.628353595733643
28,final,-6.574265956878662,-6.185680866241455
29,final,-6.447775363922119,-4.914587020874023
30,final,-5.298849582672119,-4.799898624420166
31,final,-5.993938446044922,-4.512122631072998
32,final,-6.0453596115112305,-4.649199962615967
33,final,-5.993941307067871,-4.512124538421631
34,final,-6.042960166931152,-5.446821689605713
35,final,-6.261647701263428,-5.616373062133789
36,final,-6.574265956878662,-6.185679912567139
37,final,-5.993941307067871,-4.512124538421631
38,final,-4.591833591461182,-4.251539707183838
39,final,-6.32168436050415,-5.64083194732666
40,final,-4.944868564605713,-5.016346454620361
41,final,-5.925615310668945,-5.420807361602783
42,final,-6.028437614440918,-5.621426105499268
43,final,-5.8934407234191895,-5.573498725891113
44,final,-7.283865451812744,-7.1316728591918945
45,final,-8.031326293945312,-7.087430477142334
46,final,-4.893318176269531,-4.980599403381348
47,final,-6.631631851196289,-6.648282527923584
48,final,-6.687005043029785,-5.949978828430176
49,final,-5.837860107421875,-5.959390640258789
50,final,-5.4516448974609375,-4.949337482452393
51,final,-6.78281307220459,-5.420804977416992
52,final,-6.736996650695801,-6.572786331176758
53,final,-4.991997718811035,-4.987235069274902
54,final,-4.980173587799072,-4.855066299438477
55,final,-5.390758037567139,-5.380234241485596
56,final,-5.85220193862915,-5.732085704803467
57,final,-4.197757720947266,-3.738067626953125
58,final,-5.560439109802246,-4.715925693511963
59,final,-7.0626091957092285,-6.44600772857666
60,final,-10.526947021484375,-8.802675247192383
61,final,-9.321685791015625,-7.48979377746582
62,final,-8.562562942504883,-7.354695796966553
63,final,-7.128173828125,-5.24866247177124
64,final,-8.743355751037598,-7.3517351150512695
65,final,-5.5102972984313965,-5.359012603759766
66,final,-6.829954147338867,-5.179664134979248
67,final,-8.204214096069336,-7.094293594360352
68,final,-8.602086067199707,-7.442569732666016
69,final,-7.614987373352051,-6.772209644317627
70,final,-5.765214443206787,-4.4254865646362305
71,final,-7.101782321929932,-6.7949981689453125
72,final,-6.3991241455078125,-5.29988956451416
73,final,-6.253368377685547,-5.630544185638428
74,final,-9.019550323486328,-7.597357273101807
75,final,-6.529079437255859,-4.691466331481934
76,final,-5.979498386383057,-4.6113481521606445
77,final,-6.952462673187256,-5.647831439971924
78,final,-7.378108978271484,-6.072515964508057
79,final,-8.241811752319336,-6.2989373207092285
80,final,-4.25216007232666,-3.3717148303985596
81,final,-4.668397903442383,-4.02449893951416
82,final,-5.836978435516357,-4.28553581237793
83,final,-5.821767807006836,-5.124652862548828
84,final,-5.133760452270508,-4.309043884277344
85,final,-5.418540000915527,-4.192296028137207
86,final,-8.867721557617188,-7.798533916473389
87,final,-5.7624335289001465,-4.850563049316406
88,final,-5.455944061279297,-4.642378330230713
89,final,-5.6143317222595215,-4.766263484954834
90,final,-6.451235294342041,-5.014298439025879
91,final,-6.653599262237549,-4.96190881729126
92,final,-5.7639031410217285,-4.853899955749512
93,final,-4.411165714263916,-3.274831771850586
94,final,-4.553714752197266,-3.4855918884277344
95,final,-5.81055212020874,-4.784566402435303
96,final,-4.568022727966309,-3.7555341720581055
97,final,-5.555233478546143,-4.795504093170166
98,final,-5.405135631561279,-4.152933120727539
99,final,-5.35887336730957,-4.219682216644287
100,final,-6.442996978759766,-5.34096097946167
101,final,-5.818489074707031,-4.481542587280273
102,final,-6.6851959228515625,-5.382583141326904
103,final,-6.586256504058838,-5.516529560089111
104,final,-6.586256504058838,-5.516529560089111
105,final,-5.919869899749756,-5.650417804718018
106,final,-4.893757343292236,-3.8830151557922363
107,final,-6.444877624511719,-5.381686687469482
108,final,-4.216772556304932,-3.940547466278076
109,final,-5.436544895172119,-4.723723411560059
110,final,-4.495954990386963,-3.431084156036377
111,final,-4.353621006011963,-3.2984468936920166
112,final,-4.440460681915283,-3.8153493404388428
113,final,-4.610137939453125,-3.7840750217437744
114,final,-7.72145938873291,-6.642731666564941
115,final,-5.943174839019775,-5.487603187561035
116,final,-5.464128017425537,-3.927696466445923
117,final,-5.750263214111328,-4.804457664489746
118,final,-4.893757343292236,-3.8830151557922363
119,final,-5.597824573516846,-4.096963405609131
120,final,-4.068119049072266,-3.569847583770752
121,final,-4.667053699493408,-4.204064846038818
122,final,-8.955821990966797,-7.667293548583984
123,final,-6.622130393981934,-5.439243793487549
124,final,-4.8714704513549805,-4.143308639526367
125,final,-5.8489766120910645,-4.72974157333374
126,final,-5.711770057678223,-4.8710103034973145
127,final,-5.15181827545166,-4.01181173324585
128,final,-4.683896541595459,-4.136952877044678
129,final,-6.604720115661621,-5.583900451660156
130,final,-6.2715935707092285,-5.163161754608154
131,final,-7.334547996520996,-6.201530933380127
132,final,-4.4324259757995605,-3.9633820056915283
133,final,-6.049534797668457,-4.930366516113281
134,final,-6.604720115661621,-5.583900451660156
135,final,-5.248132228851318,-4.368682861328125
136,final,-5.364476680755615,-4.8082075119018555
137,final,-5.248132228851318,-4.368682861328125
138,final,-5.8489766120910645,-4.729742050170898
139,final,-5.849710941314697,-4.981268882751465
140,final,-4.041471481323242,-3.5861330032348633
141,final,-4.516751289367676,-3.952509880065918
142,final,-5.976593017578125,-5.470339775085449
143,final,-4.017144203186035,-4.030307292938232
144,final,-6.0430216789245605,-5.003263473510742
145,final,-6.426531791687012,-5.758780002593994
146,final,-5.178496360778809,-4.848828315734863
147,final,-5.8069000244140625,-5.331502914428711
148,final,-6.213744163513184,-5.324796676635742
149,final,-5.7354230880737305,-4.921926975250244
150,final,-8.645949363708496,-7.243357181549072
151,final,-4.940765380859375,-4.387798309326172
152,final,-5.629056453704834,-4.4977521896362305
153,final,-5.704840660095215,-5.259653091430664
154,final,-4.041471481323242,-3.5861330032348633
155,final,-5.178496360778809,-4.848828315734863
156,final,-6.486931800842285,-5.467278003692627
157,final,-6.083629131317139,-5.595357894897461
158,final,-4.8251729011535645,-4.3963775634765625
159,final,-5.178496360778809,-4.848828315734863
160,final,-6.0297465324401855,-4.363588333129883
161,final,-8.934832572937012,-6.646158695220947
162,final,-5.240365982055664,-4.212668418884277
163,final,-6.308098793029785,-5.062801837921143
164,final,-6.11611270904541,-4.956050872802734
165,final,-4.108177661895752,-2.968114137649536
166,final,-5.596691131591797,-4.268075466156006
167,final,-6.308098793029785,-5.062801837921143
168,final,-7.028097629547119,-5.422645568847656
169,final,-6.336301326751709,-4.839894771575928
170,final,-6.616185665130615,-4.594189167022705
171,final,-6.834529876708984,-5.100943088531494
172,final,-6.436279296875,-5.03366756439209
173,final,-6.960104465484619,-5.333340167999268
174,final,-6.448503017425537,-5.073801517486572
175,final,-5.364749431610107,-4.110295295715332
176,final,-6.670759677886963,-4.677390098571777
177,final,-9.103074073791504,-7.222288608551025
178,final,-6.934267520904541,-5.3070244789123535
179,final,-8.4584379196167,-6.497033596038818
180,final,-5.379444122314453,-4.230425834655762
181,final,-4.260226249694824,-3.899704694747925
182,final,-3.9228622913360596,-2.990226984024048
183,final,-5.100577354431152,-4.444577693939209
184,final,-5.954202651977539,-4.60452127456665
185,final,-5.311768054962158,-4.263713359832764
186,final,-7.6187849044799805,-6.148820877075195
187,final,-5.59637451171875,-4.831980228424072
188,final,-4.865596771240234,-4.34273099899292
189,final,-4.7294793128967285,-3.605963945388794
190,final,-4.840468883514404,-4.52231502532959
191,final,-5.379444122314453,-4.230425834655762
192,final,-4.921084880828857,-3.9285950660705566
193,final,-6.309950351715088,-4.935116291046143
194,final,-6.880250453948975,-5.812745571136475
195,final,-5.104977607727051,-3.823355197906494
196,final,-4.727847099304199,-3.858722686767578
197,final,-6.017912864685059,-5.168482303619385
198,final,-5.496754169464111,-4.195549964904785
199,final,-4.776456832885742,-3.659627914428711
200,final,-3.659057855606079,-3.226437568664551
201,final,-7.993046283721924,-6.506078720092773
202,final,-4.06125020980835,-3.147794485092163
203,final,-6.130563259124756,-5.120776653289795
204,final,-6.130563259124756,-5.120776653289795
205,final,-3.7550981044769287,-2.9058868885040283
206,final,-5.480020523071289,-3.6801202297210693
207,final,-6.066685199737549,-4.084471702575684
208,final,-6.130563259124756,-5.120776653289795
209,final,-3.7550981044769287,-2.9058868885040283
210,final,-4.647811412811279,-3.648677349090576
211,final,-6.978857517242432,-4.9216766357421875
212,final,-6.978857517242432,-4.9216766357421875
213,final,-3.9465177059173584,-3.0929298400878906
214,final,-4.647811412811279,-3.648677349090576
215,final,-5.545620441436768,-3.9572346210479736
216,final,-4.58398962020874,-3.4018499851226807
217,final,-4.819094181060791,-3.7372288703918457
218,final,-4.354448318481445,-3.7536723613739014
219,final,-4.07084321975708,-3.219613790512085
220,final,-6.414607524871826,-5.6330671310424805
221,final,-6.752334117889404,-6.245026111602783
222,final,-7.488796710968018,-6.561373233795166
223,final,-7.315571308135986,-6.534844398498535
224,final,-5.882111072540283,-5.297410011291504
225,final,-6.365276336669922,-6.079379558563232
226,final,-8.38350772857666,-7.658451557159424
227,final,-5.03118896484375,-4.50897216796875
228,final,-6.754857063293457,-6.410158634185791
229,final,-6.365276336669922,-6.079379558563232
230,final,-5.32199764251709,-4.797343730926514
231,final,-4.627174377441406,-4.309537410736084
232,final,-5.409139156341553,-4.94942045211792
233,final,-6.222264766693115,-5.807497978210449
234,final,-6.133525371551514,-5.6480913162231445
235,final,-6.894682884216309,-6.30617094039917
236,final,-4.47037410736084,-4.115849018096924
237,final,-4.740071773529053,-4.266725540161133
238,final,-5.87096643447876,-5.622073650360107
239,final,-5.810614109039307,-5.556596755981445
240,final,-4.4017252922058105,-3.99106502532959
241,final,-6.337307453155518,-5.093050956726074
242,final,-6.5798797607421875,-5.505992889404297
243,final,-8.63418960571289,-7.523080825805664
244,final,-5.747059345245361,-4.532749176025391
245,final,-6.604923725128174,-5.913255214691162
246,final,-8.346955299377441,-7.3125128746032715
247,final,-5.923709869384766,-4.717192649841309
248,final,-5.819751739501953,-5.087267875671387
249,final,-5.880419731140137,-5.194609642028809
250,final,-5.357651710510254,-4.379220008850098
251,final,-7.19254207611084,-5.735065460205078
252,final,-7.330576419830322,-5.4899516105651855
253,final,-5.983820915222168,-5.280009746551514
254,final,-5.850865364074707,-4.944652080535889
255,final,-8.80327320098877,-7.683691024780273
256,final,-5.846043109893799,-5.139579772949219
257,final,-6.452583312988281,-5.582731246948242
258,final,-5.713796615600586,-4.93847131729126
259,final,-5.054975509643555,-3.8092410564422607
260,final,-5.184020519256592,-4.878747463226318
261,final,-4.970884323120117,-4.907791614532471
262,final,-4.443161964416504,-4.501303672790527
263,final,-4.74904727935791,-4.842392921447754
264,final,-5.489254951477051,-5.471449851989746
265,final,-7.639023780822754,-7.240307331085205
266,final,-5.284323215484619,-5.202311992645264
267,final,-6.094787120819092,-5.808709144592285
268,final,-5.100165843963623,-5.138096332550049
269,final,-5.7552032470703125,-5.338759422302246
270,final,-5.917035102844238,-6.029972553253174
271,final,-4.669673442840576,-4.301767349243164
272,final,-5.199124336242676,-5.002597332000732
273,final,-6.70398473739624,-6.488256931304932
274,final,-5.811933517456055,-5.857215404510498
275,final,-4.410687446594238,-4.253537178039551
276,final,-4.939312934875488,-4.638396263122559
277,final,-6.021419048309326,-5.8246049880981445
278,final,-7.4507880210876465,-7.297729015350342
279,final,-5.045553207397461,-5.194184303283691
280,final,-6.75506067276001,-5.907668590545654
281,final,-8.340879440307617,-7.492233753204346
282,final,-7.539937496185303,-5.84508752822876
283,final,-9.97842025756836,-8.542339324951172
284,final,-5.872759819030762,-4.838890075683594
285,final,-7.139562129974365,-6.111781597137451
286,final,-7.073600769042969,-6.737829208374023
287,final,-6.6988444328308105,-5.436223983764648
288,final,-7.375775337219238,-6.349208831787109
289,final,-6.034769535064697,-4.849009037017822
290,final,-7.036465167999268,-6.15256404876709
291,final,-6.413157939910889,-5.853466033935547
292,final,-9.70710277557373,-8.29499626159668
293,final,-6.960293292999268,-6.652336120605469
294,final,-5.836801528930664,-5.175519943237305
295,final,-6.869289398193359,-6.513895034790039
296,final,-6.592614650726318,-5.66763973236084
297,final,-6.465161323547363,-5.755736351013184
298,final,-9.217706680297852,-8.074935913085938
299,final,-6.961521625518799,-6.440130710601807
300,final,-6.129154205322266,-5.171584606170654
301,final,-8.162494659423828,-7.424339294433594
302,final,-5.025113582611084,-3.8403708934783936
303,final,-5.830511093139648,-4.45928430557251
304,final,-6.628908157348633,-5.478896617889404
305,final,-6.956216812133789,-5.843971252441406
306,final,-7.35009241104126,-5.573136806488037
307,final,-5.262714862823486,-4.100358486175537
308,final,-5.301342010498047,-4.6068644523620605
309,final,-4.5786566734313965,-3.4468939304351807
310,final,-9.090936660766602,-7.475667953491211
311,final,-5.454044818878174,-4.7492594718933105
312,final,-5.735768795013428,-4.565061092376709
313,final,-5.59887170791626,-4.389506816864014
314,final,-7.533456325531006,-6.5262017250061035
315,final,-4.712779521942139,-3.6392629146575928
316,final,-4.526486396789551,-3.3886094093322754
317,final,-5.941461563110352,-4.85730504989624
318,final,-4.511857986450195,-3.384307622909546
319,final,-7.901332378387451,-6.128462791442871
320,final,-4.56969690322876,-3.8220772743225098
321,final,-5.081388473510742,-4.293254852294922
322,final,-8.303062438964844,-7.011927604675293
323,final,-5.181002140045166,-4.4645771980285645
324,final,-6.536279678344727,-5.490809440612793
325,final,-7.400073528289795,-6.593243598937988
326,final,-4.495124816894531,-4.486494064331055
327,final,-6.528909206390381,-5.039812088012695
328,final,-3.713857889175415,-3.2632992267608643
329,final,-6.91339111328125,-5.617657661437988
330,final,-5.354331016540527,-4.7763895988464355
331,final,-5.888301849365234,-4.810736179351807
332,final,-5.257486820220947,-4.510629653930664
333,final,-7.478456497192383,-6.600475311279297
334,final,-4.718324661254883,-3.601229190826416
335,final,-4.476054668426514,-3.4395999908447266
336,final,-6.246933460235596,-4.8229265213012695
337,final,-6.142612934112549,-4.802650451660156
338,final,-3.8121724128723145,-3.1352593898773193
339,final,-4.949160099029541,-4.2663679122924805
340,final,-4.1528425216674805,-4.307130336761475
341,final,-6.902166843414307,-6.6983489990234375
342,final,-6.813987731933594,-6.957032680511475
343,final,-7.041271209716797,-7.182989597320557
344,final,-7.22650146484375,-7.026696681976318
345,final,-5.0401458740234375,-4.675087928771973
346,final,-7.808727264404297,-6.74431037902832
347,final,-8.796631813049316,-7.2541184425354
348,final,-7.876258850097656,-7.1416449546813965
349,final,-5.735834121704102,-5.833980083465576
350,final,-8.36245346069336,-7.482885837554932
351,final,-7.321554660797119,-6.640911102294922
352,final,-10.128649711608887,-9.172164916992188
353,final,-7.388128757476807,-7.411400318145752
354,final,-4.621557712554932,-5.342647552490234
355,final,-9.324955940246582,-8.610440254211426
356,final,-7.387419700622559,-6.881950855255127
357,final,-6.0762481689453125,-6.16595458984375
358,final,-8.464945793151855,-8.481106758117676
359,final,-10.4307279586792,-9.61536693572998
360,final,-5.804322719573975,-5.539687156677246
361,final,-6.57312536239624,-5.983413219451904
362,final,-4.768840312957764,-4.295243263244629
363,final,-4.549327373504639,-4.603516578674316
364,final,-5.037496566772461,-4.4330315589904785
365,final,-6.660771369934082,-5.754898548126221
366,final,-8.2407808303833,-7.449984073638916
367,final,-6.769444465637207,-5.7500433921813965
368,final,-6.4002790451049805,-5.667391300201416
369,final,-6.173147201538086,-5.712660312652588
370,final,-8.249887466430664,-7.5104217529296875
371,final,-5.854714393615723,-5.523204803466797
372,final,-7.361161708831787,-6.911984920501709
373,final,-7.07760763168335,-6.294409275054932
374,final,-6.099765777587891,-5.68745231628418
375,final,-5.77512788772583,-5.289324760437012
376,final,-5.5056471824646,-5.299792289733887
377,final,-6.57312536239624,-5.983413219451904
378,final,-4.549327373504639,-4.603516578674316
379,final,-9.479722023010254,-8.81663703918457
380,final,-4.934014797210693,-5.2940545082092285
381,final,-6.197373390197754,-6.307741641998291
382,final,-5.226324081420898,-5.689660549163818
383,final,-5.708566188812256,-6.4155449867248535
384,final,-4.801894187927246,-5.175313472747803
385,final,-5.423789024353027,-5.632030487060547
386,final,-5.1809186935424805,-5.809943199157715
387,final,-6.76299524307251,-6.075314044952393
388,final,-6.400468349456787,-6.7818450927734375
389,final,-5.218007564544678,-5.528234958648682
390,final,-5.073415279388428,-5.783568382263184
391,final,-6.790029525756836,-6.587862491607666
392,final,-4.603901386260986,-4.94240140914917
393,final,-6.997395992279053,-7.540770530700684
394,final,-5.064321994781494,-4.903550148010254
395,final,-6.98806619644165,-6.727541923522949
396,final,-5.179477691650391,-5.811666965484619
397,final,-5.797281742095947,-6.135354518890381
398,final,-5.185606956481934,-4.882125377655029
399,final,-5.122617721557617,-4.647375106811523
400,final,-6.549091815948486,-5.7678704261779785
401,final,-7.410883903503418,-6.4159159660339355
402,final,-7.8414459228515625,-7.3510422706604
403,final,-5.825664043426514,-4.97105073928833
404,final,-10.087742805480957,-7.877641201019287
405,final,-10.601886749267578,-8.788203239440918
406,final,-11.306605339050293,-9.511168479919434
407,final,-7.641216278076172,-7.533687114715576
408,final,-7.37665319442749,-7.119510173797607
409,final,-6.762876510620117,-5.614490509033203
410,final,-5.537088871002197,-5.5958967208862305
411,final,-8.933910369873047,-7.7447967529296875
412,final,-8.209775924682617,-8.440237998962402
413,final,-6.13402795791626,-5.650176048278809
414,final,-6.496375560760498,-5.622003078460693
415,final,-7.184652805328369,-6.4153289794921875
416,final,-10.235614776611328,-9.781303405761719
417,final,-7.6496782302856445,-6.346874237060547
418,final,-10.147286415100098,-9.512603759765625
419,final,-5.825664043426514,-4.97105073928833
420,final,-5.824028968811035,-5.137407302856445
421,final,-5.8593878746032715,-5.080829620361328
422,final,-7.6273369789123535,-6.515008449554443
423,final,-4.784860134124756,-4.288571357727051
424,final,-4.826940536499023,-4.0227742195129395
425,final,-6.392254829406738,-5.416004180908203
426,final,-6.128621578216553,-5.243849754333496
427,final,-7.270089149475098,-6.0350775718688965
428,final,-7.298747539520264,-6.104193687438965
429,final,-5.366628170013428,-4.692165851593018
430,final,-7.568406581878662,-6.225149154663086
431,final,-6.4006218910217285,-5.319205284118652
432,final,-4.599127769470215,-3.938148260116577
433,final,-6.138791561126709,-5.5281219482421875
434,final,-6.161834716796875,-5.198709964752197
435,final,-5.192506790161133,-4.522789478302002
436,final,-5.540903568267822,-4.862448692321777
437,final,-4.96971321105957,-4.917571067810059
438,final,-5.625003814697266,-4.914701461791992
439,final,-5.215118408203125,-4.260661602020264
440,final,-7.057746887207031,-6.721081733703613
441,final,-4.08474063873291,-3.911330223083496
442,final,-5.059211730957031,-5.537790775299072
443,final,-5.503396511077881,-5.5002241134643555
444,final,-6.036986827850342,-6.039618968963623
445,final,-6.470111846923828,-5.461668491363525
446,final,-6.164238452911377,-4.666731357574463
447,final,-5.7023186683654785,-4.995358467102051
448,final,-5.028234004974365,-4.844063758850098
449,final,-4.064035415649414,-3.834886074066162
450,final,-4.448612689971924,-4.189117908477783
451,final,-8.957551002502441,-7.568673610687256
452,final,-5.376228332519531,-4.42966365814209
453,final,-4.888881206512451,-4.868592262268066
454,final,-4.81141996383667,-4.0613603591918945
455,final,-5.748904228210449,-5.08609676361084
456,final,-6.205265045166016,-5.29371976852417
457,final,-5.580642223358154,-5.076634407043457
458,final,-6.789487361907959,-6.166357517242432
459,final,-6.272192001342773,-5.915773868560791
460,final,-5.371828556060791,-5.03046989440918
461,final,-3.597616195678711,-4.197864055633545
462,final,-4.4230451583862305,-4.661113262176514
463,final,-6.23934268951416,-6.313121795654297
464,final,-4.818146228790283,-5.145825386047363
465,final,-4.203591823577881,-4.5871148109436035
466,final,-4.999698638916016,-5.237054824829102
467,final,-3.703005313873291,-4.250294208526611
468,final,-4.809782981872559,-5.084911823272705
469,final,-3.999030113220215,-4.325036525726318
470,final,-6.487549304962158,-6.475738525390625
471,final,-7.291810512542725,-6.5376296043396
472,final,-4.401336193084717,-4.774130344390869
473,final,-4.044275760650635,-4.263896942138672
474,final,-4.565565586090088,-4.966165065765381
475,final,-3.9095656871795654,-4.506491184234619
476,final,-5.135881423950195,-5.4110002517700195
477,final,-4.017153739929199,-4.1883015632629395
478,final,-7.040750503540039,-7.069300174713135
479,final,-3.7455711364746094,-4.351878643035889
480,final,-4.73269510269165,-4.947720527648926
481,final,-4.174753189086914,-4.359030723571777
482,final,-5.95923376083374,-5.970517158508301
483,final,-4.284168243408203,-4.162394046783447
484,final,-4.31644868850708,-4.105770111083984
485,final,-4.817131042480469,-5.037845134735107
486,final,-4.817131042480469,-5.037845134735107
487,final,-4.397421836853027,-4.589663505554199
488,final,-3.0539445877075195,-3.354530096054077
489,final,-7.199312686920166,-6.172451972961426
490,final,-4.298036098480225,-4.447177410125732
491,final,-6.017474174499512,-6.038646697998047
492,final,-4.817131042480469,-5.037845134735107
493,final,-3.846019744873047,-3.713374137878418
494,final,-3.5357847213745117,-3.84310245513916
495,final,-5.060249328613281,-4.420652866363525
496,final,-3.5603349208831787,-3.793444871902466
497,final,-7.197255611419678,-6.993633270263672
498,final,-3.846019744873047,-3.713374137878418
499,final,-5.382977485656738,-4.598337650299072
500,final,-3.8680169582366943,-4.590914726257324
501,final,-3.8057074546813965,-4.491268634796143
502,final,-4.138308525085449,-4.975862503051758
503,final,-5.1364054679870605,-5.874354839324951
504,final,-5.037237644195557,-5.683213710784912
505,final,-4.191582679748535,-4.666640281677246
506,final,-4.585513114929199,-4.463945388793945
507,final,-4.805691719055176,-5.441908359527588
508,final,-4.411586284637451,-4.771528720855713
509,final,-5.114924430847168,-5.686486721038818
510,final,-5.837779521942139,-5.61600923538208
511,final,-4.619876861572266,-5.203097343444824
512,final,-4.984442234039307,-5.560868263244629
513,final,-5.180129051208496,-5.479490280151367
514,final,-4.7999043464660645,-5.380591869354248
515,final,-6.168886184692383,-5.815573215484619
516,final,-7.096154689788818,-7.244206428527832
517,final,-3.8115310668945312,-4.865718364715576
518,final,-4.259693622589111,-5.0602240562438965
519,final,-5.259527683258057,-6.129955291748047
520,final,-6.526597023010254,-5.785680294036865
521,final,-5.951729774475098,-5.705253601074219
522,final,-5.705932140350342,-5.317056179046631
523,final,-4.887918472290039,-4.825005531311035
524,final,-5.091106414794922,-4.8116536140441895
525,final,-4.739442825317383,-4.825867176055908
526,final,-3.481377363204956,-3.5357706546783447
527,final,-7.316678047180176,-7.179104804992676
528,final,-5.959836483001709,-5.849174499511719
529,final,-6.654076099395752,-5.945920944213867
530,final,-6.107024669647217,-5.678375720977783
531,final,-6.73789119720459,-6.839671611785889
532,final,-6.340095520019531,-5.503983497619629
533,final,-8.016338348388672,-7.395772933959961
534,final,-5.648879051208496,-5.131631851196289
535,final,-4.352327346801758,-4.161776065826416
536,final,-4.972815990447998,-5.053102970123291
537,final,-6.73789119720459,-6.839671611785889
538,final,-3.959969997406006,-4.045106887817383
539,final,-5.521579265594482,-5.35536527633667
540,final,-4.719851016998291,-4.365137100219727
541,final,-4.139554023742676,-4.186516761779785
542,final,-5.242273330688477,-4.5171990394592285
543,final,-4.151800632476807,-3.83160662651062
544,final,-5.194094657897949,-4.541043281555176
545,final,-4.8126749992370605,-4.485362529754639
546,final,-4.158877372741699,-3.780956506729126
547,final,-6.2535858154296875,-5.262417316436768
548,final,-4.453312873840332,-4.5074849128723145
549,final,-7.0239338874816895,-6.37938928604126
550,final,-5.353402614593506,-4.686008930206299
551,final,-5.172948837280273,-4.729427337646484
552,final,-5.0270819664001465,-4.727678298950195
553,final,-5.774369716644287,-5.967835903167725
554,final,-4.98170804977417,-4.474105358123779
555,final,-5.743648529052734,-5.929975509643555
556,final,-5.310771942138672,-4.942315578460693
557,final,-4.996628284454346,-4.418502330780029
558,final,-4.111658573150635,-4.250961780548096
559,final,-4.560055255889893,-3.9782347679138184
560,final,-5.932100772857666,-4.605548858642578
561,final,-4.388065338134766,-4.341878890991211
562,final,-4.790326118469238,-3.7837846279144287
563,final,-5.9494218826293945,-6.166309356689453
564,final,-4.650500297546387,-4.481740951538086
565,final,-3.528164863586426,-3.3484160900115967
566,final,-5.395812034606934,-4.891557216644287
567,final,-5.201218605041504,-5.327322006225586
568,final,-4.875332832336426,-4.471074104309082
569,final,-5.2751240730285645,-4.982076168060303
570,final,-5.024355411529541,-4.660150527954102
571,final,-3.6959328651428223,-4.229901313781738
572,final,-5.14493989944458,-4.74501895904541
573,final,-5.603119850158691,-5.225715160369873
574,final,-3.691413164138794,-3.9799649715423584
575,final,-4.31171178817749,-4.4060163497924805
576,final,-3.460376501083374,-3.425431489944458
577,final,-3.2011795043945312,-3.070882558822632
578,final,-3.3338751792907715,-3.570026397705078
579,final,-4.07494592666626,-4.229187488555908
580,final,-3.5956764221191406,-3.9681663513183594
581,final,-4.7472758293151855,-4.363959789276123
582,final,-5.081019878387451,-4.738827228546143
583,final,-4.804206371307373,-4.72511625289917
584,final,-4.931752681732178,-4.808077812194824
585,final,-4.509954452514648,-4.328277587890625
586,final,-3.1973516941070557,-3.2397661209106445
587,final,-4.3841328620910645,-3.9898979663848877
588,final,-6.57374382019043,-6.29312801361084
589,final,-4.187005996704102,-3.8791801929473877
590,final,-5.3846659660339355,-5.672974586486816
591,final,-6.33290433883667,-5.468083381652832
592,final,-4.267229080200195,-4.203759670257568
593,final,-4.758216857910156,-4.723560810089111
594,final,-3.475062847137451,-3.52822208404541
595,final,-4.592270374298096,-4.273513317108154
596,final,-4.432894229888916,-4.304482936859131
597,final,-4.750687599182129,-4.569221019744873
598,final,-4.72283935546875,-4.407390117645264
599,final,-4.717737197875977,-4.378111839294434
600,final,-6.888417720794678,-5.833658695220947
601,final,-5.144697189331055,-4.652440547943115
602,final,-5.477761745452881,-4.970016002655029
603,final,-5.583387851715088,-5.26417875289917
604,final,-6.888417720794678,-5.833658695220947
605,final,-4.599678993225098,-3.8284990787506104
606,final,-4.96453332901001,-4.415714740753174
607,final,-4.443230628967285,-4.124815940856934
608,final,-5.2534637451171875,-4.591719150543213
609,final,-4.461984157562256,-3.827662944793701
610,final,-3.742677927017212,-3.410400390625
611,final,-5.477761745452881,-4.9700140953063965
612,final,-4.122783184051514,-3.553741693496704
613,final,-5.141315937042236,-4.196885585784912
614,final,-4.448236465454102,-3.5711748600006104
615,final,-4.832679748535156,-4.241316795349121
616,final,-7.629342555999756,-6.726661682128906
617,final,-4.827634334564209,-3.945708990097046
618,final,-5.056081295013428,-4.668519973754883
619,final,-4.877108097076416,-4.256214141845703
620,final,-4.308279037475586,-4.651407241821289
621,final,-4.655109882354736,-4.950163841247559
622,final,-5.108217239379883,-5.224721431732178
623,final,-4.275995254516602,-4.501858711242676
624,final,-4.467058181762695,-4.460807800292969
625,final,-7.720837116241455,-7.48577880859375
626,final,-5.200122833251953,-5.500430583953857
627,final,-3.9921984672546387,-3.8110344409942627
628,final,-4.508302688598633,-4.567437648773193
629,final,-4.278965950012207,-4.617158889770508
630,final,-4.694497108459473,-4.334438800811768
631,final,-4.932897090911865,-4.978848934173584
632,final,-3.8137385845184326,-3.9853992462158203
633,final,-3.776113748550415,-4.294654846191406
634,final,-4.503780364990234,-5.007801532745361
635,final,-3.18997859954834,-3.3386218547821045
636,final,-4.711190700531006,-5.268605709075928
637,final,-3.9451839923858643,-3.9196479320526123
638,final,-5.112575054168701,-5.338943958282471
639,final,-4.279191970825195,-4.028063774108887
640,final,-6.452126979827881,-5.1402692794799805
641,final,-4.47965145111084,-4.3889875411987305
642,final,-5.449633598327637,-4.666550159454346
643,final,-5.908505916595459,-4.751278400421143
644,final,-6.657206058502197,-5.942532539367676
645,final,-4.715694904327393,-4.329022407531738
646,final,-6.322350978851318,-5.589585781097412
647,final,-6.38112211227417,-5.326657772064209
648,final,-5.499269962310791,-4.513401508331299
649,final,-8.939180374145508,-7.411810398101807
650,final,-8.423952102661133,-7.885611534118652
651,final,-5.263765811920166,-4.950199127197266
652,final,-5.16101598739624,-4.561694622039795
653,final,-5.12756872177124,-4.050245761871338
654,final,-6.101589202880859,-5.321205139160156
655,final,-5.502379894256592,-4.7559614181518555
656,final,-5.142301082611084,-4.633212566375732
657,final,-5.801563739776611,-5.3617706298828125
658,final,-6.148263454437256,-5.216303825378418
659,final,-4.2942423820495605,-3.630479335784912
660,final,-4.619596481323242,-3.8657522201538086
661,final,-5.975348949432373,-5.184963226318359
662,final,-4.685420989990234,-4.848184585571289
663,final,-6.18068265914917,-4.977353572845459
664,final,-4.718428611755371,-4.269338607788086
665,final,-6.96658992767334,-6.692140579223633
666,final,-3.8832499980926514,-3.814429521560669
667,final,-5.634596347808838,-5.2560505867004395
668,final,-4.801100254058838,-4.276290416717529
669,final,-4.711297512054443,-4.465303897857666
670,final,-5.047672271728516,-4.755759239196777
671,final,-4.060181617736816,-3.305683135986328
672,final,-4.490026950836182,-3.997498035430908
673,final,-5.036358833312988,-4.098496437072754
674,final,-5.047672271728516,-4.755758285522461
675,final,-4.701490879058838,-3.8458023071289062
676,final,-5.791269302368164,-5.944567680358887
677,final,-4.563512325286865,-3.5841619968414307
678,final,-4.662367343902588,-3.7904837131500244
679,final,-5.089077949523926,-4.529680252075195
680,final,-4.429999351501465,-4.309863567352295
681,final,-3.9940028190612793,-4.079981327056885
682,final,-4.361910820007324,-4.135987758636475
683,final,-3.750899076461792,-3.705203056335449
684,final,-4.663875102996826,-3.2130544185638428
685,final,-4.51243257522583,-3.934436321258545
686,final,-3.900439977645874,-3.5167078971862793
687,final,-3.0886013507843018,-2.5131263732910156
688,final,-5.435011386871338,-5.253314018249512
689,final,-5.590734004974365,-4.989015579223633
690,final,-4.701235771179199,-3.803154945373535
691,final,-3.3179070949554443,-3.1717522144317627
692,final,-5.6349616050720215,-4.3108229637146
693,final,-3.8468945026397705,-3.259347915649414
694,final,-7.704010009765625,-6.274003982543945
695,final,-3.87571120262146,-3.148397445678711
696,final,-3.899745464324951,-3.649590492248535
697,final,-3.8638250827789307,-3.434720277786255
698,final,-3.9631853103637695,-3.1772451400756836
699,final,-4.126357078552246,-4.011508941650391
0,best,-5.346121311187744,-4.914692401885986
1,best,-3.9657180309295654,-4.037826061248779
2,best,-3.9011757373809814,-3.98099684715271
3,best,-4.7640299797058105,-4.406737804412842
4,best,-4.746022701263428,-3.751849889755249
5,best,-3.851147413253784,-3.5459773540496826
6,best,-5.818562030792236,-5.465552806854248
7,best,-4.5319342613220215,-3.771638870239258
8,best,-4.145567417144775,-3.3986544609069824
9,best,-3.9011757373809814,-3.98099684715271
10,best,-5.270113945007324,-3.933588981628418
11,best,-3.4755241870880127,-3.520395517349243
12,best,-5.871077537536621,-4.66975736618042
13,best,-4.982541561126709,-4.007766246795654
14,best,-4.145567417144775,-3.3986544609069824
15,best,-5.831735134124756,-5.002010822296143
16,best,-6.162996292114258,-5.2849440574646
17,best,-8.182666778564453,-7.673908710479736
18,best,-5.164829254150391,-5.330947399139404
19,best,-4.458731174468994,-4.190577983856201
20,best,-4.129889965057373,-3.9943106174468994
21,best,-8.24990463256836,-6.9431610107421875
22,best,-5.780981540679932,-4.85322904586792
23,best,-4.62840461730957,-3.9950735569000244
24,best,-4.92981481552124,-3.7935447692871094
25,best,-4.62840461730957,-3.9950735569000244
26,best,-5.145110130310059,-4.119155406951904
27,best,-5.487954139709473,-5.140552043914795
28,best,-7.411673069000244,-7.035303592681885
29,best,-5.135876655578613,-4.044741153717041
30,best,-4.929421901702881,-4.69434118270874
31,best,-4.0673723220825195,-3.141458511352539
32,best,-5.780981540679932,-4.853228569030762
33,best,-4.067371368408203,-3.141458511352539
34,best,-4.173699855804443,-3.8452751636505127
35,best,-5.967663288116455,-5.466634273529053
36,best,-7.411672115325928,-7.03530216217041
37,best,-4.067371368408203,-3.141458511352539
38,best,-4.461154460906982,-4.274406909942627
39,best,-5.42137336730957,-5.130849361419678
40,best,-5.057846546173096,-4.880785942077637
41,best,-5.614609241485596,-5.046023845672607
42,best,-7.196640968322754,-6.464982986450195
43,best,-5.2123026847839355,-4.892571926116943
44,best,-5.9321370124816895,-5.4555277824401855
45,best,-7.495291709899902,-6.487588882446289
46,best,-4.2811760902404785,-3.972050189971924
47,best,-7.429353713989258,-7.150839805603027
48,best,-5.8112406730651855,-5.406741619110107
49,best,-6.943920612335205,-6.695784568786621
50,best,-4.934413433074951,-4.166040897369385
51,best,-6.083148956298828,-4.851658344268799
52,best,-7.616391181945801,-7.114630699157715
53,best,-4.981179237365723,-4.49665641784668
54,best,-4.680100440979004,-4.380395889282227
55,best,-4.461438179016113,-4.297475814819336
56,best,-5.627176761627197,-5.255189895629883
57,best,-4.468965530395508,-3.8987646102905273
58,best,-4.649971961975098,-3.5599963665008545
59,best,-5.683390140533447,-5.2270355224609375
60,best,-9.73416805267334,-8.22745418548584
61,best,-7.180085182189941,-5.812917232513428
62,best,-7.655066013336182,-6.580904483795166
63,best,-7.241948127746582,-5.309881687164307
64,best,-9.320985794067383,-8.189062118530273
65,best,-5.699727535247803,-5.527060031890869
66,best,-6.388458251953125,-4.883361339569092
67,best,-8.27998161315918,-7.0006422996521
68,best,-6.46401834487915,-5.629949569702148
69,best,-6.15078067779541,-5.564839839935303
70,best,-5.7948455810546875,-4.195243835449219
71,best,-6.742837429046631,-6.45782995223999
72,best,-5.353756427764893,-4.355057716369629
73,best,-5.384805202484131,-4.533147811889648
74,best,-8.808441162109375,-7.331546783447266
75,best,-6.531739234924316,-4.461517810821533
76,best,-6.300163745880127,-4.706826210021973
77,best,-6.841571807861328,-5.498222827911377
78,best,-8.445387840270996,-7.160256385803223
79,best,-8.991290092468262,-7.159489631652832
80,best,-3.8191745281219482,-3.0691263675689697
81,best,-3.977564811706543,-3.3777477741241455
82,best,-4.901674747467041,-3.391650438308716
83,best,-6.477025508880615,-5.647708892822266
84,best,-4.693025588989258,-3.9091365337371826
85,best,-5.39685583114624,-3.9970693588256836
86,best,-8.168598175048828,-7.239557266235352
87,best,-4.986862659454346,-4.103749752044678
88,best,-5.407078266143799,-4.281269550323486
89,best,-6.105453968048096,-5.3335771560668945
90,best,-4.9275383949279785,-3.6377601623535156
91,best,-6.834339618682861,-5.052377700805664
92,best,-5.206239700317383,-4.464987754821777
93,best,-4.733168601989746,-3.480987310409546
94,best,-4.905656814575195,-3.865124225616455
95,best,-5.112305641174316,-4.211463451385498
96,best,-4.17854118347168,-3.5219228267669678
97,best,-5.324018955230713,-4.511207580566406
98,best,-5.304593086242676,-4.103642463684082
99,best,-4.619091510772705,-3.535707950592041
100,best,-5.068028926849365,-4.064420223236084
101,best,-5.44326114654541,-4.201381683349609
102,best,-5.513740062713623,-4.808441162109375
103,best,-4.818105220794678,-4.214716911315918
104,best,-4.818105220794678,-4.214716911315918
105,best,-6.903319835662842,-6.4003586769104
106,best,-4.836491584777832,-3.762385845184326
107,best,-4.88151741027832,-3.9158847332000732
108,best,-3.4076995849609375,-3.3285765647888184
109,best,-5.20729398727417,-4.353447914123535
110,best,-4.3606343269348145,-3.09978985786438
111,best,-4.6320576667785645,-3.571666717529297
112,best,-4.729948043823242,-3.7555947303771973
113,best,-4.3657073974609375,-3.4514880180358887
114,best,-7.1744537353515625,-6.317061901092529
115,best,-7.151421070098877,-6.245297431945801
116,best,-5.187929630279541,-3.69822359085083
117,best,-4.546855926513672,-3.6563384532928467
118,best,-4.836491584777832,-3.762385845184326
119,best,-4.888720989227295,-3.3206024169921875
120,best,-4.1535468101501465,-3.304852247238159
121,best,-3.7504425048828125,-2.996885061264038
122,best,-8.257723808288574,-6.820790767669678
123,best,-4.596065521240234,-3.4770395755767822
124,best,-3.187819242477417,-2.581552028656006
125,best,-5.264220237731934,-3.82561993598938
126,best,-4.575608253479004,-3.705427408218384
127,best,-4.411545753479004,-3.1047351360321045
128,best,-4.591118335723877,-3.691659688949585
129,best,-5.725689888000488,-4.4136128425598145
130,best,-4.517599105834961,-3.4489669799804688
131,best,-4.116753578186035,-3.3207292556762695
132,best,-3.3392879962921143,-2.9571545124053955
133,best,-4.888570785522461,-3.614582061767578
134,best,-5.725689888000488,-4.4136128425598145
135,best,-3.6812877655029297,-2.6793129444122314
136,best,-4.928491115570068,-4.058631420135498
137,best,-3.6812877655029297,-2.6793129444122314
138,best,-5.264219760894775,-3.82561993598938
139,best,-6.962209224700928,-5.800004005432129
140,best,-4.356259346008301,-3.7266366481781006
141,best,-4.573159217834473,-3.743589401245117
142,best,-6.950010299682617,-6.089707851409912
143,best,-3.5522778034210205,-3.232433319091797
144,best,-5.475241661071777,-4.231864929199219
145,best,-4.504140377044678,-3.7196552753448486
146,best,-4.921498775482178,-4.330092430114746
147,best,-5.855711936950684,-5.045023441314697
148,best,-7.255193710327148,-6.00132417678833
149,best,-5.580770969390869,-4.5207648277282715
150,best,-8.023310661315918,-6.66146183013916
151,best,-5.366211414337158,-4.343288898468018
152,best,-5.547751426696777,-4.234150409698486
153,best,-5.197819709777832,-4.372513771057129
154,best,-4.356259346008301,-3.7266366481781006
155,best,-4.921498775482178,-4.330092430114746
156,best,-5.775921821594238,-4.521327972412109
157,best,-5.369292259216309,-4.616367816925049
158,best,-4.395452976226807,-3.5407729148864746
159,best,-4.921498775482178,-4.330092430114746
160,best,-6.290393829345703,-4.213626861572266
161,best,-6.343399524688721,-4.111924648284912
162,best,-5.7221903800964355,-4.170670032501221
163,best,-6.361441612243652,-4.652019023895264
164,best,-6.171024799346924,-4.588940143585205
165,best,-4.404762268066406,-3.068115234375
166,best,-5.860673904418945,-4.218514442443848
167,best,-6.361441612243652,-4.652019023895264
168,best,-8.52703857421875,-6.411101341247559
169,best,-5.875853061676025,-4.473331928253174
170,best,-6.448519706726074,-4.114715576171875
171,best,-5.644248962402344,-3.6167781352996826
172,best,-5.195449352264404,-3.9266979694366455
173,best,-7.085117340087891,-5.211056232452393
174,best,-6.637581825256348,-4.90646505355835
175,best,-5.358950138092041,-4.088769435882568
176,best,-6.743658542633057,-4.426339626312256
177,best,-8.665331840515137,-6.666141986846924
178,best,-8.434210777282715,-6.2521233558654785
179,best,-5.611062049865723,-3.9059369564056396
180,best,-5.256363868713379,-3.9504480361938477
181,best,-3.6162185668945312,-3.1184535026550293
182,best,-4.02971887588501,-3.2163398265838623
183,best,-5.1295247077941895,-4.029633522033691
184,best,-4.3712873458862305,-3.050827741622925
185,best,-4.695232391357422,-3.730513334274292
186,best,-7.395484924316406,-5.825062274932861
187,best,-5.825127124786377,-4.592324256896973
188,best,-3.8528995513916016,-3.0416646003723145
189,best,-4.538357734680176,-3.288433790206909
190,best,-4.165281772613525,-3.5304157733917236
191,best,-5.256363868713379,-3.9504480361938477
192,best,-5.11909818649292,-3.8024590015411377
193,best,-5.918458938598633,-4.545642852783203
194,best,-6.6251397132873535,-5.550363063812256
195,best,-4.921783447265625,-3.5752854347229004
196,best,-4.716853141784668,-3.6034750938415527
197,best,-4.846859455108643,-3.8454508781433105
198,best,-5.850009441375732,-4.0248703956604
199,best,-3.8898019790649414,-2.692966938018799
200,best,-2.9617559909820557,-2.38026762008667
201,best,-7.534873008728027,-6.059483528137207
202,best,-3.8345463275909424,-2.802119016647339
203,best,-3.9886531829833984,-3.0309555530548096
204,best,-3.9886531829833984,-3.0309555530548096
205,best,-4.0184407234191895,-2.9560627937316895
206,best,-5.424506664276123,-3.5752036571502686
207,best,-5.17526388168335,-3.491584300994873
208,best,-3.9886531829833984,-3.0309555530548096
209,best,-4.0184407234191895,-2.9560627937316895
210,best,-4.884954929351807,-3.5271995067596436
211,best,-4.447920799255371,-2.8194310665130615
212,best,-4.447920799255371,-2.8194310665130615
213,best,-4.173300266265869,-2.97343111038208
214,best,-4.884954929351807,-3.5271995067596436
215,best,-4.472326278686523,-3.372453451156616
216,best,-4.407029628753662,-3.145312786102295
217,best,-4.885934829711914,-3.4596049785614014
218,best,-3.696467876434326,-2.7855217456817627
219,best,-3.189314603805542,-2.19863224029541
220,best,-5.027332305908203,-4.545662879943848
221,best,-5.346146583557129,-5.058010101318359
222,best,-5.295795917510986,-4.743114471435547
223,best,-5.00164270401001,-4.5366082191467285
224,best,-5.973334312438965,-5.382631301879883
225,best,-7.103524208068848,-6.796575546264648
226,best,-7.956353664398193,-7.297426700592041
227,best,-4.865534782409668,-4.48262357711792
228,best,-7.40539026260376,-6.847814083099365
229,best,-7.103524208068848,-6.796575546264648
230,best,-5.275076866149902,-4.80181884765625
231,best,-4.707934379577637,-4.417884826660156
232,best,-4.841827869415283,-4.348544120788574
233,best,-6.080539226531982,-5.553518295288086
234,best,-5.708736419677734,-5.281266689300537
235,best,-7.4971818923950195,-6.80483341217041
236,best,-4.600248336791992,-4.276791095733643
237,best,-4.733943462371826,-4.393714904785156
238,best,-5.600246906280518,-5.225715637207031
239,best,-5.301482677459717,-5.286150932312012
240,best,-4.254454135894775,-4.144115447998047
241,best,-4.941425800323486,-4.142746925354004
242,best,-5.557677268981934,-4.780317306518555
243,best,-7.9384918212890625,-7.22044563293457
244,best,-5.000152587890625,-4.384274959564209
245,best,-5.478648662567139,-5.103803634643555
246,best,-7.574660778045654,-6.882004261016846
247,best,-5.43416166305542,-4.756312370300293
248,best,-5.24177885055542,-4.995103359222412
249,best,-5.2397918701171875,-4.8230462074279785
250,best,-4.898652076721191,-4.466036319732666
251,best,-4.634716987609863,-4.099842071533203
252,best,-5.250007152557373,-4.493495464324951
253,best,-5.182459831237793,-5.001027584075928
254,best,-5.284337043762207,-4.85356330871582
255,best,-8.01959228515625,-7.261107444763184
256,best,-5.450891971588135,-5.195888996124268
257,best,-6.090678691864014,-5.57114839553833
258,best,-5.140252113342285,-4.7959465980529785
259,best,-3.817810535430908,-3.425175428390503
260,best,-5.073776721954346,-4.833804130554199
261,best,-5.109912872314453,-4.911096096038818
262,best,-4.339505672454834,-4.1959733963012695
263,best,-4.939696311950684,-4.916627883911133
264,best,-4.707005023956299,-4.611357688903809
265,best,-7.136870384216309,-6.814178943634033
266,best,-5.075891017913818,-4.93882942199707
267,best,-5.187377452850342,-4.87261438369751
268,best,-4.835229873657227,-4.680130958557129
269,best,-5.289914608001709,-4.650856018066406
270,best,-6.683117866516113,-6.581444263458252
271,best,-4.2091965675354,-3.6763477325439453
272,best,-6.186635494232178,-5.787562847137451
273,best,-5.541319847106934,-5.224624156951904
274,best,-5.182098388671875,-5.142058372497559
275,best,-3.843259334564209,-3.8617072105407715
276,best,-4.411681652069092,-3.8792998790740967
277,best,-5.024297714233398,-4.83939266204834
278,best,-7.028608798980713,-6.944038391113281
279,best,-4.332033157348633,-4.346250534057617
280,best,-6.773762226104736,-5.776340484619141
281,best,-6.971774101257324,-6.255926132202148
282,best,-6.824090003967285,-5.577444553375244
283,best,-9.294843673706055,-8.065381050109863
284,best,-5.336528301239014,-4.4232306480407715
285,best,-6.13999080657959,-5.250919818878174
286,best,-6.654688835144043,-5.870490074157715
287,best,-6.100026607513428,-4.863701820373535
288,best,-6.013843059539795,-5.173928737640381
289,best,-5.442108154296875,-4.388430595397949
290,best,-6.350327014923096,-5.461116790771484
291,best,-6.4923481941223145,-5.904197692871094
292,best,-9.242835998535156,-7.977937698364258
293,best,-6.737699031829834,-5.923049449920654
294,best,-5.112380027770996,-4.591458797454834
295,best,-8.034280776977539,-7.395551681518555
296,best,-5.480856895446777,-4.779856204986572
297,best,-6.7186503410339355,-5.776762008666992
298,best,-8.871509552001953,-7.882894039154053
299,best,-6.467637062072754,-5.770500183105469
300,best,-5.935910701751709,-4.903774261474609
301,best,-7.7006025314331055,-6.953567981719971
302,best,-4.397712707519531,-3.3466689586639404
303,best,-5.592493057250977,-4.427154064178467
304,best,-5.467660903930664,-4.4002227783203125
305,best,-5.560518264770508,-4.3895134925842285
306,best,-7.306971073150635,-5.498778820037842
307,best,-4.652860164642334,-3.5682153701782227
308,best,-4.711709022521973,-4.032879829406738
309,best,-4.87872314453125,-3.7730140686035156
310,best,-8.560254096984863,-7.131309986114502
311,best,-5.1705498695373535,-4.361950874328613
312,best,-5.580863952636719,-4.516290664672852
313,best,-4.851469039916992,-3.742396593093872
314,best,-7.078088760375977,-6.004575729370117
315,best,-4.709721088409424,-3.782701015472412
316,best,-4.167360782623291,-3.1647558212280273
317,best,-6.033126354217529,-4.86690092086792
318,best,-4.565116882324219,-3.536287784576416
319,best,-6.446958065032959,-4.796797275543213
320,best,-3.8118183612823486,-3.402564287185669
321,best,-4.4428253173828125,-3.7534701824188232
322,best,-7.953518390655518,-6.831246852874756
323,best,-4.295881271362305,-3.6776819229125977
324,best,-7.31805419921875,-6.19910192489624
325,best,-7.098025798797607,-6.244520664215088
326,best,-4.233639240264893,-4.197109699249268
327,best,-5.70733642578125,-4.307760238647461
328,best,-3.90975022315979,-3.6109848022460938
329,best,-5.690132141113281,-4.607654094696045
330,best,-6.072782516479492,-5.572014331817627
331,best,-5.2905120849609375,-4.263046741485596
332,best,-5.618531227111816,-4.744173526763916
333,best,-6.878364562988281,-6.276511192321777
334,best,-4.1086554527282715,-3.147181272506714
335,best,-4.625903606414795,-3.6580147743225098
336,best,-5.75184965133667,-4.611666679382324
337,best,-5.110773086547852,-3.9252734184265137
338,best,-3.944451332092285,-3.4980454444885254
339,best,-4.980658054351807,-4.383965015411377
340,best,-4.455602169036865,-4.543244361877441
341,best,-6.512976169586182,-5.81682014465332
342,best,-6.944117546081543,-6.704869747161865
343,best,-6.011471748352051,-5.953498840332031
344,best,-6.327531337738037,-6.286478519439697
345,best,-5.31243896484375,-4.8695783615112305
346,best,-7.91323184967041,-6.61135721206665
347,best,-5.778659343719482,-4.869898796081543
348,best,-7.893597602844238,-6.767384052276611
349,best,-5.400312900543213,-5.545982360839844
350,best,-5.18068265914917,-4.830854892730713
351,best,-6.805511474609375,-5.89888334274292
352,best,-9.532691955566406,-8.503148078918457
353,best,-6.675213813781738,-6.4939141273498535
354,best,-4.90080451965332,-5.124211311340332
355,best,-8.531851768493652,-7.835299968719482
356,best,-6.5931549072265625,-6.262119770050049
357,best,-5.547490119934082,-5.6989288330078125
358,best,-6.258401393890381,-6.191605091094971
359,best,-9.743657112121582,-8.669459342956543
360,best,-5.404960632324219,-5.403725624084473
361,best,-6.080657005310059,-5.660467147827148
362,best,-4.6127166748046875,-4.535660743713379
363,best,-4.6211724281311035,-4.86096715927124
364,best,-3.492198944091797,-3.5134105682373047
365,best,-4.75832462310791,-4.480928897857666
366,best,-5.23711633682251,-5.095089435577393
367,best,-5.1192708015441895,-4.67536735534668
368,best,-5.942388534545898,-5.525508880615234
369,best,-5.994759559631348,-5.93856954574585
370,best,-5.933530330657959,-5.766693115234375
371,best,-5.448651313781738,-5.3031439781188965
372,best,-6.947039604187012,-6.462245464324951
373,best,-6.217959403991699,-5.787322521209717
374,best,-4.462066173553467,-4.527474403381348
375,best,-5.39785099029541,-5.158754825592041
376,best,-4.0518879890441895,-4.264376640319824
377,best,-6.080657005310059,-5.660467147827148
378,best,-4.6211724281311035,-4.86096715927124
379,best,-8.808287620544434,-8.3688383102417
380,best,-5.1808576583862305,-5.34441614151001
381,best,-6.0832743644714355,-5.7587995529174805
382,best,-5.320769786834717,-5.5696868896484375
383,best,-5.625174045562744,-6.143352508544922
384,best,-5.1164445877075195,-5.255749225616455
385,best,-4.794443607330322,-4.833831787109375
386,best,-5.1054792404174805,-5.332451343536377
387,best,-6.193203449249268,-5.523908615112305
388,best,-7.367216110229492,-7.522577285766602
389,best,-4.407421588897705,-4.563379287719727
390,best,-4.318436145782471,-4.870214939117432
391,best,-7.669123649597168,-7.23640251159668
392,best,-4.939200401306152,-4.8394927978515625
393,best,-6.261366367340088,-6.343132972717285
394,best,-5.144271373748779,-4.911315441131592
395,best,-6.24904203414917,-6.269775867462158
396,best,-5.249958038330078,-5.635366439819336
397,best,-4.95070743560791,-4.874870300292969
398,best,-5.265118598937988,-4.786846160888672
399,best,-5.43271541595459,-4.880250930786133
400,best,-6.829872131347656,-5.964173793792725
401,best,-6.803315162658691,-5.914037227630615
402,best,-7.386544704437256,-6.7758049964904785
403,best,-6.011943340301514,-5.201314449310303
404,best,-7.662625789642334,-5.717992305755615
405,best,-8.720101356506348,-7.225770473480225
406,best,-10.348719596862793,-9.072303771972656
407,best,-8.93156623840332,-8.366052627563477
408,best,-6.135614395141602,-5.692707538604736
409,best,-6.453562259674072,-5.317800045013428
410,best,-4.82106876373291,-4.605191230773926
411,best,-7.611403465270996,-6.454784870147705
412,best,-6.688204288482666,-6.730860233306885
413,best,-6.449583053588867,-5.811152935028076
414,best,-6.695779800415039,-5.595574378967285
415,best,-7.386290550231934,-6.654656887054443
416,best,-7.076550483703613,-6.935102939605713
417,best,-8.049361228942871,-6.6365580558776855
418,best,-9.541476249694824,-8.665555953979492
419,best,-6.011943340301514,-5.201314449310303
420,best,-5.727418422698975,-5.13459587097168
421,best,-5.512258529663086,-4.665867328643799
422,best,-7.364867210388184,-6.378489971160889
423,best,-4.614030838012695,-4.019399642944336
424,best,-4.9300055503845215,-3.965690851211548
425,best,-5.941253185272217,-4.900125026702881
426,best,-5.848109722137451,-5.066304683685303
427,best,-7.385737895965576,-6.25300407409668
428,best,-8.23445987701416,-6.971702575683594
429,best,-4.936708927154541,-4.218190670013428
430,best,-6.465450763702393,-5.752026557922363
431,best,-4.974004745483398,-3.896493911743164
432,best,-4.686182975769043,-3.997844696044922
433,best,-5.870250225067139,-5.203701019287109
434,best,-6.114406108856201,-4.940731525421143
435,best,-4.9774980545043945,-4.121300220489502
436,best,-4.658703327178955,-4.056066513061523
437,best,-4.81091833114624,-4.48762321472168
438,best,-5.636025428771973,-4.883514404296875
439,best,-5.282971382141113,-4.392874240875244
440,best,-5.012332439422607,-4.5467634201049805
441,best,-4.49677038192749,-4.127390384674072
442,best,-4.243091106414795,-4.282034397125244
443,best,-5.344219207763672,-5.108173370361328
444,best,-4.527379512786865,-4.48385763168335
445,best,-7.643063068389893,-6.425730228424072
446,best,-5.3519606590271,-4.62122106552124
447,best,-5.621697902679443,-5.020660877227783
448,best,-4.256183624267578,-3.9728729724884033
449,best,-4.335718631744385,-4.073788642883301
450,best,-4.49041223526001,-4.1027045249938965
451,best,-8.380468368530273,-7.1844377517700195
452,best,-5.248692989349365,-4.399457931518555
453,best,-4.059925079345703,-3.960946559906006
454,best,-4.106419086456299,-3.6780991554260254
455,best,-7.184065341949463,-6.288618087768555
456,best,-5.829377174377441,-5.065450191497803
457,best,-4.304739952087402,-3.948718547821045
458,best,-5.254515171051025,-4.966794490814209
459,best,-5.018891334533691,-4.838284492492676
460,best,-4.831177711486816,-4.695609092712402
461,best,-3.202218532562256,-3.6681952476501465
462,best,-3.6497485637664795,-4.168736457824707
463,best,-4.790352821350098,-4.934076309204102
464,best,-4.486725807189941,-4.927172660827637
465,best,-4.063099384307861,-4.474063873291016
466,best,-4.71931791305542,-4.92436408996582
467,best,-3.9418551921844482,-4.311348915100098
468,best,-4.802318572998047,-4.949334144592285
469,best,-4.0106987953186035,-4.375358581542969
470,best,-4.386812686920166,-4.548728942871094
471,best,-5.595371723175049,-5.431859016418457
472,best,-4.072336673736572,-4.363319396972656
473,best,-3.776841163635254,-4.060739040374756
474,best,-4.058089733123779,-4.519383430480957
475,best,-4.289420127868652,-4.607483863830566
476,best,-3.6219546794891357,-4.0352091789245605
477,best,-3.6414594650268555,-3.894237518310547
478,best,-6.416723251342773,-6.524636268615723
479,best,-3.811988115310669,-4.330610275268555
480,best,-3.802572011947632,-4.20896053314209
481,best,-3.608292579650879,-3.9302146434783936
482,best,-4.627063274383545,-4.824872016906738
483,best,-3.423178195953369,-3.834359645843506
484,best,-3.295715570449829,-3.529228687286377
485,best,-5.382281303405762,-5.705282211303711
486,best,-5.382281303405762,-5.705282211303711
487,best,-4.14080810546875,-4.529982566833496
488,best,-3.117300033569336,-3.5281472206115723
489,best,-4.695481300354004,-4.361874103546143
490,best,-4.1023054122924805,-4.479364395141602
491,best,-5.405091285705566,-5.526235580444336
492,best,-5.382281303405762,-5.705282211303711
493,best,-2.9587349891662598,-3.3455886840820312
494,best,-3.706214666366577,-4.232370376586914
495,best,-4.625789642333984,-4.4782586097717285
496,best,-2.7575433254241943,-3.216491222381592
497,best,-6.4968438148498535,-6.51375675201416
498,best,-2.9587349891662598,-3.3455886840820312
499,best,-4.115405082702637,-4.066175937652588
500,best,-4.082997798919678,-5.164743900299072
501,best,-3.332638740539551,-3.798724889755249
502,best,-3.767197847366333,-4.576230049133301
503,best,-4.889103412628174,-5.503954887390137
504,best,-4.223982810974121,-4.613456726074219
505,best,-4.365174293518066,-4.7658305168151855
506,best,-4.613718032836914,-4.469541072845459
507,best,-4.968404769897461,-5.482298851013184
508,best,-3.8672633171081543,-4.142819404602051
509,best,-4.325265407562256,-4.828466892242432
510,best,-5.231777667999268,-5.1784257888793945
511,best,-4.763158798217773,-5.048547267913818
512,best,-5.629516124725342,-5.8218159675598145
513,best,-6.098905086517334,-6.207840442657471
514,best,-4.258991718292236,-4.601524353027344
515,best,-5.069899082183838,-4.680667877197266
516,best,-6.72900390625,-6.915288925170898
517,best,-3.299330949783325,-4.366034507751465
518,best,-4.327263355255127,-4.9740986824035645
519,best,-5.1792120933532715,-5.905213832855225
520,best,-5.098818778991699,-4.862120628356934
521,best,-5.288022518157959,-5.210831642150879
522,best,-5.094760894775391,-4.636228561401367
523,best,-4.809300899505615,-4.851603031158447
524,best,-3.998969554901123,-4.022296905517578
525,best,-4.731521129608154,-4.904715538024902
526,best,-3.6500461101531982,-3.689208984375
527,best,-6.972393989562988,-6.7811360359191895
528,best,-5.874790191650391,-5.760788917541504
529,best,-7.418063640594482,-6.76378059387207
530,best,-4.85167121887207,-4.776159286499023
531,best,-5.816758155822754,-5.749124050140381
532,best,-5.278812408447266,-4.618304252624512
533,best,-7.584364891052246,-7.199164390563965
534,best,-5.535212516784668,-5.058277130126953
535,best,-4.595614910125732,-4.413017749786377
536,best,-4.120705604553223,-4.28118896484375
537,best,-5.816758155822754,-5.749124050140381
538,best,-4.104965686798096,-4.249227523803711
539,best,-6.250885009765625,-6.026336669921875
540,best,-5.067778587341309,-4.766636848449707
541,best,-4.035099029541016,-4.374462604522705
542,best,-4.465009689331055,-3.9422194957733154
543,best,-4.1495513916015625,-4.262007236480713
544,best,-5.3770527839660645,-4.8678083419799805
545,best,-4.6561198234558105,-4.376950263977051
546,best,-4.263996601104736,-3.8889715671539307
547,best,-4.844010353088379,-4.070716857910156
548,best,-3.739732027053833,-3.7939934730529785
549,best,-6.598292350769043,-5.976643085479736
550,best,-5.889986515045166,-5.276062488555908
551,best,-4.8577752113342285,-4.488692760467529
552,best,-4.811756610870361,-4.474092960357666
553,best,-5.49648380279541,-5.578599452972412
554,best,-4.854145526885986,-4.387031078338623
555,best,-6.523274898529053,-6.453851699829102
556,best,-5.61564302444458,-5.383821964263916
557,best,-4.360098838806152,-3.895293951034546
558,best,-3.5671546459198,-3.478426456451416
559,best,-4.300956726074219,-3.6976399421691895
560,best,-4.935909748077393,-4.26597261428833
561,best,-4.129480838775635,-3.8866851329803467
562,best,-4.517483711242676,-3.862766742706299
563,best,-5.727424621582031,-5.975494384765625
564,best,-4.581862926483154,-4.297080993652344
565,best,-3.093844413757324,-3.1069176197052
566,best,-4.42887020111084,-4.552243232727051
567,best,-4.946491718292236,-4.963311195373535
568,best,-3.8276727199554443,-3.5780351161956787
569,best,-6.217916488647461,-5.741010665893555
570,best,-4.2129034996032715,-4.0117506980896
571,best,-3.623408079147339,-3.926476240158081
572,best,-4.684770584106445,-4.478715896606445
573,best,-4.896895408630371,-4.729882717132568
574,best,-2.911064624786377,-3.246347665786743
575,best,-4.153130054473877,-4.519103527069092
576,best,-3.6541993618011475,-3.8117241859436035
577,best,-2.82186222076416,-2.8071823120117188
578,best,-3.6417336463928223,-4.170107364654541
579,best,-3.8404388427734375,-3.9466724395751953
580,best,-3.8105931282043457,-4.053826332092285
581,best,-4.512181758880615,-4.122742652893066
582,best,-5.921907901763916,-5.496304512023926
583,best,-4.461547374725342,-4.188211917877197
584,best,-3.706357717514038,-3.7842419147491455
585,best,-4.035040378570557,-3.91671085357666
586,best,-3.5939581394195557,-3.5234737396240234
587,best,-4.512129306793213,-4.181714057922363
588,best,-4.794094562530518,-4.579824924468994
589,best,-3.5771658420562744,-3.273606538772583
590,best,-4.8008036613464355,-4.592654228210449
591,best,-4.763879776000977,-4.269677639007568
592,best,-3.9831981658935547,-4.005991458892822
593,best,-5.704265594482422,-5.549025058746338
594,best,-2.7533695697784424,-2.7803895473480225
595,best,-4.774875164031982,-4.106978416442871
596,best,-4.156218528747559,-3.9364874362945557
597,best,-3.2837390899658203,-3.2227444648742676
598,best,-4.452617645263672,-3.949427843093872
599,best,-3.184518814086914,-2.9695985317230225
600,best,-4.173799991607666,-3.915816068649292
601,best,-4.809850215911865,-4.616407871246338
602,best,-4.225452899932861,-4.143730163574219
603,best,-4.648953914642334,-4.599923133850098
604,best,-4.173799991607666,-3.915816068649292
605,best,-3.1219303607940674,-3.011615514755249
606,best,-4.070489883422852,-3.9678845405578613
607,best,-4.07075834274292,-4.197778224945068
608,best,-4.306564807891846,-3.9188783168792725
609,best,-3.683624267578125,-3.64499831199646
610,best,-3.382598400115967,-3.4504451751708984
611,best,-4.225451946258545,-4.1437296867370605
612,best,-3.9045698642730713,-3.702019214630127
613,best,-3.587170362472534,-3.2987160682678223
614,best,-2.8523080348968506,-2.61789870262146
615,best,-3.349604845046997,-3.344356060028076
616,best,-6.951164722442627,-6.303021430969238
617,best,-4.049002647399902,-3.7883784770965576
618,best,-4.3143696784973145,-4.362288475036621
619,best,-4.378541946411133,-4.045904636383057
620,best,-3.8217954635620117,-3.922316551208496
621,best,-4.6295671463012695,-4.774038314819336
622,best,-5.199347972869873,-5.052579879760742
623,best,-3.6778531074523926,-4.080700874328613
624,best,-3.7957842350006104,-3.693302631378174
625,best,-7.1177544593811035,-6.955944061279297
626,best,-5.440170764923096,-5.518208026885986
627,best,-4.347883224487305,-3.8968734741210938
628,best,-3.6379547119140625,-3.4613423347473145
629,best,-4.495693206787109,-4.665189743041992
630,best,-4.732826232910156,-4.111852645874023
631,best,-4.594748497009277,-4.368182182312012
632,best,-3.997450113296509,-4.1439409255981445
633,best,-3.21986722946167,-3.6308319568634033
634,best,-3.8823578357696533,-4.066335678100586
635,best,-3.6317434310913086,-3.6544651985168457
636,best,-3.9603371620178223,-4.360998153686523
637,best,-3.99847149848938,-3.8279452323913574
638,best,-4.380819320678711,-4.545673370361328
639,best,-3.73750901222229,-3.315222978591919
640,best,-4.880334377288818,-3.8731675148010254
641,best,-4.759406089782715,-4.415714263916016
642,best,-4.765500545501709,-3.941805124282837
643,best,-4.720723628997803,-3.978773832321167
644,best,-5.195753574371338,-4.727475643157959
645,best,-4.684694766998291,-4.380812644958496
646,best,-6.705432891845703,-5.740176677703857
647,best,-4.041292667388916,-3.4410228729248047
648,best,-5.980677127838135,-4.85757303237915
649,best,-6.664675235748291,-5.569218158721924
650,best,-8.178675651550293,-7.459769248962402
651,best,-5.122824192047119,-4.613536357879639
652,best,-6.397979259490967,-5.575379848480225
653,best,-5.23069953918457,-4.093559741973877
654,best,-4.5568671226501465,-4.104971408843994
655,best,-5.562635898590088,-4.690701484680176
656,best,-5.250253677368164,-4.585521221160889
657,best,-4.820138454437256,-4.363633632659912
658,best,-6.552848815917969,-5.242588520050049
659,best,-4.055731296539307,-3.2863008975982666
660,best,-4.777520179748535,-3.5542118549346924
661,best,-4.298817157745361,-3.4986751079559326
662,best,-4.721075057983398,-4.547883033752441
663,best,-6.967687129974365,-5.737282752990723
664,best,-4.038303375244141,-3.339230537414551
665,best,-6.5119948387146,-6.172253608703613
666,best,-3.951594114303589,-3.589907646179199
667,best,-4.669944763183594,-4.114201068878174
668,best,-4.152938365936279,-3.469909906387329
669,best,-4.217511177062988,-4.013705730438232
670,best,-4.504070281982422,-3.862562417984009
671,best,-4.43205451965332,-3.4547126293182373
672,best,-3.8089237213134766,-3.159467935562134
673,best,-5.662933826446533,-4.720805644989014
674,best,-4.504070281982422,-3.862562417984009
675,best,-4.5646586418151855,-3.6386656761169434
676,best,-5.2901506423950195,-4.952795028686523
677,best,-4.761680603027344,-3.5066802501678467
678,best,-4.711370944976807,-3.7131552696228027
679,best,-4.679883003234863,-3.9006636142730713
680,best,-3.5968949794769287,-3.216914176940918
681,best,-2.9237818717956543,-3.020648717880249
682,best,-5.6129326820373535,-5.116361618041992
683,best,-3.7538516521453857,-3.657810688018799
684,best,-3.7000739574432373,-2.477372169494629
685,best,-3.5141780376434326,-2.9425220489501953
686,best,-3.8476853370666504,-3.5238122940063477
687,best,-3.441958427429199,-2.900099515914917
688,best,-3.4378983974456787,-3.369398593902588
689,best,-4.683207035064697,-4.257555961608887
690,best,-4.673635959625244,-3.8048336505889893
691,best,-3.387589931488037,-3.194427013397217
692,best,-4.418932914733887,-3.3622639179229736
693,best,-2.9787967205047607,-2.519190788269043
694,best,-7.133472919464111,-5.9457550048828125
695,best,-3.871128797531128,-3.2366766929626465
696,best,-4.020430564880371,-3.5478477478027344
697,best,-3.3062565326690674,-2.646529197692871
698,best,-4.208855628967285,-3.687793254852295
699,best,-3.7793617248535156,-3.6358675956726074
