item_id,model_state,dative,score
1,initial,pp,-7.916635513305664
2,initial,pp,-8.013726234436035
3,initial,pp,-8.28885269165039
4,initial,pp,-8.391152381896973
5,initial,pp,-7.859463214874268
6,initial,pp,-8.319500923156738
7,initial,pp,-8.621844291687012
8,initial,pp,-7.946030139923096
9,initial,pp,-6.326093673706055
10,initial,pp,-8.520171165466309
11,initial,pp,-6.466180801391602
12,initial,pp,-5.700128078460693
13,initial,pp,-7.445481777191162
14,initial,pp,-5.780145645141602
15,initial,pp,-8.066577911376953
16,initial,pp,-7.946030139923096
17,initial,pp,-8.079524040222168
18,initial,pp,-6.722586631774902
19,initial,pp,-8.327933311462402
20,initial,pp,-7.2269206047058105
21,initial,pp,-8.00682544708252
22,initial,pp,-6.570974349975586
23,initial,pp,-7.981818675994873
24,initial,pp,-8.052334785461426
25,initial,pp,-8.421980857849121
26,initial,pp,-7.970449924468994
27,initial,pp,-7.928954601287842
28,initial,pp,-7.526846408843994
29,initial,pp,-7.753365993499756
30,initial,pp,-7.660921573638916
31,initial,pp,-8.199469566345215
32,initial,pp,-8.052334785461426
33,initial,pp,-7.991903305053711
34,initial,pp,-9.043566703796387
35,initial,pp,-5.7689127922058105
36,initial,pp,-6.1433563232421875
37,initial,pp,-7.753365993499756
38,initial,pp,-6.969242572784424
39,initial,pp,-8.422965049743652
40,initial,pp,-8.452322959899902
41,initial,pp,-7.226687431335449
42,initial,pp,-7.159500598907471
43,initial,pp,-7.090732574462891
44,initial,pp,-7.312601566314697
45,initial,pp,-7.445729732513428
46,initial,pp,-7.7814226150512695
47,initial,pp,-7.966468334197998
48,initial,pp,-6.735992908477783
49,initial,pp,-7.5748796463012695
50,initial,pp,-7.337284088134766
51,initial,pp,-7.520739555358887
52,initial,pp,-6.3364787101745605
53,initial,pp,-7.761063575744629
54,initial,pp,-7.637809753417969
55,initial,pp,-7.543497562408447
56,initial,pp,-6.129672050476074
57,initial,pp,-5.836455345153809
58,initial,pp,-7.3460917472839355
59,initial,pp,-7.530791282653809
60,initial,pp,-7.704492568969727
61,initial,pp,-8.058884620666504
62,initial,pp,-7.690722465515137
63,initial,pp,-8.858896255493164
64,initial,pp,-8.257667541503906
65,initial,pp,-7.364606857299805
66,initial,pp,-8.84130859375
67,initial,pp,-6.296604156494141
68,initial,pp,-8.22431468963623
69,initial,pp,-8.663250923156738
70,initial,pp,-8.103764533996582
71,initial,pp,-5.749845027923584
72,initial,pp,-8.874566078186035
73,initial,pp,-8.423322677612305
74,initial,pp,-9.064253807067871
75,initial,pp,-8.173188209533691
76,initial,pp,-7.718578815460205
77,initial,pp,-6.87587833404541
78,initial,pp,-7.335819721221924
79,initial,pp,-7.22021484375
80,initial,pp,-8.782864570617676
81,initial,pp,-6.956532955169678
82,initial,pp,-6.605200290679932
83,initial,pp,-7.207183837890625
84,initial,pp,-6.411126136779785
85,initial,pp,-6.605200290679932
86,initial,pp,-6.615306854248047
87,initial,pp,-6.333162307739258
88,initial,pp,-6.1870198249816895
89,initial,pp,-7.322846412658691
90,initial,pp,-6.4438958168029785
91,initial,pp,-6.279683589935303
92,initial,pp,-7.982956409454346
93,initial,pp,-6.687071800231934
94,initial,pp,-6.647477149963379
95,initial,pp,-6.610994815826416
96,initial,pp,-6.478323459625244
97,initial,pp,-7.943120956420898
98,initial,pp,-7.924162864685059
99,initial,pp,-6.756171226501465
100,initial,pp,-7.477644920349121
101,initial,pp,-6.1748948097229
102,initial,pp,-8.226235389709473
103,initial,pp,-7.196508884429932
104,initial,pp,-6.898341655731201
105,initial,pp,-7.674103260040283
106,initial,pp,-7.415035724639893
107,initial,pp,-7.3373236656188965
108,initial,pp,-7.823956489562988
109,initial,pp,-7.283449649810791
110,initial,pp,-7.739276885986328
111,initial,pp,-7.602039337158203
112,initial,pp,-7.212429523468018
113,initial,pp,-7.179451942443848
114,initial,pp,-6.241236209869385
115,initial,pp,-8.015629768371582
116,initial,pp,-6.105631351470947
117,initial,pp,-7.904273986816406
118,initial,pp,-6.683889389038086
119,initial,pp,-7.6706156730651855
120,initial,pp,-7.946683406829834
121,initial,pp,-7.4711737632751465
122,initial,pp,-7.363800525665283
123,initial,pp,-6.6628522872924805
124,initial,pp,-7.2047438621521
125,initial,pp,-6.516496181488037
126,initial,pp,-7.900502681732178
127,initial,pp,-6.721057415008545
128,initial,pp,-8.094005584716797
129,initial,pp,-6.805330276489258
130,initial,pp,-7.029310703277588
131,initial,pp,-6.805330276489258
132,initial,pp,-7.3638014793396
133,initial,pp,-7.989325046539307
134,initial,pp,-7.472188472747803
135,initial,pp,-7.3638014793396
136,initial,pp,-7.900503158569336
137,initial,pp,-7.839932918548584
138,initial,pp,-5.302050590515137
139,initial,pp,-7.842138290405273
140,initial,pp,-6.945174694061279
141,initial,pp,-6.887460708618164
142,initial,pp,-6.718574047088623
143,initial,pp,-7.184256553649902
144,initial,pp,-7.429088592529297
145,initial,pp,-6.453531265258789
146,initial,pp,-6.057454586029053
147,initial,pp,-7.312290191650391
148,initial,pp,-7.414862155914307
149,initial,pp,-6.215195655822754
150,initial,pp,-5.470384120941162
151,initial,pp,-7.138779640197754
152,initial,pp,-7.336571216583252
153,initial,pp,-7.091904163360596
154,initial,pp,-6.799948215484619
155,initial,pp,-6.962259292602539
156,initial,pp,-6.391257286071777
157,initial,pp,-6.08989953994751
158,initial,pp,-6.4079790115356445
159,initial,pp,-7.053110122680664
160,initial,pp,-7.477615833282471
161,initial,pp,-8.749262809753418
162,initial,pp,-7.539956092834473
163,initial,pp,-8.34373950958252
164,initial,pp,-6.992476940155029
165,initial,pp,-7.081451892852783
166,initial,pp,-4.97710657119751
167,initial,pp,-7.484731197357178
168,initial,pp,-8.820393562316895
169,initial,pp,-7.086525917053223
170,initial,pp,-7.081188201904297
171,initial,pp,-8.34373950958252
172,initial,pp,-6.175661563873291
173,initial,pp,-6.111438751220703
174,initial,pp,-8.605177879333496
175,initial,pp,-7.191672325134277
176,initial,pp,-7.081451892852783
177,initial,pp,-8.4868745803833
178,initial,pp,-8.65381145477295
179,initial,pp,-5.988123416900635
180,initial,pp,-7.568980693817139
181,initial,pp,-6.528791904449463
182,initial,pp,-7.620987892150879
183,initial,pp,-6.1440749168396
184,initial,pp,-6.45008659362793
185,initial,pp,-6.539225101470947
186,initial,pp,-6.553610324859619
187,initial,pp,-5.374016284942627
188,initial,pp,-6.177337646484375
189,initial,pp,-6.371653079986572
190,initial,pp,-5.342779159545898
191,initial,pp,-6.694105625152588
192,initial,pp,-6.171782493591309
193,initial,pp,-6.20845890045166
194,initial,pp,-6.217200756072998
195,initial,pp,-6.238997936248779
196,initial,pp,-6.16665506362915
197,initial,pp,-7.244060516357422
198,initial,pp,-6.6035871505737305
199,initial,pp,-6.08723783493042
200,initial,pp,-7.311110496520996
201,initial,pp,-5.870694637298584
202,initial,pp,-5.795225620269775
203,initial,pp,-8.14442253112793
204,initial,pp,-7.095003604888916
205,initial,pp,-7.674167156219482
206,initial,pp,-6.985646724700928
207,initial,pp,-7.185807228088379
208,initial,pp,-5.612932205200195
209,initial,pp,-6.861191749572754
210,initial,pp,-6.385131359100342
211,initial,pp,-7.027927398681641
212,initial,pp,-6.530043125152588
213,initial,pp,-6.167827606201172
214,initial,pp,-7.1445746421813965
215,initial,pp,-6.342306137084961
216,initial,pp,-5.663384914398193
217,initial,pp,-7.443785190582275
218,initial,pp,-7.289997577667236
219,initial,pp,-7.01871395111084
220,initial,pp,-6.631964206695557
221,initial,do,-8.128755569458008
222,initial,do,-7.966849327087402
223,initial,do,-7.355109691619873
224,initial,do,-6.309019088745117
225,initial,do,-7.789244174957275
226,initial,do,-7.278077602386475
227,initial,do,-7.777365207672119
228,initial,do,-8.681112289428711
229,initial,do,-8.429147720336914
230,initial,do,-8.22270679473877
231,initial,do,-7.876401424407959
232,initial,do,-7.975764751434326
233,initial,do,-7.692826747894287
234,initial,do,-8.681112289428711
235,initial,do,-6.22737979888916
236,initial,do,-6.995998859405518
237,initial,do,-7.988821983337402
238,initial,do,-7.775839328765869
239,initial,do,-7.936676025390625
240,initial,do,-7.153628349304199
241,initial,do,-7.692826747894287
242,initial,do,-7.928704738616943
243,initial,do,-8.408034324645996
244,initial,do,-7.775839328765869
245,initial,do,-8.354190826416016
246,initial,do,-6.522797584533691
247,initial,do,-8.574448585510254
248,initial,do,-8.218917846679688
249,initial,do,-7.064763069152832
250,initial,do,-6.61204195022583
251,initial,do,-7.973503589630127
252,initial,do,-7.264978408813477
253,initial,do,-8.778496742248535
254,initial,do,-7.9848313331604
255,initial,do,-8.454371452331543
256,initial,do,-7.671344757080078
257,initial,do,-7.201693058013916
258,initial,do,-7.9848313331604
259,initial,do,-6.7320556640625
260,initial,do,-7.973503589630127
261,initial,do,-6.61204195022583
262,initial,do,-6.509411811828613
263,initial,do,-7.34528112411499
264,initial,pp,-6.918167591094971
265,initial,pp,-7.593139171600342
266,initial,pp,-6.9654340744018555
267,initial,pp,-6.205136299133301
268,initial,pp,-7.197718143463135
269,initial,pp,-6.974201679229736
270,initial,pp,-7.286717414855957
271,initial,pp,-7.775544166564941
272,initial,pp,-7.732274532318115
273,initial,pp,-7.56730842590332
274,initial,pp,-7.1996331214904785
275,initial,pp,-6.967668056488037
276,initial,pp,-7.132828235626221
277,initial,pp,-7.775544166564941
278,initial,pp,-6.330761909484863
279,initial,pp,-6.667562961578369
280,initial,pp,-7.361809730529785
281,initial,pp,-7.284528732299805
282,initial,pp,-7.039222717285156
283,initial,pp,-7.148642539978027
284,initial,do,-7.49263334274292
285,initial,do,-7.217602729797363
286,initial,do,-8.305170059204102
287,initial,do,-7.539792537689209
288,initial,do,-7.335509300231934
289,initial,do,-6.482727527618408
290,initial,do,-6.8078460693359375
291,initial,do,-8.535646438598633
292,initial,do,-7.335509300231934
293,initial,do,-7.4057936668396
294,initial,do,-6.538890838623047
295,initial,do,-7.501807689666748
296,initial,do,-6.525559902191162
297,initial,do,-7.7989301681518555
298,initial,do,-7.719197750091553
299,initial,do,-7.604286193847656
300,initial,do,-7.724315643310547
301,initial,do,-7.134422779083252
302,initial,do,-7.60135555267334
303,initial,do,-7.399979114532471
304,initial,do,-6.998758316040039
305,initial,do,-6.8078460693359375
306,initial,do,-8.135209083557129
307,initial,do,-6.841370582580566
308,initial,do,-7.539792537689209
309,initial,do,-7.241769313812256
310,initial,do,-6.129589080810547
311,initial,do,-7.729653835296631
312,initial,do,-7.539792537689209
313,initial,do,-8.364267349243164
314,initial,do,-6.530102729797363
315,initial,do,-7.613724708557129
316,initial,do,-7.465717315673828
317,initial,do,-8.029698371887207
318,initial,do,-6.129589080810547
319,initial,do,-7.134422779083252
320,initial,do,-6.8206281661987305
321,initial,do,-7.095181465148926
322,initial,do,-8.305169105529785
323,initial,do,-7.928004264831543
324,initial,do,-7.362420082092285
325,initial,do,-7.688604831695557
326,initial,do,-7.114254474639893
327,initial,pp,-7.331595420837402
328,initial,pp,-7.42410945892334
329,initial,pp,-8.003616333007812
330,initial,pp,-7.113511085510254
331,initial,pp,-7.203639507293701
332,initial,pp,-6.357954025268555
333,initial,pp,-6.875688552856445
334,initial,pp,-8.24415111541748
335,initial,pp,-7.203639507293701
336,initial,pp,-7.0130109786987305
337,initial,pp,-6.870165824890137
338,initial,pp,-7.1335577964782715
339,initial,pp,-6.696188449859619
340,initial,pp,-7.390254020690918
341,initial,pp,-7.580076217651367
342,initial,pp,-7.478542804718018
343,initial,pp,-7.407586097717285
344,initial,pp,-7.18154239654541
345,initial,pp,-7.3343424797058105
346,initial,pp,-7.388036727905273
347,initial,do,-6.897927761077881
348,initial,do,-6.090185642242432
349,initial,do,-6.971227169036865
350,initial,do,-6.416788101196289
351,initial,do,-6.772585868835449
352,initial,do,-6.448688983917236
353,initial,do,-6.930206298828125
354,initial,do,-6.5525970458984375
355,initial,do,-7.13665246963501
356,initial,do,-6.539701461791992
357,initial,do,-7.2644829750061035
358,initial,do,-6.936868667602539
359,initial,do,-6.294368267059326
360,initial,do,-6.782007217407227
361,initial,do,-6.582425594329834
362,initial,do,-6.470009803771973
363,initial,do,-6.768082618713379
364,initial,do,-7.128946304321289
365,initial,do,-6.855996131896973
366,initial,do,-6.161602973937988
367,initial,do,-6.393759727478027
368,initial,do,-6.390831470489502
369,initial,do,-7.019479751586914
370,initial,do,-5.6349945068359375
371,initial,do,-6.534555912017822
372,initial,do,-7.1162590980529785
373,initial,do,-6.424539089202881
374,initial,do,-6.54664945602417
375,initial,do,-5.84453010559082
376,initial,do,-6.866891384124756
377,initial,do,-6.377408504486084
378,initial,do,-6.686943531036377
379,initial,do,-6.598160743713379
380,initial,do,-6.636301517486572
381,initial,do,-6.887736797332764
382,initial,do,-6.623250961303711
383,initial,do,-6.05593204498291
384,initial,do,-6.534555912017822
385,initial,do,-6.247098445892334
386,initial,do,-6.424539089202881
387,initial,do,-6.255630016326904
388,initial,do,-6.425140380859375
389,initial,do,-6.443444728851318
390,initial,pp,-6.972696781158447
391,initial,pp,-5.799539566040039
392,initial,pp,-7.024099826812744
393,initial,pp,-6.247656345367432
394,initial,pp,-6.822734832763672
395,initial,pp,-6.4978928565979
396,initial,pp,-6.923537254333496
397,initial,pp,-6.780268669128418
398,initial,pp,-7.079240322113037
399,initial,pp,-6.662201881408691
400,initial,pp,-7.272049903869629
401,initial,pp,-6.7759833335876465
402,initial,pp,-6.278626918792725
403,initial,pp,-6.676880836486816
404,initial,pp,-6.914488315582275
405,initial,pp,-6.427547454833984
406,initial,pp,-6.787481784820557
407,initial,pp,-7.2049560546875
408,initial,pp,-6.601902008056641
409,initial,pp,-6.107588291168213
410,initial,do,-8.227423667907715
411,initial,do,-7.763651371002197
412,initial,do,-7.315754413604736
413,initial,do,-8.325420379638672
414,initial,do,-8.447707176208496
415,initial,do,-8.24803352355957
416,initial,do,-8.10799503326416
417,initial,do,-7.681094169616699
418,initial,do,-6.550986289978027
419,initial,do,-8.136308670043945
420,initial,do,-7.290520668029785
421,initial,do,-8.491705894470215
422,initial,do,-8.261486053466797
423,initial,do,-7.862751007080078
424,initial,do,-7.377964019775391
425,initial,do,-8.378240585327148
426,initial,do,-7.73807954788208
427,initial,do,-8.497550010681152
428,initial,do,-8.257464408874512
429,initial,do,-8.114164352416992
430,initial,do,-8.191526412963867
431,initial,do,-6.991933822631836
432,initial,do,-8.497550010681152
433,initial,do,-8.662697792053223
434,initial,do,-8.355544090270996
435,initial,do,-7.9838385581970215
436,initial,do,-7.947585582733154
437,initial,do,-8.22677230834961
438,initial,do,-7.3278937339782715
439,initial,do,-8.869704246520996
440,initial,do,-8.426133155822754
441,initial,do,-8.334309577941895
442,initial,do,-8.047430038452148
443,initial,do,-8.154540061950684
444,initial,do,-7.358572006225586
445,initial,do,-7.560990333557129
446,initial,do,-8.378240585327148
447,initial,do,-8.403916358947754
448,initial,do,-7.334572792053223
449,initial,do,-7.220993518829346
450,initial,do,-8.226667404174805
451,initial,do,-8.229005813598633
452,initial,do,-8.36460018157959
453,initial,pp,-7.948188304901123
454,initial,pp,-7.088622093200684
455,initial,pp,-7.241497993469238
456,initial,pp,-7.798128128051758
457,initial,pp,-7.983323574066162
458,initial,pp,-7.894269943237305
459,initial,pp,-7.778839111328125
460,initial,pp,-7.5171685218811035
461,initial,pp,-6.165969371795654
462,initial,pp,-7.922121524810791
463,initial,pp,-7.473481178283691
464,initial,pp,-8.317811965942383
465,initial,pp,-7.800171852111816
466,initial,pp,-7.848339080810547
467,initial,pp,-7.14558744430542
468,initial,pp,-8.128396987915039
469,initial,pp,-7.200862884521484
470,initial,pp,-8.216341972351074
471,initial,pp,-7.797037601470947
472,initial,pp,-7.855305194854736
473,initial,pp,-7.325865745544434
474,initial,pp,-8.351378440856934
475,initial,pp,-7.242489337921143
476,initial,pp,-6.872286796569824
477,initial,pp,-6.126779079437256
478,initial,pp,-7.539877891540527
479,initial,pp,-6.473618507385254
480,initial,pp,-6.6247758865356445
481,initial,pp,-7.6526970863342285
482,initial,pp,-7.67424201965332
483,initial,pp,-6.948049068450928
484,initial,pp,-7.810150146484375
485,initial,pp,-7.484174728393555
486,initial,pp,-6.367585182189941
487,initial,pp,-7.649768352508545
488,initial,pp,-7.061468124389648
489,initial,pp,-6.724844932556152
490,initial,pp,-7.715804100036621
491,initial,pp,-6.842479228973389
492,initial,pp,-7.089508056640625
493,initial,do,-8.1146879196167
494,initial,do,-7.8186116218566895
495,initial,do,-8.601763725280762
496,initial,do,-8.863645553588867
497,initial,do,-10.294334411621094
498,initial,do,-6.3560967445373535
499,initial,do,-8.957558631896973
500,initial,do,-9.251115798950195
501,initial,do,-8.14455509185791
502,initial,do,-6.858832359313965
503,initial,do,-9.092378616333008
504,initial,do,-7.939785003662109
505,initial,do,-9.29997730255127
506,initial,do,-7.918266773223877
507,initial,do,-9.716156005859375
508,initial,do,-9.214620590209961
509,initial,do,-8.853498458862305
510,initial,do,-7.750425815582275
511,initial,do,-7.690393924713135
512,initial,do,-9.870599746704102
513,initial,do,-7.298222064971924
514,initial,do,-9.13567066192627
515,initial,do,-9.331171989440918
516,initial,do,-9.555517196655273
517,initial,do,-7.8018059730529785
518,initial,do,-9.074319839477539
519,initial,do,-8.999353408813477
520,initial,do,-9.24805736541748
521,initial,do,-8.80315113067627
522,initial,do,-8.25692081451416
523,initial,do,-7.113853931427002
524,initial,do,-7.8340373039245605
525,initial,do,-9.141763687133789
526,initial,do,-9.520294189453125
527,initial,do,-7.746059417724609
528,initial,do,-9.369412422180176
529,initial,do,-9.369412422180176
530,initial,do,-9.921514511108398
531,initial,do,-9.826323509216309
532,initial,do,-10.02787971496582
533,initial,do,-9.865208625793457
534,initial,do,-8.598356246948242
535,initial,do,-7.847987651824951
536,initial,pp,-7.925817489624023
537,initial,pp,-7.432721138000488
538,initial,pp,-7.823201656341553
539,initial,pp,-8.124064445495605
540,initial,pp,-9.89218521118164
541,initial,pp,-5.85236930847168
542,initial,pp,-8.199511528015137
543,initial,pp,-8.545072555541992
544,initial,pp,-7.5278825759887695
545,initial,pp,-6.025266647338867
546,initial,pp,-8.247599601745605
547,initial,pp,-7.59315824508667
548,initial,pp,-8.151542663574219
549,initial,pp,-7.07928466796875
550,initial,pp,-8.91419506072998
551,initial,pp,-8.180915832519531
552,initial,pp,-8.042600631713867
553,initial,pp,-7.187269687652588
554,initial,pp,-7.180936336517334
555,initial,pp,-8.975512504577637
556,initial,do,-7.631642818450928
557,initial,do,-9.775247573852539
558,initial,do,-8.053117752075195
559,initial,do,-9.142902374267578
560,initial,do,-9.912335395812988
561,initial,do,-7.7073211669921875
562,initial,do,-7.441620349884033
563,initial,do,-8.823266983032227
564,initial,do,-9.775247573852539
565,initial,do,-9.138562202453613
566,initial,do,-6.693810939788818
567,initial,do,-6.440267086029053
568,initial,do,-7.2512688636779785
569,initial,do,-7.676161766052246
570,initial,do,-6.6190505027771
571,initial,do,-8.668573379516602
572,initial,do,-9.12212085723877
573,initial,do,-9.019613265991211
574,initial,do,-9.019613265991211
575,initial,do,-9.5635986328125
576,initial,do,-7.629160404205322
577,initial,do,-7.669912815093994
578,initial,do,-9.12212085723877
579,initial,do,-7.6470184326171875
580,initial,do,-7.574655532836914
581,initial,do,-7.2512688636779785
582,initial,do,-9.186906814575195
583,initial,do,-6.505216121673584
584,initial,do,-7.178383827209473
585,initial,do,-8.810710906982422
586,initial,do,-7.494616985321045
587,initial,do,-7.973303318023682
588,initial,do,-6.505216121673584
589,initial,do,-7.636997222900391
590,initial,do,-8.199430465698242
591,initial,do,-8.676526069641113
592,initial,do,-9.190462112426758
593,initial,do,-8.676526069641113
594,initial,do,-9.247538566589355
595,initial,do,-8.053117752075195
596,initial,do,-9.351354598999023
597,initial,do,-7.2512688636779785
598,initial,do,-9.138562202453613
599,initial,pp,-7.549178600311279
600,initial,pp,-8.752528190612793
601,initial,pp,-7.856839656829834
602,initial,pp,-9.193475723266602
603,initial,pp,-8.65617561340332
604,initial,pp,-7.452809810638428
605,initial,pp,-6.710901260375977
606,initial,pp,-8.47758960723877
607,initial,pp,-8.752528190612793
608,initial,pp,-8.746674537658691
609,initial,pp,-6.760336875915527
610,initial,pp,-6.4524970054626465
611,initial,pp,-7.018117427825928
612,initial,pp,-7.296936988830566
613,initial,pp,-6.736605644226074
614,initial,pp,-8.54247760772705
615,initial,pp,-8.59367847442627
616,initial,pp,-8.572376251220703
617,initial,pp,-8.572376251220703
618,initial,pp,-9.065896034240723
619,initial,do,-7.441866874694824
620,initial,do,-6.756483554840088
621,initial,do,-7.378269195556641
622,initial,do,-7.558840274810791
623,initial,do,-7.781769275665283
624,initial,do,-7.3837738037109375
625,initial,do,-7.5295305252075195
626,initial,do,-7.85284948348999
627,initial,do,-8.059250831604004
628,initial,do,-8.700291633605957
629,initial,do,-7.636326789855957
630,initial,do,-6.137270927429199
631,initial,do,-6.368154525756836
632,initial,do,-6.817969799041748
633,initial,do,-6.4167375564575195
634,initial,do,-7.565590858459473
635,initial,do,-6.757833957672119
636,initial,do,-7.7012939453125
637,initial,do,-6.368154525756836
638,initial,do,-7.781030178070068
639,initial,do,-7.952492713928223
640,initial,do,-8.280232429504395
641,initial,do,-7.767368793487549
642,initial,do,-8.356240272521973
643,initial,do,-7.5931854248046875
644,initial,do,-6.286657810211182
645,initial,do,-8.56884479522705
646,initial,do,-7.318996429443359
647,initial,do,-7.973380088806152
648,initial,do,-7.52953577041626
649,initial,do,-7.1193342208862305
650,initial,do,-8.435193061828613
651,initial,do,-8.089555740356445
652,initial,do,-8.170734405517578
653,initial,do,-8.584527969360352
654,initial,do,-6.940820693969727
655,initial,do,-7.130213260650635
656,initial,do,-8.130945205688477
657,initial,do,-7.618620872497559
658,initial,do,-6.368154525756836
659,initial,do,-7.958583354949951
660,initial,do,-8.405448913574219
661,initial,do,-7.055787086486816
662,initial,pp,-7.335710525512695
663,initial,pp,-6.423707962036133
664,initial,pp,-6.922536373138428
665,initial,pp,-7.589027404785156
666,initial,pp,-7.845162868499756
667,initial,pp,-7.656102180480957
668,initial,pp,-7.727582931518555
669,initial,pp,-7.954179763793945
670,initial,pp,-8.461105346679688
671,initial,pp,-8.467212677001953
672,initial,pp,-7.425102233886719
673,initial,pp,-5.7246012687683105
674,initial,pp,-6.135764122009277
675,initial,pp,-6.510564804077148
676,initial,pp,-5.974034309387207
677,initial,pp,-7.868620872497559
678,initial,pp,-6.421529769897461
679,initial,pp,-7.226930141448975
680,initial,pp,-6.135764122009277
681,initial,pp,-7.627673625946045
682,initial,do,-9.25572681427002
683,initial,do,-9.789947509765625
684,initial,do,-7.609039306640625
685,initial,do,-6.778037071228027
686,initial,do,-9.30396842956543
687,initial,do,-8.479761123657227
688,initial,do,-10.032524108886719
689,initial,do,-9.806333541870117
690,initial,do,-7.516291618347168
691,initial,do,-8.804398536682129
692,initial,do,-7.197985649108887
693,initial,do,-9.504611015319824
694,initial,do,-7.331880569458008
695,initial,do,-8.258784294128418
696,initial,do,-9.21766471862793
697,initial,do,-7.538163661956787
698,initial,do,-8.234078407287598
699,initial,do,-8.459844589233398
700,initial,do,-9.402676582336426
701,initial,do,-7.388533115386963
702,initial,do,-9.019227981567383
703,initial,do,-8.455023765563965
704,initial,do,-9.425847053527832
705,initial,do,-9.152129173278809
706,initial,do,-8.514364242553711
707,initial,do,-9.390602111816406
708,initial,do,-7.41670560836792
709,initial,do,-7.7418060302734375
710,initial,do,-10.278985977172852
711,initial,do,-7.998777866363525
712,initial,do,-8.491808891296387
713,initial,do,-10.260614395141602
714,initial,do,-9.485343933105469
715,initial,do,-9.422356605529785
716,initial,do,-9.753357887268066
717,initial,do,-10.107422828674316
718,initial,do,-9.446505546569824
719,initial,do,-9.365333557128906
720,initial,do,-7.6205668449401855
721,initial,do,-9.608724594116211
722,initial,do,-7.694263458251953
723,initial,do,-8.130382537841797
724,initial,do,-8.469738960266113
725,initial,pp,-9.31998348236084
726,initial,pp,-8.143272399902344
727,initial,pp,-7.24395751953125
728,initial,pp,-6.183137893676758
729,initial,pp,-8.269571304321289
730,initial,pp,-8.121931076049805
731,initial,pp,-9.914509773254395
732,initial,pp,-9.496406555175781
733,initial,pp,-7.029075622558594
734,initial,pp,-7.905088901519775
735,initial,pp,-7.004403114318848
736,initial,pp,-9.12081527709961
737,initial,pp,-6.998505115509033
738,initial,pp,-8.866582870483398
739,initial,pp,-9.163029670715332
740,initial,pp,-8.040529251098633
741,initial,pp,-7.599104881286621
742,initial,pp,-7.5600786209106445
743,initial,pp,-8.654349327087402
744,initial,pp,-7.575387477874756
745,initial,pp,-6.80437707901001
746,initial,pp,-6.818844795227051
747,initial,pp,-6.810490131378174
748,initial,pp,-6.935277462005615
749,initial,pp,-8.295433044433594
750,initial,pp,-7.547728538513184
751,initial,pp,-8.15881061553955
752,initial,pp,-7.0715131759643555
753,initial,pp,-6.845234394073486
754,initial,pp,-6.94590950012207
755,initial,pp,-6.432115077972412
756,initial,pp,-6.043238162994385
757,initial,pp,-7.181666851043701
758,initial,pp,-6.876789569854736
759,initial,pp,-6.832906246185303
760,initial,pp,-8.09529972076416
761,initial,pp,-8.06711483001709
762,initial,pp,-8.407439231872559
763,initial,pp,-6.612054347991943
764,initial,pp,-7.559050559997559
765,initial,pp,-7.83723783493042
766,initial,pp,-7.5474677085876465
767,initial,pp,-7.733051300048828
768,initial,pp,-7.201710224151611
769,initial,pp,-7.668946743011475
770,initial,pp,-8.076244354248047
771,initial,pp,-7.759341716766357
772,initial,pp,-8.42377758026123
773,initial,pp,-7.086885452270508
774,initial,pp,-6.2447509765625
775,initial,pp,-7.549632549285889
776,initial,pp,-6.643779277801514
777,initial,pp,-6.68790340423584
778,initial,pp,-8.046735763549805
779,initial,pp,-7.648120403289795
780,initial,pp,-8.018777847290039
781,initial,pp,-7.577422142028809
782,initial,pp,-6.489424705505371
783,initial,pp,-8.30946159362793
784,initial,pp,-8.19866943359375
785,initial,do,-7.116921901702881
786,initial,do,-6.054991722106934
787,initial,do,-6.76448392868042
788,initial,do,-6.351309776306152
789,initial,do,-7.191889762878418
790,initial,do,-6.656310558319092
791,initial,do,-6.221609592437744
792,initial,do,-6.752322673797607
793,initial,do,-7.718709468841553
794,initial,do,-7.901673316955566
795,initial,do,-6.929286956787109
796,initial,do,-5.85529899597168
797,initial,do,-6.892109394073486
798,initial,do,-8.354527473449707
799,initial,do,-6.109431743621826
800,initial,do,-5.553035736083984
801,initial,do,-7.658304691314697
802,initial,do,-6.7060465812683105
803,initial,do,-8.915485382080078
804,initial,do,-8.20441722869873
805,initial,do,-7.620113849639893
806,initial,do,-5.815627574920654
807,initial,do,-7.565914630889893
808,initial,do,-9.066605567932129
809,initial,do,-6.488873481750488
810,initial,do,-5.994931221008301
811,initial,do,-7.500741004943848
812,initial,do,-6.839268684387207
813,initial,do,-6.988540172576904
814,initial,do,-6.644268035888672
815,initial,do,-6.7837443351745605
816,initial,do,-6.606290817260742
817,initial,do,-6.0055952072143555
818,initial,do,-5.542494297027588
819,initial,do,-7.787265777587891
820,initial,do,-5.553035736083984
821,initial,do,-7.870299339294434
822,initial,do,-7.244159698486328
823,initial,do,-6.83543586730957
824,initial,do,-8.280580520629883
825,initial,do,-7.66395902633667
826,initial,do,-6.755959510803223
827,initial,do,-7.713306427001953
828,initial,pp,-6.828631401062012
829,initial,pp,-6.195481777191162
830,initial,pp,-6.491991996765137
831,initial,pp,-6.201347827911377
832,initial,pp,-6.917751789093018
833,initial,pp,-6.558018684387207
834,initial,pp,-6.478706359863281
835,initial,pp,-6.491645812988281
836,initial,pp,-7.381749629974365
837,initial,pp,-7.2597784996032715
838,initial,pp,-6.671961784362793
839,initial,pp,-5.938939094543457
840,initial,pp,-6.643940448760986
841,initial,pp,-7.687601089477539
842,initial,pp,-6.026192665100098
843,initial,pp,-5.546878337860107
844,initial,pp,-7.389455795288086
845,initial,pp,-6.462376594543457
846,initial,pp,-8.318293571472168
847,initial,pp,-7.46179723739624
848,initial,do,-6.494915008544922
849,initial,do,-6.898181438446045
850,initial,do,-6.27225399017334
851,initial,do,-8.716394424438477
852,initial,do,-6.378289222717285
853,initial,do,-8.100581169128418
854,initial,do,-7.508828163146973
855,initial,do,-6.146884441375732
856,initial,do,-6.731720924377441
857,initial,do,-6.4679083824157715
858,initial,do,-7.721705913543701
859,initial,do,-6.15330171585083
860,initial,do,-7.288483619689941
861,initial,do,-5.211901664733887
862,initial,do,-5.756067276000977
863,initial,do,-5.6840901374816895
864,initial,do,-6.101873397827148
865,initial,do,-8.213155746459961
866,initial,do,-5.695724010467529
867,initial,do,-6.452056884765625
868,initial,do,-6.751133918762207
869,initial,do,-6.343283176422119
870,initial,do,-8.004700660705566
871,initial,do,-6.133485794067383
872,initial,do,-6.365952014923096
873,initial,do,-6.894309997558594
874,initial,do,-6.731720924377441
875,initial,do,-6.612304210662842
876,initial,do,-6.586154937744141
877,initial,do,-7.390505313873291
878,initial,do,-6.853363037109375
879,initial,do,-5.601934909820557
880,initial,do,-8.100567817687988
881,initial,do,-7.340413570404053
882,initial,do,-6.674180030822754
883,initial,do,-6.729495525360107
884,initial,do,-6.494915008544922
885,initial,do,-6.6732587814331055
886,initial,do,-6.066025733947754
887,initial,do,-7.17879056930542
888,initial,do,-7.685878276824951
889,initial,do,-7.293734073638916
890,initial,do,-6.255324840545654
891,initial,pp,-6.374949932098389
892,initial,pp,-6.581900596618652
893,initial,pp,-6.179853439331055
894,initial,pp,-8.198731422424316
895,initial,pp,-6.206440448760986
896,initial,pp,-7.673394680023193
897,initial,pp,-7.1710381507873535
898,initial,pp,-6.23350191116333
899,initial,pp,-6.550400257110596
900,initial,pp,-6.4062581062316895
901,initial,pp,-7.053135395050049
902,initial,pp,-6.222770690917969
903,initial,pp,-6.931519031524658
904,initial,pp,-5.3199896812438965
905,initial,pp,-5.893582820892334
906,initial,pp,-5.680797100067139
907,initial,pp,-6.150285243988037
908,initial,pp,-7.615634918212891
909,initial,pp,-5.70155668258667
910,initial,pp,-6.274901390075684
911,initial,do,-6.9350996017456055
912,initial,do,-6.767965316772461
913,initial,do,-6.935263633728027
914,initial,do,-6.904069900512695
915,initial,do,-6.403191566467285
916,initial,do,-6.473677158355713
917,initial,do,-6.959579944610596
918,initial,do,-7.903047561645508
919,initial,do,-6.714138507843018
920,initial,do,-6.9411468505859375
921,initial,do,-6.625077724456787
922,initial,do,-6.551782131195068
923,initial,do,-7.427092552185059
924,initial,do,-6.416006565093994
925,initial,do,-6.4969892501831055
926,initial,do,-7.43972110748291
927,initial,do,-7.293935298919678
928,initial,do,-7.1421613693237305
929,initial,do,-6.5768537521362305
930,initial,do,-5.978871822357178
931,initial,do,-7.025471210479736
932,initial,do,-6.116192817687988
933,initial,do,-6.718682289123535
934,initial,do,-6.373902797698975
935,initial,do,-6.378026962280273
936,initial,do,-6.769594192504883
937,initial,do,-6.087229251861572
938,initial,do,-6.1387553215026855
939,initial,do,-7.748991012573242
940,initial,do,-6.365725517272949
941,initial,do,-6.749253749847412
942,initial,do,-7.687916278839111
943,initial,do,-6.424152374267578
944,initial,do,-6.7297163009643555
945,initial,do,-6.709602355957031
946,initial,do,-7.899309158325195
947,initial,do,-6.9438700675964355
948,initial,do,-6.499192237854004
949,initial,do,-6.9411468505859375
950,initial,do,-6.394532680511475
951,initial,do,-7.937299728393555
952,initial,do,-6.4828643798828125
953,initial,do,-6.9505767822265625
954,initial,pp,-7.049860954284668
955,initial,pp,-6.481095314025879
956,initial,pp,-7.141078472137451
957,initial,pp,-6.753804683685303
958,initial,pp,-6.436550617218018
959,initial,pp,-6.381797790527344
960,initial,pp,-7.093207836151123
961,initial,pp,-8.017066955566406
962,initial,pp,-6.870812892913818
963,initial,pp,-6.661460876464844
964,initial,pp,-6.433297634124756
965,initial,pp,-6.353320598602295
966,initial,pp,-7.302674770355225
967,initial,pp,-6.516845703125
968,initial,pp,-6.549188613891602
969,initial,pp,-7.291941165924072
970,initial,pp,-7.036137580871582
971,initial,pp,-7.476446151733398
972,initial,pp,-6.589203357696533
973,initial,pp,-5.898168087005615
974,initial,do,-7.689652919769287
975,initial,do,-7.395839691162109
976,initial,do,-8.619429588317871
977,initial,do,-7.863433837890625
978,initial,do,-6.99686336517334
979,initial,do,-6.8082356452941895
980,initial,do,-8.729055404663086
981,initial,do,-6.951024532318115
982,initial,do,-7.7265424728393555
983,initial,do,-7.006509304046631
984,initial,do,-7.445128440856934
985,initial,do,-7.520671367645264
986,initial,do,-8.320619583129883
987,initial,do,-7.558586597442627
988,initial,do,-8.322530746459961
989,initial,do,-9.004611015319824
990,initial,do,-8.76901912689209
991,initial,do,-6.903216361999512
992,initial,do,-7.206997394561768
993,initial,do,-7.538299560546875
994,initial,do,-6.513471603393555
995,initial,do,-8.096515655517578
996,initial,do,-7.1084465980529785
997,initial,do,-7.579435348510742
998,initial,do,-7.454183101654053
999,initial,do,-6.347748756408691
1000,initial,do,-6.892387390136719
1001,initial,do,-6.432031154632568
1002,initial,do,-7.316122055053711
1003,initial,do,-7.538299560546875
1004,initial,do,-6.709291934967041
1005,initial,do,-6.67626953125
1006,initial,do,-7.846329689025879
1007,initial,do,-7.223505020141602
1008,initial,do,-7.16542911529541
1009,initial,do,-7.0064568519592285
1010,initial,do,-7.334917068481445
1011,initial,do,-8.406027793884277
1012,initial,do,-7.937233924865723
1013,initial,do,-7.967818260192871
1014,initial,do,-7.937233924865723
1015,initial,do,-6.578867435455322
1016,initial,do,-6.825560569763184
1017,initial,pp,-7.435871124267578
1018,initial,pp,-7.219748020172119
1019,initial,pp,-8.290311813354492
1020,initial,pp,-7.479830741882324
1021,initial,pp,-6.714778900146484
1022,initial,pp,-6.725495338439941
1023,initial,pp,-8.007652282714844
1024,initial,pp,-6.352538108825684
1025,initial,pp,-7.493536949157715
1026,initial,pp,-6.4828972816467285
1027,initial,pp,-7.448697090148926
1028,initial,pp,-7.349599838256836
1029,initial,pp,-8.005377769470215
1030,initial,pp,-7.022367477416992
1031,initial,pp,-7.746922969818115
1032,initial,pp,-8.664763450622559
1033,initial,pp,-8.150303840637207
1034,initial,pp,-6.756030559539795
1035,initial,pp,-6.78739070892334
1036,initial,pp,-7.126121520996094
1037,initial,pp,-6.426729679107666
1038,initial,pp,-6.083877086639404
1039,initial,pp,-6.74243688583374
1040,initial,pp,-6.481567859649658
1041,initial,pp,-5.700963020324707
1042,initial,pp,-6.94887113571167
1043,initial,pp,-7.910394191741943
1044,initial,pp,-5.256537437438965
1045,initial,pp,-7.122722148895264
1046,initial,pp,-6.46014404296875
1047,initial,pp,-7.935023307800293
1048,initial,pp,-5.962283611297607
1049,initial,pp,-5.948337078094482
1050,initial,pp,-5.643380165100098
1051,initial,pp,-5.700717449188232
1052,initial,pp,-7.0533270835876465
1053,initial,pp,-6.855079174041748
1054,initial,pp,-6.610292911529541
1055,initial,pp,-5.278815269470215
1056,initial,pp,-6.140285015106201
1057,initial,pp,-6.909528732299805
1058,initial,pp,-6.711841583251953
1059,initial,pp,-7.090975761413574
1060,initial,pp,-5.831282138824463
1061,initial,pp,-6.479995250701904
1062,initial,pp,-6.604513168334961
1063,initial,pp,-5.695271015167236
1064,initial,pp,-6.399043560028076
1065,initial,pp,-6.3901872634887695
1066,initial,pp,-6.56376314163208
1067,initial,pp,-7.065391540527344
1068,initial,pp,-5.497066020965576
1069,initial,pp,-5.802057266235352
1070,initial,pp,-6.278521537780762
1071,initial,pp,-6.144381999969482
1072,initial,pp,-6.140027046203613
1073,initial,pp,-6.14738130569458
1074,initial,pp,-6.5355610847473145
1075,initial,pp,-6.481694221496582
1076,initial,pp,-6.913148403167725
1077,initial,do,-8.237725257873535
1078,initial,do,-8.291960716247559
1079,initial,do,-8.795870780944824
1080,initial,do,-8.640633583068848
1081,initial,do,-6.931429386138916
1082,initial,do,-7.914617538452148
1083,initial,do,-8.132645606994629
1084,initial,do,-7.897458553314209
1085,initial,do,-7.969693660736084
1086,initial,do,-6.6449666023254395
1087,initial,do,-7.828662395477295
1088,initial,do,-7.771062850952148
1089,initial,do,-8.39173412322998
1090,initial,do,-8.210367202758789
1091,initial,do,-8.342445373535156
1092,initial,do,-7.657190799713135
1093,initial,do,-8.479292869567871
1094,initial,do,-7.896432876586914
1095,initial,do,-7.144726276397705
1096,initial,do,-7.767932891845703
1097,initial,do,-8.358783721923828
1098,initial,do,-8.43770694732666
1099,initial,do,-8.637160301208496
1100,initial,do,-8.683236122131348
1101,initial,do,-7.798844814300537
1102,initial,do,-8.23706340789795
1103,initial,do,-7.579015254974365
1104,initial,do,-7.240821361541748
1105,initial,do,-8.157822608947754
1106,initial,do,-7.603523254394531
1107,initial,do,-8.43770694732666
1108,initial,do,-9.136198997497559
1109,initial,do,-6.4833760261535645
1110,initial,do,-8.32154369354248
1111,initial,do,-7.11276912689209
1112,initial,do,-6.718717098236084
1113,initial,do,-8.27612590789795
1114,initial,do,-7.787354946136475
1115,initial,do,-7.618510723114014
1116,initial,do,-8.587666511535645
1117,initial,do,-8.523083686828613
1118,initial,do,-8.362338066101074
1119,initial,do,-6.471559047698975
1120,initial,pp,-7.049819469451904
1121,initial,pp,-7.403448581695557
1122,initial,pp,-7.842923164367676
1123,initial,pp,-7.24758243560791
1124,initial,pp,-6.476834774017334
1125,initial,pp,-7.402762413024902
1126,initial,pp,-7.192831516265869
1127,initial,pp,-7.230556011199951
1128,initial,pp,-7.095520973205566
1129,initial,pp,-6.34364652633667
1130,initial,pp,-6.726963043212891
1131,initial,pp,-6.709868431091309
1132,initial,pp,-7.718339443206787
1133,initial,pp,-7.416709899902344
1134,initial,pp,-7.512959957122803
1135,initial,pp,-7.302237033843994
1136,initial,pp,-7.4441022872924805
1137,initial,pp,-6.971943378448486
1138,initial,pp,-6.811252593994141
1139,initial,pp,-6.9535813331604
1140,initial,do,-8.210585594177246
1141,initial,do,-7.899336338043213
1142,initial,do,-6.164678573608398
1143,initial,do,-7.355404376983643
1144,initial,do,-6.867074966430664
1145,initial,do,-7.550379276275635
1146,initial,do,-8.210585594177246
1147,initial,do,-8.098519325256348
1148,initial,do,-7.838110446929932
1149,initial,do,-6.802803993225098
1150,initial,do,-7.358956813812256
1151,initial,do,-8.727753639221191
1152,initial,do,-7.747293949127197
1153,initial,do,-8.149347305297852
1154,initial,do,-7.832559585571289
1155,initial,do,-6.649179458618164
1156,initial,do,-7.192315101623535
1157,initial,do,-6.850698471069336
1158,initial,do,-8.280268669128418
1159,initial,do,-7.484695911407471
1160,initial,do,-8.474205017089844
1161,initial,do,-6.4712958335876465
1162,initial,do,-7.255725860595703
1163,initial,do,-6.729761600494385
1164,initial,do,-7.899336338043213
1165,initial,do,-6.713595867156982
1166,initial,do,-8.544608116149902
1167,initial,do,-6.6566338539123535
1168,initial,do,-7.837216854095459
1169,initial,do,-7.272167682647705
1170,initial,do,-6.634197235107422
1171,initial,do,-7.350456237792969
1172,initial,do,-7.192315101623535
1173,initial,do,-7.965206146240234
1174,initial,do,-7.652627468109131
1175,initial,do,-7.652627468109131
1176,initial,do,-8.149344444274902
1177,initial,do,-8.051129341125488
1178,initial,do,-6.8669514656066895
1179,initial,do,-6.649179458618164
1180,initial,do,-7.255725860595703
1181,initial,do,-7.957046031951904
1182,initial,do,-6.6566338539123535
1183,initial,pp,-7.483780860900879
1184,initial,pp,-7.230265140533447
1185,initial,pp,-5.994551658630371
1186,initial,pp,-6.7992682456970215
1187,initial,pp,-6.561892509460449
1188,initial,pp,-7.083991527557373
1189,initial,pp,-7.483780860900879
1190,initial,pp,-7.419270038604736
1191,initial,pp,-7.378262042999268
1192,initial,pp,-6.45359992980957
1193,initial,pp,-7.166176795959473
1194,initial,pp,-8.173574447631836
1195,initial,pp,-7.249122142791748
1196,initial,pp,-7.403090476989746
1197,initial,pp,-6.9912638664245605
1198,initial,pp,-6.5370941162109375
1199,initial,pp,-6.89240837097168
1200,initial,pp,-6.6049485206604
1201,initial,pp,-7.539008140563965
1202,initial,pp,-6.947213649749756
1203,initial,do,-7.460052490234375
1204,initial,do,-6.761913299560547
1205,initial,do,-7.580805778503418
1206,initial,do,-7.194953918457031
1207,initial,do,-7.473390102386475
1208,initial,do,-6.7134108543396
1209,initial,do,-7.821977615356445
1210,initial,do,-7.100259780883789
1211,initial,do,-6.409719467163086
1212,initial,do,-6.9385552406311035
1213,initial,do,-7.53713321685791
1214,initial,do,-6.662271976470947
1215,initial,do,-6.597728252410889
1216,initial,do,-7.072790145874023
1217,initial,do,-7.7220869064331055
1218,initial,do,-6.834109306335449
1219,initial,do,-6.954043865203857
1220,initial,do,-7.073150157928467
1221,initial,do,-6.25783634185791
1222,initial,do,-6.295680046081543
1223,initial,do,-8.071389198303223
1224,initial,do,-7.505151748657227
1225,initial,do,-8.075087547302246
1226,initial,do,-7.243712425231934
1227,initial,do,-7.586736679077148
1228,initial,do,-7.2059807777404785
1229,initial,do,-7.1636552810668945
1230,initial,do,-7.371046543121338
1231,initial,do,-7.5163679122924805
1232,initial,do,-7.090073585510254
1233,initial,do,-7.117323875427246
1234,initial,do,-7.354742050170898
1235,initial,do,-6.659206390380859
1236,initial,do,-7.212792873382568
1237,initial,do,-7.254592418670654
1238,initial,do,-7.56820821762085
1239,initial,do,-6.04265832901001
1240,initial,do,-7.613872528076172
1241,initial,do,-7.5077223777771
1242,initial,do,-6.175462245941162
1243,initial,do,-6.726499557495117
1244,initial,do,-7.922369956970215
1245,initial,do,-7.120189666748047
1246,initial,pp,-7.6988654136657715
1247,initial,pp,-6.420878887176514
1248,initial,pp,-7.265697002410889
1249,initial,pp,-7.129264831542969
1250,initial,pp,-6.997072696685791
1251,initial,pp,-6.233213901519775
1252,initial,pp,-7.326168537139893
1253,initial,pp,-6.554665565490723
1254,initial,pp,-6.094966411590576
1255,initial,pp,-6.932291030883789
1256,initial,pp,-7.307012557983398
1257,initial,pp,-7.008540153503418
1258,initial,pp,-6.496498107910156
1259,initial,pp,-6.743340969085693
1260,initial,pp,-7.280819416046143
1261,initial,pp,-6.210667133331299
1262,initial,pp,-6.657438278198242
1263,initial,pp,-6.96376895904541
1264,initial,pp,-6.391330242156982
1265,initial,pp,-6.0295329093933105
1266,initial,do,-6.985789775848389
1267,initial,do,-7.614155292510986
1268,initial,do,-7.787537097930908
1269,initial,do,-7.798097610473633
1270,initial,do,-7.390450477600098
1271,initial,do,-8.391138076782227
1272,initial,do,-9.131244659423828
1273,initial,do,-9.101305961608887
1274,initial,do,-7.243038654327393
1275,initial,do,-9.010849952697754
1276,initial,do,-9.079943656921387
1277,initial,do,-7.344692707061768
1278,initial,do,-8.945877075195312
1279,initial,do,-8.512049674987793
1280,initial,do,-7.851512432098389
1281,initial,do,-9.102519035339355
1282,initial,do,-8.401908874511719
1283,initial,do,-8.327301979064941
1284,initial,do,-7.669700622558594
1285,initial,do,-8.60463809967041
1286,initial,do,-6.592743396759033
1287,initial,do,-8.32332706451416
1288,initial,do,-8.969063758850098
1289,initial,do,-8.34803295135498
1290,initial,do,-8.255017280578613
1291,initial,do,-7.9276251792907715
1292,initial,do,-7.977258682250977
1293,initial,do,-8.930240631103516
1294,initial,do,-8.238953590393066
1295,initial,do,-8.452807426452637
1296,initial,do,-7.409632205963135
1297,initial,do,-8.057963371276855
1298,initial,do,-8.174856185913086
1299,initial,do,-6.36757230758667
1300,initial,do,-8.076476097106934
1301,initial,do,-9.038817405700684
1302,initial,do,-8.335692405700684
1303,initial,do,-7.52576208114624
1304,initial,do,-7.530731678009033
1305,initial,do,-8.592913627624512
1306,initial,do,-8.535378456115723
1307,initial,do,-7.09825325012207
1308,initial,do,-8.926918983459473
1309,initial,pp,-6.44097900390625
1310,initial,pp,-6.848650932312012
1311,initial,pp,-7.065757751464844
1312,initial,pp,-6.997190952301025
1313,initial,pp,-6.436652183532715
1314,initial,pp,-8.168123245239258
1315,initial,pp,-8.965660095214844
1316,initial,pp,-8.325881004333496
1317,initial,pp,-6.3731231689453125
1318,initial,pp,-8.599686622619629
1319,initial,pp,-7.981880187988281
1320,initial,pp,-6.694123268127441
1321,initial,pp,-8.094861030578613
1322,initial,pp,-7.698991298675537
1323,initial,pp,-7.634983539581299
1324,initial,pp,-8.393649101257324
1325,initial,pp,-7.378047943115234
1326,initial,pp,-8.110404968261719
1327,initial,pp,-7.055039405822754
1328,initial,pp,-8.202289581298828
1329,initial,pp,-6.037261962890625
1330,initial,pp,-5.880575180053711
1331,initial,pp,-7.324955463409424
1332,initial,pp,-7.485200881958008
1333,initial,pp,-7.168519973754883
1334,initial,pp,-6.471490383148193
1335,initial,pp,-5.629077911376953
1336,initial,pp,-5.871343612670898
1337,initial,pp,-6.555014133453369
1338,initial,pp,-6.694354057312012
1339,initial,pp,-6.143155574798584
1340,initial,pp,-7.073071002960205
1341,initial,pp,-6.631414890289307
1342,initial,pp,-7.709547996520996
1343,initial,pp,-7.56406831741333
1344,initial,pp,-6.7624359130859375
1345,initial,pp,-7.482823848724365
1346,initial,pp,-5.608954906463623
1347,initial,pp,-7.109498023986816
1348,initial,pp,-6.219580173492432
1349,initial,pp,-6.498753547668457
1350,initial,pp,-6.480923175811768
1351,initial,pp,-7.254264831542969
1352,initial,pp,-6.788366794586182
1353,initial,pp,-6.578749179840088
1354,initial,pp,-6.044864654541016
1355,initial,pp,-5.992422103881836
1356,initial,pp,-5.95278787612915
1357,initial,pp,-6.417130947113037
1358,initial,pp,-6.766749858856201
1359,initial,pp,-6.4871721267700195
1360,initial,pp,-7.209237575531006
1361,initial,pp,-5.861761569976807
1362,initial,pp,-6.704157829284668
1363,initial,pp,-6.887617111206055
1364,initial,pp,-6.889195919036865
1365,initial,pp,-6.9643425941467285
1366,initial,pp,-6.603471755981445
1367,initial,pp,-6.21833610534668
1368,initial,pp,-6.682531356811523
1,final,pp,-4.4703898429870605
2,final,pp,-4.9749369621276855
3,final,pp,-4.74248743057251
4,final,pp,-5.040139675140381
5,final,pp,-4.438353538513184
6,final,pp,-5.201864242553711
7,final,pp,-4.995464324951172
8,final,pp,-4.781360626220703
9,final,pp,-3.6288223266601562
10,final,pp,-4.943088054656982
11,final,pp,-4.725048065185547
12,final,pp,-3.8077712059020996
13,final,pp,-4.459487438201904
14,final,pp,-3.9574995040893555
15,final,pp,-4.9441914558410645
16,final,pp,-4.781360626220703
17,final,pp,-4.8133440017700195
18,final,pp,-3.5256118774414062
19,final,pp,-5.420589447021484
20,final,pp,-4.114295482635498
21,final,pp,-4.55645227432251
22,final,pp,-4.996738433837891
23,final,pp,-4.801352500915527
24,final,pp,-4.730060577392578
25,final,pp,-5.2269287109375
26,final,pp,-4.99503755569458
27,final,pp,-4.837776184082031
28,final,pp,-4.753084659576416
29,final,pp,-4.834322452545166
30,final,pp,-4.718496799468994
31,final,pp,-5.331356525421143
32,final,pp,-4.730060577392578
33,final,pp,-5.114908695220947
34,final,pp,-5.410772323608398
35,final,pp,-3.9722847938537598
36,final,pp,-3.9758026599884033
37,final,pp,-4.834323406219482
38,final,pp,-3.976156234741211
39,final,pp,-5.7387471199035645
40,final,pp,-5.16008996963501
41,final,pp,-4.815310955047607
42,final,pp,-4.7160186767578125
43,final,pp,-4.630074501037598
44,final,pp,-4.97049617767334
45,final,pp,-5.374469757080078
46,final,pp,-5.187956809997559
47,final,pp,-5.412060737609863
48,final,pp,-4.411052227020264
49,final,pp,-5.09473180770874
50,final,pp,-4.781611919403076
51,final,pp,-4.910670280456543
52,final,pp,-4.616270542144775
53,final,pp,-5.270068168640137
54,final,pp,-5.463747024536133
55,final,pp,-5.162317276000977
56,final,pp,-3.7559585571289062
57,final,pp,-4.421505928039551
58,final,pp,-4.842041015625
59,final,pp,-5.134268760681152
60,final,pp,-5.184479713439941
61,final,pp,-5.096492767333984
62,final,pp,-4.884999752044678
63,final,pp,-6.003812789916992
64,final,pp,-5.578711986541748
65,final,pp,-5.758295059204102
66,final,pp,-5.561304092407227
67,final,pp,-4.595029830932617
68,final,pp,-5.4749436378479
69,final,pp,-5.3601765632629395
70,final,pp,-5.375823974609375
71,final,pp,-4.163324356079102
72,final,pp,-5.995619297027588
73,final,pp,-5.698911666870117
74,final,pp,-5.860474109649658
75,final,pp,-4.983514785766602
76,final,pp,-4.748293399810791
77,final,pp,-5.255539894104004
78,final,pp,-4.813807010650635
79,final,pp,-4.347264289855957
80,final,pp,-5.474260330200195
81,final,pp,-4.495621681213379
82,final,pp,-5.092608451843262
83,final,pp,-5.638970375061035
84,final,pp,-4.79974365234375
85,final,pp,-5.092608451843262
86,final,pp,-5.25390625
87,final,pp,-4.641401767730713
88,final,pp,-4.679752826690674
89,final,pp,-5.035778999328613
90,final,pp,-4.540896415710449
91,final,pp,-4.592264652252197
92,final,pp,-5.713012218475342
93,final,pp,-5.190729141235352
94,final,pp,-4.642734050750732
95,final,pp,-4.477564811706543
96,final,pp,-4.9913506507873535
97,final,pp,-5.417934417724609
98,final,pp,-5.408034324645996
99,final,pp,-4.913259029388428
100,final,pp,-5.215576171875
101,final,pp,-4.786993026733398
102,final,pp,-5.015401363372803
103,final,pp,-4.642758846282959
104,final,pp,-4.489328384399414
105,final,pp,-4.894078254699707
106,final,pp,-5.100073337554932
107,final,pp,-4.4346795082092285
108,final,pp,-4.700118064880371
109,final,pp,-5.13883638381958
110,final,pp,-5.356339454650879
111,final,pp,-5.047280311584473
112,final,pp,-4.74415922164917
113,final,pp,-4.570425987243652
114,final,pp,-4.7611470222473145
115,final,pp,-5.219207763671875
116,final,pp,-3.3097851276397705
117,final,pp,-5.556524753570557
118,final,pp,-5.3574442863464355
119,final,pp,-5.3514404296875
120,final,pp,-5.460968494415283
121,final,pp,-4.3543524742126465
122,final,pp,-4.205999851226807
123,final,pp,-4.657783508300781
124,final,pp,-4.4269890785217285
125,final,pp,-3.4226527214050293
126,final,pp,-4.804218769073486
127,final,pp,-3.670729875564575
128,final,pp,-4.751382350921631
129,final,pp,-3.7846755981445312
130,final,pp,-3.6987359523773193
131,final,pp,-3.7846755981445312
132,final,pp,-4.205999851226807
133,final,pp,-4.808007717132568
134,final,pp,-3.6843016147613525
135,final,pp,-4.205999851226807
136,final,pp,-4.804218769073486
137,final,pp,-4.118491172790527
138,final,pp,-3.4728260040283203
139,final,pp,-4.577690124511719
140,final,pp,-3.810457468032837
141,final,pp,-4.710102558135986
142,final,pp,-4.213656902313232
143,final,pp,-4.583404064178467
144,final,pp,-4.94279670715332
145,final,pp,-3.986438035964966
146,final,pp,-3.502150535583496
147,final,pp,-4.9754862785339355
148,final,pp,-4.816843032836914
149,final,pp,-4.351761817932129
150,final,pp,-4.08322286605835
151,final,pp,-4.998104095458984
152,final,pp,-4.818510055541992
153,final,pp,-4.240704536437988
154,final,pp,-4.5411834716796875
155,final,pp,-4.482163429260254
156,final,pp,-4.900269031524658
157,final,pp,-4.153964042663574
158,final,pp,-4.471055030822754
159,final,pp,-4.672147750854492
160,final,pp,-4.995879173278809
161,final,pp,-5.530812740325928
162,final,pp,-4.486288070678711
163,final,pp,-4.4246697425842285
164,final,pp,-3.6612911224365234
165,final,pp,-4.23663854598999
166,final,pp,-3.1283013820648193
167,final,pp,-5.496126651763916
168,final,pp,-5.586585521697998
169,final,pp,-4.397892475128174
170,final,pp,-4.470485210418701
171,final,pp,-4.4246697425842285
172,final,pp,-3.783402442932129
173,final,pp,-4.263296604156494
174,final,pp,-5.452066898345947
175,final,pp,-4.403478145599365
176,final,pp,-4.23663854598999
177,final,pp,-5.422898769378662
178,final,pp,-5.463407039642334
179,final,pp,-3.709728479385376
180,final,pp,-4.809179306030273
181,final,pp,-4.15654993057251
182,final,pp,-5.258391380310059
183,final,pp,-4.725654602050781
184,final,pp,-4.604926109313965
185,final,pp,-4.813163757324219
186,final,pp,-4.926572799682617
187,final,pp,-4.201571941375732
188,final,pp,-4.182905197143555
189,final,pp,-4.497250080108643
190,final,pp,-4.2642316818237305
191,final,pp,-5.120392322540283
192,final,pp,-4.6144208908081055
193,final,pp,-4.597309589385986
194,final,pp,-3.7153735160827637
195,final,pp,-4.790607929229736
196,final,pp,-4.291312217712402
197,final,pp,-4.4534220695495605
198,final,pp,-5.022282600402832
199,final,pp,-5.036541938781738
200,final,pp,-5.040648460388184
201,final,pp,-3.5987894535064697
202,final,pp,-2.915468454360962
203,final,pp,-5.461777210235596
204,final,pp,-4.203862190246582
205,final,pp,-4.868697643280029
206,final,pp,-4.088635444641113
207,final,pp,-4.818613529205322
208,final,pp,-3.9507150650024414
209,final,pp,-4.20181941986084
210,final,pp,-3.7656261920928955
211,final,pp,-4.325961589813232
212,final,pp,-4.886497497558594
213,final,pp,-3.560962677001953
214,final,pp,-4.870649814605713
215,final,pp,-4.294085502624512
216,final,pp,-3.4417498111724854
217,final,pp,-4.838508129119873
218,final,pp,-4.13922643661499
219,final,pp,-4.193041801452637
220,final,pp,-4.229600429534912
221,final,do,-5.664914131164551
222,final,do,-5.645680904388428
223,final,do,-5.109172821044922
224,final,do,-4.177605152130127
225,final,do,-5.341285705566406
226,final,do,-5.080069065093994
227,final,do,-5.232728004455566
228,final,do,-6.885953426361084
229,final,do,-6.261639595031738
230,final,do,-5.821742057800293
231,final,do,-6.110280513763428
232,final,do,-5.708583831787109
233,final,do,-5.90741491317749
234,final,do,-6.885953426361084
235,final,do,-4.177490234375
236,final,do,-4.846138954162598
237,final,do,-5.583450794219971
238,final,do,-5.160472869873047
239,final,do,-5.668567180633545
240,final,do,-5.746870040893555
241,final,do,-5.90741491317749
242,final,do,-5.284180641174316
243,final,do,-6.564420223236084
244,final,do,-5.160472869873047
245,final,do,-5.698161602020264
246,final,do,-5.410863876342773
247,final,do,-6.196064472198486
248,final,do,-5.57124662399292
249,final,do,-4.577364444732666
250,final,do,-4.015550136566162
251,final,do,-5.99534273147583
252,final,do,-6.248878479003906
253,final,do,-6.913926124572754
254,final,do,-5.408237457275391
255,final,do,-6.031729698181152
256,final,do,-5.334537982940674
257,final,do,-6.171682834625244
258,final,do,-5.408237457275391
259,final,do,-5.411711692810059
260,final,do,-5.99534273147583
261,final,do,-4.015550136566162
262,final,do,-5.258273601531982
263,final,do,-5.035400390625
264,final,pp,-4.983694076538086
265,final,pp,-5.274456024169922
266,final,pp,-4.612842559814453
267,final,pp,-3.721815824508667
268,final,pp,-5.136274814605713
269,final,pp,-4.684752464294434
270,final,pp,-5.022609710693359
271,final,pp,-6.12556791305542
272,final,pp,-5.502364158630371
273,final,pp,-5.134767532348633
274,final,pp,-5.463212013244629
275,final,pp,-5.177252769470215
276,final,pp,-5.126357078552246
277,final,pp,-6.12556791305542
278,final,pp,-3.8895890712738037
279,final,pp,-4.4184160232543945
280,final,pp,-5.056800842285156
281,final,pp,-5.110604763031006
282,final,pp,-4.903441905975342
283,final,pp,-5.367272853851318
284,final,do,-5.710870265960693
285,final,do,-5.1644110679626465
286,final,do,-6.492203712463379
287,final,do,-5.559737205505371
288,final,do,-5.565401554107666
289,final,do,-4.492545127868652
290,final,do,-5.303404808044434
291,final,do,-6.498591899871826
292,final,do,-5.565401554107666
293,final,do,-5.465025901794434
294,final,do,-5.098398685455322
295,final,do,-5.254273414611816
296,final,do,-5.207629680633545
297,final,do,-5.723690509796143
298,final,do,-5.692863464355469
299,final,do,-5.76889705657959
300,final,do,-5.707244396209717
301,final,do,-5.12333869934082
302,final,do,-5.801146507263184
303,final,do,-6.0497307777404785
304,final,do,-5.124481201171875
305,final,do,-5.303404808044434
306,final,do,-6.026639461517334
307,final,do,-4.821591377258301
308,final,do,-5.559737205505371
309,final,do,-5.918046474456787
310,final,do,-5.1171698570251465
311,final,do,-5.727367877960205
312,final,do,-5.559737205505371
313,final,do,-6.5354461669921875
314,final,do,-5.174763202667236
315,final,do,-5.615779399871826
316,final,do,-5.542887210845947
317,final,do,-6.431889533996582
318,final,do,-5.1171698570251465
319,final,do,-5.12333869934082
320,final,do,-5.4168853759765625
321,final,do,-5.82476282119751
322,final,do,-6.492203712463379
323,final,do,-5.746342182159424
324,final,do,-5.795506000518799
325,final,do,-6.089151859283447
326,final,do,-6.204104900360107
327,final,pp,-5.45151948928833
328,final,pp,-5.008185386657715
329,final,pp,-6.083500385284424
330,final,pp,-4.89100980758667
331,final,pp,-5.1448655128479
332,final,pp,-3.886110544204712
333,final,pp,-4.729962348937988
334,final,pp,-5.950512409210205
335,final,pp,-5.1448655128479
336,final,pp,-4.855939865112305
337,final,pp,-4.755412578582764
338,final,pp,-4.709209442138672
339,final,pp,-4.834430694580078
340,final,pp,-5.11785888671875
341,final,pp,-5.22662353515625
342,final,pp,-5.216249465942383
343,final,pp,-5.0650410652160645
344,final,pp,-4.725685119628906
345,final,pp,-5.317866802215576
346,final,pp,-5.63043212890625
347,final,do,-5.688709735870361
348,final,do,-5.29785680770874
349,final,do,-5.810381889343262
350,final,do,-5.2349443435668945
351,final,do,-5.922362327575684
352,final,do,-5.167666912078857
353,final,do,-5.660310745239258
354,final,do,-5.487177848815918
355,final,do,-5.791582107543945
356,final,do,-5.6351799964904785
357,final,do,-5.970008373260498
358,final,do,-5.625906944274902
359,final,do,-5.759463787078857
360,final,do,-5.7694902420043945
361,final,do,-5.513021469116211
362,final,do,-5.5387349128723145
363,final,do,-5.766879558563232
364,final,do,-6.16050910949707
365,final,do,-5.214651107788086
366,final,do,-5.494094371795654
367,final,do,-5.392930507659912
368,final,do,-5.47965145111084
369,final,do,-6.063899517059326
370,final,do,-4.297230243682861
371,final,do,-5.495981216430664
372,final,do,-5.932457447052002
373,final,do,-5.256775856018066
374,final,do,-5.613112449645996
375,final,do,-5.149410247802734
376,final,do,-5.418920516967773
377,final,do,-5.700205326080322
378,final,do,-5.562745571136475
379,final,do,-5.706268310546875
380,final,do,-5.193986892700195
381,final,do,-6.170820713043213
382,final,do,-5.230263710021973
383,final,do,-5.392514228820801
384,final,do,-5.495981216430664
385,final,do,-4.790102958679199
386,final,do,-5.256775856018066
387,final,do,-4.960716247558594
388,final,do,-4.879725456237793
389,final,do,-5.821098804473877
390,final,pp,-5.476885795593262
391,final,pp,-4.798313617706299
392,final,pp,-5.513775825500488
393,final,pp,-4.756951332092285
394,final,pp,-5.4396538734436035
395,final,pp,-5.026658535003662
396,final,pp,-5.252195835113525
397,final,pp,-5.436526775360107
398,final,pp,-5.56578254699707
399,final,pp,-5.129621505737305
400,final,pp,-5.6340107917785645
401,final,pp,-5.300143718719482
402,final,pp,-5.452168941497803
403,final,pp,-5.314006805419922
404,final,pp,-5.244483470916748
405,final,pp,-4.999948024749756
406,final,pp,-5.576165199279785
407,final,pp,-5.417986869812012
408,final,pp,-4.775366306304932
409,final,pp,-4.978147983551025
410,final,do,-6.830070972442627
411,final,do,-5.617714881896973
412,final,do,-5.823791027069092
413,final,do,-6.7256245613098145
414,final,do,-7.029945373535156
415,final,do,-6.442484378814697
416,final,do,-7.059247970581055
417,final,do,-6.360393524169922
418,final,do,-5.692389488220215
419,final,do,-7.195114612579346
420,final,do,-6.55054235458374
421,final,do,-6.665449619293213
422,final,do,-6.253024578094482
423,final,do,-6.538730144500732
424,final,do,-6.366827964782715
425,final,do,-6.917834281921387
426,final,do,-5.6543755531311035
427,final,do,-6.647514343261719
428,final,do,-6.574435710906982
429,final,do,-6.8968658447265625
430,final,do,-7.3222150802612305
431,final,do,-6.215919017791748
432,final,do,-6.647514343261719
433,final,do,-6.688651084899902
434,final,do,-6.9601240158081055
435,final,do,-6.535136699676514
436,final,do,-6.058653831481934
437,final,do,-6.687549114227295
438,final,do,-6.284277439117432
439,final,do,-7.469101905822754
440,final,do,-6.8748626708984375
441,final,do,-6.243675231933594
442,final,do,-6.428929805755615
443,final,do,-6.345873832702637
444,final,do,-5.70937442779541
445,final,do,-6.175637245178223
446,final,do,-6.917834281921387
447,final,do,-6.955160617828369
448,final,do,-6.517232894897461
449,final,do,-5.069493770599365
450,final,do,-6.706543445587158
451,final,do,-6.9176716804504395
452,final,do,-6.538826942443848
453,final,pp,-5.888332366943359
454,final,pp,-4.984928131103516
455,final,pp,-5.349505424499512
456,final,pp,-5.808476448059082
457,final,pp,-5.935912609100342
458,final,pp,-5.939541816711426
459,final,pp,-5.917821407318115
460,final,pp,-5.6552934646606445
461,final,pp,-5.186296463012695
462,final,pp,-6.147980690002441
463,final,pp,-6.231200218200684
464,final,pp,-6.504095077514648
465,final,pp,-5.559508323669434
466,final,pp,-5.97978401184082
467,final,pp,-5.21099853515625
468,final,pp,-6.388760566711426
469,final,pp,-5.199451923370361
470,final,pp,-6.242781162261963
471,final,pp,-6.087109565734863
472,final,pp,-5.875487327575684
473,final,pp,-5.341737747192383
474,final,pp,-6.25280237197876
475,final,pp,-5.442818641662598
476,final,pp,-5.076681137084961
477,final,pp,-5.015554428100586
478,final,pp,-5.935879707336426
479,final,pp,-4.903079509735107
480,final,pp,-5.659945964813232
481,final,pp,-6.16362190246582
482,final,pp,-5.814949035644531
483,final,pp,-5.220125675201416
484,final,pp,-6.462241172790527
485,final,pp,-5.64884090423584
486,final,pp,-4.207126617431641
487,final,pp,-6.031526565551758
488,final,pp,-5.273618698120117
489,final,pp,-4.713259696960449
490,final,pp,-5.880648612976074
491,final,pp,-5.517727375030518
492,final,pp,-4.905465126037598
493,final,do,-6.723506450653076
494,final,do,-6.395984649658203
495,final,do,-5.931454658508301
496,final,do,-5.988381385803223
497,final,do,-7.742339134216309
498,final,do,-4.930395603179932
499,final,do,-6.641698360443115
500,final,do,-6.72732400894165
501,final,do,-6.134954929351807
502,final,do,-5.282010555267334
503,final,do,-6.791843414306641
504,final,do,-5.952295303344727
505,final,do,-6.522425651550293
506,final,do,-6.354198932647705
507,final,do,-7.111494541168213
508,final,do,-6.296771049499512
509,final,do,-6.483100891113281
510,final,do,-6.443469047546387
511,final,do,-5.276490688323975
512,final,do,-7.355257511138916
513,final,do,-6.11289119720459
514,final,do,-6.406144142150879
515,final,do,-6.394716262817383
516,final,do,-6.1973042488098145
517,final,do,-5.566532135009766
518,final,do,-6.11414909362793
519,final,do,-6.597700595855713
520,final,do,-6.540587425231934
521,final,do,-6.260014533996582
522,final,do,-5.580677509307861
523,final,do,-5.782686233520508
524,final,do,-5.2084245681762695
525,final,do,-6.808083534240723
526,final,do,-7.042284965515137
527,final,do,-5.8366241455078125
528,final,do,-6.930264949798584
529,final,do,-6.930264949798584
530,final,do,-7.004736423492432
531,final,do,-6.999894142150879
532,final,do,-6.859814643859863
533,final,do,-7.462586879730225
534,final,do,-6.79387092590332
535,final,do,-5.6339430809021
536,final,pp,-6.555177688598633
537,final,pp,-6.009000778198242
538,final,pp,-5.051398277282715
539,final,pp,-5.029630661010742
540,final,pp,-7.399982452392578
541,final,pp,-4.281393051147461
542,final,pp,-5.518379211425781
543,final,pp,-5.7714691162109375
544,final,pp,-5.876155853271484
545,final,pp,-4.393094539642334
546,final,pp,-5.790005207061768
547,final,pp,-5.801768779754639
548,final,pp,-5.30944299697876
549,final,pp,-5.698658466339111
550,final,pp,-6.654384136199951
551,final,pp,-5.631937026977539
552,final,pp,-5.307997226715088
553,final,pp,-5.810290813446045
554,final,pp,-4.7060017585754395
555,final,pp,-6.188375949859619
556,final,do,-5.743576526641846
557,final,do,-7.137271881103516
558,final,do,-6.79223108291626
559,final,do,-6.607735633850098
560,final,do,-7.379582405090332
561,final,do,-5.883347988128662
562,final,do,-6.22210168838501
563,final,do,-6.316192626953125
564,final,do,-7.137271881103516
565,final,do,-6.674582004547119
566,final,do,-4.779803276062012
567,final,do,-4.935659885406494
568,final,do,-6.044177532196045
569,final,do,-6.356198787689209
570,final,do,-5.32324743270874
571,final,do,-6.212817668914795
572,final,do,-6.403454780578613
573,final,do,-6.808091163635254
574,final,do,-6.808091163635254
575,final,do,-6.979246616363525
576,final,do,-5.761995315551758
577,final,do,-5.732737064361572
578,final,do,-6.403454780578613
579,final,do,-5.701476573944092
580,final,do,-5.260723114013672
581,final,do,-6.044177532196045
582,final,do,-6.769864082336426
583,final,do,-5.117173671722412
584,final,do,-4.695225238800049
585,final,do,-6.191945552825928
586,final,do,-5.223132610321045
587,final,do,-5.650904178619385
588,final,do,-5.117173671722412
589,final,do,-5.008870601654053
590,final,do,-6.545607089996338
591,final,do,-5.92956018447876
592,final,do,-7.006548881530762
593,final,do,-5.92956018447876
594,final,do,-6.7795257568359375
595,final,do,-6.79223108291626
596,final,do,-7.238476753234863
597,final,do,-6.044177532196045
598,final,do,-6.674582004547119
599,final,pp,-5.661871433258057
600,final,pp,-6.178468227386475
601,final,pp,-6.518966197967529
602,final,pp,-6.1222100257873535
603,final,pp,-6.068710803985596
604,final,pp,-5.734032154083252
605,final,pp,-5.616927623748779
606,final,pp,-5.47184419631958
607,final,pp,-6.178468227386475
608,final,pp,-5.614179611206055
609,final,pp,-4.65629243850708
610,final,pp,-4.238683223724365
611,final,pp,-5.476562976837158
612,final,pp,-5.936854362487793
613,final,pp,-4.862815856933594
614,final,pp,-5.402885913848877
615,final,pp,-5.658325672149658
616,final,pp,-5.886802673339844
617,final,pp,-5.886802673339844
618,final,pp,-6.4129486083984375
619,final,do,-6.72784948348999
620,final,do,-5.279784679412842
621,final,do,-5.993153095245361
622,final,do,-6.439615249633789
623,final,do,-6.140380859375
624,final,do,-5.832573890686035
625,final,do,-6.473744869232178
626,final,do,-6.44698429107666
627,final,do,-7.0254082679748535
628,final,do,-7.542743682861328
629,final,do,-6.3174543380737305
630,final,do,-5.427218914031982
631,final,do,-5.635106563568115
632,final,do,-5.807518005371094
633,final,do,-5.595331192016602
634,final,do,-6.471384525299072
635,final,do,-5.341766357421875
636,final,do,-6.012475490570068
637,final,do,-5.635106563568115
638,final,do,-6.922349452972412
639,final,do,-6.454611301422119
640,final,do,-6.597760200500488
641,final,do,-6.165859222412109
642,final,do,-6.909275531768799
643,final,do,-6.198928356170654
644,final,do,-4.742975234985352
645,final,do,-6.990998268127441
646,final,do,-6.029276371002197
647,final,do,-6.920365810394287
648,final,do,-6.059704780578613
649,final,do,-6.109213829040527
650,final,do,-7.023256778717041
651,final,do,-6.183140277862549
652,final,do,-6.46442174911499
653,final,do,-7.119507789611816
654,final,do,-5.861704349517822
655,final,do,-6.521852493286133
656,final,do,-6.572449207305908
657,final,do,-6.735756874084473
658,final,do,-5.635106563568115
659,final,do,-6.603555202484131
660,final,do,-6.859016418457031
661,final,do,-5.637545585632324
662,final,pp,-6.231092929840088
663,final,pp,-4.467301368713379
664,final,pp,-5.099892616271973
665,final,pp,-6.2522454261779785
666,final,pp,-5.619202136993408
667,final,pp,-5.489112854003906
668,final,pp,-6.552340030670166
669,final,pp,-6.205249309539795
670,final,pp,-6.582980632781982
671,final,pp,-6.606520175933838
672,final,pp,-5.395359039306641
673,final,pp,-4.563491344451904
674,final,pp,-4.741472244262695
675,final,pp,-4.809524059295654
676,final,pp,-4.733484268188477
677,final,pp,-5.933374404907227
678,final,pp,-4.451242446899414
679,final,pp,-5.2712249755859375
680,final,pp,-4.741472244262695
681,final,pp,-6.60593318939209
682,final,do,-7.120459079742432
683,final,do,-7.67367696762085
684,final,do,-5.433851718902588
685,final,do,-5.9275689125061035
686,final,do,-7.565616130828857
687,final,do,-6.972618579864502
688,final,do,-8.205666542053223
689,final,do,-7.6988325119018555
690,final,do,-6.760451793670654
691,final,do,-7.659315586090088
692,final,do,-6.651829719543457
693,final,do,-7.785802364349365
694,final,do,-6.50300931930542
695,final,do,-7.176931858062744
696,final,do,-7.791592597961426
697,final,do,-6.22367525100708
698,final,do,-6.51057767868042
699,final,do,-6.40264892578125
700,final,do,-6.6272430419921875
701,final,do,-6.162714004516602
702,final,do,-7.769192218780518
703,final,do,-6.4747138023376465
704,final,do,-7.395285129547119
705,final,do,-7.001160621643066
706,final,do,-6.418082237243652
707,final,do,-7.62789249420166
708,final,do,-6.341125965118408
709,final,do,-5.988877773284912
710,final,do,-8.49299430847168
711,final,do,-6.720398426055908
712,final,do,-7.312589645385742
713,final,do,-8.198939323425293
714,final,do,-7.452345848083496
715,final,do,-7.360102653503418
716,final,do,-7.366418361663818
717,final,do,-7.818458557128906
718,final,do,-7.5299577713012695
719,final,do,-6.961729526519775
720,final,do,-5.860423564910889
721,final,do,-7.651499271392822
722,final,do,-6.855621337890625
723,final,do,-6.4398579597473145
724,final,do,-6.722564697265625
725,final,pp,-6.811407566070557
726,final,pp,-5.946794033050537
727,final,pp,-4.313268184661865
728,final,pp,-5.433764934539795
729,final,pp,-6.091361999511719
730,final,pp,-6.12782621383667
731,final,pp,-7.774051666259766
732,final,pp,-6.223289489746094
733,final,pp,-5.98546838760376
734,final,pp,-6.608754634857178
735,final,pp,-5.868935585021973
736,final,pp,-6.7567596435546875
737,final,pp,-5.804916858673096
738,final,pp,-6.506893157958984
739,final,pp,-6.772343158721924
740,final,pp,-5.574626445770264
741,final,pp,-5.364969730377197
742,final,pp,-5.421525478363037
743,final,pp,-5.935577869415283
744,final,pp,-5.572662830352783
745,final,pp,-5.548903465270996
746,final,pp,-4.889331817626953
747,final,pp,-5.60485315322876
748,final,pp,-5.185240745544434
749,final,pp,-6.535495281219482
750,final,pp,-5.549076557159424
751,final,pp,-6.178044319152832
752,final,pp,-5.6517109870910645
753,final,pp,-6.0643157958984375
754,final,pp,-5.775449275970459
755,final,pp,-5.122279167175293
756,final,pp,-5.244647979736328
757,final,pp,-5.99256706237793
758,final,pp,-5.187448501586914
759,final,pp,-5.160089015960693
760,final,pp,-6.4009881019592285
761,final,pp,-6.084550857543945
762,final,pp,-6.596796989440918
763,final,pp,-5.705415725708008
764,final,pp,-6.20006799697876
765,final,pp,-5.223740577697754
766,final,pp,-4.876518249511719
767,final,pp,-5.833224296569824
768,final,pp,-5.1225433349609375
769,final,pp,-5.8940839767456055
770,final,pp,-6.120588779449463
771,final,pp,-5.196375370025635
772,final,pp,-6.24714994430542
773,final,pp,-5.596005439758301
774,final,pp,-4.802467346191406
775,final,pp,-5.049729347229004
776,final,pp,-4.505290508270264
777,final,pp,-4.598503112792969
778,final,pp,-5.405304908752441
779,final,pp,-5.500960350036621
780,final,pp,-5.28130578994751
781,final,pp,-5.465657711029053
782,final,pp,-4.988029479980469
783,final,pp,-6.457474708557129
784,final,pp,-6.3472208976745605
785,final,do,-5.078773498535156
786,final,do,-4.004304885864258
787,final,do,-5.413686752319336
788,final,do,-4.556087017059326
789,final,do,-4.651692867279053
790,final,do,-4.7752275466918945
791,final,do,-5.438726902008057
792,final,do,-4.663583755493164
793,final,do,-5.680253028869629
794,final,do,-5.169922828674316
795,final,do,-4.569381237030029
796,final,do,-4.059595108032227
797,final,do,-5.000401496887207
798,final,do,-5.6174187660217285
799,final,do,-3.9339475631713867
800,final,do,-4.210437774658203
801,final,do,-5.634725093841553
802,final,do,-4.691620826721191
803,final,do,-6.594099998474121
804,final,do,-5.850746154785156
805,final,do,-5.58820104598999
806,final,do,-3.5940792560577393
807,final,do,-5.079204082489014
808,final,do,-6.949708461761475
809,final,do,-4.98997688293457
810,final,do,-4.944055080413818
811,final,do,-6.509234428405762
812,final,do,-4.810561180114746
813,final,do,-4.927069664001465
814,final,do,-5.077992916107178
815,final,do,-4.378986358642578
816,final,do,-4.767475128173828
817,final,do,-4.208122730255127
818,final,do,-4.149489879608154
819,final,do,-5.4841766357421875
820,final,do,-4.210437774658203
821,final,do,-5.260829925537109
822,final,do,-5.229060649871826
823,final,do,-4.799676895141602
824,final,do,-5.656215667724609
825,final,do,-5.261887550354004
826,final,do,-4.241040229797363
827,final,do,-5.355284690856934
828,final,pp,-4.7354021072387695
829,final,pp,-4.390964031219482
830,final,pp,-5.2566819190979
831,final,pp,-4.320266246795654
832,final,pp,-4.396299839019775
833,final,pp,-4.6791558265686035
834,final,pp,-5.446638584136963
835,final,pp,-4.59124231338501
836,final,pp,-5.19180154800415
837,final,pp,-4.937464237213135
838,final,pp,-4.666982650756836
839,final,pp,-4.125990867614746
840,final,pp,-4.857793807983398
841,final,pp,-5.394795894622803
842,final,pp,-4.057196140289307
843,final,pp,-4.293490886688232
844,final,pp,-5.243745803833008
845,final,pp,-4.818385601043701
846,final,pp,-6.045717239379883
847,final,pp,-5.607293605804443
848,final,do,-4.789336204528809
849,final,do,-4.899416446685791
850,final,do,-4.736683368682861
851,final,do,-6.917358875274658
852,final,do,-4.554580211639404
853,final,do,-6.13380765914917
854,final,do,-6.530796527862549
855,final,do,-5.117406845092773
856,final,do,-4.823840141296387
857,final,do,-4.240764617919922
858,final,do,-5.74837589263916
859,final,do,-5.271805286407471
860,final,do,-5.031757831573486
861,final,do,-4.028839588165283
862,final,do,-4.7765350341796875
863,final,do,-4.640935897827148
864,final,do,-4.276820182800293
865,final,do,-6.539131164550781
866,final,do,-4.233949661254883
867,final,do,-4.671553134918213
868,final,do,-5.16820764541626
869,final,do,-4.69741153717041
870,final,do,-5.783210754394531
871,final,do,-4.59478759765625
872,final,do,-4.8725433349609375
873,final,do,-5.187056541442871
874,final,do,-4.823841571807861
875,final,do,-4.799249649047852
876,final,do,-5.112682819366455
877,final,do,-5.238089084625244
878,final,do,-5.133985996246338
879,final,do,-4.298583507537842
880,final,do,-6.117999076843262
881,final,do,-5.469454288482666
882,final,do,-5.0978617668151855
883,final,do,-5.0160980224609375
884,final,do,-4.789336681365967
885,final,do,-5.126242637634277
886,final,do,-4.640646934509277
887,final,do,-5.672393321990967
888,final,do,-5.435664653778076
889,final,do,-5.4249796867370605
890,final,do,-4.609776020050049
891,final,pp,-4.515578269958496
892,final,pp,-4.699159622192383
893,final,pp,-4.334216117858887
894,final,pp,-6.042093753814697
895,final,pp,-4.446340084075928
896,final,pp,-5.469482421875
897,final,pp,-6.061638832092285
898,final,pp,-5.183680057525635
899,final,pp,-4.625247478485107
900,final,pp,-4.07749080657959
901,final,pp,-4.993910789489746
902,final,pp,-5.3117899894714355
903,final,pp,-4.5850934982299805
904,final,pp,-4.012415409088135
905,final,pp,-4.682286739349365
906,final,pp,-4.456629753112793
907,final,pp,-4.304235935211182
908,final,pp,-5.737571716308594
909,final,pp,-4.146754264831543
910,final,pp,-4.407195568084717
911,final,do,-5.574210166931152
912,final,do,-5.311166763305664
913,final,do,-5.833399295806885
914,final,do,-5.3206682205200195
915,final,do,-5.1265764236450195
916,final,do,-5.354758262634277
917,final,do,-5.782119274139404
918,final,do,-6.9332709312438965
919,final,do,-5.1841511726379395
920,final,do,-5.513092994689941
921,final,do,-5.286713123321533
922,final,do,-5.626651287078857
923,final,do,-6.053558826446533
924,final,do,-5.050255298614502
925,final,do,-5.4414873123168945
926,final,do,-6.017561435699463
927,final,do,-5.997178077697754
928,final,do,-6.02276611328125
929,final,do,-5.781716346740723
930,final,do,-4.896402835845947
931,final,do,-5.76664400100708
932,final,do,-4.997255325317383
933,final,do,-5.175118446350098
934,final,do,-5.055628776550293
935,final,do,-5.047969341278076
936,final,do,-5.038571357727051
937,final,do,-4.435765266418457
938,final,do,-5.091826438903809
939,final,do,-6.904887676239014
940,final,do,-5.0474534034729
941,final,do,-5.2262468338012695
942,final,do,-6.290578365325928
943,final,do,-5.099542140960693
944,final,do,-5.371593952178955
945,final,do,-5.108394622802734
946,final,do,-6.810459613800049
947,final,do,-5.697325229644775
948,final,do,-4.654291152954102
949,final,do,-5.513092517852783
950,final,do,-5.036816120147705
951,final,do,-6.610927581787109
952,final,do,-5.242068290710449
953,final,do,-5.14799690246582
954,final,pp,-5.486854076385498
955,final,pp,-4.9258222579956055
956,final,pp,-5.620992660522461
957,final,pp,-4.940838813781738
958,final,pp,-4.961542129516602
959,final,pp,-5.277838230133057
960,final,pp,-5.949325084686279
961,final,pp,-6.420144081115723
962,final,pp,-5.103559970855713
963,final,pp,-5.111328125
964,final,pp,-5.194947719573975
965,final,pp,-5.219892501831055
966,final,pp,-5.6449875831604
967,final,pp,-4.954876899719238
968,final,pp,-5.435527801513672
969,final,pp,-5.523193359375
970,final,pp,-5.37423038482666
971,final,pp,-6.170492649078369
972,final,pp,-5.704054832458496
973,final,pp,-4.863525390625
974,final,do,-5.367851734161377
975,final,do,-5.342825889587402
976,final,do,-6.5940022468566895
977,final,do,-6.189554691314697
978,final,do,-5.3861212730407715
979,final,do,-5.245755672454834
980,final,do,-7.015117645263672
981,final,do,-5.077814102172852
982,final,do,-6.4947614669799805
983,final,do,-5.026206016540527
984,final,do,-6.240850448608398
985,final,do,-5.763417720794678
986,final,do,-6.1489973068237305
987,final,do,-5.93737268447876
988,final,do,-6.740257263183594
989,final,do,-7.1625518798828125
990,final,do,-7.0342206954956055
991,final,do,-5.832871437072754
992,final,do,-5.57625150680542
993,final,do,-6.056585311889648
994,final,do,-5.652774810791016
995,final,do,-6.25006103515625
996,final,do,-5.548636436462402
997,final,do,-6.265452861785889
998,final,do,-6.161054611206055
999,final,do,-5.710052490234375
1000,final,do,-5.305346965789795
1001,final,do,-5.487843990325928
1002,final,do,-5.637886047363281
1003,final,do,-6.056585311889648
1004,final,do,-5.230764865875244
1005,final,do,-5.627039909362793
1006,final,do,-5.6995344161987305
1007,final,do,-5.854501724243164
1008,final,do,-5.354833126068115
1009,final,do,-4.987940788269043
1010,final,do,-6.076620101928711
1011,final,do,-6.493439674377441
1012,final,do,-6.622185707092285
1013,final,do,-6.91543436050415
1014,final,do,-6.622185707092285
1015,final,do,-5.4353108406066895
1016,final,do,-4.544678688049316
1017,final,pp,-4.936219215393066
1018,final,pp,-4.792503833770752
1019,final,pp,-6.190666198730469
1020,final,pp,-5.2705159187316895
1021,final,pp,-5.158048629760742
1022,final,pp,-5.094465255737305
1023,final,pp,-5.97441291809082
1024,final,pp,-4.568087577819824
1025,final,pp,-5.50806188583374
1026,final,pp,-4.576294422149658
1027,final,pp,-6.092320919036865
1028,final,pp,-5.466583251953125
1029,final,pp,-5.739748954772949
1030,final,pp,-5.158807277679443
1031,final,pp,-5.974298477172852
1032,final,pp,-6.229794979095459
1033,final,pp,-6.269585609436035
1034,final,pp,-5.190075397491455
1035,final,pp,-5.152249813079834
1036,final,pp,-5.579442024230957
1037,final,pp,-5.104257106781006
1038,final,pp,-4.3045878410339355
1039,final,pp,-5.475830554962158
1040,final,pp,-4.997880935668945
1041,final,pp,-4.5232391357421875
1042,final,pp,-5.533768177032471
1043,final,pp,-6.245112419128418
1044,final,pp,-3.722242832183838
1045,final,pp,-6.178715229034424
1046,final,pp,-5.427505970001221
1047,final,pp,-5.873471260070801
1048,final,pp,-5.110046863555908
1049,final,pp,-4.9045186042785645
1050,final,pp,-4.781598091125488
1051,final,pp,-4.507046699523926
1052,final,pp,-5.667866230010986
1053,final,pp,-5.487686634063721
1054,final,pp,-5.036470890045166
1055,final,pp,-4.571674823760986
1056,final,pp,-4.927024841308594
1057,final,pp,-5.207469940185547
1058,final,pp,-4.929851055145264
1059,final,pp,-5.199416160583496
1060,final,pp,-4.6234965324401855
1061,final,pp,-5.0807366371154785
1062,final,pp,-4.812342166900635
1063,final,pp,-4.033278942108154
1064,final,pp,-4.478998184204102
1065,final,pp,-5.561202526092529
1066,final,pp,-4.4050421714782715
1067,final,pp,-5.493277549743652
1068,final,pp,-4.2335734367370605
1069,final,pp,-4.5521769523620605
1070,final,pp,-4.854187488555908
1071,final,pp,-4.670923233032227
1072,final,pp,-4.7002949714660645
1073,final,pp,-3.794915199279785
1074,final,pp,-4.814180374145508
1075,final,pp,-4.6737260818481445
1076,final,pp,-5.374154090881348
1077,final,do,-5.786920547485352
1078,final,do,-5.9133620262146
1079,final,do,-5.955451965332031
1080,final,do,-5.406612396240234
1081,final,do,-3.851121187210083
1082,final,do,-4.84175443649292
1083,final,do,-5.183562278747559
1084,final,do,-5.121298313140869
1085,final,do,-4.905491828918457
1086,final,do,-4.641241550445557
1087,final,do,-4.824245452880859
1088,final,do,-4.210397243499756
1089,final,do,-5.744016647338867
1090,final,do,-5.4181809425354
1091,final,do,-5.155447006225586
1092,final,do,-4.892783164978027
1093,final,do,-5.571554183959961
1094,final,do,-4.738080978393555
1095,final,do,-5.639803886413574
1096,final,do,-4.836030960083008
1097,final,do,-5.193392276763916
1098,final,do,-5.12713623046875
1099,final,do,-6.143650531768799
1100,final,do,-5.778435230255127
1101,final,do,-5.295894145965576
1102,final,do,-5.560787200927734
1103,final,do,-4.944899082183838
1104,final,do,-3.926551103591919
1105,final,do,-4.845643997192383
1106,final,do,-4.455303192138672
1107,final,do,-5.12713623046875
1108,final,do,-6.900336742401123
1109,final,do,-4.31246280670166
1110,final,do,-5.90520715713501
1111,final,do,-6.00879430770874
1112,final,do,-4.292675018310547
1113,final,do,-5.1309733390808105
1114,final,do,-5.0995707511901855
1115,final,do,-4.578986167907715
1116,final,do,-5.608092784881592
1117,final,do,-5.250232219696045
1118,final,do,-5.478779315948486
1119,final,do,-3.8315212726593018
1120,final,pp,-4.716635227203369
1121,final,pp,-5.2950358390808105
1122,final,pp,-5.220164775848389
1123,final,pp,-4.274143695831299
1124,final,pp,-3.2316055297851562
1125,final,pp,-4.206721305847168
1126,final,pp,-4.094805717468262
1127,final,pp,-4.177857398986816
1128,final,pp,-4.180977821350098
1129,final,pp,-4.041236400604248
1130,final,pp,-4.190860271453857
1131,final,pp,-3.7076926231384277
1132,final,pp,-5.221334934234619
1133,final,pp,-5.156681537628174
1134,final,pp,-4.690110206604004
1135,final,pp,-4.344541072845459
1136,final,pp,-4.514401912689209
1137,final,pp,-4.437865257263184
1138,final,pp,-5.183588027954102
1139,final,pp,-4.068119525909424
1140,final,do,-5.646778106689453
1141,final,do,-5.751959323883057
1142,final,do,-4.956322193145752
1143,final,do,-5.110281467437744
1144,final,do,-5.43023157119751
1145,final,do,-4.966113567352295
1146,final,do,-5.646778106689453
1147,final,do,-6.19267463684082
1148,final,do,-5.398889064788818
1149,final,do,-4.732821941375732
1150,final,do,-4.949565410614014
1151,final,do,-6.657253265380859
1152,final,do,-5.316221714019775
1153,final,do,-6.122095584869385
1154,final,do,-5.208582401275635
1155,final,do,-3.9591310024261475
1156,final,do,-5.325764179229736
1157,final,do,-5.601969242095947
1158,final,do,-6.1661057472229
1159,final,do,-4.9427900314331055
1160,final,do,-5.810969829559326
1161,final,do,-4.178418159484863
1162,final,do,-6.219822406768799
1163,final,do,-5.563011169433594
1164,final,do,-5.751959323883057
1165,final,do,-5.015815734863281
1166,final,do,-6.230021953582764
1167,final,do,-4.687617778778076
1168,final,do,-5.002406597137451
1169,final,do,-5.497874736785889
1170,final,do,-4.5979695320129395
1171,final,do,-5.246975421905518
1172,final,do,-5.325764179229736
1173,final,do,-5.198225498199463
1174,final,do,-5.093387126922607
1175,final,do,-5.093387126922607
1176,final,do,-5.779480457305908
1177,final,do,-5.8624749183654785
1178,final,do,-4.39103889465332
1179,final,do,-3.9591310024261475
1180,final,do,-6.219822406768799
1181,final,do,-5.584872722625732
1182,final,do,-4.687617778778076
1183,final,pp,-4.701791286468506
1184,final,pp,-4.753289222717285
1185,final,pp,-4.150721549987793
1186,final,pp,-4.1086955070495605
1187,final,pp,-4.550536155700684
1188,final,pp,-3.907485246658325
1189,final,pp,-4.701791286468506
1190,final,pp,-5.408685207366943
1191,final,pp,-4.389866352081299
1192,final,pp,-4.020088195800781
1193,final,pp,-4.343883991241455
1194,final,pp,-5.7872538566589355
1195,final,pp,-4.458298683166504
1196,final,pp,-5.116326808929443
1197,final,pp,-4.090859413146973
1198,final,pp,-3.351972818374634
1199,final,pp,-4.781449794769287
1200,final,pp,-4.8985185623168945
1201,final,pp,-5.136571407318115
1202,final,pp,-4.05785608291626
1203,final,do,-6.1176605224609375
1204,final,do,-4.966973781585693
1205,final,do,-5.663498878479004
1206,final,do,-6.12809419631958
1207,final,do,-5.997351169586182
1208,final,do,-5.900785446166992
1209,final,do,-6.105232238769531
1210,final,do,-5.602621078491211
1211,final,do,-4.347784042358398
1212,final,do,-6.368568420410156
1213,final,do,-5.906529903411865
1214,final,do,-5.108667850494385
1215,final,do,-4.705788612365723
1216,final,do,-5.119251728057861
1217,final,do,-6.163445472717285
1218,final,do,-4.697060585021973
1219,final,do,-5.502723217010498
1220,final,do,-5.897787094116211
1221,final,do,-5.42142391204834
1222,final,do,-5.579866886138916
1223,final,do,-6.131013870239258
1224,final,do,-6.277334213256836
1225,final,do,-6.847026824951172
1226,final,do,-5.461137294769287
1227,final,do,-5.999762535095215
1228,final,do,-5.872889518737793
1229,final,do,-5.681291103363037
1230,final,do,-6.021410942077637
1231,final,do,-6.206743240356445
1232,final,do,-5.296781063079834
1233,final,do,-5.598160743713379
1234,final,do,-5.8052659034729
1235,final,do,-5.96584415435791
1236,final,do,-5.2455878257751465
1237,final,do,-5.378884792327881
1238,final,do,-5.8807806968688965
1239,final,do,-4.356870651245117
1240,final,do,-6.235139846801758
1241,final,do,-5.899304389953613
1242,final,do,-5.079403877258301
1243,final,do,-4.769224166870117
1244,final,do,-6.510471820831299
1245,final,do,-5.58637809753418
1246,final,pp,-5.608644485473633
1247,final,pp,-3.9323337078094482
1248,final,pp,-5.08205509185791
1249,final,pp,-4.957368850708008
1250,final,pp,-5.051606178283691
1251,final,pp,-5.002537727355957
1252,final,pp,-5.258764743804932
1253,final,pp,-4.809624671936035
1254,final,pp,-3.441296339035034
1255,final,pp,-5.927737236022949
1256,final,pp,-5.214913368225098
1257,final,pp,-4.645952224731445
1258,final,pp,-4.052760124206543
1259,final,pp,-4.263753890991211
1260,final,pp,-4.990556716918945
1261,final,pp,-3.716975688934326
1262,final,pp,-4.347392559051514
1263,final,pp,-4.84313440322876
1264,final,pp,-5.10059928894043
1265,final,pp,-4.634891033172607
1266,final,do,-4.8818817138671875
1267,final,do,-5.2861480712890625
1268,final,do,-5.693687915802002
1269,final,do,-5.336497783660889
1270,final,do,-6.015097141265869
1271,final,do,-6.3358893394470215
1272,final,do,-7.454351902008057
1273,final,do,-6.9544997215271
1274,final,do,-5.9771623611450195
1275,final,do,-7.347357273101807
1276,final,do,-7.078361511230469
1277,final,do,-5.021313667297363
1278,final,do,-6.9967780113220215
1279,final,do,-6.04040002822876
1280,final,do,-5.5252814292907715
1281,final,do,-6.469447612762451
1282,final,do,-5.54401159286499
1283,final,do,-6.249368667602539
1284,final,do,-6.087212562561035
1285,final,do,-6.027936935424805
1286,final,do,-6.027705192565918
1287,final,do,-6.236820697784424
1288,final,do,-6.782533168792725
1289,final,do,-6.959681034088135
1290,final,do,-5.8473896980285645
1291,final,do,-6.033732891082764
1292,final,do,-5.80050802230835
1293,final,do,-7.081874847412109
1294,final,do,-5.915132999420166
1295,final,do,-5.536655426025391
1296,final,do,-5.690042972564697
1297,final,do,-6.164796352386475
1298,final,do,-6.579900741577148
1299,final,do,-5.0640034675598145
1300,final,do,-5.838685512542725
1301,final,do,-6.88860559463501
1302,final,do,-5.888726711273193
1303,final,do,-6.636686325073242
1304,final,do,-6.191464900970459
1305,final,do,-6.453592777252197
1306,final,do,-6.051558971405029
1307,final,do,-6.228710651397705
1308,final,do,-7.039115905761719
1309,final,pp,-4.0138654708862305
1310,final,pp,-4.333486557006836
1311,final,pp,-4.625498294830322
1312,final,pp,-3.837465286254883
1313,final,pp,-4.199005126953125
1314,final,pp,-5.248558521270752
1315,final,pp,-6.736546993255615
1316,final,pp,-6.025843143463135
1317,final,pp,-4.181431293487549
1318,final,pp,-6.339516639709473
1319,final,pp,-5.7833380699157715
1320,final,pp,-4.102624893188477
1321,final,pp,-6.025633811950684
1322,final,pp,-5.181109428405762
1323,final,pp,-4.7200026512146
1324,final,pp,-5.187438011169434
1325,final,pp,-4.631255626678467
1326,final,pp,-5.5361223220825195
1327,final,pp,-4.393947124481201
1328,final,pp,-5.055172443389893
1329,final,pp,-4.287062644958496
1330,final,pp,-3.983520269393921
1331,final,pp,-5.245697975158691
1332,final,pp,-5.642337799072266
1333,final,pp,-5.041686534881592
1334,final,pp,-4.827052593231201
1335,final,pp,-4.2022199630737305
1336,final,pp,-4.944374084472656
1337,final,pp,-4.690635681152344
1338,final,pp,-4.697508811950684
1339,final,pp,-4.664184093475342
1340,final,pp,-4.473505973815918
1341,final,pp,-5.071794033050537
1342,final,pp,-5.170319080352783
1343,final,pp,-5.584738731384277
1344,final,pp,-4.972809791564941
1345,final,pp,-5.401456832885742
1346,final,pp,-3.662478446960449
1347,final,pp,-5.5131144523620605
1348,final,pp,-4.862813949584961
1349,final,pp,-4.393322467803955
1350,final,pp,-4.519981384277344
1351,final,pp,-5.023139953613281
1352,final,pp,-4.103158473968506
1353,final,pp,-4.4342241287231445
1354,final,pp,-3.188777446746826
1355,final,pp,-3.1903252601623535
1356,final,pp,-4.361900329589844
1357,final,pp,-4.8146820068359375
1358,final,pp,-4.515408992767334
1359,final,pp,-4.049428939819336
1360,final,pp,-4.6622114181518555
1361,final,pp,-4.635033130645752
1362,final,pp,-4.94908332824707
1363,final,pp,-4.524081230163574
1364,final,pp,-4.314030647277832
1365,final,pp,-5.010610580444336
1366,final,pp,-4.417198181152344
1367,final,pp,-4.239056587219238
1368,final,pp,-4.393930435180664
1,best,pp,-4.4703898429870605
2,best,pp,-4.9749369621276855
3,best,pp,-4.74248743057251
4,best,pp,-5.040139675140381
5,best,pp,-4.438353538513184
6,best,pp,-5.201864242553711
7,best,pp,-4.995464324951172
8,best,pp,-4.781360626220703
9,best,pp,-3.6288223266601562
10,best,pp,-4.943088054656982
11,best,pp,-4.725048065185547
12,best,pp,-3.8077712059020996
13,best,pp,-4.459487438201904
14,best,pp,-3.9574995040893555
15,best,pp,-4.9441914558410645
16,best,pp,-4.781360626220703
17,best,pp,-4.8133440017700195
18,best,pp,-3.5256118774414062
19,best,pp,-5.420589447021484
20,best,pp,-4.114295482635498
21,best,pp,-4.55645227432251
22,best,pp,-4.996738433837891
23,best,pp,-4.801352500915527
24,best,pp,-4.730060577392578
25,best,pp,-5.2269287109375
26,best,pp,-4.99503755569458
27,best,pp,-4.837776184082031
28,best,pp,-4.753084659576416
29,best,pp,-4.834322452545166
30,best,pp,-4.718496799468994
31,best,pp,-5.331356525421143
32,best,pp,-4.730060577392578
33,best,pp,-5.114908695220947
34,best,pp,-5.410772323608398
35,best,pp,-3.9722847938537598
36,best,pp,-3.9758026599884033
37,best,pp,-4.834323406219482
38,best,pp,-3.976156234741211
39,best,pp,-5.7387471199035645
40,best,pp,-5.16008996963501
41,best,pp,-4.815310955047607
42,best,pp,-4.7160186767578125
43,best,pp,-4.630074501037598
44,best,pp,-4.97049617767334
45,best,pp,-5.374469757080078
46,best,pp,-5.187956809997559
47,best,pp,-5.412060737609863
48,best,pp,-4.411052227020264
49,best,pp,-5.09473180770874
50,best,pp,-4.781611919403076
51,best,pp,-4.910670280456543
52,best,pp,-4.616270542144775
53,best,pp,-5.270068168640137
54,best,pp,-5.463747024536133
55,best,pp,-5.162317276000977
56,best,pp,-3.7559585571289062
57,best,pp,-4.421505928039551
58,best,pp,-4.842041015625
59,best,pp,-5.134268760681152
60,best,pp,-5.184479713439941
61,best,pp,-5.096492767333984
62,best,pp,-4.884999752044678
63,best,pp,-6.003812789916992
64,best,pp,-5.578711986541748
65,best,pp,-5.758295059204102
66,best,pp,-5.561304092407227
67,best,pp,-4.595029830932617
68,best,pp,-5.4749436378479
69,best,pp,-5.3601765632629395
70,best,pp,-5.375823974609375
71,best,pp,-4.163324356079102
72,best,pp,-5.995619297027588
73,best,pp,-5.698911666870117
74,best,pp,-5.860474109649658
75,best,pp,-4.983514785766602
76,best,pp,-4.748293399810791
77,best,pp,-5.255539894104004
78,best,pp,-4.813807010650635
79,best,pp,-4.347264289855957
80,best,pp,-5.474260330200195
81,best,pp,-4.495621681213379
82,best,pp,-5.092608451843262
83,best,pp,-5.638970375061035
84,best,pp,-4.79974365234375
85,best,pp,-5.092608451843262
86,best,pp,-5.25390625
87,best,pp,-4.641401767730713
88,best,pp,-4.679752826690674
89,best,pp,-5.035778999328613
90,best,pp,-4.540896415710449
91,best,pp,-4.592264652252197
92,best,pp,-5.713012218475342
93,best,pp,-5.190729141235352
94,best,pp,-4.642734050750732
95,best,pp,-4.477564811706543
96,best,pp,-4.9913506507873535
97,best,pp,-5.417934417724609
98,best,pp,-5.408034324645996
99,best,pp,-4.913259029388428
100,best,pp,-5.215576171875
101,best,pp,-4.786993026733398
102,best,pp,-5.015401363372803
103,best,pp,-4.642758846282959
104,best,pp,-4.489328384399414
105,best,pp,-4.894078254699707
106,best,pp,-5.100073337554932
107,best,pp,-4.4346795082092285
108,best,pp,-4.700118064880371
109,best,pp,-5.13883638381958
110,best,pp,-5.356339454650879
111,best,pp,-5.047280311584473
112,best,pp,-4.74415922164917
113,best,pp,-4.570425987243652
114,best,pp,-4.7611470222473145
115,best,pp,-5.219207763671875
116,best,pp,-3.3097851276397705
117,best,pp,-5.556524753570557
118,best,pp,-5.3574442863464355
119,best,pp,-5.3514404296875
120,best,pp,-5.460968494415283
121,best,pp,-4.3543524742126465
122,best,pp,-4.205999851226807
123,best,pp,-4.657783508300781
124,best,pp,-4.4269890785217285
125,best,pp,-3.4226527214050293
126,best,pp,-4.804218769073486
127,best,pp,-3.670729875564575
128,best,pp,-4.751382350921631
129,best,pp,-3.7846755981445312
130,best,pp,-3.6987359523773193
131,best,pp,-3.7846755981445312
132,best,pp,-4.205999851226807
133,best,pp,-4.808007717132568
134,best,pp,-3.6843016147613525
135,best,pp,-4.205999851226807
136,best,pp,-4.804218769073486
137,best,pp,-4.118491172790527
138,best,pp,-3.4728260040283203
139,best,pp,-4.577690124511719
140,best,pp,-3.810457468032837
141,best,pp,-4.710102558135986
142,best,pp,-4.213656902313232
143,best,pp,-4.583404064178467
144,best,pp,-4.94279670715332
145,best,pp,-3.986438035964966
146,best,pp,-3.502150535583496
147,best,pp,-4.9754862785339355
148,best,pp,-4.816843032836914
149,best,pp,-4.351761817932129
150,best,pp,-4.08322286605835
151,best,pp,-4.998104095458984
152,best,pp,-4.818510055541992
153,best,pp,-4.240704536437988
154,best,pp,-4.5411834716796875
155,best,pp,-4.482163429260254
156,best,pp,-4.900269031524658
157,best,pp,-4.153964042663574
158,best,pp,-4.471055030822754
159,best,pp,-4.672147750854492
160,best,pp,-4.995879173278809
161,best,pp,-5.530812740325928
162,best,pp,-4.486288070678711
163,best,pp,-4.4246697425842285
164,best,pp,-3.6612911224365234
165,best,pp,-4.23663854598999
166,best,pp,-3.1283013820648193
167,best,pp,-5.496126651763916
168,best,pp,-5.586585521697998
169,best,pp,-4.397892475128174
170,best,pp,-4.470485210418701
171,best,pp,-4.4246697425842285
172,best,pp,-3.783402442932129
173,best,pp,-4.263296604156494
174,best,pp,-5.452066898345947
175,best,pp,-4.403478145599365
176,best,pp,-4.23663854598999
177,best,pp,-5.422898769378662
178,best,pp,-5.463407039642334
179,best,pp,-3.709728479385376
180,best,pp,-4.809179306030273
181,best,pp,-4.15654993057251
182,best,pp,-5.258391380310059
183,best,pp,-4.725654602050781
184,best,pp,-4.604926109313965
185,best,pp,-4.813163757324219
186,best,pp,-4.926572799682617
187,best,pp,-4.201571941375732
188,best,pp,-4.182905197143555
189,best,pp,-4.497250080108643
190,best,pp,-4.2642316818237305
191,best,pp,-5.120392322540283
192,best,pp,-4.6144208908081055
193,best,pp,-4.597309589385986
194,best,pp,-3.7153735160827637
195,best,pp,-4.790607929229736
196,best,pp,-4.291312217712402
197,best,pp,-4.4534220695495605
198,best,pp,-5.022282600402832
199,best,pp,-5.036541938781738
200,best,pp,-5.040648460388184
201,best,pp,-3.5987894535064697
202,best,pp,-2.915468454360962
203,best,pp,-5.461777210235596
204,best,pp,-4.203862190246582
205,best,pp,-4.868697643280029
206,best,pp,-4.088635444641113
207,best,pp,-4.818613529205322
208,best,pp,-3.9507150650024414
209,best,pp,-4.20181941986084
210,best,pp,-3.7656261920928955
211,best,pp,-4.325961589813232
212,best,pp,-4.886497497558594
213,best,pp,-3.560962677001953
214,best,pp,-4.870649814605713
215,best,pp,-4.294085502624512
216,best,pp,-3.4417498111724854
217,best,pp,-4.838508129119873
218,best,pp,-4.13922643661499
219,best,pp,-4.193041801452637
220,best,pp,-4.229600429534912
221,best,do,-5.664914131164551
222,best,do,-5.645680904388428
223,best,do,-5.109172821044922
224,best,do,-4.177605152130127
225,best,do,-5.341285705566406
226,best,do,-5.080069065093994
227,best,do,-5.232728004455566
228,best,do,-6.885953426361084
229,best,do,-6.261639595031738
230,best,do,-5.821742057800293
231,best,do,-6.110280513763428
232,best,do,-5.708583831787109
233,best,do,-5.90741491317749
234,best,do,-6.885953426361084
235,best,do,-4.177490234375
236,best,do,-4.846138954162598
237,best,do,-5.583450794219971
238,best,do,-5.160472869873047
239,best,do,-5.668567180633545
240,best,do,-5.746870040893555
241,best,do,-5.90741491317749
242,best,do,-5.284180641174316
243,best,do,-6.564420223236084
244,best,do,-5.160472869873047
245,best,do,-5.698161602020264
246,best,do,-5.410863876342773
247,best,do,-6.196064472198486
248,best,do,-5.57124662399292
249,best,do,-4.577364444732666
250,best,do,-4.015550136566162
251,best,do,-5.99534273147583
252,best,do,-6.248878479003906
253,best,do,-6.913926124572754
254,best,do,-5.408237457275391
255,best,do,-6.031729698181152
256,best,do,-5.334537982940674
257,best,do,-6.171682834625244
258,best,do,-5.408237457275391
259,best,do,-5.411711692810059
260,best,do,-5.99534273147583
261,best,do,-4.015550136566162
262,best,do,-5.258273601531982
263,best,do,-5.035400390625
264,best,pp,-4.983694076538086
265,best,pp,-5.274456024169922
266,best,pp,-4.612842559814453
267,best,pp,-3.721815824508667
268,best,pp,-5.136274814605713
269,best,pp,-4.684752464294434
270,best,pp,-5.022609710693359
271,best,pp,-6.12556791305542
272,best,pp,-5.502364158630371
273,best,pp,-5.134767532348633
274,best,pp,-5.463212013244629
275,best,pp,-5.177252769470215
276,best,pp,-5.126357078552246
277,best,pp,-6.12556791305542
278,best,pp,-3.8895890712738037
279,best,pp,-4.4184160232543945
280,best,pp,-5.056800842285156
281,best,pp,-5.110604763031006
282,best,pp,-4.903441905975342
283,best,pp,-5.367272853851318
284,best,do,-5.710870265960693
285,best,do,-5.1644110679626465
286,best,do,-6.492203712463379
287,best,do,-5.559737205505371
288,best,do,-5.565401554107666
289,best,do,-4.492545127868652
290,best,do,-5.303404808044434
291,best,do,-6.498591899871826
292,best,do,-5.565401554107666
293,best,do,-5.465025901794434
294,best,do,-5.098398685455322
295,best,do,-5.254273414611816
296,best,do,-5.207629680633545
297,best,do,-5.723690509796143
298,best,do,-5.692863464355469
299,best,do,-5.76889705657959
300,best,do,-5.707244396209717
301,best,do,-5.12333869934082
302,best,do,-5.801146507263184
303,best,do,-6.0497307777404785
304,best,do,-5.124481201171875
305,best,do,-5.303404808044434
306,best,do,-6.026639461517334
307,best,do,-4.821591377258301
308,best,do,-5.559737205505371
309,best,do,-5.918046474456787
310,best,do,-5.1171698570251465
311,best,do,-5.727367877960205
312,best,do,-5.559737205505371
313,best,do,-6.5354461669921875
314,best,do,-5.174763202667236
315,best,do,-5.615779399871826
316,best,do,-5.542887210845947
317,best,do,-6.431889533996582
318,best,do,-5.1171698570251465
319,best,do,-5.12333869934082
320,best,do,-5.4168853759765625
321,best,do,-5.82476282119751
322,best,do,-6.492203712463379
323,best,do,-5.746342182159424
324,best,do,-5.795506000518799
325,best,do,-6.089151859283447
326,best,do,-6.204104900360107
327,best,pp,-5.45151948928833
328,best,pp,-5.008185386657715
329,best,pp,-6.083500385284424
330,best,pp,-4.89100980758667
331,best,pp,-5.1448655128479
332,best,pp,-3.886110544204712
333,best,pp,-4.729962348937988
334,best,pp,-5.950512409210205
335,best,pp,-5.1448655128479
336,best,pp,-4.855939865112305
337,best,pp,-4.755412578582764
338,best,pp,-4.709209442138672
339,best,pp,-4.834430694580078
340,best,pp,-5.11785888671875
341,best,pp,-5.22662353515625
342,best,pp,-5.216249465942383
343,best,pp,-5.0650410652160645
344,best,pp,-4.725685119628906
345,best,pp,-5.317866802215576
346,best,pp,-5.63043212890625
347,best,do,-5.688709735870361
348,best,do,-5.29785680770874
349,best,do,-5.810381889343262
350,best,do,-5.2349443435668945
351,best,do,-5.922362327575684
352,best,do,-5.167666912078857
353,best,do,-5.660310745239258
354,best,do,-5.487177848815918
355,best,do,-5.791582107543945
356,best,do,-5.6351799964904785
357,best,do,-5.970008373260498
358,best,do,-5.625906944274902
359,best,do,-5.759463787078857
360,best,do,-5.7694902420043945
361,best,do,-5.513021469116211
362,best,do,-5.5387349128723145
363,best,do,-5.766879558563232
364,best,do,-6.16050910949707
365,best,do,-5.214651107788086
366,best,do,-5.494094371795654
367,best,do,-5.392930507659912
368,best,do,-5.47965145111084
369,best,do,-6.063899517059326
370,best,do,-4.297230243682861
371,best,do,-5.495981216430664
372,best,do,-5.932457447052002
373,best,do,-5.256775856018066
374,best,do,-5.613112449645996
375,best,do,-5.149410247802734
376,best,do,-5.418920516967773
377,best,do,-5.700205326080322
378,best,do,-5.562745571136475
379,best,do,-5.706268310546875
380,best,do,-5.193986892700195
381,best,do,-6.170820713043213
382,best,do,-5.230263710021973
383,best,do,-5.392514228820801
384,best,do,-5.495981216430664
385,best,do,-4.790102958679199
386,best,do,-5.256775856018066
387,best,do,-4.960716247558594
388,best,do,-4.879725456237793
389,best,do,-5.821098804473877
390,best,pp,-5.476885795593262
391,best,pp,-4.798313617706299
392,best,pp,-5.513775825500488
393,best,pp,-4.756951332092285
394,best,pp,-5.4396538734436035
395,best,pp,-5.026658535003662
396,best,pp,-5.252195835113525
397,best,pp,-5.436526775360107
398,best,pp,-5.56578254699707
399,best,pp,-5.129621505737305
400,best,pp,-5.6340107917785645
401,best,pp,-5.300143718719482
402,best,pp,-5.452168941497803
403,best,pp,-5.314006805419922
404,best,pp,-5.244483470916748
405,best,pp,-4.999948024749756
406,best,pp,-5.576165199279785
407,best,pp,-5.417986869812012
408,best,pp,-4.775366306304932
409,best,pp,-4.978147983551025
410,best,do,-6.830070972442627
411,best,do,-5.617714881896973
412,best,do,-5.823791027069092
413,best,do,-6.7256245613098145
414,best,do,-7.029945373535156
415,best,do,-6.442484378814697
416,best,do,-7.059247970581055
417,best,do,-6.360393524169922
418,best,do,-5.692389488220215
419,best,do,-7.195114612579346
420,best,do,-6.55054235458374
421,best,do,-6.665449619293213
422,best,do,-6.253024578094482
423,best,do,-6.538730144500732
424,best,do,-6.366827964782715
425,best,do,-6.917834281921387
426,best,do,-5.6543755531311035
427,best,do,-6.647514343261719
428,best,do,-6.574435710906982
429,best,do,-6.8968658447265625
430,best,do,-7.3222150802612305
431,best,do,-6.215919017791748
432,best,do,-6.647514343261719
433,best,do,-6.688651084899902
434,best,do,-6.9601240158081055
435,best,do,-6.535136699676514
436,best,do,-6.058653831481934
437,best,do,-6.687549114227295
438,best,do,-6.284277439117432
439,best,do,-7.469101905822754
440,best,do,-6.8748626708984375
441,best,do,-6.243675231933594
442,best,do,-6.428929805755615
443,best,do,-6.345873832702637
444,best,do,-5.70937442779541
445,best,do,-6.175637245178223
446,best,do,-6.917834281921387
447,best,do,-6.955160617828369
448,best,do,-6.517232894897461
449,best,do,-5.069493770599365
450,best,do,-6.706543445587158
451,best,do,-6.9176716804504395
452,best,do,-6.538826942443848
453,best,pp,-5.888332366943359
454,best,pp,-4.984928131103516
455,best,pp,-5.349505424499512
456,best,pp,-5.808476448059082
457,best,pp,-5.935912609100342
458,best,pp,-5.939541816711426
459,best,pp,-5.917821407318115
460,best,pp,-5.6552934646606445
461,best,pp,-5.186296463012695
462,best,pp,-6.147980690002441
463,best,pp,-6.231200218200684
464,best,pp,-6.504095077514648
465,best,pp,-5.559508323669434
466,best,pp,-5.97978401184082
467,best,pp,-5.21099853515625
468,best,pp,-6.388760566711426
469,best,pp,-5.199451923370361
470,best,pp,-6.242781162261963
471,best,pp,-6.087109565734863
472,best,pp,-5.875487327575684
473,best,pp,-5.341737747192383
474,best,pp,-6.25280237197876
475,best,pp,-5.442818641662598
476,best,pp,-5.076681137084961
477,best,pp,-5.015554428100586
478,best,pp,-5.935879707336426
479,best,pp,-4.903079509735107
480,best,pp,-5.659945964813232
481,best,pp,-6.16362190246582
482,best,pp,-5.814949035644531
483,best,pp,-5.220125675201416
484,best,pp,-6.462241172790527
485,best,pp,-5.64884090423584
486,best,pp,-4.207126617431641
487,best,pp,-6.031526565551758
488,best,pp,-5.273618698120117
489,best,pp,-4.713259696960449
490,best,pp,-5.880648612976074
491,best,pp,-5.517727375030518
492,best,pp,-4.905465126037598
493,best,do,-6.723506450653076
494,best,do,-6.395984649658203
495,best,do,-5.931454658508301
496,best,do,-5.988381385803223
497,best,do,-7.742339134216309
498,best,do,-4.930395603179932
499,best,do,-6.641698360443115
500,best,do,-6.72732400894165
501,best,do,-6.134954929351807
502,best,do,-5.282010555267334
503,best,do,-6.791843414306641
504,best,do,-5.952295303344727
505,best,do,-6.522425651550293
506,best,do,-6.354198932647705
507,best,do,-7.111494541168213
508,best,do,-6.296771049499512
509,best,do,-6.483100891113281
510,best,do,-6.443469047546387
511,best,do,-5.276490688323975
512,best,do,-7.355257511138916
513,best,do,-6.11289119720459
514,best,do,-6.406144142150879
515,best,do,-6.394716262817383
516,best,do,-6.1973042488098145
517,best,do,-5.566532135009766
518,best,do,-6.11414909362793
519,best,do,-6.597700595855713
520,best,do,-6.540587425231934
521,best,do,-6.260014533996582
522,best,do,-5.580677509307861
523,best,do,-5.782686233520508
524,best,do,-5.2084245681762695
525,best,do,-6.808083534240723
526,best,do,-7.042284965515137
527,best,do,-5.8366241455078125
528,best,do,-6.930264949798584
529,best,do,-6.930264949798584
530,best,do,-7.004736423492432
531,best,do,-6.999894142150879
532,best,do,-6.859814643859863
533,best,do,-7.462586879730225
534,best,do,-6.79387092590332
535,best,do,-5.6339430809021
536,best,pp,-6.555177688598633
537,best,pp,-6.009000778198242
538,best,pp,-5.051398277282715
539,best,pp,-5.029630661010742
540,best,pp,-7.399982452392578
541,best,pp,-4.281393051147461
542,best,pp,-5.518379211425781
543,best,pp,-5.7714691162109375
544,best,pp,-5.876155853271484
545,best,pp,-4.393094539642334
546,best,pp,-5.790005207061768
547,best,pp,-5.801768779754639
548,best,pp,-5.30944299697876
549,best,pp,-5.698658466339111
550,best,pp,-6.654384136199951
551,best,pp,-5.631937026977539
552,best,pp,-5.307997226715088
553,best,pp,-5.810290813446045
554,best,pp,-4.7060017585754395
555,best,pp,-6.188375949859619
556,best,do,-5.743576526641846
557,best,do,-7.137271881103516
558,best,do,-6.79223108291626
559,best,do,-6.607735633850098
560,best,do,-7.379582405090332
561,best,do,-5.883347988128662
562,best,do,-6.22210168838501
563,best,do,-6.316192626953125
564,best,do,-7.137271881103516
565,best,do,-6.674582004547119
566,best,do,-4.779803276062012
567,best,do,-4.935659885406494
568,best,do,-6.044177532196045
569,best,do,-6.356198787689209
570,best,do,-5.32324743270874
571,best,do,-6.212817668914795
572,best,do,-6.403454780578613
573,best,do,-6.808091163635254
574,best,do,-6.808091163635254
575,best,do,-6.979246616363525
576,best,do,-5.761995315551758
577,best,do,-5.732737064361572
578,best,do,-6.403454780578613
579,best,do,-5.701476573944092
580,best,do,-5.260723114013672
581,best,do,-6.044177532196045
582,best,do,-6.769864082336426
583,best,do,-5.117173671722412
584,best,do,-4.695225238800049
585,best,do,-6.191945552825928
586,best,do,-5.223132610321045
587,best,do,-5.650904178619385
588,best,do,-5.117173671722412
589,best,do,-5.008870601654053
590,best,do,-6.545607089996338
591,best,do,-5.92956018447876
592,best,do,-7.006548881530762
593,best,do,-5.92956018447876
594,best,do,-6.7795257568359375
595,best,do,-6.79223108291626
596,best,do,-7.238476753234863
597,best,do,-6.044177532196045
598,best,do,-6.674582004547119
599,best,pp,-5.661871433258057
600,best,pp,-6.178468227386475
601,best,pp,-6.518966197967529
602,best,pp,-6.1222100257873535
603,best,pp,-6.068710803985596
604,best,pp,-5.734032154083252
605,best,pp,-5.616927623748779
606,best,pp,-5.47184419631958
607,best,pp,-6.178468227386475
608,best,pp,-5.614179611206055
609,best,pp,-4.65629243850708
610,best,pp,-4.238683223724365
611,best,pp,-5.476562976837158
612,best,pp,-5.936854362487793
613,best,pp,-4.862815856933594
614,best,pp,-5.402885913848877
615,best,pp,-5.658325672149658
616,best,pp,-5.886802673339844
617,best,pp,-5.886802673339844
618,best,pp,-6.4129486083984375
619,best,do,-6.72784948348999
620,best,do,-5.279784679412842
621,best,do,-5.993153095245361
622,best,do,-6.439615249633789
623,best,do,-6.140380859375
624,best,do,-5.832573890686035
625,best,do,-6.473744869232178
626,best,do,-6.44698429107666
627,best,do,-7.0254082679748535
628,best,do,-7.542743682861328
629,best,do,-6.3174543380737305
630,best,do,-5.427218914031982
631,best,do,-5.635106563568115
632,best,do,-5.807518005371094
633,best,do,-5.595331192016602
634,best,do,-6.471384525299072
635,best,do,-5.341766357421875
636,best,do,-6.012475490570068
637,best,do,-5.635106563568115
638,best,do,-6.922349452972412
639,best,do,-6.454611301422119
640,best,do,-6.597760200500488
641,best,do,-6.165859222412109
642,best,do,-6.909275531768799
643,best,do,-6.198928356170654
644,best,do,-4.742975234985352
645,best,do,-6.990998268127441
646,best,do,-6.029276371002197
647,best,do,-6.920365810394287
648,best,do,-6.059704780578613
649,best,do,-6.109213829040527
650,best,do,-7.023256778717041
651,best,do,-6.183140277862549
652,best,do,-6.46442174911499
653,best,do,-7.119507789611816
654,best,do,-5.861704349517822
655,best,do,-6.521852493286133
656,best,do,-6.572449207305908
657,best,do,-6.735756874084473
658,best,do,-5.635106563568115
659,best,do,-6.603555202484131
660,best,do,-6.859016418457031
661,best,do,-5.637545585632324
662,best,pp,-6.231092929840088
663,best,pp,-4.467301368713379
664,best,pp,-5.099892616271973
665,best,pp,-6.2522454261779785
666,best,pp,-5.619202136993408
667,best,pp,-5.489112854003906
668,best,pp,-6.552340030670166
669,best,pp,-6.205249309539795
670,best,pp,-6.582980632781982
671,best,pp,-6.606520175933838
672,best,pp,-5.395359039306641
673,best,pp,-4.563491344451904
674,best,pp,-4.741472244262695
675,best,pp,-4.809524059295654
676,best,pp,-4.733484268188477
677,best,pp,-5.933374404907227
678,best,pp,-4.451242446899414
679,best,pp,-5.2712249755859375
680,best,pp,-4.741472244262695
681,best,pp,-6.60593318939209
682,best,do,-7.120459079742432
683,best,do,-7.67367696762085
684,best,do,-5.433851718902588
685,best,do,-5.9275689125061035
686,best,do,-7.565616130828857
687,best,do,-6.972618579864502
688,best,do,-8.205666542053223
689,best,do,-7.6988325119018555
690,best,do,-6.760451793670654
691,best,do,-7.659315586090088
692,best,do,-6.651829719543457
693,best,do,-7.785802364349365
694,best,do,-6.50300931930542
695,best,do,-7.176931858062744
696,best,do,-7.791592597961426
697,best,do,-6.22367525100708
698,best,do,-6.51057767868042
699,best,do,-6.40264892578125
700,best,do,-6.6272430419921875
701,best,do,-6.162714004516602
702,best,do,-7.769192218780518
703,best,do,-6.4747138023376465
704,best,do,-7.395285129547119
705,best,do,-7.001160621643066
706,best,do,-6.418082237243652
707,best,do,-7.62789249420166
708,best,do,-6.341125965118408
709,best,do,-5.988877773284912
710,best,do,-8.49299430847168
711,best,do,-6.720398426055908
712,best,do,-7.312589645385742
713,best,do,-8.198939323425293
714,best,do,-7.452345848083496
715,best,do,-7.360102653503418
716,best,do,-7.366418361663818
717,best,do,-7.818458557128906
718,best,do,-7.5299577713012695
719,best,do,-6.961729526519775
720,best,do,-5.860423564910889
721,best,do,-7.651499271392822
722,best,do,-6.855621337890625
723,best,do,-6.4398579597473145
724,best,do,-6.722564697265625
725,best,pp,-6.811407566070557
726,best,pp,-5.946794033050537
727,best,pp,-4.313268184661865
728,best,pp,-5.433764934539795
729,best,pp,-6.091361999511719
730,best,pp,-6.12782621383667
731,best,pp,-7.774051666259766
732,best,pp,-6.223289489746094
733,best,pp,-5.98546838760376
734,best,pp,-6.608754634857178
735,best,pp,-5.868935585021973
736,best,pp,-6.7567596435546875
737,best,pp,-5.804916858673096
738,best,pp,-6.506893157958984
739,best,pp,-6.772343158721924
740,best,pp,-5.574626445770264
741,best,pp,-5.364969730377197
742,best,pp,-5.421525478363037
743,best,pp,-5.935577869415283
744,best,pp,-5.572662830352783
745,best,pp,-5.548903465270996
746,best,pp,-4.889331817626953
747,best,pp,-5.60485315322876
748,best,pp,-5.185240745544434
749,best,pp,-6.535495281219482
750,best,pp,-5.549076557159424
751,best,pp,-6.178044319152832
752,best,pp,-5.6517109870910645
753,best,pp,-6.0643157958984375
754,best,pp,-5.775449275970459
755,best,pp,-5.122279167175293
756,best,pp,-5.244647979736328
757,best,pp,-5.99256706237793
758,best,pp,-5.187448501586914
759,best,pp,-5.160089015960693
760,best,pp,-6.4009881019592285
761,best,pp,-6.084550857543945
762,best,pp,-6.596796989440918
763,best,pp,-5.705415725708008
764,best,pp,-6.20006799697876
765,best,pp,-5.223740577697754
766,best,pp,-4.876518249511719
767,best,pp,-5.833224296569824
768,best,pp,-5.1225433349609375
769,best,pp,-5.8940839767456055
770,best,pp,-6.120588779449463
771,best,pp,-5.196375370025635
772,best,pp,-6.24714994430542
773,best,pp,-5.596005439758301
774,best,pp,-4.802467346191406
775,best,pp,-5.049729347229004
776,best,pp,-4.505290508270264
777,best,pp,-4.598503112792969
778,best,pp,-5.405304908752441
779,best,pp,-5.500960350036621
780,best,pp,-5.28130578994751
781,best,pp,-5.465657711029053
782,best,pp,-4.988029479980469
783,best,pp,-6.457474708557129
784,best,pp,-6.3472208976745605
785,best,do,-5.078773498535156
786,best,do,-4.004304885864258
787,best,do,-5.413686752319336
788,best,do,-4.556087017059326
789,best,do,-4.651692867279053
790,best,do,-4.7752275466918945
791,best,do,-5.438726902008057
792,best,do,-4.663583755493164
793,best,do,-5.680253028869629
794,best,do,-5.169922828674316
795,best,do,-4.569381237030029
796,best,do,-4.059595108032227
797,best,do,-5.000401496887207
798,best,do,-5.6174187660217285
799,best,do,-3.9339475631713867
800,best,do,-4.210437774658203
801,best,do,-5.634725093841553
802,best,do,-4.691620826721191
803,best,do,-6.594099998474121
804,best,do,-5.850746154785156
805,best,do,-5.58820104598999
806,best,do,-3.5940792560577393
807,best,do,-5.079204082489014
808,best,do,-6.949708461761475
809,best,do,-4.98997688293457
810,best,do,-4.944055080413818
811,best,do,-6.509234428405762
812,best,do,-4.810561180114746
813,best,do,-4.927069664001465
814,best,do,-5.077992916107178
815,best,do,-4.378986358642578
816,best,do,-4.767475128173828
817,best,do,-4.208122730255127
818,best,do,-4.149489879608154
819,best,do,-5.4841766357421875
820,best,do,-4.210437774658203
821,best,do,-5.260829925537109
822,best,do,-5.229060649871826
823,best,do,-4.799676895141602
824,best,do,-5.656215667724609
825,best,do,-5.261887550354004
826,best,do,-4.241040229797363
827,best,do,-5.355284690856934
828,best,pp,-4.7354021072387695
829,best,pp,-4.390964031219482
830,best,pp,-5.2566819190979
831,best,pp,-4.320266246795654
832,best,pp,-4.396299839019775
833,best,pp,-4.6791558265686035
834,best,pp,-5.446638584136963
835,best,pp,-4.59124231338501
836,best,pp,-5.19180154800415
837,best,pp,-4.937464237213135
838,best,pp,-4.666982650756836
839,best,pp,-4.125990867614746
840,best,pp,-4.857793807983398
841,best,pp,-5.394795894622803
842,best,pp,-4.057196140289307
843,best,pp,-4.293490886688232
844,best,pp,-5.243745803833008
845,best,pp,-4.818385601043701
846,best,pp,-6.045717239379883
847,best,pp,-5.607293605804443
848,best,do,-4.789336204528809
849,best,do,-4.899416446685791
850,best,do,-4.736683368682861
851,best,do,-6.917358875274658
852,best,do,-4.554580211639404
853,best,do,-6.13380765914917
854,best,do,-6.530796527862549
855,best,do,-5.117406845092773
856,best,do,-4.823840141296387
857,best,do,-4.240764617919922
858,best,do,-5.74837589263916
859,best,do,-5.271805286407471
860,best,do,-5.031757831573486
861,best,do,-4.028839588165283
862,best,do,-4.7765350341796875
863,best,do,-4.640935897827148
864,best,do,-4.276820182800293
865,best,do,-6.539131164550781
866,best,do,-4.233949661254883
867,best,do,-4.671553134918213
868,best,do,-5.16820764541626
869,best,do,-4.69741153717041
870,best,do,-5.783210754394531
871,best,do,-4.59478759765625
872,best,do,-4.8725433349609375
873,best,do,-5.187056541442871
874,best,do,-4.823841571807861
875,best,do,-4.799249649047852
876,best,do,-5.112682819366455
877,best,do,-5.238089084625244
878,best,do,-5.133985996246338
879,best,do,-4.298583507537842
880,best,do,-6.117999076843262
881,best,do,-5.469454288482666
882,best,do,-5.0978617668151855
883,best,do,-5.0160980224609375
884,best,do,-4.789336681365967
885,best,do,-5.126242637634277
886,best,do,-4.640646934509277
887,best,do,-5.672393321990967
888,best,do,-5.435664653778076
889,best,do,-5.4249796867370605
890,best,do,-4.609776020050049
891,best,pp,-4.515578269958496
892,best,pp,-4.699159622192383
893,best,pp,-4.334216117858887
894,best,pp,-6.042093753814697
895,best,pp,-4.446340084075928
896,best,pp,-5.469482421875
897,best,pp,-6.061638832092285
898,best,pp,-5.183680057525635
899,best,pp,-4.625247478485107
900,best,pp,-4.07749080657959
901,best,pp,-4.993910789489746
902,best,pp,-5.3117899894714355
903,best,pp,-4.5850934982299805
904,best,pp,-4.012415409088135
905,best,pp,-4.682286739349365
906,best,pp,-4.456629753112793
907,best,pp,-4.304235935211182
908,best,pp,-5.737571716308594
909,best,pp,-4.146754264831543
910,best,pp,-4.407195568084717
911,best,do,-5.574210166931152
912,best,do,-5.311166763305664
913,best,do,-5.833399295806885
914,best,do,-5.3206682205200195
915,best,do,-5.1265764236450195
916,best,do,-5.354758262634277
917,best,do,-5.782119274139404
918,best,do,-6.9332709312438965
919,best,do,-5.1841511726379395
920,best,do,-5.513092994689941
921,best,do,-5.286713123321533
922,best,do,-5.626651287078857
923,best,do,-6.053558826446533
924,best,do,-5.050255298614502
925,best,do,-5.4414873123168945
926,best,do,-6.017561435699463
927,best,do,-5.997178077697754
928,best,do,-6.02276611328125
929,best,do,-5.781716346740723
930,best,do,-4.896402835845947
931,best,do,-5.76664400100708
932,best,do,-4.997255325317383
933,best,do,-5.175118446350098
934,best,do,-5.055628776550293
935,best,do,-5.047969341278076
936,best,do,-5.038571357727051
937,best,do,-4.435765266418457
938,best,do,-5.091826438903809
939,best,do,-6.904887676239014
940,best,do,-5.0474534034729
941,best,do,-5.2262468338012695
942,best,do,-6.290578365325928
943,best,do,-5.099542140960693
944,best,do,-5.371593952178955
945,best,do,-5.108394622802734
946,best,do,-6.810459613800049
947,best,do,-5.697325229644775
948,best,do,-4.654291152954102
949,best,do,-5.513092517852783
950,best,do,-5.036816120147705
951,best,do,-6.610927581787109
952,best,do,-5.242068290710449
953,best,do,-5.14799690246582
954,best,pp,-5.486854076385498
955,best,pp,-4.9258222579956055
956,best,pp,-5.620992660522461
957,best,pp,-4.940838813781738
958,best,pp,-4.961542129516602
959,best,pp,-5.277838230133057
960,best,pp,-5.949325084686279
961,best,pp,-6.420144081115723
962,best,pp,-5.103559970855713
963,best,pp,-5.111328125
964,best,pp,-5.194947719573975
965,best,pp,-5.219892501831055
966,best,pp,-5.6449875831604
967,best,pp,-4.954876899719238
968,best,pp,-5.435527801513672
969,best,pp,-5.523193359375
970,best,pp,-5.37423038482666
971,best,pp,-6.170492649078369
972,best,pp,-5.704054832458496
973,best,pp,-4.863525390625
974,best,do,-5.367851734161377
975,best,do,-5.342825889587402
976,best,do,-6.5940022468566895
977,best,do,-6.189554691314697
978,best,do,-5.3861212730407715
979,best,do,-5.245755672454834
980,best,do,-7.015117645263672
981,best,do,-5.077814102172852
982,best,do,-6.4947614669799805
983,best,do,-5.026206016540527
984,best,do,-6.240850448608398
985,best,do,-5.763417720794678
986,best,do,-6.1489973068237305
987,best,do,-5.93737268447876
988,best,do,-6.740257263183594
989,best,do,-7.1625518798828125
990,best,do,-7.0342206954956055
991,best,do,-5.832871437072754
992,best,do,-5.57625150680542
993,best,do,-6.056585311889648
994,best,do,-5.652774810791016
995,best,do,-6.25006103515625
996,best,do,-5.548636436462402
997,best,do,-6.265452861785889
998,best,do,-6.161054611206055
999,best,do,-5.710052490234375
1000,best,do,-5.305346965789795
1001,best,do,-5.487843990325928
1002,best,do,-5.637886047363281
1003,best,do,-6.056585311889648
1004,best,do,-5.230764865875244
1005,best,do,-5.627039909362793
1006,best,do,-5.6995344161987305
1007,best,do,-5.854501724243164
1008,best,do,-5.354833126068115
1009,best,do,-4.987940788269043
1010,best,do,-6.076620101928711
1011,best,do,-6.493439674377441
1012,best,do,-6.622185707092285
1013,best,do,-6.91543436050415
1014,best,do,-6.622185707092285
1015,best,do,-5.4353108406066895
1016,best,do,-4.544678688049316
1017,best,pp,-4.936219215393066
1018,best,pp,-4.792503833770752
1019,best,pp,-6.190666198730469
1020,best,pp,-5.2705159187316895
1021,best,pp,-5.158048629760742
1022,best,pp,-5.094465255737305
1023,best,pp,-5.97441291809082
1024,best,pp,-4.568087577819824
1025,best,pp,-5.50806188583374
1026,best,pp,-4.576294422149658
1027,best,pp,-6.092320919036865
1028,best,pp,-5.466583251953125
1029,best,pp,-5.739748954772949
1030,best,pp,-5.158807277679443
1031,best,pp,-5.974298477172852
1032,best,pp,-6.229794979095459
1033,best,pp,-6.269585609436035
1034,best,pp,-5.190075397491455
1035,best,pp,-5.152249813079834
1036,best,pp,-5.579442024230957
1037,best,pp,-5.104257106781006
1038,best,pp,-4.3045878410339355
1039,best,pp,-5.475830554962158
1040,best,pp,-4.997880935668945
1041,best,pp,-4.5232391357421875
1042,best,pp,-5.533768177032471
1043,best,pp,-6.245112419128418
1044,best,pp,-3.722242832183838
1045,best,pp,-6.178715229034424
1046,best,pp,-5.427505970001221
1047,best,pp,-5.873471260070801
1048,best,pp,-5.110046863555908
1049,best,pp,-4.9045186042785645
1050,best,pp,-4.781598091125488
1051,best,pp,-4.507046699523926
1052,best,pp,-5.667866230010986
1053,best,pp,-5.487686634063721
1054,best,pp,-5.036470890045166
1055,best,pp,-4.571674823760986
1056,best,pp,-4.927024841308594
1057,best,pp,-5.207469940185547
1058,best,pp,-4.929851055145264
1059,best,pp,-5.199416160583496
1060,best,pp,-4.6234965324401855
1061,best,pp,-5.0807366371154785
1062,best,pp,-4.812342166900635
1063,best,pp,-4.033278942108154
1064,best,pp,-4.478998184204102
1065,best,pp,-5.561202526092529
1066,best,pp,-4.4050421714782715
1067,best,pp,-5.493277549743652
1068,best,pp,-4.2335734367370605
1069,best,pp,-4.5521769523620605
1070,best,pp,-4.854187488555908
1071,best,pp,-4.670923233032227
1072,best,pp,-4.7002949714660645
1073,best,pp,-3.794915199279785
1074,best,pp,-4.814180374145508
1075,best,pp,-4.6737260818481445
1076,best,pp,-5.374154090881348
1077,best,do,-5.786920547485352
1078,best,do,-5.9133620262146
1079,best,do,-5.955451965332031
1080,best,do,-5.406612396240234
1081,best,do,-3.851121187210083
1082,best,do,-4.84175443649292
1083,best,do,-5.183562278747559
1084,best,do,-5.121298313140869
1085,best,do,-4.905491828918457
1086,best,do,-4.641241550445557
1087,best,do,-4.824245452880859
1088,best,do,-4.210397243499756
1089,best,do,-5.744016647338867
1090,best,do,-5.4181809425354
1091,best,do,-5.155447006225586
1092,best,do,-4.892783164978027
1093,best,do,-5.571554183959961
1094,best,do,-4.738080978393555
1095,best,do,-5.639803886413574
1096,best,do,-4.836030960083008
1097,best,do,-5.193392276763916
1098,best,do,-5.12713623046875
1099,best,do,-6.143650531768799
1100,best,do,-5.778435230255127
1101,best,do,-5.295894145965576
1102,best,do,-5.560787200927734
1103,best,do,-4.944899082183838
1104,best,do,-3.926551103591919
1105,best,do,-4.845643997192383
1106,best,do,-4.455303192138672
1107,best,do,-5.12713623046875
1108,best,do,-6.900336742401123
1109,best,do,-4.31246280670166
1110,best,do,-5.90520715713501
1111,best,do,-6.00879430770874
1112,best,do,-4.292675018310547
1113,best,do,-5.1309733390808105
1114,best,do,-5.0995707511901855
1115,best,do,-4.578986167907715
1116,best,do,-5.608092784881592
1117,best,do,-5.250232219696045
1118,best,do,-5.478779315948486
1119,best,do,-3.8315212726593018
1120,best,pp,-4.716635227203369
1121,best,pp,-5.2950358390808105
1122,best,pp,-5.220164775848389
1123,best,pp,-4.274143695831299
1124,best,pp,-3.2316055297851562
1125,best,pp,-4.206721305847168
1126,best,pp,-4.094805717468262
1127,best,pp,-4.177857398986816
1128,best,pp,-4.180977821350098
1129,best,pp,-4.041236400604248
1130,best,pp,-4.190860271453857
1131,best,pp,-3.7076926231384277
1132,best,pp,-5.221334934234619
1133,best,pp,-5.156681537628174
1134,best,pp,-4.690110206604004
1135,best,pp,-4.344541072845459
1136,best,pp,-4.514401912689209
1137,best,pp,-4.437865257263184
1138,best,pp,-5.183588027954102
1139,best,pp,-4.068119525909424
1140,best,do,-5.646778106689453
1141,best,do,-5.751959323883057
1142,best,do,-4.956322193145752
1143,best,do,-5.110281467437744
1144,best,do,-5.43023157119751
1145,best,do,-4.966113567352295
1146,best,do,-5.646778106689453
1147,best,do,-6.19267463684082
1148,best,do,-5.398889064788818
1149,best,do,-4.732821941375732
1150,best,do,-4.949565410614014
1151,best,do,-6.657253265380859
1152,best,do,-5.316221714019775
1153,best,do,-6.122095584869385
1154,best,do,-5.208582401275635
1155,best,do,-3.9591310024261475
1156,best,do,-5.325764179229736
1157,best,do,-5.601969242095947
1158,best,do,-6.1661057472229
1159,best,do,-4.9427900314331055
1160,best,do,-5.810969829559326
1161,best,do,-4.178418159484863
1162,best,do,-6.219822406768799
1163,best,do,-5.563011169433594
1164,best,do,-5.751959323883057
1165,best,do,-5.015815734863281
1166,best,do,-6.230021953582764
1167,best,do,-4.687617778778076
1168,best,do,-5.002406597137451
1169,best,do,-5.497874736785889
1170,best,do,-4.5979695320129395
1171,best,do,-5.246975421905518
1172,best,do,-5.325764179229736
1173,best,do,-5.198225498199463
1174,best,do,-5.093387126922607
1175,best,do,-5.093387126922607
1176,best,do,-5.779480457305908
1177,best,do,-5.8624749183654785
1178,best,do,-4.39103889465332
1179,best,do,-3.9591310024261475
1180,best,do,-6.219822406768799
1181,best,do,-5.584872722625732
1182,best,do,-4.687617778778076
1183,best,pp,-4.701791286468506
1184,best,pp,-4.753289222717285
1185,best,pp,-4.150721549987793
1186,best,pp,-4.1086955070495605
1187,best,pp,-4.550536155700684
1188,best,pp,-3.907485246658325
1189,best,pp,-4.701791286468506
1190,best,pp,-5.408685207366943
1191,best,pp,-4.389866352081299
1192,best,pp,-4.020088195800781
1193,best,pp,-4.343883991241455
1194,best,pp,-5.7872538566589355
1195,best,pp,-4.458298683166504
1196,best,pp,-5.116326808929443
1197,best,pp,-4.090859413146973
1198,best,pp,-3.351972818374634
1199,best,pp,-4.781449794769287
1200,best,pp,-4.8985185623168945
1201,best,pp,-5.136571407318115
1202,best,pp,-4.05785608291626
1203,best,do,-6.1176605224609375
1204,best,do,-4.966973781585693
1205,best,do,-5.663498878479004
1206,best,do,-6.12809419631958
1207,best,do,-5.997351169586182
1208,best,do,-5.900785446166992
1209,best,do,-6.105232238769531
1210,best,do,-5.602621078491211
1211,best,do,-4.347784042358398
1212,best,do,-6.368568420410156
1213,best,do,-5.906529903411865
1214,best,do,-5.108667850494385
1215,best,do,-4.705788612365723
1216,best,do,-5.119251728057861
1217,best,do,-6.163445472717285
1218,best,do,-4.697060585021973
1219,best,do,-5.502723217010498
1220,best,do,-5.897787094116211
1221,best,do,-5.42142391204834
1222,best,do,-5.579866886138916
1223,best,do,-6.131013870239258
1224,best,do,-6.277334213256836
1225,best,do,-6.847026824951172
1226,best,do,-5.461137294769287
1227,best,do,-5.999762535095215
1228,best,do,-5.872889518737793
1229,best,do,-5.681291103363037
1230,best,do,-6.021410942077637
1231,best,do,-6.206743240356445
1232,best,do,-5.296781063079834
1233,best,do,-5.598160743713379
1234,best,do,-5.8052659034729
1235,best,do,-5.96584415435791
1236,best,do,-5.2455878257751465
1237,best,do,-5.378884792327881
1238,best,do,-5.8807806968688965
1239,best,do,-4.356870651245117
1240,best,do,-6.235139846801758
1241,best,do,-5.899304389953613
1242,best,do,-5.079403877258301
1243,best,do,-4.769224166870117
1244,best,do,-6.510471820831299
1245,best,do,-5.58637809753418
1246,best,pp,-5.608644485473633
1247,best,pp,-3.9323337078094482
1248,best,pp,-5.08205509185791
1249,best,pp,-4.957368850708008
1250,best,pp,-5.051606178283691
1251,best,pp,-5.002537727355957
1252,best,pp,-5.258764743804932
1253,best,pp,-4.809624671936035
1254,best,pp,-3.441296339035034
1255,best,pp,-5.927737236022949
1256,best,pp,-5.214913368225098
1257,best,pp,-4.645952224731445
1258,best,pp,-4.052760124206543
1259,best,pp,-4.263753890991211
1260,best,pp,-4.990556716918945
1261,best,pp,-3.716975688934326
1262,best,pp,-4.347392559051514
1263,best,pp,-4.84313440322876
1264,best,pp,-5.10059928894043
1265,best,pp,-4.634891033172607
1266,best,do,-4.8818817138671875
1267,best,do,-5.2861480712890625
1268,best,do,-5.693687915802002
1269,best,do,-5.336497783660889
1270,best,do,-6.015097141265869
1271,best,do,-6.3358893394470215
1272,best,do,-7.454351902008057
1273,best,do,-6.9544997215271
1274,best,do,-5.9771623611450195
1275,best,do,-7.347357273101807
1276,best,do,-7.078361511230469
1277,best,do,-5.021313667297363
1278,best,do,-6.9967780113220215
1279,best,do,-6.04040002822876
1280,best,do,-5.5252814292907715
1281,best,do,-6.469447612762451
1282,best,do,-5.54401159286499
1283,best,do,-6.249368667602539
1284,best,do,-6.087212562561035
1285,best,do,-6.027936935424805
1286,best,do,-6.027705192565918
1287,best,do,-6.236820697784424
1288,best,do,-6.782533168792725
1289,best,do,-6.959681034088135
1290,best,do,-5.8473896980285645
1291,best,do,-6.033732891082764
1292,best,do,-5.80050802230835
1293,best,do,-7.081874847412109
1294,best,do,-5.915132999420166
1295,best,do,-5.536655426025391
1296,best,do,-5.690042972564697
1297,best,do,-6.164796352386475
1298,best,do,-6.579900741577148
1299,best,do,-5.0640034675598145
1300,best,do,-5.838685512542725
1301,best,do,-6.88860559463501
1302,best,do,-5.888726711273193
1303,best,do,-6.636686325073242
1304,best,do,-6.191464900970459
1305,best,do,-6.453592777252197
1306,best,do,-6.051558971405029
1307,best,do,-6.228710651397705
1308,best,do,-7.039115905761719
1309,best,pp,-4.0138654708862305
1310,best,pp,-4.333486557006836
1311,best,pp,-4.625498294830322
1312,best,pp,-3.837465286254883
1313,best,pp,-4.199005126953125
1314,best,pp,-5.248558521270752
1315,best,pp,-6.736546993255615
1316,best,pp,-6.025843143463135
1317,best,pp,-4.181431293487549
1318,best,pp,-6.339516639709473
1319,best,pp,-5.7833380699157715
1320,best,pp,-4.102624893188477
1321,best,pp,-6.025633811950684
1322,best,pp,-5.181109428405762
1323,best,pp,-4.7200026512146
1324,best,pp,-5.187438011169434
1325,best,pp,-4.631255626678467
1326,best,pp,-5.5361223220825195
1327,best,pp,-4.393947124481201
1328,best,pp,-5.055172443389893
1329,best,pp,-4.287062644958496
1330,best,pp,-3.983520269393921
1331,best,pp,-5.245697975158691
1332,best,pp,-5.642337799072266
1333,best,pp,-5.041686534881592
1334,best,pp,-4.827052593231201
1335,best,pp,-4.2022199630737305
1336,best,pp,-4.944374084472656
1337,best,pp,-4.690635681152344
1338,best,pp,-4.697508811950684
1339,best,pp,-4.664184093475342
1340,best,pp,-4.473505973815918
1341,best,pp,-5.071794033050537
1342,best,pp,-5.170319080352783
1343,best,pp,-5.584738731384277
1344,best,pp,-4.972809791564941
1345,best,pp,-5.401456832885742
1346,best,pp,-3.662478446960449
1347,best,pp,-5.5131144523620605
1348,best,pp,-4.862813949584961
1349,best,pp,-4.393322467803955
1350,best,pp,-4.519981384277344
1351,best,pp,-5.023139953613281
1352,best,pp,-4.103158473968506
1353,best,pp,-4.4342241287231445
1354,best,pp,-3.188777446746826
1355,best,pp,-3.1903252601623535
1356,best,pp,-4.361900329589844
1357,best,pp,-4.8146820068359375
1358,best,pp,-4.515408992767334
1359,best,pp,-4.049428939819336
1360,best,pp,-4.6622114181518555
1361,best,pp,-4.635033130645752
1362,best,pp,-4.94908332824707
1363,best,pp,-4.524081230163574
1364,best,pp,-4.314030647277832
1365,best,pp,-5.010610580444336
1366,best,pp,-4.417198181152344
1367,best,pp,-4.239056587219238
1368,best,pp,-4.393930435180664
