item_id,model_state,dative,score
1,initial,pp,-7.539433002471924
2,initial,pp,-7.46161413192749
3,initial,pp,-6.9908623695373535
4,initial,pp,-7.859665393829346
5,initial,pp,-6.85454797744751
6,initial,pp,-7.381171703338623
7,initial,pp,-7.370813846588135
8,initial,pp,-7.264244079589844
9,initial,pp,-6.33887243270874
10,initial,pp,-7.324997425079346
11,initial,pp,-6.259119987487793
12,initial,pp,-5.9802117347717285
13,initial,pp,-6.829044342041016
14,initial,pp,-6.3683624267578125
15,initial,pp,-7.726232051849365
16,initial,pp,-7.264244079589844
17,initial,pp,-7.273706912994385
18,initial,pp,-6.916943550109863
19,initial,pp,-7.601817607879639
20,initial,pp,-6.701330661773682
21,initial,pp,-7.09364128112793
22,initial,pp,-6.543396949768066
23,initial,pp,-7.38113260269165
24,initial,pp,-7.830193042755127
25,initial,pp,-7.865333557128906
26,initial,pp,-7.280855655670166
27,initial,pp,-7.823123931884766
28,initial,pp,-7.288734436035156
29,initial,pp,-7.461235046386719
30,initial,pp,-7.26107931137085
31,initial,pp,-7.8650994300842285
32,initial,pp,-7.830193042755127
33,initial,pp,-7.417569637298584
34,initial,pp,-7.94414758682251
35,initial,pp,-6.4020233154296875
36,initial,pp,-6.601861953735352
37,initial,pp,-7.461235523223877
38,initial,pp,-6.697747707366943
39,initial,pp,-8.327028274536133
40,initial,pp,-7.720300197601318
41,initial,pp,-7.344490051269531
42,initial,pp,-6.904158115386963
43,initial,pp,-6.151800155639648
44,initial,pp,-7.187863349914551
45,initial,pp,-7.957307815551758
46,initial,pp,-6.775015830993652
47,initial,pp,-7.686809539794922
48,initial,pp,-6.825403213500977
49,initial,pp,-6.8385820388793945
50,initial,pp,-6.597463130950928
51,initial,pp,-7.276185989379883
52,initial,pp,-6.683531284332275
53,initial,pp,-6.951276779174805
54,initial,pp,-6.98774528503418
55,initial,pp,-6.766737937927246
56,initial,pp,-6.251258850097656
57,initial,pp,-6.242618560791016
58,initial,pp,-7.536311626434326
59,initial,pp,-7.001587390899658
60,initial,pp,-7.128765106201172
61,initial,pp,-7.513326644897461
62,initial,pp,-7.11625337600708
63,initial,pp,-8.535904884338379
64,initial,pp,-8.015619277954102
65,initial,pp,-7.583333969116211
66,initial,pp,-8.445198059082031
67,initial,pp,-6.528853416442871
68,initial,pp,-8.088057518005371
69,initial,pp,-8.320140838623047
70,initial,pp,-7.7017998695373535
71,initial,pp,-6.041364669799805
72,initial,pp,-8.192835807800293
73,initial,pp,-8.031172752380371
74,initial,pp,-8.15760326385498
75,initial,pp,-7.918975830078125
76,initial,pp,-7.220149517059326
77,initial,pp,-6.529833793640137
78,initial,pp,-6.607391357421875
79,initial,pp,-6.542834281921387
80,initial,pp,-7.8922119140625
81,initial,pp,-7.847063064575195
82,initial,pp,-6.420344352722168
83,initial,pp,-6.735928535461426
84,initial,pp,-5.9650559425354
85,initial,pp,-6.420344352722168
86,initial,pp,-6.033849239349365
87,initial,pp,-6.665666103363037
88,initial,pp,-5.932254791259766
89,initial,pp,-6.380296230316162
90,initial,pp,-5.842715263366699
91,initial,pp,-5.649852275848389
92,initial,pp,-8.117340087890625
93,initial,pp,-6.395937442779541
94,initial,pp,-6.21635103225708
95,initial,pp,-5.898221492767334
96,initial,pp,-6.044239521026611
97,initial,pp,-7.615016937255859
98,initial,pp,-7.827740669250488
99,initial,pp,-6.697257041931152
100,initial,pp,-7.455109119415283
101,initial,pp,-5.941338062286377
102,initial,pp,-6.901005744934082
103,initial,pp,-6.805710792541504
104,initial,pp,-6.353082180023193
105,initial,pp,-7.081592082977295
106,initial,pp,-6.314915657043457
107,initial,pp,-6.106547832489014
108,initial,pp,-6.818757057189941
109,initial,pp,-6.784583568572998
110,initial,pp,-7.030574321746826
111,initial,pp,-6.906002521514893
112,initial,pp,-6.85796594619751
113,initial,pp,-6.752175807952881
114,initial,pp,-6.096491813659668
115,initial,pp,-6.720673561096191
116,initial,pp,-6.33681583404541
117,initial,pp,-7.238923072814941
118,initial,pp,-6.179864883422852
119,initial,pp,-6.537862300872803
120,initial,pp,-7.231296062469482
121,initial,pp,-7.760456085205078
122,initial,pp,-7.841636657714844
123,initial,pp,-6.780269145965576
124,initial,pp,-7.910013675689697
125,initial,pp,-6.890570163726807
126,initial,pp,-7.904956817626953
127,initial,pp,-6.63282585144043
128,initial,pp,-8.194317817687988
129,initial,pp,-7.313203811645508
130,initial,pp,-6.671818256378174
131,initial,pp,-7.313203811645508
132,initial,pp,-7.841636657714844
133,initial,pp,-8.005415916442871
134,initial,pp,-7.311259746551514
135,initial,pp,-7.841636657714844
136,initial,pp,-7.904956817626953
137,initial,pp,-7.532864093780518
138,initial,pp,-6.471551895141602
139,initial,pp,-7.8867340087890625
140,initial,pp,-7.561465740203857
141,initial,pp,-7.1866254806518555
142,initial,pp,-7.007606029510498
143,initial,pp,-7.334607124328613
144,initial,pp,-7.919447422027588
145,initial,pp,-6.735119342803955
146,initial,pp,-6.855676174163818
147,initial,pp,-6.982394218444824
148,initial,pp,-7.228970527648926
149,initial,pp,-6.670710563659668
150,initial,pp,-6.26070499420166
151,initial,pp,-7.357865333557129
152,initial,pp,-6.978669166564941
153,initial,pp,-7.149407863616943
154,initial,pp,-7.338072299957275
155,initial,pp,-7.129683494567871
156,initial,pp,-6.662492275238037
157,initial,pp,-6.377638339996338
158,initial,pp,-6.526754379272461
159,initial,pp,-7.610289096832275
160,initial,pp,-7.562592506408691
161,initial,pp,-8.879454612731934
162,initial,pp,-7.605043888092041
163,initial,pp,-7.996814727783203
164,initial,pp,-7.102457523345947
165,initial,pp,-7.401870250701904
166,initial,pp,-6.088232517242432
167,initial,pp,-7.4021711349487305
168,initial,pp,-8.755878448486328
169,initial,pp,-7.587202548980713
170,initial,pp,-7.273136138916016
171,initial,pp,-7.996814727783203
172,initial,pp,-5.897733211517334
173,initial,pp,-6.809494495391846
174,initial,pp,-8.907994270324707
175,initial,pp,-6.934504985809326
176,initial,pp,-7.401870250701904
177,initial,pp,-9.040804862976074
178,initial,pp,-8.48760986328125
179,initial,pp,-6.068521976470947
180,initial,pp,-8.272292137145996
181,initial,pp,-6.585214614868164
182,initial,pp,-7.6268157958984375
183,initial,pp,-6.343864440917969
184,initial,pp,-7.1488237380981445
185,initial,pp,-6.633148193359375
186,initial,pp,-6.610695838928223
187,initial,pp,-5.970001220703125
188,initial,pp,-6.220590591430664
189,initial,pp,-6.333338260650635
190,initial,pp,-5.213778972625732
191,initial,pp,-6.822203636169434
192,initial,pp,-6.096166610717773
193,initial,pp,-6.439610481262207
194,initial,pp,-6.33286190032959
195,initial,pp,-6.202945232391357
196,initial,pp,-5.7509379386901855
197,initial,pp,-7.304168701171875
198,initial,pp,-6.6429266929626465
199,initial,pp,-6.383368968963623
200,initial,pp,-7.4619622230529785
201,initial,pp,-5.616341590881348
202,initial,pp,-5.946278095245361
203,initial,pp,-7.995129108428955
204,initial,pp,-7.000443458557129
205,initial,pp,-7.396172523498535
206,initial,pp,-7.111808776855469
207,initial,pp,-7.342745780944824
208,initial,pp,-6.511770248413086
209,initial,pp,-7.1997222900390625
210,initial,pp,-6.213001728057861
211,initial,pp,-6.771790027618408
212,initial,pp,-6.6678032875061035
213,initial,pp,-6.297451019287109
214,initial,pp,-7.459240436553955
215,initial,pp,-6.635512351989746
216,initial,pp,-5.639097690582275
217,initial,pp,-7.367134094238281
218,initial,pp,-6.752476692199707
219,initial,pp,-6.908752918243408
220,initial,pp,-6.4055495262146
221,initial,do,-7.503771781921387
222,initial,do,-7.373982906341553
223,initial,do,-6.9501848220825195
224,initial,do,-7.02296257019043
225,initial,do,-7.743893623352051
226,initial,do,-7.301724433898926
227,initial,do,-8.01688003540039
228,initial,do,-7.913604736328125
229,initial,do,-7.774738788604736
230,initial,do,-8.288544654846191
231,initial,do,-7.3300065994262695
232,initial,do,-7.418049335479736
233,initial,do,-8.187735557556152
234,initial,do,-7.913604736328125
235,initial,do,-6.674469947814941
236,initial,do,-7.169495105743408
237,initial,do,-7.259410381317139
238,initial,do,-7.99282169342041
239,initial,do,-7.553950786590576
240,initial,do,-6.910935878753662
241,initial,do,-8.187735557556152
242,initial,do,-7.591280937194824
243,initial,do,-7.971897602081299
244,initial,do,-7.99282169342041
245,initial,do,-7.671048641204834
246,initial,do,-6.66723108291626
247,initial,do,-8.110279083251953
248,initial,do,-7.546484470367432
249,initial,do,-7.634441375732422
250,initial,do,-7.294137954711914
251,initial,do,-7.424017429351807
252,initial,do,-7.329839706420898
253,initial,do,-8.275166511535645
254,initial,do,-8.006574630737305
255,initial,do,-7.435466289520264
256,initial,do,-7.4607720375061035
257,initial,do,-7.088569164276123
258,initial,do,-8.006574630737305
259,initial,do,-6.857777118682861
260,initial,do,-7.424017429351807
261,initial,do,-7.294137954711914
262,initial,do,-6.53156042098999
263,initial,do,-7.618528842926025
264,initial,pp,-7.021430015563965
265,initial,pp,-6.870985507965088
266,initial,pp,-6.582538604736328
267,initial,pp,-6.273402690887451
268,initial,pp,-7.208815574645996
269,initial,pp,-6.8118181228637695
270,initial,pp,-7.431766986846924
271,initial,pp,-7.478731155395508
272,initial,pp,-7.429178714752197
273,initial,pp,-7.72989559173584
274,initial,pp,-6.765523910522461
275,initial,pp,-6.733158111572266
276,initial,pp,-7.411428451538086
277,initial,pp,-7.478731155395508
278,initial,pp,-6.037710189819336
279,initial,pp,-6.6697845458984375
280,initial,pp,-7.236767768859863
281,initial,pp,-7.439468860626221
282,initial,pp,-7.135707378387451
283,initial,pp,-6.436120986938477
284,initial,do,-7.240024566650391
285,initial,do,-7.505256652832031
286,initial,do,-8.146489143371582
287,initial,do,-7.609128475189209
288,initial,do,-7.481594562530518
289,initial,do,-7.083122253417969
290,initial,do,-7.082823753356934
291,initial,do,-8.395259857177734
292,initial,do,-7.481594562530518
293,initial,do,-7.207224369049072
294,initial,do,-6.9208760261535645
295,initial,do,-7.2887959480285645
296,initial,do,-6.720818996429443
297,initial,do,-8.322361946105957
298,initial,do,-7.667908668518066
299,initial,do,-7.748908042907715
300,initial,do,-8.003480911254883
301,initial,do,-7.499699592590332
302,initial,do,-7.453347206115723
303,initial,do,-7.073318004608154
304,initial,do,-7.098615646362305
305,initial,do,-7.082823753356934
306,initial,do,-7.747174263000488
307,initial,do,-7.4607014656066895
308,initial,do,-7.609128475189209
309,initial,do,-7.128772735595703
310,initial,do,-6.460466384887695
311,initial,do,-7.825990200042725
312,initial,do,-7.609128475189209
313,initial,do,-8.436712265014648
314,initial,do,-6.877783298492432
315,initial,do,-8.126540184020996
316,initial,do,-7.5621819496154785
317,initial,do,-8.276005744934082
318,initial,do,-6.460466384887695
319,initial,do,-7.499699592590332
320,initial,do,-6.756675720214844
321,initial,do,-7.082870006561279
322,initial,do,-8.146488189697266
323,initial,do,-8.430007934570312
324,initial,do,-8.028521537780762
325,initial,do,-8.332460403442383
326,initial,do,-7.333089828491211
327,initial,pp,-7.057573318481445
328,initial,pp,-7.564329147338867
329,initial,pp,-7.447627544403076
330,initial,pp,-7.1086626052856445
331,initial,pp,-7.051517486572266
332,initial,pp,-6.4986252784729
333,initial,pp,-6.817168712615967
334,initial,pp,-8.104389190673828
335,initial,pp,-7.051517486572266
336,initial,pp,-6.838046073913574
337,initial,pp,-6.706085205078125
338,initial,pp,-6.654510974884033
339,initial,pp,-6.446707725524902
340,initial,pp,-7.5250396728515625
341,initial,pp,-6.972518444061279
342,initial,pp,-7.278128147125244
343,initial,pp,-7.579122543334961
344,initial,pp,-7.197810649871826
345,initial,pp,-6.829481601715088
346,initial,pp,-6.731636047363281
347,initial,do,-6.580319881439209
348,initial,do,-6.1980814933776855
349,initial,do,-6.92590856552124
350,initial,do,-6.916204929351807
351,initial,do,-6.93853759765625
352,initial,do,-6.2720489501953125
353,initial,do,-7.319399356842041
354,initial,do,-6.539344310760498
355,initial,do,-6.6485724449157715
356,initial,do,-6.76851749420166
357,initial,do,-7.435373306274414
358,initial,do,-7.0867133140563965
359,initial,do,-6.438777446746826
360,initial,do,-7.044220924377441
361,initial,do,-6.776513576507568
362,initial,do,-7.253298282623291
363,initial,do,-6.627649784088135
364,initial,do,-7.361903667449951
365,initial,do,-6.848601341247559
366,initial,do,-6.333517074584961
367,initial,do,-6.669992923736572
368,initial,do,-5.944604873657227
369,initial,do,-6.855058670043945
370,initial,do,-6.193786144256592
371,initial,do,-6.913041114807129
372,initial,do,-7.737354755401611
373,initial,do,-7.301120281219482
374,initial,do,-7.082688331604004
375,initial,do,-5.975727558135986
376,initial,do,-7.188953876495361
377,initial,do,-6.504284858703613
378,initial,do,-6.733360767364502
379,initial,do,-6.656999588012695
380,initial,do,-6.724145889282227
381,initial,do,-7.203326225280762
382,initial,do,-7.080801486968994
383,initial,do,-6.074322700500488
384,initial,do,-6.913041114807129
385,initial,do,-7.058516979217529
386,initial,do,-7.301120281219482
387,initial,do,-6.86651611328125
388,initial,do,-6.807642459869385
389,initial,do,-7.053253173828125
390,initial,pp,-6.249628067016602
391,initial,pp,-6.047811508178711
392,initial,pp,-6.973165988922119
393,initial,pp,-6.515866279602051
394,initial,pp,-6.586090087890625
395,initial,pp,-6.46276330947876
396,initial,pp,-7.336677551269531
397,initial,pp,-6.421913146972656
398,initial,pp,-6.906915187835693
399,initial,pp,-6.358153343200684
400,initial,pp,-7.605613708496094
401,initial,pp,-7.1225266456604
402,initial,pp,-6.321330547332764
403,initial,pp,-7.373452663421631
404,initial,pp,-6.816844940185547
405,initial,pp,-6.5115966796875
406,initial,pp,-6.860019683837891
407,initial,pp,-7.337927341461182
408,initial,pp,-7.247886657714844
409,initial,pp,-6.38676118850708
410,initial,do,-8.293732643127441
411,initial,do,-7.3812479972839355
412,initial,do,-7.4801554679870605
413,initial,do,-9.250053405761719
414,initial,do,-9.044440269470215
415,initial,do,-8.146113395690918
416,initial,do,-7.753084659576416
417,initial,do,-7.586853981018066
418,initial,do,-5.971551895141602
419,initial,do,-7.482952117919922
420,initial,do,-7.806136131286621
421,initial,do,-8.54926872253418
422,initial,do,-8.817931175231934
423,initial,do,-9.097891807556152
424,initial,do,-7.5360107421875
425,initial,do,-8.70837116241455
426,initial,do,-7.739020824432373
427,initial,do,-8.103245735168457
428,initial,do,-8.06356430053711
429,initial,do,-8.709988594055176
430,initial,do,-9.263236999511719
431,initial,do,-7.297457218170166
432,initial,do,-8.103245735168457
433,initial,do,-7.779697418212891
434,initial,do,-9.43652629852295
435,initial,do,-8.311013221740723
436,initial,do,-8.009692192077637
437,initial,do,-8.414300918579102
438,initial,do,-8.246450424194336
439,initial,do,-9.002382278442383
440,initial,do,-8.821199417114258
441,initial,do,-8.002747535705566
442,initial,do,-8.920510292053223
443,initial,do,-8.838288307189941
444,initial,do,-8.188828468322754
445,initial,do,-7.955204486846924
446,initial,do,-8.70837116241455
447,initial,do,-8.961359977722168
448,initial,do,-7.3078389167785645
449,initial,do,-7.868744373321533
450,initial,do,-8.496114730834961
451,initial,do,-9.092611312866211
452,initial,do,-7.7224531173706055
453,initial,pp,-7.925918102264404
454,initial,pp,-6.642187118530273
455,initial,pp,-7.378956317901611
456,initial,pp,-8.426800727844238
457,initial,pp,-8.490813255310059
458,initial,pp,-7.666116714477539
459,initial,pp,-7.57611608505249
460,initial,pp,-7.193700790405273
461,initial,pp,-5.976220607757568
462,initial,pp,-7.246377944946289
463,initial,pp,-8.256966590881348
464,initial,pp,-8.590452194213867
465,initial,pp,-8.118513107299805
466,initial,pp,-7.9695000648498535
467,initial,pp,-7.33923864364624
468,initial,pp,-8.094683647155762
469,initial,pp,-7.198786735534668
470,initial,pp,-8.18215274810791
471,initial,pp,-7.519104480743408
472,initial,pp,-7.680265426635742
473,initial,pp,-7.575917720794678
474,initial,pp,-8.185779571533203
475,initial,pp,-7.073642253875732
476,initial,pp,-7.099133014678955
477,initial,pp,-6.45425271987915
478,initial,pp,-7.090470314025879
479,initial,pp,-6.809122562408447
480,initial,pp,-6.700944423675537
481,initial,pp,-7.559793949127197
482,initial,pp,-7.658548355102539
483,initial,pp,-6.601146697998047
484,initial,pp,-7.386380672454834
485,initial,pp,-7.8224358558654785
486,initial,pp,-6.769068241119385
487,initial,pp,-7.48505973815918
488,initial,pp,-6.9698166847229
489,initial,pp,-6.616328239440918
490,initial,pp,-7.462918758392334
491,initial,pp,-6.3283772468566895
492,initial,pp,-7.190816402435303
493,initial,do,-7.52500581741333
494,initial,do,-8.225505828857422
495,initial,do,-7.519955635070801
496,initial,do,-7.891201972961426
497,initial,do,-9.277270317077637
498,initial,do,-6.242161273956299
499,initial,do,-8.875946998596191
500,initial,do,-9.6455078125
501,initial,do,-7.811207294464111
502,initial,do,-7.057230472564697
503,initial,do,-8.665154457092285
504,initial,do,-7.552012920379639
505,initial,do,-9.125703811645508
506,initial,do,-7.610351085662842
507,initial,do,-8.678492546081543
508,initial,do,-9.085208892822266
509,initial,do,-8.262672424316406
510,initial,do,-8.114602088928223
511,initial,do,-7.0966668128967285
512,initial,do,-9.170428276062012
513,initial,do,-7.713211536407471
514,initial,do,-8.91966438293457
515,initial,do,-9.659919738769531
516,initial,do,-9.766077995300293
517,initial,do,-7.6070075035095215
518,initial,do,-8.339887619018555
519,initial,do,-8.481590270996094
520,initial,do,-8.851537704467773
521,initial,do,-9.400683403015137
522,initial,do,-7.632042407989502
523,initial,do,-7.659609794616699
524,initial,do,-7.867404937744141
525,initial,do,-8.862977027893066
526,initial,do,-9.623113632202148
527,initial,do,-7.33342981338501
528,initial,do,-9.250082969665527
529,initial,do,-9.250082969665527
530,initial,do,-10.248697280883789
531,initial,do,-9.772970199584961
532,initial,do,-9.587733268737793
533,initial,do,-9.159074783325195
534,initial,do,-8.145615577697754
535,initial,do,-7.503025054931641
536,initial,pp,-7.3479814529418945
537,initial,pp,-7.5855302810668945
538,initial,pp,-7.57599401473999
539,initial,pp,-7.906839370727539
540,initial,pp,-9.481328964233398
541,initial,pp,-5.920291423797607
542,initial,pp,-8.403657913208008
543,initial,pp,-9.201861381530762
544,initial,pp,-7.487053871154785
545,initial,pp,-6.556639194488525
546,initial,pp,-8.521368980407715
547,initial,pp,-7.527127742767334
548,initial,pp,-8.67867660522461
549,initial,pp,-7.339751720428467
550,initial,pp,-8.790595054626465
551,initial,pp,-8.52143383026123
552,initial,pp,-7.584818363189697
553,initial,pp,-7.274576663970947
554,initial,pp,-6.711379051208496
555,initial,pp,-9.161446571350098
556,initial,do,-7.858150959014893
557,initial,do,-9.424281120300293
558,initial,do,-8.141491889953613
559,initial,do,-9.13780689239502
560,initial,do,-9.949183464050293
561,initial,do,-7.526332378387451
562,initial,do,-8.312751770019531
563,initial,do,-9.029031753540039
564,initial,do,-9.424281120300293
565,initial,do,-9.516438484191895
566,initial,do,-7.069309234619141
567,initial,do,-6.803150653839111
568,initial,do,-7.897885322570801
569,initial,do,-8.500961303710938
570,initial,do,-6.973482608795166
571,initial,do,-9.013012886047363
572,initial,do,-9.125344276428223
573,initial,do,-9.070175170898438
574,initial,do,-9.070175170898438
575,initial,do,-9.330102920532227
576,initial,do,-7.719320774078369
577,initial,do,-8.170015335083008
578,initial,do,-9.125344276428223
579,initial,do,-7.956517696380615
580,initial,do,-7.1928791999816895
581,initial,do,-7.897885322570801
582,initial,do,-9.764688491821289
583,initial,do,-7.269219398498535
584,initial,do,-7.852520942687988
585,initial,do,-9.15468692779541
586,initial,do,-8.025534629821777
587,initial,do,-8.181448936462402
588,initial,do,-7.269219398498535
589,initial,do,-7.40208101272583
590,initial,do,-8.63617992401123
591,initial,do,-8.604013442993164
592,initial,do,-9.126606941223145
593,initial,do,-8.604013442993164
594,initial,do,-9.416153907775879
595,initial,do,-8.141491889953613
596,initial,do,-9.442953109741211
597,initial,do,-7.897885322570801
598,initial,do,-9.516438484191895
599,initial,pp,-7.691891193389893
600,initial,pp,-8.979129791259766
601,initial,pp,-7.513436794281006
602,initial,pp,-8.77772045135498
603,initial,pp,-9.527873039245605
604,initial,pp,-7.55895471572876
605,initial,pp,-7.852975845336914
606,initial,pp,-8.081913948059082
607,initial,pp,-8.979129791259766
608,initial,pp,-8.954880714416504
609,initial,pp,-7.335208415985107
610,initial,pp,-6.660120487213135
611,initial,pp,-7.340019226074219
612,initial,pp,-7.732085227966309
613,initial,pp,-6.6913251876831055
614,initial,pp,-8.229226112365723
615,initial,pp,-9.002668380737305
616,initial,pp,-8.825037956237793
617,initial,pp,-8.825037956237793
618,initial,pp,-8.971667289733887
619,initial,do,-7.2312493324279785
620,initial,do,-7.234537124633789
621,initial,do,-7.852651119232178
622,initial,do,-7.7180657386779785
623,initial,do,-8.428220748901367
624,initial,do,-7.9619574546813965
625,initial,do,-7.493105411529541
626,initial,do,-8.266904830932617
627,initial,do,-7.9907355308532715
628,initial,do,-8.551301956176758
629,initial,do,-7.914000511169434
630,initial,do,-5.959970951080322
631,initial,do,-7.043254375457764
632,initial,do,-6.91681432723999
633,initial,do,-6.754617214202881
634,initial,do,-7.917251110076904
635,initial,do,-7.185366630554199
636,initial,do,-8.043127059936523
637,initial,do,-7.043254375457764
638,initial,do,-7.813004493713379
639,initial,do,-8.295777320861816
640,initial,do,-8.490906715393066
641,initial,do,-7.974591255187988
642,initial,do,-8.6673002243042
643,initial,do,-8.086504936218262
644,initial,do,-7.351698875427246
645,initial,do,-9.24953556060791
646,initial,do,-7.494060039520264
647,initial,do,-8.366799354553223
648,initial,do,-8.316412925720215
649,initial,do,-7.311453342437744
650,initial,do,-8.556853294372559
651,initial,do,-8.432550430297852
652,initial,do,-8.858373641967773
653,initial,do,-8.830007553100586
654,initial,do,-7.216310501098633
655,initial,do,-7.754980087280273
656,initial,do,-8.872822761535645
657,initial,do,-8.366060256958008
658,initial,do,-7.04325532913208
659,initial,do,-8.981834411621094
660,initial,do,-8.896793365478516
661,initial,do,-7.251059532165527
662,initial,pp,-7.128908634185791
663,initial,pp,-6.33262300491333
664,initial,pp,-7.5705742835998535
665,initial,pp,-7.499627113342285
666,initial,pp,-8.388961791992188
667,initial,pp,-7.889815807342529
668,initial,pp,-7.4036688804626465
669,initial,pp,-8.430187225341797
670,initial,pp,-7.712065696716309
671,initial,pp,-8.260148048400879
672,initial,pp,-7.276396751403809
673,initial,pp,-5.655581474304199
674,initial,pp,-6.734822750091553
675,initial,pp,-6.304027557373047
676,initial,pp,-6.2015485763549805
677,initial,pp,-7.813827991485596
678,initial,pp,-6.528686046600342
679,initial,pp,-7.630243301391602
680,initial,pp,-6.734822750091553
681,initial,pp,-7.6154351234436035
682,initial,do,-9.267459869384766
683,initial,do,-9.55859088897705
684,initial,do,-8.685284614562988
685,initial,do,-6.9015212059021
686,initial,do,-8.95681095123291
687,initial,do,-9.373507499694824
688,initial,do,-9.767626762390137
689,initial,do,-10.790837287902832
690,initial,do,-8.754283905029297
691,initial,do,-8.783598899841309
692,initial,do,-7.494484901428223
693,initial,do,-10.414499282836914
694,initial,do,-8.06224536895752
695,initial,do,-7.94873571395874
696,initial,do,-9.524577140808105
697,initial,do,-7.731780529022217
698,initial,do,-8.543228149414062
699,initial,do,-9.249856948852539
700,initial,do,-9.055437088012695
701,initial,do,-8.095088005065918
702,initial,do,-9.239569664001465
703,initial,do,-9.432127952575684
704,initial,do,-10.49634075164795
705,initial,do,-9.903881072998047
706,initial,do,-9.523494720458984
707,initial,do,-11.634422302246094
708,initial,do,-8.17452335357666
709,initial,do,-8.187956809997559
710,initial,do,-10.592390060424805
711,initial,do,-9.21192455291748
712,initial,do,-7.972616672515869
713,initial,do,-10.380826950073242
714,initial,do,-10.180039405822754
715,initial,do,-9.692338943481445
716,initial,do,-10.152116775512695
717,initial,do,-10.440464973449707
718,initial,do,-11.083087921142578
719,initial,do,-10.288614273071289
720,initial,do,-7.351600646972656
721,initial,do,-9.110886573791504
722,initial,do,-7.6077399253845215
723,initial,do,-8.248857498168945
724,initial,do,-8.782309532165527
725,initial,pp,-8.986583709716797
726,initial,pp,-8.394965171813965
727,initial,pp,-7.34273624420166
728,initial,pp,-6.26469612121582
729,initial,pp,-8.93309211730957
730,initial,pp,-8.997719764709473
731,initial,pp,-9.871441841125488
732,initial,pp,-9.353499412536621
733,initial,pp,-8.255547523498535
734,initial,pp,-7.946319580078125
735,initial,pp,-7.449757099151611
736,initial,pp,-9.420645713806152
737,initial,pp,-7.483065128326416
738,initial,pp,-8.442689895629883
739,initial,pp,-9.342480659484863
740,initial,pp,-8.39356517791748
741,initial,pp,-7.474989414215088
742,initial,pp,-8.074012756347656
743,initial,pp,-8.504324913024902
744,initial,pp,-8.049891471862793
745,initial,pp,-6.9023118019104
746,initial,pp,-6.970524311065674
747,initial,pp,-7.582675457000732
748,initial,pp,-6.836862564086914
749,initial,pp,-8.331903457641602
750,initial,pp,-8.035978317260742
751,initial,pp,-8.385107040405273
752,initial,pp,-7.208795070648193
753,initial,pp,-7.589676380157471
754,initial,pp,-7.153773784637451
755,initial,pp,-6.11940336227417
756,initial,pp,-5.801934719085693
757,initial,pp,-7.288360595703125
758,initial,pp,-6.472491264343262
759,initial,pp,-6.9507012367248535
760,initial,pp,-8.091262817382812
761,initial,pp,-8.92310619354248
762,initial,pp,-8.88897705078125
763,initial,pp,-7.620513916015625
764,initial,pp,-7.303675651550293
765,initial,pp,-7.2328925132751465
766,initial,pp,-8.171403884887695
767,initial,pp,-7.5553765296936035
768,initial,pp,-6.6755452156066895
769,initial,pp,-8.092100143432617
770,initial,pp,-8.993522644042969
771,initial,pp,-7.768120288848877
772,initial,pp,-7.981692314147949
773,initial,pp,-7.137659072875977
774,initial,pp,-6.293807506561279
775,initial,pp,-7.25107479095459
776,initial,pp,-6.733386039733887
777,initial,pp,-6.660391807556152
778,initial,pp,-7.824718475341797
779,initial,pp,-7.567048072814941
780,initial,pp,-8.39055347442627
781,initial,pp,-7.456174373626709
782,initial,pp,-6.651668548583984
783,initial,pp,-7.965560436248779
784,initial,pp,-8.646836280822754
785,initial,do,-7.044857501983643
786,initial,do,-6.245657444000244
787,initial,do,-6.175532341003418
788,initial,do,-5.710654258728027
789,initial,do,-6.92234468460083
790,initial,do,-6.016435146331787
791,initial,do,-6.562838554382324
792,initial,do,-6.391317844390869
793,initial,do,-8.204962730407715
794,initial,do,-7.591462135314941
795,initial,do,-5.9270758628845215
796,initial,do,-5.659167289733887
797,initial,do,-5.936525344848633
798,initial,do,-8.055135726928711
799,initial,do,-5.678430080413818
800,initial,do,-5.632553577423096
801,initial,do,-7.290679454803467
802,initial,do,-6.0016326904296875
803,initial,do,-8.05854320526123
804,initial,do,-7.671244144439697
805,initial,do,-8.085747718811035
806,initial,do,-5.866909027099609
807,initial,do,-7.0966901779174805
808,initial,do,-8.160382270812988
809,initial,do,-5.968887805938721
810,initial,do,-5.932432174682617
811,initial,do,-7.487550735473633
812,initial,do,-6.382552623748779
813,initial,do,-6.4804840087890625
814,initial,do,-6.248551845550537
815,initial,do,-6.195068359375
816,initial,do,-6.553762912750244
817,initial,do,-6.15147590637207
818,initial,do,-5.391495704650879
819,initial,do,-7.493020534515381
820,initial,do,-5.632553577423096
821,initial,do,-8.204634666442871
822,initial,do,-6.35213565826416
823,initial,do,-6.400528907775879
824,initial,do,-7.4001054763793945
825,initial,do,-6.86004114151001
826,initial,do,-6.70499849319458
827,initial,do,-8.193938255310059
828,initial,pp,-6.9986724853515625
829,initial,pp,-5.9156107902526855
830,initial,pp,-6.5366668701171875
831,initial,pp,-5.979556560516357
832,initial,pp,-6.772114276885986
833,initial,pp,-6.170919418334961
834,initial,pp,-6.331571102142334
835,initial,pp,-6.201110363006592
836,initial,pp,-7.992335319519043
837,initial,pp,-7.304906845092773
838,initial,pp,-6.177608966827393
839,initial,pp,-5.6643781661987305
840,initial,pp,-6.053917407989502
841,initial,pp,-7.600233554840088
842,initial,pp,-5.802847385406494
843,initial,pp,-5.292316436767578
844,initial,pp,-7.2191643714904785
845,initial,pp,-6.389402389526367
846,initial,pp,-7.825549125671387
847,initial,pp,-7.564659118652344
848,initial,do,-6.097542762756348
849,initial,do,-6.669511795043945
850,initial,do,-6.532397270202637
851,initial,do,-8.306221008300781
852,initial,do,-5.766679286956787
853,initial,do,-7.5283050537109375
854,initial,do,-7.52189826965332
855,initial,do,-6.353898525238037
856,initial,do,-6.41377592086792
857,initial,do,-6.816088676452637
858,initial,do,-7.768317222595215
859,initial,do,-6.418978691101074
860,initial,do,-6.931672096252441
861,initial,do,-5.337704181671143
862,initial,do,-5.489099979400635
863,initial,do,-5.350266456604004
864,initial,do,-6.175936698913574
865,initial,do,-8.026823997497559
866,initial,do,-5.340264320373535
867,initial,do,-6.282449245452881
868,initial,do,-7.394496440887451
869,initial,do,-5.766543865203857
870,initial,do,-8.614920616149902
871,initial,do,-5.618569850921631
872,initial,do,-5.788280963897705
873,initial,do,-6.6258063316345215
874,initial,do,-6.413775444030762
875,initial,do,-6.351280212402344
876,initial,do,-6.231972694396973
877,initial,do,-7.2407355308532715
878,initial,do,-6.603744029998779
879,initial,do,-5.227261543273926
880,initial,do,-8.80265998840332
881,initial,do,-7.427724361419678
882,initial,do,-6.36889123916626
883,initial,do,-7.394370079040527
884,initial,do,-6.097541809082031
885,initial,do,-6.397260665893555
886,initial,do,-6.005982398986816
887,initial,do,-7.17442512512207
888,initial,do,-8.439712524414062
889,initial,do,-7.36643123626709
890,initial,do,-5.904317855834961
891,initial,pp,-6.201634407043457
892,initial,pp,-6.274351119995117
893,initial,pp,-6.566753387451172
894,initial,pp,-7.822372913360596
895,initial,pp,-5.817746162414551
896,initial,pp,-7.2970075607299805
897,initial,pp,-7.111975193023682
898,initial,pp,-5.9934234619140625
899,initial,pp,-6.208195686340332
900,initial,pp,-6.507734298706055
901,initial,pp,-7.46823263168335
902,initial,pp,-6.231672763824463
903,initial,pp,-6.909106254577637
904,initial,pp,-5.003292560577393
905,initial,pp,-5.805943489074707
906,initial,pp,-5.460867881774902
907,initial,pp,-5.979740619659424
908,initial,pp,-7.62628173828125
909,initial,pp,-5.273314476013184
910,initial,pp,-6.0761003494262695
911,initial,do,-6.614596366882324
912,initial,do,-7.156620502471924
913,initial,do,-6.463784694671631
914,initial,do,-7.150452613830566
915,initial,do,-6.260426998138428
916,initial,do,-6.757370471954346
917,initial,do,-7.071904182434082
918,initial,do,-7.90748405456543
919,initial,do,-6.494600296020508
920,initial,do,-7.293694496154785
921,initial,do,-6.99235725402832
922,initial,do,-6.765621662139893
923,initial,do,-7.582828998565674
924,initial,do,-6.404716491699219
925,initial,do,-6.153571605682373
926,initial,do,-7.282065391540527
927,initial,do,-7.239504337310791
928,initial,do,-7.170026779174805
929,initial,do,-6.7104411125183105
930,initial,do,-5.958607196807861
931,initial,do,-7.055156230926514
932,initial,do,-6.117286682128906
933,initial,do,-6.578147888183594
934,initial,do,-6.054751396179199
935,initial,do,-6.567926406860352
936,initial,do,-6.8378586769104
937,initial,do,-5.87799596786499
938,initial,do,-5.852552890777588
939,initial,do,-7.642734050750732
940,initial,do,-6.380251884460449
941,initial,do,-6.984409809112549
942,initial,do,-7.763511657714844
943,initial,do,-6.079105854034424
944,initial,do,-6.56161642074585
945,initial,do,-6.181331634521484
946,initial,do,-7.839296817779541
947,initial,do,-6.494991779327393
948,initial,do,-6.849091053009033
949,initial,do,-7.293694496154785
950,initial,do,-6.872953414916992
951,initial,do,-7.910612106323242
952,initial,do,-6.051293849945068
953,initial,do,-7.58443546295166
954,initial,pp,-6.532482624053955
955,initial,pp,-6.984274387359619
956,initial,pp,-6.424795627593994
957,initial,pp,-6.807230472564697
958,initial,pp,-6.403569221496582
959,initial,pp,-6.301649570465088
960,initial,pp,-7.124231815338135
961,initial,pp,-7.6930999755859375
962,initial,pp,-6.555908203125
963,initial,pp,-7.025691032409668
964,initial,pp,-6.923609256744385
965,initial,pp,-6.650521755218506
966,initial,pp,-7.119277000427246
967,initial,pp,-6.214514255523682
968,initial,pp,-6.385372161865234
969,initial,pp,-7.26427698135376
970,initial,pp,-7.024839878082275
971,initial,pp,-6.91208028793335
972,initial,pp,-6.312699794769287
973,initial,pp,-5.752941131591797
974,initial,do,-8.246803283691406
975,initial,do,-8.206716537475586
976,initial,do,-9.278396606445312
977,initial,do,-8.048880577087402
978,initial,do,-6.550594329833984
979,initial,do,-5.975709915161133
980,initial,do,-8.342520713806152
981,initial,do,-6.401924133300781
982,initial,do,-7.490318775177002
983,initial,do,-7.203529357910156
984,initial,do,-7.770389080047607
985,initial,do,-7.94867467880249
986,initial,do,-7.784610748291016
987,initial,do,-6.9515180587768555
988,initial,do,-9.408934593200684
989,initial,do,-8.889452934265137
990,initial,do,-9.256911277770996
991,initial,do,-6.678236961364746
992,initial,do,-7.073977947235107
993,initial,do,-7.047658920288086
994,initial,do,-6.157270431518555
995,initial,do,-8.135810852050781
996,initial,do,-7.712571144104004
997,initial,do,-7.914032936096191
998,initial,do,-7.525990962982178
999,initial,do,-6.713881015777588
1000,initial,do,-7.009187698364258
1001,initial,do,-6.2742600440979
1002,initial,do,-6.810621738433838
1003,initial,do,-7.047658920288086
1004,initial,do,-7.106364727020264
1005,initial,do,-6.188939094543457
1006,initial,do,-8.44922924041748
1007,initial,do,-7.244943618774414
1008,initial,do,-6.8012776374816895
1009,initial,do,-6.188674449920654
1010,initial,do,-7.330477237701416
1011,initial,do,-7.935394287109375
1012,initial,do,-7.624921798706055
1013,initial,do,-7.516723155975342
1014,initial,do,-7.624921798706055
1015,initial,do,-6.430112838745117
1016,initial,do,-6.624314308166504
1017,initial,pp,-7.289478302001953
1018,initial,pp,-7.294201850891113
1019,initial,pp,-8.926112174987793
1020,initial,pp,-7.311019420623779
1021,initial,pp,-6.6308913230896
1022,initial,pp,-6.120728492736816
1023,initial,pp,-7.758686542510986
1024,initial,pp,-6.132062911987305
1025,initial,pp,-7.450980186462402
1026,initial,pp,-6.6413702964782715
1027,initial,pp,-7.476524353027344
1028,initial,pp,-7.652280330657959
1029,initial,pp,-7.7811665534973145
1030,initial,pp,-6.603796005249023
1031,initial,pp,-8.708296775817871
1032,initial,pp,-8.275666236877441
1033,initial,pp,-8.836917877197266
1034,initial,pp,-6.570796012878418
1035,initial,pp,-6.933686256408691
1036,initial,pp,-6.943591117858887
1037,initial,pp,-6.6830878257751465
1038,initial,pp,-5.739558219909668
1039,initial,pp,-7.335216522216797
1040,initial,pp,-6.648345470428467
1041,initial,pp,-5.506808280944824
1042,initial,pp,-6.777951717376709
1043,initial,pp,-7.750086307525635
1044,initial,pp,-5.03529691696167
1045,initial,pp,-7.261529445648193
1046,initial,pp,-6.1033101081848145
1047,initial,pp,-8.435256958007812
1048,initial,pp,-5.633308410644531
1049,initial,pp,-5.715944290161133
1050,initial,pp,-5.509006977081299
1051,initial,pp,-5.404942989349365
1052,initial,pp,-6.897058963775635
1053,initial,pp,-7.213347911834717
1054,initial,pp,-6.314117908477783
1055,initial,pp,-5.083940029144287
1056,initial,pp,-5.996771812438965
1057,initial,pp,-6.46734094619751
1058,initial,pp,-5.884120941162109
1059,initial,pp,-6.8462653160095215
1060,initial,pp,-5.841800212860107
1061,initial,pp,-6.302053928375244
1062,initial,pp,-6.342718601226807
1063,initial,pp,-5.583345890045166
1064,initial,pp,-6.292441368103027
1065,initial,pp,-6.334754943847656
1066,initial,pp,-6.196650505065918
1067,initial,pp,-7.201839923858643
1068,initial,pp,-5.440456867218018
1069,initial,pp,-5.770102500915527
1070,initial,pp,-6.478508472442627
1071,initial,pp,-6.348161697387695
1072,initial,pp,-6.0976643562316895
1073,initial,pp,-5.996986389160156
1074,initial,pp,-6.168166637420654
1075,initial,pp,-5.862935543060303
1076,initial,pp,-7.697274208068848
1077,initial,do,-7.715826511383057
1078,initial,do,-7.54121732711792
1079,initial,do,-8.002931594848633
1080,initial,do,-7.831754684448242
1081,initial,do,-7.017566680908203
1082,initial,do,-7.133279323577881
1083,initial,do,-7.840138912200928
1084,initial,do,-8.155685424804688
1085,initial,do,-7.8531575202941895
1086,initial,do,-6.830625057220459
1087,initial,do,-7.916654109954834
1088,initial,do,-7.1253662109375
1089,initial,do,-7.848918914794922
1090,initial,do,-7.998382568359375
1091,initial,do,-7.973663330078125
1092,initial,do,-6.770087718963623
1093,initial,do,-7.504481792449951
1094,initial,do,-7.98478889465332
1095,initial,do,-6.995235443115234
1096,initial,do,-7.620784282684326
1097,initial,do,-8.011271476745605
1098,initial,do,-7.845884323120117
1099,initial,do,-7.793212890625
1100,initial,do,-8.04076099395752
1101,initial,do,-7.60558557510376
1102,initial,do,-7.3737874031066895
1103,initial,do,-7.4750752449035645
1104,initial,do,-6.992666244506836
1105,initial,do,-7.718469619750977
1106,initial,do,-7.025352478027344
1107,initial,do,-7.845884323120117
1108,initial,do,-8.155220985412598
1109,initial,do,-6.530448913574219
1110,initial,do,-7.719404697418213
1111,initial,do,-6.968319416046143
1112,initial,do,-7.157922267913818
1113,initial,do,-7.573755264282227
1114,initial,do,-7.56620979309082
1115,initial,do,-7.629882335662842
1116,initial,do,-7.9974141120910645
1117,initial,do,-8.072714805603027
1118,initial,do,-7.751668453216553
1119,initial,do,-7.240349769592285
1120,initial,pp,-6.792235851287842
1121,initial,pp,-7.292970180511475
1122,initial,pp,-7.256356716156006
1123,initial,pp,-6.826850414276123
1124,initial,pp,-6.191622734069824
1125,initial,pp,-7.000784873962402
1126,initial,pp,-6.8175811767578125
1127,initial,pp,-7.2992424964904785
1128,initial,pp,-6.8958001136779785
1129,initial,pp,-6.161015033721924
1130,initial,pp,-6.7460174560546875
1131,initial,pp,-6.520960807800293
1132,initial,pp,-7.422558784484863
1133,initial,pp,-7.492394924163818
1134,initial,pp,-7.291970252990723
1135,initial,pp,-6.646945476531982
1136,initial,pp,-6.928930759429932
1137,initial,pp,-6.952267169952393
1138,initial,pp,-6.528083801269531
1139,initial,pp,-6.732254505157471
1140,initial,do,-8.007793426513672
1141,initial,do,-7.26569938659668
1142,initial,do,-6.615163803100586
1143,initial,do,-7.69961404800415
1144,initial,do,-6.72295618057251
1145,initial,do,-7.051889419555664
1146,initial,do,-8.007793426513672
1147,initial,do,-8.587081909179688
1148,initial,do,-7.939187526702881
1149,initial,do,-7.182003021240234
1150,initial,do,-7.364002227783203
1151,initial,do,-8.661144256591797
1152,initial,do,-7.626918792724609
1153,initial,do,-7.92230224609375
1154,initial,do,-7.887852191925049
1155,initial,do,-6.91980504989624
1156,initial,do,-7.35199499130249
1157,initial,do,-7.137918949127197
1158,initial,do,-8.424712181091309
1159,initial,do,-7.881612777709961
1160,initial,do,-8.306647300720215
1161,initial,do,-6.766956329345703
1162,initial,do,-7.492504119873047
1163,initial,do,-7.227871894836426
1164,initial,do,-7.26569938659668
1165,initial,do,-6.7996063232421875
1166,initial,do,-8.064421653747559
1167,initial,do,-7.038486957550049
1168,initial,do,-7.728794574737549
1169,initial,do,-7.385941982269287
1170,initial,do,-6.444729328155518
1171,initial,do,-7.010814189910889
1172,initial,do,-7.35199499130249
1173,initial,do,-8.170337677001953
1174,initial,do,-7.878175258636475
1175,initial,do,-7.878175258636475
1176,initial,do,-8.228636741638184
1177,initial,do,-7.944561004638672
1178,initial,do,-6.818958759307861
1179,initial,do,-6.91980504989624
1180,initial,do,-7.492504119873047
1181,initial,do,-8.075945854187012
1182,initial,do,-7.038486957550049
1183,initial,pp,-7.393866539001465
1184,initial,pp,-6.929785251617432
1185,initial,pp,-6.063899040222168
1186,initial,pp,-6.778571128845215
1187,initial,pp,-6.279512882232666
1188,initial,pp,-6.842165470123291
1189,initial,pp,-7.393866062164307
1190,initial,pp,-8.023506164550781
1191,initial,pp,-7.022919654846191
1192,initial,pp,-6.510195732116699
1193,initial,pp,-7.007626533508301
1194,initial,pp,-7.784519672393799
1195,initial,pp,-6.816103458404541
1196,initial,pp,-7.155911445617676
1197,initial,pp,-7.361164569854736
1198,initial,pp,-6.488632678985596
1199,initial,pp,-6.803238868713379
1200,initial,pp,-6.6233015060424805
1201,initial,pp,-7.858299255371094
1202,initial,pp,-7.166258811950684
1203,initial,do,-7.961628437042236
1204,initial,do,-6.960371494293213
1205,initial,do,-8.061471939086914
1206,initial,do,-7.503542900085449
1207,initial,do,-8.080852508544922
1208,initial,do,-7.352916717529297
1209,initial,do,-8.136473655700684
1210,initial,do,-7.063600540161133
1211,initial,do,-6.881863594055176
1212,initial,do,-7.491513252258301
1213,initial,do,-7.296082496643066
1214,initial,do,-6.954534530639648
1215,initial,do,-6.974695205688477
1216,initial,do,-6.9233880043029785
1217,initial,do,-8.020857810974121
1218,initial,do,-7.742652893066406
1219,initial,do,-7.620067596435547
1220,initial,do,-7.933828353881836
1221,initial,do,-6.7310285568237305
1222,initial,do,-6.781446933746338
1223,initial,do,-8.59830093383789
1224,initial,do,-8.074613571166992
1225,initial,do,-8.149643898010254
1226,initial,do,-7.679112434387207
1227,initial,do,-7.8907084465026855
1228,initial,do,-7.557459831237793
1229,initial,do,-7.458366394042969
1230,initial,do,-7.658998489379883
1231,initial,do,-7.853274345397949
1232,initial,do,-7.655233383178711
1233,initial,do,-7.394782066345215
1234,initial,do,-7.929949760437012
1235,initial,do,-7.546548366546631
1236,initial,do,-8.02293586730957
1237,initial,do,-7.856688499450684
1238,initial,do,-7.83935546875
1239,initial,do,-6.569627285003662
1240,initial,do,-7.471569538116455
1241,initial,do,-7.572857856750488
1242,initial,do,-6.473082542419434
1243,initial,do,-7.451786994934082
1244,initial,do,-8.09388542175293
1245,initial,do,-7.804485321044922
1246,initial,pp,-7.427286624908447
1247,initial,pp,-6.275928974151611
1248,initial,pp,-7.100019454956055
1249,initial,pp,-6.989469528198242
1250,initial,pp,-7.269754886627197
1251,initial,pp,-6.514530658721924
1252,initial,pp,-7.425361633300781
1253,initial,pp,-6.418557167053223
1254,initial,pp,-6.303168296813965
1255,initial,pp,-6.875123977661133
1256,initial,pp,-7.027067184448242
1257,initial,pp,-6.636186122894287
1258,initial,pp,-6.38854455947876
1259,initial,pp,-6.43412446975708
1260,initial,pp,-7.325425148010254
1261,initial,pp,-6.658115386962891
1262,initial,pp,-6.778467178344727
1263,initial,pp,-7.043534755706787
1264,initial,pp,-6.5330610275268555
1265,initial,pp,-6.189498424530029
1266,initial,do,-7.025304317474365
1267,initial,do,-7.4442901611328125
1268,initial,do,-8.48436450958252
1269,initial,do,-8.429157257080078
1270,initial,do,-7.1198530197143555
1271,initial,do,-9.543529510498047
1272,initial,do,-9.898625373840332
1273,initial,do,-9.1314058303833
1274,initial,do,-6.935775279998779
1275,initial,do,-9.51697826385498
1276,initial,do,-8.947665214538574
1277,initial,do,-7.595064640045166
1278,initial,do,-9.110095024108887
1279,initial,do,-8.809859275817871
1280,initial,do,-8.019197463989258
1281,initial,do,-8.922417640686035
1282,initial,do,-8.319005012512207
1283,initial,do,-8.374677658081055
1284,initial,do,-7.509438514709473
1285,initial,do,-8.77488899230957
1286,initial,do,-6.98752498626709
1287,initial,do,-8.734362602233887
1288,initial,do,-8.505030632019043
1289,initial,do,-9.218161582946777
1290,initial,do,-8.613704681396484
1291,initial,do,-8.049519538879395
1292,initial,do,-7.4943528175354
1293,initial,do,-9.90339469909668
1294,initial,do,-8.346806526184082
1295,initial,do,-7.894222259521484
1296,initial,do,-8.16777515411377
1297,initial,do,-9.434320449829102
1298,initial,do,-8.080098152160645
1299,initial,do,-6.470743179321289
1300,initial,do,-8.316630363464355
1301,initial,do,-9.199479103088379
1302,initial,do,-9.46012020111084
1303,initial,do,-7.881562232971191
1304,initial,do,-7.371406078338623
1305,initial,do,-9.202631950378418
1306,initial,do,-8.879040718078613
1307,initial,do,-7.767653942108154
1308,initial,do,-8.782666206359863
1309,initial,pp,-6.242733001708984
1310,initial,pp,-6.794100761413574
1311,initial,pp,-6.667507648468018
1312,initial,pp,-6.734980583190918
1313,initial,pp,-5.990108966827393
1314,initial,pp,-7.881889820098877
1315,initial,pp,-8.598318099975586
1316,initial,pp,-8.205052375793457
1317,initial,pp,-5.794671058654785
1318,initial,pp,-8.897642135620117
1319,initial,pp,-7.830443382263184
1320,initial,pp,-6.455792427062988
1321,initial,pp,-7.910876274108887
1322,initial,pp,-7.450572967529297
1323,initial,pp,-7.447639465332031
1324,initial,pp,-7.541323661804199
1325,initial,pp,-6.811273097991943
1326,initial,pp,-8.048934936523438
1327,initial,pp,-6.866816997528076
1328,initial,pp,-7.78552770614624
1329,initial,pp,-5.919862270355225
1330,initial,pp,-5.757490158081055
1331,initial,pp,-6.937552452087402
1332,initial,pp,-7.189860820770264
1333,initial,pp,-7.860074520111084
1334,initial,pp,-6.2620015144348145
1335,initial,pp,-5.235564231872559
1336,initial,pp,-5.821990966796875
1337,initial,pp,-6.300402641296387
1338,initial,pp,-7.13509464263916
1339,initial,pp,-5.782554626464844
1340,initial,pp,-6.9244842529296875
1341,initial,pp,-6.348657608032227
1342,initial,pp,-8.13919734954834
1343,initial,pp,-7.504220008850098
1344,initial,pp,-6.424932479858398
1345,initial,pp,-7.418333053588867
1346,initial,pp,-5.4316277503967285
1347,initial,pp,-7.047849178314209
1348,initial,pp,-6.4566497802734375
1349,initial,pp,-5.811008453369141
1350,initial,pp,-6.255625247955322
1351,initial,pp,-6.928621292114258
1352,initial,pp,-6.601691722869873
1353,initial,pp,-6.487552165985107
1354,initial,pp,-5.727295398712158
1355,initial,pp,-5.761236667633057
1356,initial,pp,-6.177983283996582
1357,initial,pp,-6.3782958984375
1358,initial,pp,-6.542208194732666
1359,initial,pp,-5.887382507324219
1360,initial,pp,-6.453024864196777
1361,initial,pp,-6.12194299697876
1362,initial,pp,-6.130472660064697
1363,initial,pp,-6.098116397857666
1364,initial,pp,-6.345922470092773
1365,initial,pp,-6.635587215423584
1366,initial,pp,-6.450693130493164
1367,initial,pp,-5.7387895584106445
1368,initial,pp,-6.41424036026001
1,final,pp,-6.832139492034912
2,final,pp,-6.2694783210754395
3,final,pp,-7.592911243438721
4,final,pp,-6.794613361358643
5,final,pp,-6.553966522216797
6,final,pp,-7.468613147735596
7,final,pp,-6.716119289398193
8,final,pp,-7.544864654541016
9,final,pp,-6.615375518798828
10,final,pp,-6.547918319702148
11,final,pp,-5.92515230178833
12,final,pp,-4.70028018951416
13,final,pp,-5.685017108917236
14,final,pp,-5.194133758544922
15,final,pp,-7.322029113769531
16,final,pp,-7.544864654541016
17,final,pp,-6.26159143447876
18,final,pp,-5.41727876663208
19,final,pp,-5.99243688583374
20,final,pp,-6.975742340087891
21,final,pp,-7.161886692047119
22,final,pp,-5.921037673950195
23,final,pp,-5.948017120361328
24,final,pp,-6.816725254058838
25,final,pp,-6.460294723510742
26,final,pp,-6.5008463859558105
27,final,pp,-6.9727959632873535
28,final,pp,-7.018632411956787
29,final,pp,-7.7497944831848145
30,final,pp,-5.681539058685303
31,final,pp,-6.7485270500183105
32,final,pp,-6.816725254058838
33,final,pp,-6.654977798461914
34,final,pp,-7.602785110473633
35,final,pp,-4.842174053192139
36,final,pp,-5.053733825683594
37,final,pp,-7.749795436859131
38,final,pp,-6.4781494140625
39,final,pp,-5.736871242523193
40,final,pp,-8.205955505371094
41,final,pp,-7.384676456451416
42,final,pp,-8.377676963806152
43,final,pp,-8.5936279296875
44,final,pp,-6.231307029724121
45,final,pp,-6.122956275939941
46,final,pp,-6.781940460205078
47,final,pp,-6.97326135635376
48,final,pp,-7.216883659362793
49,final,pp,-9.232797622680664
50,final,pp,-6.947293758392334
51,final,pp,-7.52387809753418
52,final,pp,-5.8982038497924805
53,final,pp,-6.4207763671875
54,final,pp,-6.741165637969971
55,final,pp,-8.852449417114258
56,final,pp,-6.199604511260986
57,final,pp,-5.768012046813965
58,final,pp,-7.511528491973877
59,final,pp,-8.959854125976562
60,final,pp,-7.461533546447754
61,final,pp,-6.524972438812256
62,final,pp,-7.196869373321533
63,final,pp,-6.855797290802002
64,final,pp,-8.325251579284668
65,final,pp,-7.484701156616211
66,final,pp,-9.572877883911133
67,final,pp,-5.291355133056641
68,final,pp,-8.814616203308105
69,final,pp,-8.237253189086914
70,final,pp,-7.4736714363098145
71,final,pp,-5.121325492858887
72,final,pp,-9.90067195892334
73,final,pp,-8.86755084991455
74,final,pp,-7.655903339385986
75,final,pp,-7.721168518066406
76,final,pp,-8.605547904968262
77,final,pp,-6.792009353637695
78,final,pp,-8.82734203338623
79,final,pp,-6.758020877838135
80,final,pp,-8.867496490478516
81,final,pp,-6.697043418884277
82,final,pp,-6.8688812255859375
83,final,pp,-6.868250846862793
84,final,pp,-6.098344326019287
85,final,pp,-6.8688812255859375
86,final,pp,-5.359994411468506
87,final,pp,-5.391724109649658
88,final,pp,-6.077315330505371
89,final,pp,-6.242791652679443
90,final,pp,-5.916640281677246
91,final,pp,-6.789541721343994
92,final,pp,-7.054362773895264
93,final,pp,-5.658351421356201
94,final,pp,-5.7424235343933105
95,final,pp,-5.618302345275879
96,final,pp,-5.586329460144043
97,final,pp,-7.614954471588135
98,final,pp,-8.168716430664062
99,final,pp,-5.640162467956543
100,final,pp,-5.922301769256592
101,final,pp,-5.6518988609313965
102,final,pp,-6.949728965759277
103,final,pp,-5.910060882568359
104,final,pp,-6.497488975524902
105,final,pp,-5.072511196136475
106,final,pp,-5.414173603057861
107,final,pp,-7.937231540679932
108,final,pp,-5.782968044281006
109,final,pp,-6.588131427764893
110,final,pp,-5.411380290985107
111,final,pp,-5.417226314544678
112,final,pp,-5.74422550201416
113,final,pp,-6.45733118057251
114,final,pp,-5.555154800415039
115,final,pp,-5.902137756347656
116,final,pp,-5.055074691772461
117,final,pp,-6.668120861053467
118,final,pp,-5.864645957946777
119,final,pp,-5.73015832901001
120,final,pp,-5.533474445343018
121,final,pp,-6.655020236968994
122,final,pp,-5.636722564697266
123,final,pp,-6.015365123748779
124,final,pp,-7.6292572021484375
125,final,pp,-5.945738315582275
126,final,pp,-5.802593231201172
127,final,pp,-8.6976900100708
128,final,pp,-8.209993362426758
129,final,pp,-7.194613933563232
130,final,pp,-8.352585792541504
131,final,pp,-7.194613933563232
132,final,pp,-5.636722564697266
133,final,pp,-6.63904333114624
134,final,pp,-7.408651828765869
135,final,pp,-5.636722564697266
136,final,pp,-5.8025946617126465
137,final,pp,-7.212843418121338
138,final,pp,-5.047189712524414
139,final,pp,-5.278199672698975
140,final,pp,-5.36675500869751
141,final,pp,-7.373289108276367
142,final,pp,-6.6212358474731445
143,final,pp,-5.988216876983643
144,final,pp,-7.032460689544678
145,final,pp,-8.994290351867676
146,final,pp,-5.88969612121582
147,final,pp,-6.469961643218994
148,final,pp,-7.766265392303467
149,final,pp,-5.711318492889404
150,final,pp,-5.016717433929443
151,final,pp,-6.909942150115967
152,final,pp,-8.715999603271484
153,final,pp,-6.855461120605469
154,final,pp,-7.266814231872559
155,final,pp,-6.401334762573242
156,final,pp,-6.214728355407715
157,final,pp,-8.298227310180664
158,final,pp,-8.570913314819336
159,final,pp,-5.5580596923828125
160,final,pp,-7.147353172302246
161,final,pp,-7.611896514892578
162,final,pp,-7.496464252471924
163,final,pp,-8.102807998657227
164,final,pp,-9.7406587600708
165,final,pp,-7.958065509796143
166,final,pp,-5.957838535308838
167,final,pp,-7.154910087585449
168,final,pp,-6.92780876159668
169,final,pp,-5.780398845672607
170,final,pp,-9.251702308654785
171,final,pp,-8.102807998657227
172,final,pp,-9.119174003601074
173,final,pp,-5.301001071929932
174,final,pp,-8.927104949951172
175,final,pp,-8.273869514465332
176,final,pp,-7.958065509796143
177,final,pp,-7.265499591827393
178,final,pp,-7.7177910804748535
179,final,pp,-7.53216552734375
180,final,pp,-7.510692119598389
181,final,pp,-6.454398155212402
182,final,pp,-6.697427272796631
183,final,pp,-5.196438789367676
184,final,pp,-8.832133293151855
185,final,pp,-5.70967435836792
186,final,pp,-6.5113701820373535
187,final,pp,-4.772583484649658
188,final,pp,-4.661405563354492
189,final,pp,-5.246408462524414
190,final,pp,-6.79601526260376
191,final,pp,-6.533414363861084
192,final,pp,-5.291193008422852
193,final,pp,-5.987372398376465
194,final,pp,-8.222708702087402
195,final,pp,-5.017743110656738
196,final,pp,-6.607666969299316
197,final,pp,-7.170061111450195
198,final,pp,-4.718467712402344
199,final,pp,-5.406532287597656
200,final,pp,-5.807809829711914
201,final,pp,-7.526965618133545
202,final,pp,-7.162899494171143
203,final,pp,-6.648419380187988
204,final,pp,-5.88620662689209
205,final,pp,-7.123302936553955
206,final,pp,-5.044460296630859
207,final,pp,-6.8164286613464355
208,final,pp,-4.999701976776123
209,final,pp,-5.226936340332031
210,final,pp,-5.85455846786499
211,final,pp,-5.117610931396484
212,final,pp,-5.838706016540527
213,final,pp,-5.327399253845215
214,final,pp,-6.83817195892334
215,final,pp,-5.128262042999268
216,final,pp,-6.877670764923096
217,final,pp,-5.115394115447998
218,final,pp,-6.310858726501465
219,final,pp,-6.092166423797607
220,final,pp,-5.633837699890137
221,final,do,-8.069540977478027
222,final,do,-8.37479305267334
223,final,do,-9.549043655395508
224,final,do,-6.645232200622559
225,final,do,-7.256458282470703
226,final,do,-7.939410209655762
227,final,do,-7.979144096374512
228,final,do,-8.462703704833984
229,final,do,-8.649666786193848
230,final,do,-7.036022663116455
231,final,do,-7.556014537811279
232,final,do,-8.00243854522705
233,final,do,-8.09239673614502
234,final,do,-8.462703704833984
235,final,do,-6.33704137802124
236,final,do,-8.038708686828613
237,final,do,-7.623833656311035
238,final,do,-8.563467025756836
239,final,do,-8.262901306152344
240,final,do,-6.932085037231445
241,final,do,-8.09239673614502
242,final,do,-7.8637542724609375
243,final,do,-8.456164360046387
244,final,do,-8.563467025756836
245,final,do,-8.74166202545166
246,final,do,-6.244699478149414
247,final,do,-7.85568380355835
248,final,do,-10.123982429504395
249,final,do,-7.79541015625
250,final,do,-6.825647354125977
251,final,do,-7.304191589355469
252,final,do,-7.17218542098999
253,final,do,-8.436342239379883
254,final,do,-7.559414863586426
255,final,do,-8.436915397644043
256,final,do,-7.332785129547119
257,final,do,-7.192662715911865
258,final,do,-7.559414863586426
259,final,do,-6.035182476043701
260,final,do,-7.304191589355469
261,final,do,-6.825647354125977
262,final,do,-5.648893356323242
263,final,do,-7.756936073303223
264,final,pp,-7.081301212310791
265,final,pp,-7.38046407699585
266,final,pp,-8.339582443237305
267,final,pp,-6.110796928405762
268,final,pp,-7.298565864562988
269,final,pp,-7.295547962188721
270,final,pp,-8.215938568115234
271,final,pp,-7.593058109283447
272,final,pp,-9.180944442749023
273,final,pp,-6.714827537536621
274,final,pp,-6.862015247344971
275,final,pp,-7.038796424865723
276,final,pp,-7.010920524597168
277,final,pp,-7.593058109283447
278,final,pp,-6.090863227844238
279,final,pp,-6.985090255737305
280,final,pp,-7.992047309875488
281,final,pp,-7.905747413635254
282,final,pp,-7.499168395996094
283,final,pp,-6.416869163513184
284,final,do,-8.052069664001465
285,final,do,-9.637781143188477
286,final,do,-8.970930099487305
287,final,do,-7.802047252655029
288,final,do,-6.899252414703369
289,final,do,-6.515464782714844
290,final,do,-8.566007614135742
291,final,do,-8.881410598754883
292,final,do,-6.899252414703369
293,final,do,-9.387588500976562
294,final,do,-8.52810001373291
295,final,do,-7.670483112335205
296,final,do,-8.700226783752441
297,final,do,-7.847829341888428
298,final,do,-6.831274509429932
299,final,do,-7.056050777435303
300,final,do,-7.737875461578369
301,final,do,-6.943596839904785
302,final,do,-7.2902960777282715
303,final,do,-6.867371082305908
304,final,do,-6.75483512878418
305,final,do,-8.566007614135742
306,final,do,-10.317869186401367
307,final,do,-6.156163692474365
308,final,do,-7.802047252655029
309,final,do,-9.072258949279785
310,final,do,-5.447110176086426
311,final,do,-7.732563495635986
312,final,do,-7.802047252655029
313,final,do,-9.490190505981445
314,final,do,-8.890785217285156
315,final,do,-7.201704502105713
316,final,do,-6.873801231384277
317,final,do,-7.647977352142334
318,final,do,-5.447110176086426
319,final,do,-6.943596839904785
320,final,do,-6.343024730682373
321,final,do,-9.248611450195312
322,final,do,-8.970929145812988
323,final,do,-7.567891597747803
324,final,do,-8.764116287231445
325,final,do,-8.50566577911377
326,final,do,-7.236423969268799
327,final,pp,-7.214872360229492
328,final,pp,-9.273934364318848
329,final,pp,-8.034185409545898
330,final,pp,-7.2042131423950195
331,final,pp,-6.93996524810791
332,final,pp,-6.117604732513428
333,final,pp,-8.42387866973877
334,final,pp,-8.505020141601562
335,final,pp,-6.93996524810791
336,final,pp,-8.275555610656738
337,final,pp,-8.73481273651123
338,final,pp,-6.849560737609863
339,final,pp,-8.193120956420898
340,final,pp,-7.826634883880615
341,final,pp,-6.092117786407471
342,final,pp,-7.324071407318115
343,final,pp,-7.993542671203613
344,final,pp,-6.794647693634033
345,final,pp,-6.747705459594727
346,final,pp,-6.418160438537598
347,final,do,-8.345036506652832
348,final,do,-5.889246940612793
349,final,do,-7.249410629272461
350,final,do,-8.615421295166016
351,final,do,-7.627377033233643
352,final,do,-7.849724769592285
353,final,do,-7.822035789489746
354,final,do,-7.092700481414795
355,final,do,-7.022932052612305
356,final,do,-8.32064437866211
357,final,do,-7.285416603088379
358,final,do,-7.484020709991455
359,final,do,-6.962320327758789
360,final,do,-7.927263259887695
361,final,do,-7.3466362953186035
362,final,do,-9.056721687316895
363,final,do,-7.643063068389893
364,final,do,-6.919947147369385
365,final,do,-7.582265853881836
366,final,do,-6.2021164894104
367,final,do,-6.8268866539001465
368,final,do,-6.923746585845947
369,final,do,-8.419819831848145
370,final,do,-7.90291166305542
371,final,do,-7.597902774810791
372,final,do,-7.79890251159668
373,final,do,-8.342937469482422
374,final,do,-7.6334228515625
375,final,do,-5.933630466461182
376,final,do,-7.74811315536499
377,final,do,-6.832258701324463
378,final,do,-6.730699062347412
379,final,do,-7.602927207946777
380,final,do,-7.886020183563232
381,final,do,-7.4170427322387695
382,final,do,-7.61755895614624
383,final,do,-7.100398063659668
384,final,do,-7.597902774810791
385,final,do,-7.91747522354126
386,final,do,-8.342937469482422
387,final,do,-7.696561813354492
388,final,do,-6.9136643409729
389,final,do,-7.055768966674805
390,final,pp,-7.481331825256348
391,final,pp,-5.608522891998291
392,final,pp,-7.148085594177246
393,final,pp,-7.943744659423828
394,final,pp,-6.78805685043335
395,final,pp,-7.196883201599121
396,final,pp,-7.9844560623168945
397,final,pp,-6.327206611633301
398,final,pp,-6.57574462890625
399,final,pp,-7.177680969238281
400,final,pp,-7.638787269592285
401,final,pp,-7.131204128265381
402,final,pp,-6.466501712799072
403,final,pp,-8.903432846069336
404,final,pp,-6.606534004211426
405,final,pp,-8.039443969726562
406,final,pp,-7.095541477203369
407,final,pp,-6.410468101501465
408,final,pp,-7.886129856109619
409,final,pp,-6.20829439163208
410,final,do,-7.901373863220215
411,final,do,-10.422325134277344
412,final,do,-9.575715065002441
413,final,do,-9.450156211853027
414,final,do,-7.662079811096191
415,final,do,-9.764878273010254
416,final,do,-9.246331214904785
417,final,do,-9.514108657836914
418,final,do,-6.170918941497803
419,final,do,-8.290821075439453
420,final,do,-7.81104040145874
421,final,do,-8.792464256286621
422,final,do,-8.035042762756348
423,final,do,-9.88526439666748
424,final,do,-9.198875427246094
425,final,do,-10.04361629486084
426,final,do,-9.326285362243652
427,final,do,-7.485547065734863
428,final,do,-10.052972793579102
429,final,do,-8.231757164001465
430,final,do,-8.853209495544434
431,final,do,-7.554810523986816
432,final,do,-7.485547065734863
433,final,do,-10.637931823730469
434,final,do,-9.152854919433594
435,final,do,-10.669747352600098
436,final,do,-9.76821231842041
437,final,do,-8.922905921936035
438,final,do,-9.772064208984375
439,final,do,-8.964502334594727
440,final,do,-9.862595558166504
441,final,do,-9.579276084899902
442,final,do,-11.17493724822998
443,final,do,-12.092445373535156
444,final,do,-7.261590003967285
445,final,do,-9.066141128540039
446,final,do,-10.04361629486084
447,final,do,-7.866268634796143
448,final,do,-9.302655220031738
449,final,do,-9.892050743103027
450,final,do,-10.149176597595215
451,final,do,-9.654555320739746
452,final,do,-9.13613224029541
453,final,pp,-7.371476650238037
454,final,pp,-9.032855987548828
455,final,pp,-9.723564147949219
456,final,pp,-8.61896800994873
457,final,pp,-6.759105682373047
458,final,pp,-9.751886367797852
459,final,pp,-7.735952377319336
460,final,pp,-8.585494041442871
461,final,pp,-5.591387748718262
462,final,pp,-6.751697063446045
463,final,pp,-8.007074356079102
464,final,pp,-8.167133331298828
465,final,pp,-7.8574371337890625
466,final,pp,-8.758615493774414
467,final,pp,-7.994672775268555
468,final,pp,-8.623605728149414
469,final,pp,-9.11933708190918
470,final,pp,-8.023833274841309
471,final,pp,-8.958937644958496
472,final,pp,-7.222033977508545
473,final,pp,-6.524282455444336
474,final,pp,-8.619668960571289
475,final,pp,-7.055381774902344
476,final,pp,-6.254651069641113
477,final,pp,-5.749383449554443
478,final,pp,-6.104143142700195
479,final,pp,-6.564746379852295
480,final,pp,-6.491228103637695
481,final,pp,-8.761455535888672
482,final,pp,-7.297287940979004
483,final,pp,-6.602530479431152
484,final,pp,-7.129579544067383
485,final,pp,-7.132501602172852
486,final,pp,-5.9276933670043945
487,final,pp,-7.446477890014648
488,final,pp,-8.220687866210938
489,final,pp,-8.280162811279297
490,final,pp,-8.524815559387207
491,final,pp,-7.4977593421936035
492,final,pp,-7.355287551879883
493,final,do,-8.103861808776855
494,final,do,-9.390975952148438
495,final,do,-8.927504539489746
496,final,do,-8.644216537475586
497,final,do,-9.190386772155762
498,final,do,-5.394423484802246
499,final,do,-7.079776763916016
500,final,do,-8.010411262512207
501,final,do,-7.775165557861328
502,final,do,-5.974698066711426
503,final,do,-6.987471580505371
504,final,do,-6.48523473739624
505,final,do,-9.26198673248291
506,final,do,-8.559242248535156
507,final,do,-10.357887268066406
508,final,do,-12.387490272521973
509,final,do,-7.955563545227051
510,final,do,-7.733847618103027
511,final,do,-9.584893226623535
512,final,do,-7.2637434005737305
513,final,do,-7.427750110626221
514,final,do,-9.317717552185059
515,final,do,-11.188509941101074
516,final,do,-11.621794700622559
517,final,do,-8.68554401397705
518,final,do,-9.834879875183105
519,final,do,-7.868464469909668
520,final,do,-11.392128944396973
521,final,do,-8.031854629516602
522,final,do,-7.663324356079102
523,final,do,-6.799604415893555
524,final,do,-6.799169540405273
525,final,do,-9.768196105957031
526,final,do,-9.745058059692383
527,final,do,-9.42249870300293
528,final,do,-9.82702922821045
529,final,do,-9.82702922821045
530,final,do,-10.18381404876709
531,final,do,-10.211258888244629
532,final,do,-11.912650108337402
533,final,do,-11.091623306274414
534,final,do,-6.428243160247803
535,final,do,-8.050665855407715
536,final,pp,-7.038054943084717
537,final,pp,-8.528599739074707
538,final,pp,-8.61462688446045
539,final,pp,-8.04655933380127
540,final,pp,-7.946150302886963
541,final,pp,-5.2429046630859375
542,final,pp,-6.745041370391846
543,final,pp,-6.899272918701172
544,final,pp,-8.582914352416992
545,final,pp,-5.4918694496154785
546,final,pp,-7.119392395019531
547,final,pp,-7.118195056915283
548,final,pp,-8.208255767822266
549,final,pp,-8.86512565612793
550,final,pp,-9.10169506072998
551,final,pp,-11.34091854095459
552,final,pp,-7.243753433227539
553,final,pp,-7.039933204650879
554,final,pp,-9.439286231994629
555,final,pp,-7.038215637207031
556,final,do,-6.231256484985352
557,final,do,-8.431219100952148
558,final,do,-8.464996337890625
559,final,do,-9.726561546325684
560,final,do,-9.094983100891113
561,final,do,-6.845639705657959
562,final,do,-7.68988561630249
563,final,do,-9.221299171447754
564,final,do,-8.431219100952148
565,final,do,-8.131902694702148
566,final,do,-8.017815589904785
567,final,do,-8.12225341796875
568,final,do,-7.3669281005859375
569,final,do,-9.407755851745605
570,final,do,-5.451905250549316
571,final,do,-6.999151706695557
572,final,do,-13.658517837524414
573,final,do,-6.905956268310547
574,final,do,-6.905956268310547
575,final,do,-10.278539657592773
576,final,do,-7.19427490234375
577,final,do,-10.345325469970703
578,final,do,-13.658517837524414
579,final,do,-7.950963497161865
580,final,do,-9.1909818649292
581,final,do,-7.3669281005859375
582,final,do,-8.637076377868652
583,final,do,-5.9486846923828125
584,final,do,-9.026468276977539
585,final,do,-8.493753433227539
586,final,do,-6.347997665405273
587,final,do,-6.471254348754883
588,final,do,-5.9486846923828125
589,final,do,-7.2476630210876465
590,final,do,-11.222160339355469
591,final,do,-11.235560417175293
592,final,do,-6.447592258453369
593,final,do,-11.235560417175293
594,final,do,-8.736339569091797
595,final,do,-8.464996337890625
596,final,do,-9.607954025268555
597,final,do,-7.3669281005859375
598,final,do,-8.131902694702148
599,final,pp,-6.8632402420043945
600,final,pp,-7.651729583740234
601,final,pp,-6.963261604309082
602,final,pp,-7.865938663482666
603,final,pp,-8.118073463439941
604,final,pp,-6.7210235595703125
605,final,pp,-6.9556379318237305
606,final,pp,-8.40112590789795
607,final,pp,-7.651729583740234
608,final,pp,-7.958959102630615
609,final,pp,-8.920890808105469
610,final,pp,-8.402822494506836
611,final,pp,-6.742025852203369
612,final,pp,-8.371743202209473
613,final,pp,-5.70975399017334
614,final,pp,-6.322193145751953
615,final,pp,-11.755282402038574
616,final,pp,-6.63731575012207
617,final,pp,-6.63731575012207
618,final,pp,-8.19774341583252
619,final,do,-8.331482887268066
620,final,do,-9.508774757385254
621,final,do,-9.861721992492676
622,final,do,-8.286952018737793
623,final,do,-11.439179420471191
624,final,do,-11.43610954284668
625,final,do,-8.582284927368164
626,final,do,-8.429591178894043
627,final,do,-8.04650592803955
628,final,do,-7.711182594299316
629,final,do,-7.869401454925537
630,final,do,-5.726497173309326
631,final,do,-6.453477382659912
632,final,do,-8.150284767150879
633,final,do,-6.479621887207031
634,final,do,-8.124687194824219
635,final,do,-7.588093280792236
636,final,do,-8.707779884338379
637,final,do,-6.453477382659912
638,final,do,-6.963587284088135
639,final,do,-10.805903434753418
640,final,do,-12.514412879943848
641,final,do,-8.81881332397461
642,final,do,-10.30140495300293
643,final,do,-8.335637092590332
644,final,do,-8.159906387329102
645,final,do,-10.37872314453125
646,final,do,-7.338240623474121
647,final,do,-8.630630493164062
648,final,do,-8.624615669250488
649,final,do,-7.275165557861328
650,final,do,-9.067286491394043
651,final,do,-9.190778732299805
652,final,do,-11.256926536560059
653,final,do,-7.452956199645996
654,final,do,-9.021421432495117
655,final,do,-7.859838008880615
656,final,do,-9.398758888244629
657,final,do,-7.87355375289917
658,final,do,-6.453477382659912
659,final,do,-11.48021125793457
660,final,do,-9.679333686828613
661,final,do,-6.661649227142334
662,final,pp,-8.764137268066406
663,final,pp,-8.390583038330078
664,final,pp,-8.932916641235352
665,final,pp,-8.655180931091309
666,final,pp,-11.008489608764648
667,final,pp,-10.762089729309082
668,final,pp,-9.131810188293457
669,final,pp,-7.215681076049805
670,final,pp,-7.748902797698975
671,final,pp,-7.304758548736572
672,final,pp,-7.085432052612305
673,final,pp,-5.545894145965576
674,final,pp,-6.2042059898376465
675,final,pp,-7.61098575592041
676,final,pp,-6.155600070953369
677,final,pp,-7.638123512268066
678,final,pp,-6.697240829467773
679,final,pp,-7.748265266418457
680,final,pp,-6.2042059898376465
681,final,pp,-6.857451915740967
682,final,do,-12.933245658874512
683,final,do,-12.232014656066895
684,final,do,-9.866730690002441
685,final,do,-6.610950469970703
686,final,do,-7.5965189933776855
687,final,do,-11.92752742767334
688,final,do,-13.789312362670898
689,final,do,-14.322566032409668
690,final,do,-8.500569343566895
691,final,do,-10.101611137390137
692,final,do,-9.130012512207031
693,final,do,-11.268322944641113
694,final,do,-7.473226547241211
695,final,do,-9.587047576904297
696,final,do,-8.39948558807373
697,final,do,-6.472555160522461
698,final,do,-10.759723663330078
699,final,do,-8.675999641418457
700,final,do,-9.084600448608398
701,final,do,-9.19881534576416
702,final,do,-12.262261390686035
703,final,do,-10.804330825805664
704,final,do,-11.072051048278809
705,final,do,-10.151208877563477
706,final,do,-11.176543235778809
707,final,do,-13.630949020385742
708,final,do,-9.260644912719727
709,final,do,-7.573049068450928
710,final,do,-11.024259567260742
711,final,do,-9.684394836425781
712,final,do,-8.644458770751953
713,final,do,-13.727392196655273
714,final,do,-8.538841247558594
715,final,do,-9.227566719055176
716,final,do,-10.76665210723877
717,final,do,-13.541946411132812
718,final,do,-12.856651306152344
719,final,do,-11.685608863830566
720,final,do,-7.172242641448975
721,final,do,-9.514132499694824
722,final,do,-10.040682792663574
723,final,do,-8.131498336791992
724,final,do,-10.944168090820312
725,final,pp,-10.983658790588379
726,final,pp,-9.36417293548584
727,final,pp,-9.978849411010742
728,final,pp,-6.913066387176514
729,final,pp,-7.140212059020996
730,final,pp,-9.938209533691406
731,final,pp,-11.328129768371582
732,final,pp,-12.1617431640625
733,final,pp,-7.7379889488220215
734,final,pp,-10.16369915008545
735,final,pp,-7.602848529815674
736,final,pp,-10.3808012008667
737,final,pp,-6.923936367034912
738,final,pp,-9.536870956420898
739,final,pp,-7.819342136383057
740,final,pp,-6.551872253417969
741,final,pp,-10.067083358764648
742,final,pp,-8.302906036376953
743,final,pp,-7.368076324462891
744,final,pp,-8.469922065734863
745,final,pp,-5.875919342041016
746,final,pp,-6.765890121459961
747,final,pp,-8.92667007446289
748,final,pp,-6.106251239776611
749,final,pp,-7.747165679931641
750,final,pp,-8.04008674621582
751,final,pp,-7.690969944000244
752,final,pp,-6.421281337738037
753,final,pp,-8.060444831848145
754,final,pp,-6.887094497680664
755,final,pp,-5.8923659324646
756,final,pp,-6.0250983238220215
757,final,pp,-8.572595596313477
758,final,pp,-7.555408000946045
759,final,pp,-6.304777145385742
760,final,pp,-8.752193450927734
761,final,pp,-7.857572078704834
762,final,pp,-8.906234741210938
763,final,pp,-6.854737281799316
764,final,pp,-7.144096374511719
765,final,pp,-8.712398529052734
766,final,pp,-9.001114845275879
767,final,pp,-6.270474910736084
768,final,pp,-7.702292442321777
769,final,pp,-6.117076873779297
770,final,pp,-6.519752025604248
771,final,pp,-8.771201133728027
772,final,pp,-7.390431880950928
773,final,pp,-7.625940799713135
774,final,pp,-7.711240768432617
775,final,pp,-7.294239044189453
776,final,pp,-5.210658073425293
777,final,pp,-7.665865421295166
778,final,pp,-7.748082160949707
779,final,pp,-8.140944480895996
780,final,pp,-7.293514251708984
781,final,pp,-6.913808345794678
782,final,pp,-6.363727569580078
783,final,pp,-7.266005516052246
784,final,pp,-8.164145469665527
785,final,do,-7.5044379234313965
786,final,do,-5.698094367980957
787,final,do,-6.515153884887695
788,final,do,-6.482591152191162
789,final,do,-7.401459217071533
790,final,do,-5.829534530639648
791,final,do,-6.063021659851074
792,final,do,-6.039523124694824
793,final,do,-7.05596923828125
794,final,do,-7.893351078033447
795,final,do,-5.679296493530273
796,final,do,-5.683616638183594
797,final,do,-4.736298561096191
798,final,do,-7.405952453613281
799,final,do,-5.6859283447265625
800,final,do,-4.662142276763916
801,final,do,-7.3318867683410645
802,final,do,-6.32753324508667
803,final,do,-6.687122344970703
804,final,do,-8.219948768615723
805,final,do,-8.145484924316406
806,final,do,-5.050873756408691
807,final,do,-6.347113609313965
808,final,do,-8.262743949890137
809,final,do,-5.21033239364624
810,final,do,-4.764245986938477
811,final,do,-7.030252933502197
812,final,do,-6.02931022644043
813,final,do,-5.927350997924805
814,final,do,-6.489683151245117
815,final,do,-5.868557929992676
816,final,do,-5.073546409606934
817,final,do,-5.800311088562012
818,final,do,-4.435397148132324
819,final,do,-7.310910224914551
820,final,do,-4.662142276763916
821,final,do,-8.229713439941406
822,final,do,-6.542051315307617
823,final,do,-5.860352993011475
824,final,do,-9.089288711547852
825,final,do,-7.161672115325928
826,final,do,-7.028838157653809
827,final,do,-8.392845153808594
828,final,pp,-7.834858417510986
829,final,pp,-5.885015964508057
830,final,pp,-6.842024803161621
831,final,pp,-6.395907878875732
832,final,pp,-7.369743824005127
833,final,pp,-5.734821796417236
834,final,pp,-6.427694320678711
835,final,pp,-6.100602149963379
836,final,pp,-6.900023460388184
837,final,pp,-8.353835105895996
838,final,pp,-6.234910011291504
839,final,pp,-5.72368860244751
840,final,pp,-4.812585353851318
841,final,pp,-7.356360912322998
842,final,pp,-5.706430435180664
843,final,pp,-4.818430423736572
844,final,pp,-6.7831268310546875
845,final,pp,-6.935109615325928
846,final,pp,-6.3564019203186035
847,final,pp,-8.0364351272583
848,final,do,-5.6368513107299805
849,final,do,-5.917411804199219
850,final,do,-8.027203559875488
851,final,do,-7.1760334968566895
852,final,do,-6.812897205352783
853,final,do,-8.95209789276123
854,final,do,-6.941507816314697
855,final,do,-5.61690616607666
856,final,do,-5.814380645751953
857,final,do,-6.358598709106445
858,final,do,-6.112846374511719
859,final,do,-5.626680374145508
860,final,do,-8.750723838806152
861,final,do,-4.305754661560059
862,final,do,-6.2845869064331055
863,final,do,-6.493637561798096
864,final,do,-5.709006309509277
865,final,do,-7.233018398284912
866,final,do,-6.464570999145508
867,final,do,-5.9186248779296875
868,final,do,-9.360884666442871
869,final,do,-4.886502742767334
870,final,do,-8.247303009033203
871,final,do,-5.502305507659912
872,final,do,-6.941036701202393
873,final,do,-5.933224201202393
874,final,do,-5.8143815994262695
875,final,do,-4.972393035888672
876,final,do,-5.131580352783203
877,final,do,-6.396728038787842
878,final,do,-6.316175937652588
879,final,do,-6.637884140014648
880,final,do,-8.901905059814453
881,final,do,-8.037771224975586
882,final,do,-5.072625160217285
883,final,do,-6.742620944976807
884,final,do,-5.6368513107299805
885,final,do,-5.577767848968506
886,final,do,-4.9970197677612305
887,final,do,-6.2512288093566895
888,final,do,-7.282868385314941
889,final,do,-7.073568820953369
890,final,do,-6.008193492889404
891,final,pp,-5.487102031707764
892,final,pp,-5.966963768005371
893,final,pp,-8.339279174804688
894,final,pp,-6.417478561401367
895,final,pp,-7.06786584854126
896,final,pp,-8.436314582824707
897,final,pp,-6.545865058898926
898,final,pp,-6.049943447113037
899,final,pp,-5.614780426025391
900,final,pp,-6.412801265716553
901,final,pp,-5.884159088134766
902,final,pp,-5.992786884307861
903,final,pp,-8.427770614624023
904,final,pp,-4.314438343048096
905,final,pp,-6.71990442276001
906,final,pp,-6.805169105529785
907,final,pp,-5.721120834350586
908,final,pp,-6.5056610107421875
909,final,pp,-7.023310661315918
910,final,pp,-6.320525169372559
911,final,do,-6.767330169677734
912,final,do,-8.095839500427246
913,final,do,-6.19223690032959
914,final,do,-6.906436443328857
915,final,do,-6.120568752288818
916,final,do,-7.672267436981201
917,final,do,-6.857995510101318
918,final,do,-7.68176794052124
919,final,do,-6.627105236053467
920,final,do,-7.213545799255371
921,final,do,-6.311877250671387
922,final,do,-5.807766914367676
923,final,do,-8.348554611206055
924,final,do,-6.067521572113037
925,final,do,-6.123113632202148
926,final,do,-6.396644115447998
927,final,do,-7.521860122680664
928,final,do,-7.8426361083984375
929,final,do,-6.219798564910889
930,final,do,-5.276660442352295
931,final,do,-6.800351142883301
932,final,do,-7.146580696105957
933,final,do,-6.384093284606934
934,final,do,-7.113247871398926
935,final,do,-6.603102207183838
936,final,do,-7.2642951011657715
937,final,do,-6.4512739181518555
938,final,do,-5.6270670890808105
939,final,do,-7.544855117797852
940,final,do,-5.854265213012695
941,final,do,-6.889998912811279
942,final,do,-6.883628845214844
943,final,do,-5.508379936218262
944,final,do,-5.807187080383301
945,final,do,-6.576666355133057
946,final,do,-7.924877643585205
947,final,do,-5.893916606903076
948,final,do,-7.780141353607178
949,final,do,-7.213545799255371
950,final,do,-5.715407848358154
951,final,do,-8.022603034973145
952,final,do,-6.0743327140808105
953,final,do,-7.976508140563965
954,final,pp,-6.875159740447998
955,final,pp,-8.544761657714844
956,final,pp,-6.256927013397217
957,final,pp,-6.181265830993652
958,final,pp,-6.100673198699951
959,final,pp,-7.946421146392822
960,final,pp,-7.231495380401611
961,final,pp,-7.243919372558594
962,final,pp,-6.378320217132568
963,final,pp,-6.902975559234619
964,final,pp,-6.470096588134766
965,final,pp,-5.574026107788086
966,final,pp,-7.5164642333984375
967,final,pp,-6.045259475708008
968,final,pp,-6.100480556488037
969,final,pp,-5.9093403816223145
970,final,pp,-7.007503509521484
971,final,pp,-7.812401294708252
972,final,pp,-6.703882694244385
973,final,pp,-5.562285900115967
974,final,do,-9.262722969055176
975,final,do,-9.124422073364258
976,final,do,-9.614899635314941
977,final,do,-7.138579368591309
978,final,do,-5.907751083374023
979,final,do,-6.15037202835083
980,final,do,-10.128915786743164
981,final,do,-8.581679344177246
982,final,do,-8.9639310836792
983,final,do,-9.041400909423828
984,final,do,-7.998147964477539
985,final,do,-7.482659339904785
986,final,do,-7.083637237548828
987,final,do,-7.445862293243408
988,final,do,-8.25922966003418
989,final,do,-8.788763046264648
990,final,do,-10.720808029174805
991,final,do,-7.552985191345215
992,final,do,-8.49805736541748
993,final,do,-7.238175392150879
994,final,do,-5.140977382659912
995,final,do,-8.312493324279785
996,final,do,-9.197443008422852
997,final,do,-7.628078937530518
998,final,do,-6.854170799255371
999,final,do,-7.540534019470215
1000,final,do,-8.213371276855469
1001,final,do,-6.1206817626953125
1002,final,do,-5.854231834411621
1003,final,do,-7.238175392150879
1004,final,do,-7.182645797729492
1005,final,do,-6.109369277954102
1006,final,do,-9.09533977508545
1007,final,do,-8.000703811645508
1008,final,do,-6.7207841873168945
1009,final,do,-5.6245269775390625
1010,final,do,-8.169071197509766
1011,final,do,-7.969471454620361
1012,final,do,-8.123988151550293
1013,final,do,-7.543033599853516
1014,final,do,-8.123988151550293
1015,final,do,-7.15537691116333
1016,final,do,-8.584226608276367
1017,final,pp,-10.180245399475098
1018,final,pp,-9.509932518005371
1019,final,pp,-9.596485137939453
1020,final,pp,-6.617793083190918
1021,final,pp,-5.815925121307373
1022,final,pp,-6.070494651794434
1023,final,pp,-9.125503540039062
1024,final,pp,-8.074012756347656
1025,final,pp,-7.094560146331787
1026,final,pp,-8.797514915466309
1027,final,pp,-8.02098274230957
1028,final,pp,-7.156328201293945
1029,final,pp,-7.2111101150512695
1030,final,pp,-7.115062236785889
1031,final,pp,-7.6443305015563965
1032,final,pp,-8.280278205871582
1033,final,pp,-9.903121948242188
1034,final,pp,-6.62138557434082
1035,final,pp,-8.49596881866455
1036,final,pp,-7.654061317443848
1037,final,pp,-5.446378707885742
1038,final,pp,-5.55300235748291
1039,final,pp,-6.611328125
1040,final,pp,-5.925144672393799
1041,final,pp,-5.549916744232178
1042,final,pp,-6.952944278717041
1043,final,pp,-7.880419731140137
1044,final,pp,-6.426151752471924
1045,final,pp,-6.786116123199463
1046,final,pp,-6.76954984664917
1047,final,pp,-7.957348823547363
1048,final,pp,-5.204861640930176
1049,final,pp,-5.5890631675720215
1050,final,pp,-5.891222953796387
1051,final,pp,-5.779612064361572
1052,final,pp,-7.676971435546875
1053,final,pp,-6.737010955810547
1054,final,pp,-5.529457092285156
1055,final,pp,-4.813520908355713
1056,final,pp,-5.214033126831055
1057,final,pp,-7.22387170791626
1058,final,pp,-6.3214898109436035
1059,final,pp,-5.960676193237305
1060,final,pp,-6.6281657218933105
1061,final,pp,-5.59161901473999
1062,final,pp,-5.633878231048584
1063,final,pp,-5.4553022384643555
1064,final,pp,-6.22992467880249
1065,final,pp,-6.154155254364014
1066,final,pp,-6.710798740386963
1067,final,pp,-7.5607757568359375
1068,final,pp,-4.662642955780029
1069,final,pp,-5.341102123260498
1070,final,pp,-5.63847017288208
1071,final,pp,-4.856530666351318
1072,final,pp,-7.097595691680908
1073,final,pp,-7.883707046508789
1074,final,pp,-6.102910995483398
1075,final,pp,-5.814226150512695
1076,final,pp,-7.127335548400879
1077,final,do,-6.8612847328186035
1078,final,do,-6.822080135345459
1079,final,do,-6.015232563018799
1080,final,do,-7.785238265991211
1081,final,do,-6.458845615386963
1082,final,do,-6.851754665374756
1083,final,do,-7.316575527191162
1084,final,do,-6.627117156982422
1085,final,do,-7.210779666900635
1086,final,do,-5.8743109703063965
1087,final,do,-7.45026969909668
1088,final,do,-8.593986511230469
1089,final,do,-5.872923374176025
1090,final,do,-6.872853755950928
1091,final,do,-7.015059947967529
1092,final,do,-8.525647163391113
1093,final,do,-7.0299763679504395
1094,final,do,-7.343757152557373
1095,final,do,-5.172069549560547
1096,final,do,-5.910952091217041
1097,final,do,-6.78673791885376
1098,final,do,-5.777917861938477
1099,final,do,-6.05593729019165
1100,final,do,-5.9351043701171875
1101,final,do,-5.910671710968018
1102,final,do,-7.012162685394287
1103,final,do,-6.15623664855957
1104,final,do,-6.561176300048828
1105,final,do,-7.011499404907227
1106,final,do,-8.512551307678223
1107,final,do,-5.777917861938477
1108,final,do,-7.884671688079834
1109,final,do,-4.914777755737305
1110,final,do,-6.656435012817383
1111,final,do,-6.262407302856445
1112,final,do,-6.042697429656982
1113,final,do,-6.631535053253174
1114,final,do,-6.964092254638672
1115,final,do,-5.729451656341553
1116,final,do,-7.681743621826172
1117,final,do,-6.951486587524414
1118,final,do,-8.317028999328613
1119,final,do,-5.7120680809021
1120,final,pp,-6.168239593505859
1121,final,pp,-6.240048885345459
1122,final,pp,-5.4073615074157715
1123,final,pp,-7.697593688964844
1124,final,pp,-5.6193108558654785
1125,final,pp,-6.476741790771484
1126,final,pp,-7.0621771812438965
1127,final,pp,-5.778907299041748
1128,final,pp,-7.459015369415283
1129,final,pp,-5.656996250152588
1130,final,pp,-6.90952205657959
1131,final,pp,-7.9513654708862305
1132,final,pp,-5.43616247177124
1133,final,pp,-6.286674499511719
1134,final,pp,-6.493025779724121
1135,final,pp,-7.808864593505859
1136,final,pp,-6.605223655700684
1137,final,pp,-7.220038890838623
1138,final,pp,-5.13481330871582
1139,final,pp,-5.096954822540283
1140,final,do,-7.015328884124756
1141,final,do,-8.574592590332031
1142,final,do,-5.046220779418945
1143,final,do,-5.90014123916626
1144,final,do,-7.804566860198975
1145,final,do,-8.272632598876953
1146,final,do,-7.015328884124756
1147,final,do,-8.17740535736084
1148,final,do,-5.861471176147461
1149,final,do,-5.462463855743408
1150,final,do,-8.241238594055176
1151,final,do,-8.238036155700684
1152,final,do,-5.779993534088135
1153,final,do,-6.002230167388916
1154,final,do,-6.63612699508667
1155,final,do,-7.34799337387085
1156,final,do,-6.081558704376221
1157,final,do,-5.18175745010376
1158,final,do,-6.609499454498291
1159,final,do,-5.469624996185303
1160,final,do,-7.717433929443359
1161,final,do,-7.568796157836914
1162,final,do,-6.525778770446777
1163,final,do,-6.159000873565674
1164,final,do,-8.574592590332031
1165,final,do,-7.878844738006592
1166,final,do,-6.987175464630127
1167,final,do,-5.771563529968262
1168,final,do,-7.14093017578125
1169,final,do,-5.611438751220703
1170,final,do,-7.674820423126221
1171,final,do,-6.548435211181641
1172,final,do,-6.081558704376221
1173,final,do,-5.649847030639648
1174,final,do,-6.253759860992432
1175,final,do,-6.253759860992432
1176,final,do,-6.624135494232178
1177,final,do,-6.836949825286865
1178,final,do,-6.209817409515381
1179,final,do,-7.34799337387085
1180,final,do,-6.525778770446777
1181,final,do,-7.142136096954346
1182,final,do,-5.771563529968262
1183,final,pp,-6.36024808883667
1184,final,pp,-7.748414039611816
1185,final,pp,-4.9094696044921875
1186,final,pp,-5.208849906921387
1187,final,pp,-7.240954875946045
1188,final,pp,-7.6756768226623535
1189,final,pp,-6.360249042510986
1190,final,pp,-7.404543876647949
1191,final,pp,-5.184287071228027
1192,final,pp,-5.052361488342285
1193,final,pp,-7.625021934509277
1194,final,pp,-7.482921600341797
1195,final,pp,-5.155369758605957
1196,final,pp,-5.440467357635498
1197,final,pp,-6.654423713684082
1198,final,pp,-7.367830753326416
1199,final,pp,-5.514705181121826
1200,final,pp,-4.922576427459717
1201,final,pp,-5.98224401473999
1202,final,pp,-4.870643138885498
1203,final,do,-7.7961931228637695
1204,final,do,-6.851574420928955
1205,final,do,-8.114066123962402
1206,final,do,-7.040003776550293
1207,final,do,-8.250282287597656
1208,final,do,-6.62323522567749
1209,final,do,-7.629901885986328
1210,final,do,-6.162027359008789
1211,final,do,-5.538946151733398
1212,final,do,-7.011750221252441
1213,final,do,-6.417038917541504
1214,final,do,-6.5278496742248535
1215,final,do,-6.047939300537109
1216,final,do,-6.913816452026367
1217,final,do,-7.189225196838379
1218,final,do,-7.744551658630371
1219,final,do,-7.178994178771973
1220,final,do,-7.252335548400879
1221,final,do,-6.22192907333374
1222,final,do,-5.886004447937012
1223,final,do,-6.516489028930664
1224,final,do,-8.040034294128418
1225,final,do,-8.481426239013672
1226,final,do,-7.560644149780273
1227,final,do,-7.133907794952393
1228,final,do,-7.15257453918457
1229,final,do,-7.405461311340332
1230,final,do,-7.336240768432617
1231,final,do,-7.699362754821777
1232,final,do,-5.596675872802734
1233,final,do,-6.933899879455566
1234,final,do,-7.103163719177246
1235,final,do,-6.9708404541015625
1236,final,do,-7.967206954956055
1237,final,do,-7.432590961456299
1238,final,do,-7.4266839027404785
1239,final,do,-6.281213760375977
1240,final,do,-9.037100791931152
1241,final,do,-9.13650131225586
1242,final,do,-5.207276344299316
1243,final,do,-7.7756428718566895
1244,final,do,-7.132922649383545
1245,final,do,-8.793628692626953
1246,final,pp,-7.130159378051758
1247,final,pp,-6.266791820526123
1248,final,pp,-7.212380409240723
1249,final,pp,-6.098512649536133
1250,final,pp,-6.999021530151367
1251,final,pp,-6.537024021148682
1252,final,pp,-6.56506872177124
1253,final,pp,-5.607766151428223
1254,final,pp,-6.028454780578613
1255,final,pp,-6.657938003540039
1256,final,pp,-5.836877822875977
1257,final,pp,-5.839196681976318
1258,final,pp,-5.3713178634643555
1259,final,pp,-6.391795635223389
1260,final,pp,-6.0147833824157715
1261,final,pp,-7.74812650680542
1262,final,pp,-6.634526252746582
1263,final,pp,-6.536854267120361
1264,final,pp,-5.718229293823242
1265,final,pp,-5.699345111846924
1266,final,do,-7.131195068359375
1267,final,do,-6.989064693450928
1268,final,do,-9.196993827819824
1269,final,do,-9.491621971130371
1270,final,do,-8.455639839172363
1271,final,do,-7.929351806640625
1272,final,do,-9.301027297973633
1273,final,do,-9.163576126098633
1274,final,do,-8.293558120727539
1275,final,do,-10.226536750793457
1276,final,do,-10.412107467651367
1277,final,do,-8.280538558959961
1278,final,do,-10.322385787963867
1279,final,do,-7.067633152008057
1280,final,do,-7.255585193634033
1281,final,do,-9.42714786529541
1282,final,do,-10.07452392578125
1283,final,do,-7.642147541046143
1284,final,do,-7.719282627105713
1285,final,do,-8.419553756713867
1286,final,do,-7.599956035614014
1287,final,do,-8.039151191711426
1288,final,do,-6.821653366088867
1289,final,do,-8.013060569763184
1290,final,do,-9.457511901855469
1291,final,do,-7.241488933563232
1292,final,do,-8.621264457702637
1293,final,do,-9.232165336608887
1294,final,do,-6.932246685028076
1295,final,do,-7.973001480102539
1296,final,do,-8.663023948669434
1297,final,do,-8.653618812561035
1298,final,do,-8.901223182678223
1299,final,do,-5.074520587921143
1300,final,do,-6.580054759979248
1301,final,do,-7.8584513664245605
1302,final,do,-10.487717628479004
1303,final,do,-7.165172576904297
1304,final,do,-9.38982105255127
1305,final,do,-7.085071563720703
1306,final,do,-9.585201263427734
1307,final,do,-8.458404541015625
1308,final,do,-8.286907196044922
1309,final,pp,-6.388888835906982
1310,final,pp,-6.44534158706665
1311,final,pp,-8.835463523864746
1312,final,pp,-9.700592041015625
1313,final,pp,-7.415300369262695
1314,final,pp,-6.866802215576172
1315,final,pp,-8.498106956481934
1316,final,pp,-8.53293228149414
1317,final,pp,-7.654723644256592
1318,final,pp,-9.28614616394043
1319,final,pp,-9.234602928161621
1320,final,pp,-7.349303722381592
1321,final,pp,-9.253631591796875
1322,final,pp,-6.055078983306885
1323,final,pp,-6.574711799621582
1324,final,pp,-8.78783130645752
1325,final,pp,-9.053518295288086
1326,final,pp,-7.1222944259643555
1327,final,pp,-6.254049301147461
1328,final,pp,-7.6152753829956055
1329,final,pp,-5.646322250366211
1330,final,pp,-5.123411178588867
1331,final,pp,-7.915742874145508
1332,final,pp,-6.504558563232422
1333,final,pp,-6.786631107330322
1334,final,pp,-5.19035005569458
1335,final,pp,-6.7312822341918945
1336,final,pp,-5.127880096435547
1337,final,pp,-6.128660202026367
1338,final,pp,-8.163352012634277
1339,final,pp,-5.019784450531006
1340,final,pp,-6.454896926879883
1341,final,pp,-5.487954139709473
1342,final,pp,-7.140519142150879
1343,final,pp,-6.55707311630249
1344,final,pp,-4.655508518218994
1345,final,pp,-6.855809688568115
1346,final,pp,-6.5418806076049805
1347,final,pp,-6.193517684936523
1348,final,pp,-5.483452796936035
1349,final,pp,-4.9476847648620605
1350,final,pp,-5.109152317047119
1351,final,pp,-7.412469387054443
1352,final,pp,-5.52241325378418
1353,final,pp,-5.4099860191345215
1354,final,pp,-7.142740249633789
1355,final,pp,-5.0948662757873535
1356,final,pp,-4.8977155685424805
1357,final,pp,-5.277190208435059
1358,final,pp,-6.3573079109191895
1359,final,pp,-5.982547760009766
1360,final,pp,-4.260183811187744
1361,final,pp,-5.840943813323975
1362,final,pp,-6.658535003662109
1363,final,pp,-7.18071174621582
1364,final,pp,-6.6295166015625
1365,final,pp,-5.967658519744873
1366,final,pp,-5.7306718826293945
1367,final,pp,-6.659024238586426
1368,final,pp,-5.35386848449707
1,best,pp,-4.912914276123047
2,best,pp,-4.842074871063232
3,best,pp,-6.307771682739258
4,best,pp,-4.971368789672852
5,best,pp,-4.45645809173584
6,best,pp,-5.626445293426514
7,best,pp,-5.598113536834717
8,best,pp,-5.659806728363037
9,best,pp,-4.780272483825684
10,best,pp,-5.632205963134766
11,best,pp,-5.265665531158447
12,best,pp,-3.6759767532348633
13,best,pp,-3.9504387378692627
14,best,pp,-4.140329360961914
15,best,pp,-6.045072078704834
16,best,pp,-5.659806728363037
17,best,pp,-4.398561000823975
18,best,pp,-5.050301551818848
19,best,pp,-5.067820072174072
20,best,pp,-5.5543293952941895
21,best,pp,-6.144420623779297
22,best,pp,-5.3815107345581055
23,best,pp,-4.353198528289795
24,best,pp,-5.104831695556641
25,best,pp,-4.774397373199463
26,best,pp,-4.815700531005859
27,best,pp,-6.017787933349609
28,best,pp,-5.492921352386475
29,best,pp,-6.855588436126709
30,best,pp,-4.150723934173584
31,best,pp,-4.945468425750732
32,best,pp,-5.104831695556641
33,best,pp,-5.389416217803955
34,best,pp,-5.919247150421143
35,best,pp,-3.9637327194213867
36,best,pp,-4.428433418273926
37,best,pp,-6.855588436126709
38,best,pp,-5.318811893463135
39,best,pp,-5.203354358673096
40,best,pp,-5.962299823760986
41,best,pp,-6.077757835388184
42,best,pp,-6.995759963989258
43,best,pp,-6.618396759033203
44,best,pp,-5.233577728271484
45,best,pp,-5.4824676513671875
46,best,pp,-5.375741004943848
47,best,pp,-5.654392242431641
48,best,pp,-5.603826999664307
49,best,pp,-7.30401611328125
50,best,pp,-5.203949451446533
51,best,pp,-6.431201934814453
52,best,pp,-5.070096015930176
53,best,pp,-4.986442565917969
54,best,pp,-5.366568088531494
55,best,pp,-6.762666702270508
56,best,pp,-5.199592590332031
57,best,pp,-4.959702491760254
58,best,pp,-6.290533065795898
59,best,pp,-7.01371955871582
60,best,pp,-6.125430107116699
61,best,pp,-5.06350564956665
62,best,pp,-6.3159308433532715
63,best,pp,-5.740724086761475
64,best,pp,-6.914802551269531
65,best,pp,-6.895913124084473
66,best,pp,-6.916693210601807
67,best,pp,-4.203956127166748
68,best,pp,-7.358814716339111
69,best,pp,-6.956773281097412
70,best,pp,-5.781164646148682
71,best,pp,-4.474907875061035
72,best,pp,-8.243782043457031
73,best,pp,-7.562240123748779
74,best,pp,-5.773120880126953
75,best,pp,-6.353835582733154
76,best,pp,-6.364683628082275
77,best,pp,-5.890511989593506
78,best,pp,-6.8196563720703125
79,best,pp,-5.478844165802002
80,best,pp,-7.085025787353516
81,best,pp,-6.582818984985352
82,best,pp,-6.013099193572998
83,best,pp,-5.82530403137207
84,best,pp,-5.567807674407959
85,best,pp,-6.013099193572998
86,best,pp,-4.582247734069824
87,best,pp,-5.002309322357178
88,best,pp,-5.551093101501465
89,best,pp,-4.923508644104004
90,best,pp,-5.4689202308654785
91,best,pp,-5.8816657066345215
92,best,pp,-6.558402061462402
93,best,pp,-4.647854328155518
94,best,pp,-4.980161190032959
95,best,pp,-5.012636661529541
96,best,pp,-5.048910617828369
97,best,pp,-6.265013694763184
98,best,pp,-7.490561008453369
99,best,pp,-5.263444900512695
100,best,pp,-5.044327735900879
101,best,pp,-4.93941068649292
102,best,pp,-5.188663959503174
103,best,pp,-4.478199481964111
104,best,pp,-4.916199207305908
105,best,pp,-4.101199626922607
106,best,pp,-3.301818370819092
107,best,pp,-6.2425007820129395
108,best,pp,-4.45668363571167
109,best,pp,-4.852784156799316
110,best,pp,-4.434047222137451
111,best,pp,-4.723624229431152
112,best,pp,-3.886363983154297
113,best,pp,-5.111260890960693
114,best,pp,-5.034393787384033
115,best,pp,-4.770256519317627
116,best,pp,-4.540294647216797
117,best,pp,-5.2414398193359375
118,best,pp,-5.504537582397461
119,best,pp,-3.8877575397491455
120,best,pp,-4.966766357421875
121,best,pp,-4.1147894859313965
122,best,pp,-4.00908899307251
123,best,pp,-5.361825466156006
124,best,pp,-6.284353733062744
125,best,pp,-4.735998630523682
126,best,pp,-4.593339443206787
127,best,pp,-6.167922496795654
128,best,pp,-5.45545768737793
129,best,pp,-5.1124396324157715
130,best,pp,-6.021656513214111
131,best,pp,-5.1124396324157715
132,best,pp,-4.00908899307251
133,best,pp,-4.213029861450195
134,best,pp,-5.550717830657959
135,best,pp,-4.00908899307251
136,best,pp,-4.593339443206787
137,best,pp,-5.566667556762695
138,best,pp,-4.017435073852539
139,best,pp,-4.264284610748291
140,best,pp,-3.8002474308013916
141,best,pp,-6.037559986114502
142,best,pp,-5.4939799308776855
143,best,pp,-5.091887950897217
144,best,pp,-5.039079666137695
145,best,pp,-5.491741180419922
146,best,pp,-5.032743453979492
147,best,pp,-4.467221736907959
148,best,pp,-5.333359241485596
149,best,pp,-5.090949535369873
150,best,pp,-4.267779350280762
151,best,pp,-5.301053047180176
152,best,pp,-6.592674255371094
153,best,pp,-5.621799468994141
154,best,pp,-5.676032066345215
155,best,pp,-4.8538103103637695
156,best,pp,-5.5809221267700195
157,best,pp,-5.94761848449707
158,best,pp,-5.420017242431641
159,best,pp,-4.726082801818848
160,best,pp,-5.265159606933594
161,best,pp,-5.869494915008545
162,best,pp,-5.694039821624756
163,best,pp,-6.463359355926514
164,best,pp,-5.870946407318115
165,best,pp,-5.565077304840088
166,best,pp,-4.608555793762207
167,best,pp,-6.6965742111206055
168,best,pp,-6.829970836639404
169,best,pp,-4.148015022277832
170,best,pp,-5.6346611976623535
171,best,pp,-6.463359355926514
172,best,pp,-5.878227233886719
173,best,pp,-4.312030792236328
174,best,pp,-6.58038854598999
175,best,pp,-6.351629734039307
176,best,pp,-5.565077304840088
177,best,pp,-6.552558898925781
178,best,pp,-6.5756001472473145
179,best,pp,-4.696086406707764
180,best,pp,-5.532931804656982
181,best,pp,-5.366560459136963
182,best,pp,-5.086381912231445
183,best,pp,-5.141605854034424
184,best,pp,-6.456999778747559
185,best,pp,-4.862630367279053
186,best,pp,-5.656662940979004
187,best,pp,-4.446469783782959
188,best,pp,-4.092048168182373
189,best,pp,-3.6852009296417236
190,best,pp,-5.194402694702148
191,best,pp,-5.221267223358154
192,best,pp,-4.627989292144775
193,best,pp,-5.569707870483398
194,best,pp,-5.32326602935791
195,best,pp,-4.098088264465332
196,best,pp,-5.618860721588135
197,best,pp,-5.993343353271484
198,best,pp,-4.445793628692627
199,best,pp,-5.300121784210205
200,best,pp,-4.522902965545654
201,best,pp,-5.165823459625244
202,best,pp,-4.246990203857422
203,best,pp,-4.763884544372559
204,best,pp,-4.242283821105957
205,best,pp,-4.77361536026001
206,best,pp,-4.370479583740234
207,best,pp,-4.850250720977783
208,best,pp,-4.2595038414001465
209,best,pp,-4.008516788482666
210,best,pp,-4.61997652053833
211,best,pp,-3.4478492736816406
212,best,pp,-5.341465473175049
213,best,pp,-4.270665168762207
214,best,pp,-5.571621417999268
215,best,pp,-4.335846424102783
216,best,pp,-4.1853742599487305
217,best,pp,-4.171035289764404
218,best,pp,-4.914732933044434
219,best,pp,-4.398532390594482
220,best,pp,-4.075074195861816
221,best,do,-5.8184356689453125
222,best,do,-7.094227313995361
223,best,do,-7.490103244781494
224,best,do,-5.994349479675293
225,best,do,-5.6457977294921875
226,best,do,-6.57869291305542
227,best,do,-5.731566905975342
228,best,do,-6.544381618499756
229,best,do,-6.714716911315918
230,best,do,-6.248724937438965
231,best,do,-5.327006816864014
232,best,do,-6.033750057220459
233,best,do,-5.875583648681641
234,best,do,-6.544381618499756
235,best,do,-5.802458763122559
236,best,do,-6.351340293884277
237,best,do,-6.577147006988525
238,best,do,-6.735623836517334
239,best,do,-6.613696575164795
240,best,do,-6.391097068786621
241,best,do,-5.875583648681641
242,best,do,-6.815525054931641
243,best,do,-6.796644687652588
244,best,do,-6.735623836517334
245,best,do,-6.581473350524902
246,best,do,-5.116725921630859
247,best,do,-6.653843879699707
248,best,do,-7.8965349197387695
249,best,do,-6.342366695404053
250,best,do,-5.854825496673584
251,best,do,-5.9539923667907715
252,best,do,-6.537801742553711
253,best,do,-6.595351696014404
254,best,do,-6.1252875328063965
255,best,do,-6.975647926330566
256,best,do,-5.509517192840576
257,best,do,-6.395594596862793
258,best,do,-6.1252875328063965
259,best,do,-5.174161911010742
260,best,do,-5.9539923667907715
261,best,do,-5.854825496673584
262,best,do,-4.896451473236084
263,best,do,-6.399790287017822
264,best,pp,-5.385537624359131
265,best,pp,-6.324666500091553
266,best,pp,-6.728888511657715
267,best,pp,-5.335124492645264
268,best,pp,-5.1428351402282715
269,best,pp,-5.960597038269043
270,best,pp,-5.490899085998535
271,best,pp,-6.122469902038574
272,best,pp,-6.070410251617432
273,best,pp,-5.359212875366211
274,best,pp,-4.959349632263184
275,best,pp,-5.5328803062438965
276,best,pp,-5.363399028778076
277,best,pp,-6.122469902038574
278,best,pp,-5.272420883178711
279,best,pp,-5.745729446411133
280,best,pp,-6.084232330322266
281,best,pp,-6.236693382263184
282,best,pp,-6.176208019256592
283,best,pp,-5.883017539978027
284,best,do,-6.362514972686768
285,best,do,-6.440189361572266
286,best,do,-6.8891754150390625
287,best,do,-6.527203559875488
288,best,do,-4.939055442810059
289,best,do,-5.801268100738525
290,best,do,-6.745680809020996
291,best,do,-7.298209190368652
292,best,do,-4.939055442810059
293,best,do,-7.42539644241333
294,best,do,-6.7668328285217285
295,best,do,-6.537457466125488
296,best,do,-6.871048927307129
297,best,do,-6.090232849121094
298,best,do,-6.080852031707764
299,best,do,-5.868786811828613
300,best,do,-6.57831335067749
301,best,do,-6.363097190856934
302,best,do,-5.879399299621582
303,best,do,-6.3121562004089355
304,best,do,-6.063255786895752
305,best,do,-6.745680809020996
306,best,do,-8.04102611541748
307,best,do,-5.690356254577637
308,best,do,-6.527203559875488
309,best,do,-6.499313831329346
310,best,do,-4.763481140136719
311,best,do,-6.013571739196777
312,best,do,-6.527203559875488
313,best,do,-7.181087017059326
314,best,do,-6.958804607391357
315,best,do,-6.343555450439453
316,best,do,-5.284451007843018
317,best,do,-6.197432518005371
318,best,do,-4.763481140136719
319,best,do,-6.363097190856934
320,best,do,-5.769753456115723
321,best,do,-7.305820465087891
322,best,do,-6.889174461364746
323,best,do,-6.059142112731934
324,best,do,-7.300647735595703
325,best,do,-7.405493259429932
326,best,do,-6.58518123626709
327,best,pp,-6.129144191741943
328,best,pp,-5.961015701293945
329,best,pp,-6.3601789474487305
330,best,pp,-6.068953037261963
331,best,pp,-4.610248565673828
332,best,pp,-5.436524391174316
333,best,pp,-6.044999122619629
334,best,pp,-6.672432899475098
335,best,pp,-4.610248565673828
336,best,pp,-6.859314918518066
337,best,pp,-6.170903205871582
338,best,pp,-5.971312522888184
339,best,pp,-6.432512283325195
340,best,pp,-5.452881813049316
341,best,pp,-5.476045608520508
342,best,pp,-5.372671127319336
343,best,pp,-6.017689228057861
344,best,pp,-5.8531084060668945
345,best,pp,-5.440683364868164
346,best,pp,-6.0445733070373535
347,best,do,-6.45391321182251
348,best,do,-5.09649658203125
349,best,do,-6.013469219207764
350,best,do,-7.07588529586792
351,best,do,-5.808122634887695
352,best,do,-6.2219367027282715
353,best,do,-6.246124744415283
354,best,do,-5.748595237731934
355,best,do,-5.978452682495117
356,best,do,-7.157747745513916
357,best,do,-6.538943767547607
358,best,do,-5.757200241088867
359,best,do,-6.274243354797363
360,best,do,-7.043745994567871
361,best,do,-6.441948413848877
362,best,do,-6.843409538269043
363,best,do,-5.63023567199707
364,best,do,-6.309403896331787
365,best,do,-6.119699478149414
366,best,do,-5.3760457038879395
367,best,do,-6.245501518249512
368,best,do,-6.0638532638549805
369,best,do,-7.300901412963867
370,best,do,-5.770273685455322
371,best,do,-6.249949932098389
372,best,do,-6.646876335144043
373,best,do,-6.5698747634887695
374,best,do,-5.900592803955078
375,best,do,-5.043755054473877
376,best,do,-5.871564865112305
377,best,do,-6.313894271850586
378,best,do,-5.253795623779297
379,best,do,-5.624833106994629
380,best,do,-6.727577209472656
381,best,do,-6.718077182769775
382,best,do,-6.776301860809326
383,best,do,-6.294047832489014
384,best,do,-6.249949932098389
385,best,do,-6.134119510650635
386,best,do,-6.569873809814453
387,best,do,-6.077788829803467
388,best,do,-6.252963542938232
389,best,do,-6.440585136413574
390,best,pp,-5.678727626800537
391,best,pp,-4.726440906524658
392,best,pp,-5.323920249938965
393,best,pp,-6.196156978607178
394,best,pp,-5.217587947845459
395,best,pp,-6.028302192687988
396,best,pp,-5.840063571929932
397,best,pp,-5.04840612411499
398,best,pp,-5.694241046905518
399,best,pp,-6.145909786224365
400,best,pp,-6.167538642883301
401,best,pp,-5.630776405334473
402,best,pp,-5.784153461456299
403,best,pp,-6.7760186195373535
404,best,pp,-5.708678245544434
405,best,pp,-5.913945198059082
406,best,pp,-5.420179843902588
407,best,pp,-5.3794660568237305
408,best,pp,-6.217304706573486
409,best,pp,-4.873927593231201
410,best,do,-7.097222328186035
411,best,do,-8.487421989440918
412,best,do,-8.201040267944336
413,best,do,-8.274338722229004
414,best,do,-7.042233943939209
415,best,do,-7.417267322540283
416,best,do,-7.909566402435303
417,best,do,-8.172433853149414
418,best,do,-5.427151679992676
419,best,do,-6.925835609436035
420,best,do,-7.057430744171143
421,best,do,-7.1597442626953125
422,best,do,-6.987640380859375
423,best,do,-8.108628273010254
424,best,do,-7.487100124359131
425,best,do,-8.645190238952637
426,best,do,-7.040067195892334
427,best,do,-6.751166820526123
428,best,do,-7.5857720375061035
429,best,do,-7.8260321617126465
430,best,do,-7.589987754821777
431,best,do,-7.173586368560791
432,best,do,-6.751166820526123
433,best,do,-8.406745910644531
434,best,do,-7.962254524230957
435,best,do,-9.459012985229492
436,best,do,-7.914059638977051
437,best,do,-7.553248405456543
438,best,do,-7.377867221832275
439,best,do,-8.356894493103027
440,best,do,-8.022123336791992
441,best,do,-7.272696018218994
442,best,do,-9.591446876525879
443,best,do,-10.09824275970459
444,best,do,-6.794856548309326
445,best,do,-8.584088325500488
446,best,do,-8.645190238952637
447,best,do,-7.173427581787109
448,best,do,-7.619217872619629
449,best,do,-7.407248020172119
450,best,do,-8.480315208435059
451,best,do,-8.405487060546875
452,best,do,-7.150889873504639
453,best,pp,-5.636310577392578
454,best,pp,-7.007781028747559
455,best,pp,-6.959712982177734
456,best,pp,-7.252166748046875
457,best,pp,-5.868638038635254
458,best,pp,-6.543680667877197
459,best,pp,-6.570334434509277
460,best,pp,-6.970492362976074
461,best,pp,-4.55950927734375
462,best,pp,-5.9018096923828125
463,best,pp,-7.038505554199219
464,best,pp,-6.675652503967285
465,best,pp,-5.9194793701171875
466,best,pp,-6.904496669769287
467,best,pp,-6.196761131286621
468,best,pp,-7.4583611488342285
469,best,pp,-6.234667778015137
470,best,pp,-6.158563613891602
471,best,pp,-6.609179973602295
472,best,pp,-6.859959602355957
473,best,pp,-5.536623477935791
474,best,pp,-6.912837028503418
475,best,pp,-5.843501567840576
476,best,pp,-5.124006271362305
477,best,pp,-4.871170520782471
478,best,pp,-5.620556354522705
479,best,pp,-5.609259605407715
480,best,pp,-5.815176486968994
481,best,pp,-6.781550884246826
482,best,pp,-5.72891092300415
483,best,pp,-5.85943078994751
484,best,pp,-5.741483688354492
485,best,pp,-5.54290246963501
486,best,pp,-4.911272048950195
487,best,pp,-5.464481830596924
488,best,pp,-6.410577774047852
489,best,pp,-6.122594356536865
490,best,pp,-6.253724575042725
491,best,pp,-5.586384296417236
492,best,pp,-5.990108966827393
493,best,do,-7.658468723297119
494,best,do,-8.75008487701416
495,best,do,-7.476809501647949
496,best,do,-7.378654479980469
497,best,do,-8.720000267028809
498,best,do,-4.665493965148926
499,best,do,-6.343911647796631
500,best,do,-6.519753932952881
501,best,do,-6.0966973304748535
502,best,do,-5.2425665855407715
503,best,do,-5.952908992767334
504,best,do,-4.79700231552124
505,best,do,-8.196779251098633
506,best,do,-7.049899578094482
507,best,do,-9.927980422973633
508,best,do,-10.653739929199219
509,best,do,-6.356681823730469
510,best,do,-7.28773832321167
511,best,do,-7.3946146965026855
512,best,do,-6.244099140167236
513,best,do,-7.176488399505615
514,best,do,-7.812539577484131
515,best,do,-9.100151062011719
516,best,do,-9.263895034790039
517,best,do,-7.108516216278076
518,best,do,-9.091475486755371
519,best,do,-5.686310768127441
520,best,do,-9.203572273254395
521,best,do,-6.5283942222595215
522,best,do,-5.559813022613525
523,best,do,-6.29388952255249
524,best,do,-5.047079563140869
525,best,do,-8.650884628295898
526,best,do,-7.672638893127441
527,best,do,-7.356229305267334
528,best,do,-8.753377914428711
529,best,do,-8.753377914428711
530,best,do,-8.187596321105957
531,best,do,-10.121012687683105
532,best,do,-10.258188247680664
533,best,do,-10.454760551452637
534,best,do,-5.257533550262451
535,best,do,-6.515905857086182
536,best,pp,-6.88089656829834
537,best,pp,-7.6626434326171875
538,best,pp,-7.578739643096924
539,best,pp,-7.083250045776367
540,best,pp,-7.406160354614258
541,best,pp,-3.9592361450195312
542,best,pp,-5.917935848236084
543,best,pp,-5.82045316696167
544,best,pp,-6.845676898956299
545,best,pp,-4.679388046264648
546,best,pp,-6.133142948150635
547,best,pp,-5.359421730041504
548,best,pp,-7.180453777313232
549,best,pp,-7.323534965515137
550,best,pp,-8.716198921203613
551,best,pp,-9.72775936126709
552,best,pp,-5.852822780609131
553,best,pp,-6.5644989013671875
554,best,pp,-6.6903791427612305
555,best,pp,-6.198068141937256
556,best,do,-4.758703708648682
557,best,do,-6.971181392669678
558,best,do,-8.165128707885742
559,best,do,-9.278788566589355
560,best,do,-7.10892391204834
561,best,do,-5.248443126678467
562,best,do,-7.114062786102295
563,best,do,-7.628460884094238
564,best,do,-6.971181392669678
565,best,do,-6.212458610534668
566,best,do,-5.349955081939697
567,best,do,-5.536140441894531
568,best,do,-7.000850200653076
569,best,do,-8.672743797302246
570,best,do,-4.675750255584717
571,best,do,-6.548327445983887
572,best,do,-11.060304641723633
573,best,do,-6.174442291259766
574,best,do,-6.174442291259766
575,best,do,-10.166814804077148
576,best,do,-5.673350811004639
577,best,do,-8.422422409057617
578,best,do,-11.060304641723633
579,best,do,-7.065303802490234
580,best,do,-7.294484615325928
581,best,do,-7.000850200653076
582,best,do,-7.739241123199463
583,best,do,-5.311138153076172
584,best,do,-6.325876712799072
585,best,do,-6.589923858642578
586,best,do,-4.966926574707031
587,best,do,-5.999246120452881
588,best,do,-5.311138153076172
589,best,do,-6.284048080444336
590,best,do,-9.101896286010742
591,best,do,-10.07122802734375
592,best,do,-5.971597194671631
593,best,do,-10.07122802734375
594,best,do,-6.592689514160156
595,best,do,-8.165128707885742
596,best,do,-8.716508865356445
597,best,do,-7.000850200653076
598,best,do,-6.212458610534668
599,best,pp,-5.370059013366699
600,best,pp,-6.481666088104248
601,best,pp,-6.960684299468994
602,best,pp,-7.416662216186523
603,best,pp,-6.476293087005615
604,best,pp,-5.769196510314941
605,best,pp,-6.6310834884643555
606,best,pp,-6.979564189910889
607,best,pp,-6.481666088104248
608,best,pp,-6.4330220222473145
609,best,pp,-5.756571292877197
610,best,pp,-5.092090129852295
611,best,pp,-6.59628438949585
612,best,pp,-7.682733535766602
613,best,pp,-4.987658500671387
614,best,pp,-5.949276447296143
615,best,pp,-9.959792137145996
616,best,pp,-6.044051647186279
617,best,pp,-6.044051647186279
618,best,pp,-8.152310371398926
619,best,do,-7.184105396270752
620,best,do,-7.771994590759277
621,best,do,-7.9942498207092285
622,best,do,-6.839796543121338
623,best,do,-9.74370288848877
624,best,do,-9.681785583496094
625,best,do,-6.611522197723389
626,best,do,-8.259805679321289
627,best,do,-6.762906551361084
628,best,do,-7.014389514923096
629,best,do,-6.874002933502197
630,best,do,-4.9955034255981445
631,best,do,-5.731100082397461
632,best,do,-7.196569442749023
633,best,do,-5.639510631561279
634,best,do,-6.69066858291626
635,best,do,-6.088700294494629
636,best,do,-6.729262351989746
637,best,do,-5.731100082397461
638,best,do,-6.277504920959473
639,best,do,-8.578543663024902
640,best,do,-9.750273704528809
641,best,do,-7.337287425994873
642,best,do,-7.847736358642578
643,best,do,-6.451148986816406
644,best,do,-6.229811668395996
645,best,do,-8.587579727172852
646,best,do,-5.699134349822998
647,best,do,-7.09686803817749
648,best,do,-7.6543450355529785
649,best,do,-5.8757147789001465
650,best,do,-7.133328437805176
651,best,do,-6.779967308044434
652,best,do,-8.318680763244629
653,best,do,-7.041378498077393
654,best,do,-7.1760053634643555
655,best,do,-7.210174560546875
656,best,do,-6.949187278747559
657,best,do,-7.457242965698242
658,best,do,-5.731100082397461
659,best,do,-9.53520393371582
660,best,do,-8.800637245178223
661,best,do,-6.127984523773193
662,best,pp,-7.231706619262695
663,best,pp,-6.2728776931762695
664,best,pp,-7.066914081573486
665,best,pp,-7.082079887390137
666,best,pp,-9.149920463562012
667,best,pp,-8.867897033691406
668,best,pp,-6.623538970947266
669,best,pp,-6.677676677703857
670,best,pp,-6.198522090911865
671,best,pp,-5.985219478607178
672,best,pp,-5.717439651489258
673,best,pp,-4.215318202972412
674,best,pp,-5.194459915161133
675,best,pp,-5.788269519805908
676,best,pp,-5.387086868286133
677,best,pp,-5.866361618041992
678,best,pp,-4.861196517944336
679,best,pp,-6.163919448852539
680,best,pp,-5.194459915161133
681,best,pp,-5.913371562957764
682,best,do,-11.73443603515625
683,best,do,-11.356059074401855
684,best,do,-7.13561487197876
685,best,do,-5.471310615539551
686,best,do,-7.085546493530273
687,best,do,-9.66603946685791
688,best,do,-13.02210807800293
689,best,do,-12.029008865356445
690,best,do,-8.393759727478027
691,best,do,-9.143549919128418
692,best,do,-8.194620132446289
693,best,do,-8.529504776000977
694,best,do,-7.281144142150879
695,best,do,-7.355661869049072
696,best,do,-7.458549499511719
697,best,do,-5.282379150390625
698,best,do,-9.123663902282715
699,best,do,-7.805906295776367
700,best,do,-8.371362686157227
701,best,do,-6.6788177490234375
702,best,do,-11.838940620422363
703,best,do,-7.958273410797119
704,best,do,-9.678216934204102
705,best,do,-8.949216842651367
706,best,do,-8.204946517944336
707,best,do,-11.8842134475708
708,best,do,-7.143213748931885
709,best,do,-7.1096978187561035
710,best,do,-9.652229309082031
711,best,do,-7.645636081695557
712,best,do,-8.055076599121094
713,best,do,-11.56587028503418
714,best,do,-7.814500331878662
715,best,do,-7.259561061859131
716,best,do,-9.970041275024414
717,best,do,-12.610211372375488
718,best,do,-11.605360984802246
719,best,do,-10.06633472442627
720,best,do,-6.1093363761901855
721,best,do,-8.129888534545898
722,best,do,-8.903048515319824
723,best,do,-7.106592655181885
724,best,do,-9.727230072021484
725,best,pp,-9.486010551452637
726,best,pp,-8.244465827941895
727,best,pp,-5.865872859954834
728,best,pp,-5.719443321228027
729,best,pp,-6.408492565155029
730,best,pp,-7.126365661621094
731,best,pp,-10.940460205078125
732,best,pp,-10.527430534362793
733,best,pp,-7.177436828613281
734,best,pp,-8.88088607788086
735,best,pp,-6.7710185050964355
736,best,pp,-7.530833721160889
737,best,pp,-6.464865207672119
738,best,pp,-6.885610103607178
739,best,pp,-6.7539825439453125
740,best,pp,-5.633322715759277
741,best,pp,-7.954402923583984
742,best,pp,-6.921691417694092
743,best,pp,-6.704931259155273
744,best,pp,-6.261565208435059
745,best,pp,-5.202972888946533
746,best,pp,-5.292795181274414
747,best,pp,-7.170355796813965
748,best,pp,-5.114794731140137
749,best,pp,-6.687858581542969
750,best,pp,-7.471729278564453
751,best,pp,-6.755350112915039
752,best,pp,-6.174811840057373
753,best,pp,-7.314702987670898
754,best,pp,-6.04517936706543
755,best,pp,-5.209737777709961
756,best,pp,-4.866729736328125
757,best,pp,-6.552586078643799
758,best,pp,-6.111688137054443
759,best,pp,-5.016855239868164
760,best,pp,-6.936054706573486
761,best,pp,-7.529067039489746
762,best,pp,-7.074925899505615
763,best,pp,-6.590926170349121
764,best,pp,-7.236031532287598
765,best,pp,-6.768173694610596
766,best,pp,-8.102940559387207
767,best,pp,-4.996354579925537
768,best,pp,-5.326396465301514
769,best,pp,-5.19779109954834
770,best,pp,-5.949009895324707
771,best,pp,-6.950222492218018
772,best,pp,-5.938412189483643
773,best,pp,-5.348226547241211
774,best,pp,-5.3275909423828125
775,best,pp,-6.45074462890625
776,best,pp,-4.428345680236816
777,best,pp,-5.513405799865723
778,best,pp,-6.959789752960205
779,best,pp,-7.4074859619140625
780,best,pp,-6.654170036315918
781,best,pp,-5.630940914154053
782,best,pp,-4.147078514099121
783,best,pp,-5.271510601043701
784,best,pp,-7.14032506942749
785,best,do,-6.000890254974365
786,best,do,-5.1357927322387695
787,best,do,-5.696413993835449
788,best,do,-5.078240871429443
789,best,do,-6.270096302032471
790,best,do,-4.339578628540039
791,best,do,-5.855782985687256
792,best,do,-4.782437801361084
793,best,do,-6.109171390533447
794,best,do,-5.833373069763184
795,best,do,-4.585053443908691
796,best,do,-4.655918598175049
797,best,do,-3.5476579666137695
798,best,do,-5.262425899505615
799,best,do,-4.013401508331299
800,best,do,-4.231167793273926
801,best,do,-5.831539630889893
802,best,do,-5.403050899505615
803,best,do,-5.7745795249938965
804,best,do,-6.812179088592529
805,best,do,-6.47116756439209
806,best,do,-4.548955917358398
807,best,do,-5.458103179931641
808,best,do,-6.408982276916504
809,best,do,-4.138594150543213
810,best,do,-4.216337203979492
811,best,do,-6.581562042236328
812,best,do,-4.4889421463012695
813,best,do,-4.5330352783203125
814,best,do,-5.719564437866211
815,best,do,-3.7720460891723633
816,best,do,-4.504648208618164
817,best,do,-5.309271812438965
818,best,do,-3.418466091156006
819,best,do,-6.006229877471924
820,best,do,-4.231167793273926
821,best,do,-5.957178592681885
822,best,do,-4.652589797973633
823,best,do,-4.274657726287842
824,best,do,-7.185824394226074
825,best,do,-5.024895668029785
826,best,do,-5.382106304168701
827,best,do,-7.0324201583862305
828,best,pp,-5.994338035583496
829,best,pp,-5.324273586273193
830,best,pp,-5.746088981628418
831,best,pp,-5.138894557952881
832,best,pp,-6.0249738693237305
833,best,pp,-4.482481956481934
834,best,pp,-5.74644136428833
835,best,pp,-4.622137546539307
836,best,pp,-6.047454833984375
837,best,pp,-5.992531776428223
838,best,pp,-4.775985240936279
839,best,pp,-4.674535751342773
840,best,pp,-3.859530448913574
841,best,pp,-5.22515869140625
842,best,pp,-4.407635688781738
843,best,pp,-4.087507724761963
844,best,pp,-5.50735330581665
845,best,pp,-5.6654815673828125
846,best,pp,-5.361638069152832
847,best,pp,-6.506324768066406
848,best,do,-4.108451843261719
849,best,do,-4.802151203155518
850,best,do,-5.6193366050720215
851,best,do,-5.369978427886963
852,best,do,-5.605597972869873
853,best,do,-7.311752796173096
854,best,do,-6.53197717666626
855,best,do,-5.432017803192139
856,best,do,-4.208888053894043
857,best,do,-5.6977128982543945
858,best,do,-5.234172344207764
859,best,do,-5.446916580200195
860,best,do,-6.901564598083496
861,best,do,-3.445314407348633
862,best,do,-4.705632209777832
863,best,do,-5.262070655822754
864,best,do,-5.243155002593994
865,best,do,-5.900596618652344
866,best,do,-5.216361045837402
867,best,do,-5.068455219268799
868,best,do,-7.423267841339111
869,best,do,-3.207510232925415
870,best,do,-6.5095367431640625
871,best,do,-4.537738800048828
872,best,do,-5.721820831298828
873,best,do,-4.765658855438232
874,best,do,-4.208887577056885
875,best,do,-4.258578300476074
876,best,do,-3.933621406555176
877,best,do,-4.599198341369629
878,best,do,-5.006479263305664
879,best,do,-4.875288963317871
880,best,do,-7.001342296600342
881,best,do,-6.828713417053223
882,best,do,-4.715090274810791
883,best,do,-6.179184913635254
884,best,do,-4.108451843261719
885,best,do,-3.776885986328125
886,best,do,-4.791009426116943
887,best,do,-5.704626560211182
888,best,do,-5.893486022949219
889,best,do,-5.486582279205322
890,best,do,-4.951111793518066
891,best,pp,-4.315885543823242
892,best,pp,-4.678134918212891
893,best,pp,-5.626089096069336
894,best,pp,-4.87374210357666
895,best,pp,-5.5850019454956055
896,best,pp,-6.676731109619141
897,best,pp,-5.99327278137207
898,best,pp,-5.442062854766846
899,best,pp,-4.231506824493408
900,best,pp,-5.525950908660889
901,best,pp,-5.259556770324707
902,best,pp,-5.4442315101623535
903,best,pp,-6.741167068481445
904,best,pp,-3.5659406185150146
905,best,pp,-4.807314395904541
906,best,pp,-5.224371910095215
907,best,pp,-5.305832862854004
908,best,pp,-5.414463043212891
909,best,pp,-5.1427001953125
910,best,pp,-4.997742652893066
911,best,do,-5.246175289154053
912,best,do,-6.228862285614014
913,best,do,-5.076841354370117
914,best,do,-5.3998894691467285
915,best,do,-4.84649133682251
916,best,do,-6.7134928703308105
917,best,do,-5.954677104949951
918,best,do,-6.678124904632568
919,best,do,-5.0164384841918945
920,best,do,-6.007816791534424
921,best,do,-5.268237113952637
922,best,do,-4.985966682434082
923,best,do,-6.485555648803711
924,best,do,-4.602541923522949
925,best,do,-5.256930828094482
926,best,do,-5.761564254760742
927,best,do,-6.289705753326416
928,best,do,-6.431367874145508
929,best,do,-5.988490581512451
930,best,do,-4.75598669052124
931,best,do,-6.028882026672363
932,best,do,-5.631152153015137
933,best,do,-5.975029945373535
934,best,do,-5.671239376068115
935,best,do,-5.924221515655518
936,best,do,-6.06840705871582
937,best,do,-4.684250831604004
938,best,do,-4.735511302947998
939,best,do,-6.008057594299316
940,best,do,-4.853899955749512
941,best,do,-5.115574836730957
942,best,do,-5.867537021636963
943,best,do,-3.915168046951294
944,best,do,-4.310894966125488
945,best,do,-5.41176700592041
946,best,do,-6.686108589172363
947,best,do,-5.628421306610107
948,best,do,-5.960092544555664
949,best,do,-6.007817268371582
950,best,do,-5.458641529083252
951,best,do,-7.019922733306885
952,best,do,-5.128240585327148
953,best,do,-7.225199222564697
954,best,pp,-5.253885269165039
955,best,pp,-6.27218770980835
956,best,pp,-4.999328136444092
957,best,pp,-5.228079319000244
958,best,pp,-4.92792272567749
959,best,pp,-6.333353519439697
960,best,pp,-5.767251491546631
961,best,pp,-5.831475734710693
962,best,pp,-4.91982889175415
963,best,pp,-5.80579948425293
964,best,pp,-5.308828830718994
965,best,pp,-4.913509845733643
966,best,pp,-5.779717922210693
967,best,pp,-4.671834945678711
968,best,pp,-5.097863674163818
969,best,pp,-5.154918193817139
970,best,pp,-5.845986366271973
971,best,pp,-5.964372634887695
972,best,pp,-5.922441005706787
973,best,pp,-4.776589393615723
974,best,do,-7.198271751403809
975,best,do,-6.837288856506348
976,best,do,-7.873122692108154
977,best,do,-6.49623966217041
978,best,do,-4.404414176940918
979,best,do,-5.017913341522217
980,best,do,-8.342141151428223
981,best,do,-6.664947032928467
982,best,do,-6.418229579925537
983,best,do,-6.90682315826416
984,best,do,-7.436756610870361
985,best,do,-6.639960289001465
986,best,do,-6.159829616546631
987,best,do,-5.661877632141113
988,best,do,-7.444539546966553
989,best,do,-8.503657341003418
990,best,do,-8.954852104187012
991,best,do,-6.105645179748535
992,best,do,-7.540584087371826
993,best,do,-7.05675745010376
994,best,do,-4.408075332641602
995,best,do,-6.7775702476501465
996,best,do,-7.131155490875244
997,best,do,-6.9916911125183105
998,best,do,-5.8925323486328125
999,best,do,-6.574189186096191
1000,best,do,-6.334005355834961
1001,best,do,-5.567694187164307
1002,best,do,-5.356181621551514
1003,best,do,-7.05675745010376
1004,best,do,-5.671947002410889
1005,best,do,-5.345814228057861
1006,best,do,-7.925198554992676
1007,best,do,-6.82145881652832
1008,best,do,-6.063766956329346
1009,best,do,-5.0640974044799805
1010,best,do,-7.133628845214844
1011,best,do,-6.534420490264893
1012,best,do,-7.29601526260376
1013,best,do,-6.510501861572266
1014,best,do,-7.29601526260376
1015,best,do,-5.621840953826904
1016,best,do,-5.828351020812988
1017,best,pp,-6.525485992431641
1018,best,pp,-6.1555256843566895
1019,best,pp,-7.5138373374938965
1020,best,pp,-5.62898063659668
1021,best,pp,-4.451571941375732
1022,best,pp,-4.873734474182129
1023,best,pp,-7.089267730712891
1024,best,pp,-5.925095081329346
1025,best,pp,-5.057278633117676
1026,best,pp,-5.736773490905762
1027,best,pp,-6.905999660491943
1028,best,pp,-6.385251522064209
1029,best,pp,-6.103630065917969
1030,best,pp,-5.040834903717041
1031,best,pp,-6.87143087387085
1032,best,pp,-7.312690258026123
1033,best,pp,-8.841007232666016
1034,best,pp,-5.185039043426514
1035,best,pp,-6.735654354095459
1036,best,pp,-6.468581199645996
1037,best,pp,-5.036787986755371
1038,best,pp,-4.922356128692627
1039,best,pp,-5.740184783935547
1040,best,pp,-5.179144859313965
1041,best,pp,-4.8118367195129395
1042,best,pp,-5.932889461517334
1043,best,pp,-6.2391533851623535
1044,best,pp,-4.052201271057129
1045,best,pp,-6.266472339630127
1046,best,pp,-5.195832252502441
1047,best,pp,-7.231492042541504
1048,best,pp,-4.528003215789795
1049,best,pp,-4.820467472076416
1050,best,pp,-5.194477081298828
1051,best,pp,-4.938304424285889
1052,best,pp,-6.529524326324463
1053,best,pp,-6.1389641761779785
1054,best,pp,-5.029112339019775
1055,best,pp,-4.503969192504883
1056,best,pp,-4.479912757873535
1057,best,pp,-5.474141597747803
1058,best,pp,-4.440232276916504
1059,best,pp,-5.270430564880371
1060,best,pp,-4.885421276092529
1061,best,pp,-4.633106708526611
1062,best,pp,-4.376502990722656
1063,best,pp,-4.635704517364502
1064,best,pp,-4.799176216125488
1065,best,pp,-5.6518096923828125
1066,best,pp,-5.525700092315674
1067,best,pp,-6.099130630493164
1068,best,pp,-4.163845062255859
1069,best,pp,-4.543718338012695
1070,best,pp,-4.431585311889648
1071,best,pp,-4.422359466552734
1072,best,pp,-5.967628479003906
1073,best,pp,-4.963202953338623
1074,best,pp,-4.9877190589904785
1075,best,pp,-4.478150367736816
1076,best,pp,-5.911447525024414
1077,best,do,-5.195870876312256
1078,best,do,-4.566592216491699
1079,best,do,-5.149594306945801
1080,best,do,-5.577823638916016
1081,best,do,-5.035302639007568
1082,best,do,-5.5069499015808105
1083,best,do,-5.4195780754089355
1084,best,do,-4.509835720062256
1085,best,do,-5.8140082359313965
1086,best,do,-5.175319194793701
1087,best,do,-6.1189117431640625
1088,best,do,-6.359903812408447
1089,best,do,-4.614259243011475
1090,best,do,-4.9797444343566895
1091,best,do,-4.4621357917785645
1092,best,do,-6.292643070220947
1093,best,do,-4.906087398529053
1094,best,do,-5.783182144165039
1095,best,do,-4.079951763153076
1096,best,do,-4.3253302574157715
1097,best,do,-4.1931586265563965
1098,best,do,-4.980281829833984
1099,best,do,-5.084211826324463
1100,best,do,-5.264364242553711
1101,best,do,-4.209233283996582
1102,best,do,-5.5065388679504395
1103,best,do,-4.721500396728516
1104,best,do,-4.653641223907471
1105,best,do,-4.523834228515625
1106,best,do,-6.602705478668213
1107,best,do,-4.980281829833984
1108,best,do,-5.539091110229492
1109,best,do,-3.91900897026062
1110,best,do,-4.865583896636963
1111,best,do,-5.656516075134277
1112,best,do,-5.180699825286865
1113,best,do,-4.612878322601318
1114,best,do,-5.527828693389893
1115,best,do,-4.334521293640137
1116,best,do,-5.60908842086792
1117,best,do,-4.149568557739258
1118,best,do,-6.674041748046875
1119,best,do,-5.266783714294434
1120,best,pp,-4.505074977874756
1121,best,pp,-4.473104476928711
1122,best,pp,-4.295914649963379
1123,best,pp,-5.161449909210205
1124,best,pp,-4.158051490783691
1125,best,pp,-5.253504753112793
1126,best,pp,-4.520195484161377
1127,best,pp,-3.8413498401641846
1128,best,pp,-5.321401119232178
1129,best,pp,-4.650183200836182
1130,best,pp,-5.104200839996338
1131,best,pp,-5.7061920166015625
1132,best,pp,-4.430420875549316
1133,best,pp,-4.821587562561035
1134,best,pp,-4.469162940979004
1135,best,pp,-5.969017505645752
1136,best,pp,-4.398902416229248
1137,best,pp,-5.300678730010986
1138,best,pp,-3.8365936279296875
1139,best,pp,-3.70221209526062
1140,best,do,-5.9648661613464355
1141,best,do,-6.739710330963135
1142,best,do,-4.403537750244141
1143,best,do,-4.622808933258057
1144,best,do,-6.008355617523193
1145,best,do,-6.561225891113281
1146,best,do,-5.9648661613464355
1147,best,do,-7.3295207023620605
1148,best,do,-5.505224704742432
1149,best,do,-4.991737365722656
1150,best,do,-6.035499095916748
1151,best,do,-6.357884883880615
1152,best,do,-3.8941404819488525
1153,best,do,-4.067265033721924
1154,best,do,-5.540867328643799
1155,best,do,-5.018062591552734
1156,best,do,-5.643283843994141
1157,best,do,-4.404726982116699
1158,best,do,-5.253026962280273
1159,best,do,-4.243844985961914
1160,best,do,-6.805221080780029
1161,best,do,-5.329223155975342
1162,best,do,-6.023047924041748
1163,best,do,-5.830611705780029
1164,best,do,-6.739710330963135
1165,best,do,-5.477767467498779
1166,best,do,-5.882415294647217
1167,best,do,-5.383602142333984
1168,best,do,-6.242099285125732
1169,best,do,-5.0866594314575195
1170,best,do,-5.857688903808594
1171,best,do,-5.226949214935303
1172,best,do,-5.643283843994141
1173,best,do,-5.150681972503662
1174,best,do,-4.941147327423096
1175,best,do,-4.941147327423096
1176,best,do,-4.547147274017334
1177,best,do,-4.838895320892334
1178,best,do,-4.928680419921875
1179,best,do,-5.018062591552734
1180,best,do,-6.023047924041748
1181,best,do,-5.38001012802124
1182,best,do,-5.383602142333984
1183,best,pp,-5.266661167144775
1184,best,pp,-5.920975208282471
1185,best,pp,-3.7980329990386963
1186,best,pp,-3.981652021408081
1187,best,pp,-5.137709140777588
1188,best,pp,-5.784707069396973
1189,best,pp,-5.266661167144775
1190,best,pp,-6.618717670440674
1191,best,pp,-4.573888301849365
1192,best,pp,-4.46263313293457
1193,best,pp,-5.465518951416016
1194,best,pp,-5.7136640548706055
1195,best,pp,-3.528602361679077
1196,best,pp,-3.54370379447937
1197,best,pp,-4.9418721199035645
1198,best,pp,-4.466734409332275
1199,best,pp,-5.155609607696533
1200,best,pp,-3.78775954246521
1201,best,pp,-4.591603755950928
1202,best,pp,-3.6766412258148193
1203,best,do,-6.911824703216553
1204,best,do,-6.156825065612793
1205,best,do,-7.176733493804932
1206,best,do,-5.4891815185546875
1207,best,do,-6.985004901885986
1208,best,do,-6.427286624908447
1209,best,do,-5.7294745445251465
1210,best,do,-5.7698211669921875
1211,best,do,-5.339842796325684
1212,best,do,-6.6378374099731445
1213,best,do,-5.755671501159668
1214,best,do,-5.957498073577881
1215,best,do,-5.601049423217773
1216,best,do,-6.114152908325195
1217,best,do,-6.306832313537598
1218,best,do,-5.789244174957275
1219,best,do,-5.778472900390625
1220,best,do,-5.8540778160095215
1221,best,do,-5.362764358520508
1222,best,do,-5.28581428527832
1223,best,do,-6.120542526245117
1224,best,do,-6.14194393157959
1225,best,do,-6.791006565093994
1226,best,do,-6.645522594451904
1227,best,do,-6.467928409576416
1228,best,do,-6.119645118713379
1229,best,do,-6.32100248336792
1230,best,do,-5.416988849639893
1231,best,do,-6.527950763702393
1232,best,do,-5.370573043823242
1233,best,do,-5.227860450744629
1234,best,do,-6.106316566467285
1235,best,do,-6.626547813415527
1236,best,do,-5.950241565704346
1237,best,do,-5.691572189331055
1238,best,do,-6.382769584655762
1239,best,do,-5.918755531311035
1240,best,do,-7.556491851806641
1241,best,do,-7.700812339782715
1242,best,do,-4.664968490600586
1243,best,do,-5.933876037597656
1244,best,do,-6.501217365264893
1245,best,do,-6.868098735809326
1246,best,pp,-5.8178911209106445
1247,best,pp,-4.895158767700195
1248,best,pp,-6.177970886230469
1249,best,pp,-4.302475452423096
1250,best,pp,-6.112849712371826
1251,best,pp,-5.46296501159668
1252,best,pp,-4.818151473999023
1253,best,pp,-5.1862688064575195
1254,best,pp,-4.729307651519775
1255,best,pp,-5.917857646942139
1256,best,pp,-5.009589195251465
1257,best,pp,-5.071807861328125
1258,best,pp,-4.745057582855225
1259,best,pp,-5.228533744812012
1260,best,pp,-5.179840087890625
1261,best,pp,-5.010550498962402
1262,best,pp,-4.789166450500488
1263,best,pp,-4.789148330688477
1264,best,pp,-4.849529266357422
1265,best,pp,-4.559306621551514
1266,best,do,-6.210411548614502
1267,best,do,-5.837235450744629
1268,best,do,-7.2213592529296875
1269,best,do,-6.884124279022217
1270,best,do,-6.742090702056885
1271,best,do,-6.108600616455078
1272,best,do,-7.374961853027344
1273,best,do,-7.113199234008789
1274,best,do,-6.634352684020996
1275,best,do,-8.060127258300781
1276,best,do,-9.194186210632324
1277,best,do,-6.128998756408691
1278,best,do,-8.967158317565918
1279,best,do,-6.3280816078186035
1280,best,do,-5.388734340667725
1281,best,do,-7.554345607757568
1282,best,do,-8.516230583190918
1283,best,do,-5.328543186187744
1284,best,do,-5.65762996673584
1285,best,do,-7.9857330322265625
1286,best,do,-6.674841403961182
1287,best,do,-7.002639293670654
1288,best,do,-5.57824182510376
1289,best,do,-6.681163311004639
1290,best,do,-6.4568328857421875
1291,best,do,-5.92473840713501
1292,best,do,-7.383200168609619
1293,best,do,-8.280296325683594
1294,best,do,-5.786646366119385
1295,best,do,-6.173303127288818
1296,best,do,-6.379536151885986
1297,best,do,-7.778018951416016
1298,best,do,-7.218357563018799
1299,best,do,-4.275757789611816
1300,best,do,-5.1972832679748535
1301,best,do,-7.52125883102417
1302,best,do,-9.363560676574707
1303,best,do,-6.432729721069336
1304,best,do,-7.556445598602295
1305,best,do,-6.116966247558594
1306,best,do,-7.859928607940674
1307,best,do,-7.705874443054199
1308,best,do,-7.132931232452393
1309,best,pp,-5.241984844207764
1310,best,pp,-5.098852634429932
1311,best,pp,-5.621766090393066
1312,best,pp,-5.549515724182129
1313,best,pp,-5.239084720611572
1314,best,pp,-4.883492946624756
1315,best,pp,-6.3526291847229
1316,best,pp,-6.34522008895874
1317,best,pp,-5.022920608520508
1318,best,pp,-7.584499359130859
1319,best,pp,-7.596624851226807
1320,best,pp,-5.318874835968018
1321,best,pp,-7.42659854888916
1322,best,pp,-4.803722858428955
1323,best,pp,-4.428222179412842
1324,best,pp,-6.449798107147217
1325,best,pp,-6.941982746124268
1326,best,pp,-4.793773174285889
1327,best,pp,-4.181517124176025
1328,best,pp,-6.735738277435303
1329,best,pp,-4.701376914978027
1330,best,pp,-4.610546588897705
1331,best,pp,-6.3835272789001465
1332,best,pp,-5.704389572143555
1333,best,pp,-5.799619674682617
1334,best,pp,-4.452302932739258
1335,best,pp,-4.860409736633301
1336,best,pp,-4.728309631347656
1337,best,pp,-5.003787517547607
1338,best,pp,-6.237476348876953
1339,best,pp,-4.688332557678223
1340,best,pp,-5.603021621704102
1341,best,pp,-5.308408737182617
1342,best,pp,-5.9546942710876465
1343,best,pp,-4.860849380493164
1344,best,pp,-3.9280123710632324
1345,best,pp,-5.6696672439575195
1346,best,pp,-4.608096599578857
1347,best,pp,-4.857600688934326
1348,best,pp,-4.710686206817627
1349,best,pp,-3.3356637954711914
1350,best,pp,-3.595902442932129
1351,best,pp,-6.2113423347473145
1352,best,pp,-3.9698877334594727
1353,best,pp,-3.82826566696167
1354,best,pp,-4.2919111251831055
1355,best,pp,-4.154130935668945
1356,best,pp,-4.053235054016113
1357,best,pp,-4.747415065765381
1358,best,pp,-5.07017707824707
1359,best,pp,-4.790538787841797
1360,best,pp,-3.5050220489501953
1361,best,pp,-5.040319442749023
1362,best,pp,-4.435408592224121
1363,best,pp,-5.769883155822754
1364,best,pp,-4.680971622467041
1365,best,pp,-4.848282814025879
1366,best,pp,-4.394721984863281
1367,best,pp,-4.944746494293213
1368,best,pp,-4.110657215118408
