item_id,model_state,dative,score
1,initial,pp,-8.088906288146973
2,initial,pp,-8.382925987243652
3,initial,pp,-7.862356662750244
4,initial,pp,-8.68514633178711
5,initial,pp,-7.58899450302124
6,initial,pp,-7.863377094268799
7,initial,pp,-8.405180931091309
8,initial,pp,-7.716948986053467
9,initial,pp,-7.1200408935546875
10,initial,pp,-7.933626174926758
11,initial,pp,-6.88902473449707
12,initial,pp,-5.926976680755615
13,initial,pp,-8.020365715026855
14,initial,pp,-6.002617835998535
15,initial,pp,-7.9380784034729
16,initial,pp,-7.716948986053467
17,initial,pp,-8.444355964660645
18,initial,pp,-7.746359825134277
19,initial,pp,-7.745944976806641
20,initial,pp,-7.351596832275391
21,initial,pp,-8.136012077331543
22,initial,pp,-7.025941848754883
23,initial,pp,-8.63835620880127
24,initial,pp,-8.26073169708252
25,initial,pp,-8.611241340637207
26,initial,pp,-8.392725944519043
27,initial,pp,-8.158635139465332
28,initial,pp,-7.864720821380615
29,initial,pp,-8.273179054260254
30,initial,pp,-8.441702842712402
31,initial,pp,-8.18436336517334
32,initial,pp,-8.26073169708252
33,initial,pp,-8.445928573608398
34,initial,pp,-8.955252647399902
35,initial,pp,-6.366866111755371
36,initial,pp,-6.79977560043335
37,initial,pp,-8.273179054260254
38,initial,pp,-7.528705596923828
39,initial,pp,-9.137359619140625
40,initial,pp,-8.399325370788574
41,initial,pp,-7.467373371124268
42,initial,pp,-7.130195140838623
43,initial,pp,-6.279778003692627
44,initial,pp,-7.773782253265381
45,initial,pp,-8.358251571655273
46,initial,pp,-7.388392925262451
47,initial,pp,-8.030380249023438
48,initial,pp,-7.401610851287842
49,initial,pp,-6.793989181518555
50,initial,pp,-6.849431991577148
51,initial,pp,-7.680130481719971
52,initial,pp,-6.470172882080078
53,initial,pp,-7.990039825439453
54,initial,pp,-7.641199588775635
55,initial,pp,-7.253129482269287
56,initial,pp,-6.281655788421631
57,initial,pp,-5.920655250549316
58,initial,pp,-7.56222677230835
59,initial,pp,-7.2861104011535645
60,initial,pp,-7.8502349853515625
61,initial,pp,-8.48921012878418
62,initial,pp,-8.146203994750977
63,initial,pp,-8.195338249206543
64,initial,pp,-8.336934089660645
65,initial,pp,-7.395667552947998
66,initial,pp,-8.16882610321045
67,initial,pp,-6.344173431396484
68,initial,pp,-8.611701011657715
69,initial,pp,-8.551822662353516
70,initial,pp,-7.90984582901001
71,initial,pp,-5.820830345153809
72,initial,pp,-8.203245162963867
73,initial,pp,-8.073607444763184
74,initial,pp,-9.07143783569336
75,initial,pp,-8.155097007751465
76,initial,pp,-7.51898193359375
77,initial,pp,-7.0755791664123535
78,initial,pp,-6.388005256652832
79,initial,pp,-7.627037525177002
80,initial,pp,-8.681365013122559
81,initial,pp,-8.240341186523438
82,initial,pp,-6.6893415451049805
83,initial,pp,-7.132534027099609
84,initial,pp,-6.631562232971191
85,initial,pp,-6.6893415451049805
86,initial,pp,-6.905203342437744
87,initial,pp,-7.09482479095459
88,initial,pp,-6.477936744689941
89,initial,pp,-7.038418769836426
90,initial,pp,-6.749175071716309
91,initial,pp,-6.576611518859863
92,initial,pp,-8.64486026763916
93,initial,pp,-6.815468788146973
94,initial,pp,-6.624395847320557
95,initial,pp,-6.633121490478516
96,initial,pp,-7.028788089752197
97,initial,pp,-8.414899826049805
98,initial,pp,-8.364574432373047
99,initial,pp,-7.33015251159668
100,initial,pp,-7.905664443969727
101,initial,pp,-6.423956871032715
102,initial,pp,-7.64924955368042
103,initial,pp,-7.7433013916015625
104,initial,pp,-6.965298175811768
105,initial,pp,-7.59804105758667
106,initial,pp,-8.031352043151855
107,initial,pp,-6.878030300140381
108,initial,pp,-7.949281215667725
109,initial,pp,-7.563108921051025
110,initial,pp,-8.123406410217285
111,initial,pp,-7.545226573944092
112,initial,pp,-7.511096000671387
113,initial,pp,-7.507111549377441
114,initial,pp,-6.534340858459473
115,initial,pp,-7.698936462402344
116,initial,pp,-6.818876266479492
117,initial,pp,-8.19311237335205
118,initial,pp,-6.852732181549072
119,initial,pp,-7.991504669189453
120,initial,pp,-8.138427734375
121,initial,pp,-7.684329986572266
122,initial,pp,-8.101218223571777
123,initial,pp,-6.925356388092041
124,initial,pp,-8.188979148864746
125,initial,pp,-7.222011089324951
126,initial,pp,-7.483259201049805
127,initial,pp,-6.4586501121521
128,initial,pp,-8.16174602508545
129,initial,pp,-7.149960041046143
130,initial,pp,-6.646039962768555
131,initial,pp,-7.149960041046143
132,initial,pp,-8.101218223571777
133,initial,pp,-8.167759895324707
134,initial,pp,-7.281208515167236
135,initial,pp,-8.101218223571777
136,initial,pp,-7.483259201049805
137,initial,pp,-7.83291482925415
138,initial,pp,-5.946616172790527
139,initial,pp,-7.467749118804932
140,initial,pp,-7.878068447113037
141,initial,pp,-7.390741348266602
142,initial,pp,-7.531792640686035
143,initial,pp,-7.387302398681641
144,initial,pp,-7.722005844116211
145,initial,pp,-6.370077133178711
146,initial,pp,-7.143636226654053
147,initial,pp,-7.914356708526611
148,initial,pp,-7.445652961730957
149,initial,pp,-6.854435920715332
150,initial,pp,-6.082245349884033
151,initial,pp,-8.045339584350586
152,initial,pp,-7.055290222167969
153,initial,pp,-7.3195295333862305
154,initial,pp,-7.233893394470215
155,initial,pp,-7.374046802520752
156,initial,pp,-6.641873836517334
157,initial,pp,-6.286935329437256
158,initial,pp,-6.58970832824707
159,initial,pp,-7.14093017578125
160,initial,pp,-7.8110809326171875
161,initial,pp,-8.75169849395752
162,initial,pp,-7.383303642272949
163,initial,pp,-8.38787841796875
164,initial,pp,-7.010190486907959
165,initial,pp,-7.304863452911377
166,initial,pp,-5.772244930267334
167,initial,pp,-7.519798278808594
168,initial,pp,-8.918309211730957
169,initial,pp,-7.5573601722717285
170,initial,pp,-6.909389972686768
171,initial,pp,-8.38787841796875
172,initial,pp,-5.977839946746826
173,initial,pp,-6.830234527587891
174,initial,pp,-8.631897926330566
175,initial,pp,-6.6580610275268555
176,initial,pp,-7.304863452911377
177,initial,pp,-7.862753391265869
178,initial,pp,-8.670510292053223
179,initial,pp,-6.457474231719971
180,initial,pp,-8.590937614440918
181,initial,pp,-7.52291202545166
182,initial,pp,-7.795922756195068
183,initial,pp,-6.6429123878479
184,initial,pp,-7.382361888885498
185,initial,pp,-6.8364973068237305
186,initial,pp,-6.694370269775391
187,initial,pp,-6.189511775970459
188,initial,pp,-6.326932907104492
189,initial,pp,-6.514822006225586
190,initial,pp,-5.500968933105469
191,initial,pp,-6.769437313079834
192,initial,pp,-7.060622215270996
193,initial,pp,-6.838388919830322
194,initial,pp,-6.678205490112305
195,initial,pp,-6.9245710372924805
196,initial,pp,-6.3047895431518555
197,initial,pp,-7.780095100402832
198,initial,pp,-6.5196967124938965
199,initial,pp,-6.394664764404297
200,initial,pp,-8.03035831451416
201,initial,pp,-5.969909191131592
202,initial,pp,-5.99252986907959
203,initial,pp,-8.421538352966309
204,initial,pp,-7.440182209014893
205,initial,pp,-7.990799903869629
206,initial,pp,-7.1580657958984375
207,initial,pp,-7.528826713562012
208,initial,pp,-6.680576801300049
209,initial,pp,-7.604819297790527
210,initial,pp,-6.909297466278076
211,initial,pp,-8.065618515014648
212,initial,pp,-7.074052810668945
213,initial,pp,-7.089606761932373
214,initial,pp,-7.7667412757873535
215,initial,pp,-7.32963752746582
216,initial,pp,-6.074617862701416
217,initial,pp,-7.227115154266357
218,initial,pp,-7.594399452209473
219,initial,pp,-7.302847862243652
220,initial,pp,-7.40315580368042
221,initial,do,-8.281584739685059
222,initial,do,-7.9544782638549805
223,initial,do,-7.1381635665893555
224,initial,do,-6.841339111328125
225,initial,do,-8.157063484191895
226,initial,do,-7.385162353515625
227,initial,do,-8.061079978942871
228,initial,do,-8.666075706481934
229,initial,do,-8.315774917602539
230,initial,do,-7.9923505783081055
231,initial,do,-7.785449028015137
232,initial,do,-8.095175743103027
233,initial,do,-8.057711601257324
234,initial,do,-8.666075706481934
235,initial,do,-6.507152080535889
236,initial,do,-7.555636405944824
237,initial,do,-7.866562366485596
238,initial,do,-7.644204139709473
239,initial,do,-8.12187671661377
240,initial,do,-7.339598655700684
241,initial,do,-8.057711601257324
242,initial,do,-8.037447929382324
243,initial,do,-8.407158851623535
244,initial,do,-7.644204139709473
245,initial,do,-8.443167686462402
246,initial,do,-6.4367475509643555
247,initial,do,-8.037992477416992
248,initial,do,-7.918583393096924
249,initial,do,-7.744815349578857
250,initial,do,-7.3290205001831055
251,initial,do,-7.813114166259766
252,initial,do,-7.426352500915527
253,initial,do,-8.369917869567871
254,initial,do,-8.230386734008789
255,initial,do,-8.517928123474121
256,initial,do,-8.121922492980957
257,initial,do,-7.459704875946045
258,initial,do,-8.230386734008789
259,initial,do,-6.244001388549805
260,initial,do,-7.813114166259766
261,initial,do,-7.3290205001831055
262,initial,do,-6.1593546867370605
263,initial,do,-7.966227054595947
264,initial,pp,-7.4917449951171875
265,initial,pp,-7.78848934173584
266,initial,pp,-7.098023414611816
267,initial,pp,-6.584881782531738
268,initial,pp,-7.516435623168945
269,initial,pp,-7.319738864898682
270,initial,pp,-7.454424858093262
271,initial,pp,-7.911983966827393
272,initial,pp,-7.918133735656738
273,initial,pp,-7.371679782867432
274,initial,pp,-7.533113479614258
275,initial,pp,-7.473998069763184
276,initial,pp,-7.726462364196777
277,initial,pp,-7.911983966827393
278,initial,pp,-6.420870304107666
279,initial,pp,-7.1847662925720215
280,initial,pp,-7.546095848083496
281,initial,pp,-7.040104389190674
282,initial,pp,-7.458187103271484
283,initial,pp,-7.110877513885498
284,initial,do,-7.732234001159668
285,initial,do,-6.737084865570068
286,initial,do,-8.282411575317383
287,initial,do,-7.634823322296143
288,initial,do,-7.92307186126709
289,initial,do,-6.940616130828857
290,initial,do,-6.797463417053223
291,initial,do,-8.075334548950195
292,initial,do,-7.92307186126709
293,initial,do,-7.300105094909668
294,initial,do,-6.4136505126953125
295,initial,do,-7.629475116729736
296,initial,do,-6.466373920440674
297,initial,do,-7.8598432540893555
298,initial,do,-7.69176721572876
299,initial,do,-7.63231897354126
300,initial,do,-7.7878899574279785
301,initial,do,-7.099759578704834
302,initial,do,-7.65397310256958
303,initial,do,-7.455819129943848
304,initial,do,-7.200228691101074
305,initial,do,-6.797463417053223
306,initial,do,-7.425657749176025
307,initial,do,-7.194667816162109
308,initial,do,-7.634823322296143
309,initial,do,-7.17887020111084
310,initial,do,-6.1442389488220215
311,initial,do,-7.866878986358643
312,initial,do,-7.634823322296143
313,initial,do,-8.306000709533691
314,initial,do,-6.678801536560059
315,initial,do,-7.6740546226501465
316,initial,do,-7.8412652015686035
317,initial,do,-8.662470817565918
318,initial,do,-6.1442389488220215
319,initial,do,-7.099759578704834
320,initial,do,-6.948549747467041
321,initial,do,-6.958954811096191
322,initial,do,-8.2824125289917
323,initial,do,-8.331782341003418
324,initial,do,-7.6705145835876465
325,initial,do,-8.275426864624023
326,initial,do,-7.335089683532715
327,initial,pp,-7.3451151847839355
328,initial,pp,-6.793557167053223
329,initial,pp,-7.978449821472168
330,initial,pp,-7.561435699462891
331,initial,pp,-7.838802814483643
332,initial,pp,-6.857714653015137
333,initial,pp,-6.810863494873047
334,initial,pp,-7.903556823730469
335,initial,pp,-7.838802814483643
336,initial,pp,-7.3468523025512695
337,initial,pp,-6.669192314147949
338,initial,pp,-7.505773544311523
339,initial,pp,-6.779540061950684
340,initial,pp,-7.663319110870361
341,initial,pp,-7.51943826675415
342,initial,pp,-7.501865386962891
343,initial,pp,-7.842545509338379
344,initial,pp,-7.05151891708374
345,initial,pp,-7.466336727142334
346,initial,pp,-7.3625946044921875
347,initial,do,-6.807439804077148
348,initial,do,-5.911947250366211
349,initial,do,-6.937538146972656
350,initial,do,-6.032586574554443
351,initial,do,-6.660833358764648
352,initial,do,-6.85243558883667
353,initial,do,-7.085845470428467
354,initial,do,-6.919068336486816
355,initial,do,-7.294647216796875
356,initial,do,-7.167386531829834
357,initial,do,-6.950932025909424
358,initial,do,-6.990065574645996
359,initial,do,-6.295312404632568
360,initial,do,-7.119790077209473
361,initial,do,-6.714388847351074
362,initial,do,-6.376584529876709
363,initial,do,-7.140142440795898
364,initial,do,-7.314198970794678
365,initial,do,-7.200494766235352
366,initial,do,-6.25677490234375
367,initial,do,-6.560752868652344
368,initial,do,-6.405666351318359
369,initial,do,-6.89243745803833
370,initial,do,-6.0941972732543945
371,initial,do,-6.9690704345703125
372,initial,do,-7.7227783203125
373,initial,do,-6.68425178527832
374,initial,do,-6.751419544219971
375,initial,do,-5.597118854522705
376,initial,do,-7.2294440269470215
377,initial,do,-6.326632499694824
378,initial,do,-7.214833736419678
379,initial,do,-6.744024753570557
380,initial,do,-6.87417459487915
381,initial,do,-7.22804594039917
382,initial,do,-7.092864513397217
383,initial,do,-6.289456367492676
384,initial,do,-6.9690704345703125
385,initial,do,-6.429269790649414
386,initial,do,-6.68425178527832
387,initial,do,-6.94182014465332
388,initial,do,-6.515454292297363
389,initial,do,-6.727748394012451
390,initial,pp,-6.842283725738525
391,initial,pp,-5.799092769622803
392,initial,pp,-6.788290977478027
393,initial,pp,-5.965260982513428
394,initial,pp,-6.9647698402404785
395,initial,pp,-6.721946716308594
396,initial,pp,-7.01874303817749
397,initial,pp,-6.828134059906006
398,initial,pp,-7.1941351890563965
399,initial,pp,-7.002758026123047
400,initial,pp,-7.043780326843262
401,initial,pp,-7.007321834564209
402,initial,pp,-6.412046432495117
403,initial,pp,-7.249381065368652
404,initial,pp,-6.925978660583496
405,initial,pp,-6.398336887359619
406,initial,pp,-7.240628242492676
407,initial,pp,-7.399761199951172
408,initial,pp,-7.349687099456787
409,initial,pp,-6.353747844696045
410,initial,do,-7.792540550231934
411,initial,do,-7.600553035736084
412,initial,do,-7.938841342926025
413,initial,do,-8.99577522277832
414,initial,do,-8.558740615844727
415,initial,do,-7.417084693908691
416,initial,do,-7.496931552886963
417,initial,do,-8.211596488952637
418,initial,do,-5.8682026863098145
419,initial,do,-7.544698715209961
420,initial,do,-7.783960342407227
421,initial,do,-8.252718925476074
422,initial,do,-8.716344833374023
423,initial,do,-8.61768913269043
424,initial,do,-7.328503131866455
425,initial,do,-8.449239730834961
426,initial,do,-6.926891326904297
427,initial,do,-7.677701473236084
428,initial,do,-7.490087032318115
429,initial,do,-7.7698750495910645
430,initial,do,-8.788823127746582
431,initial,do,-7.323381423950195
432,initial,do,-7.677701473236084
433,initial,do,-7.4965925216674805
434,initial,do,-8.805850982666016
435,initial,do,-7.3948893547058105
436,initial,do,-8.106913566589355
437,initial,do,-8.58186149597168
438,initial,do,-7.194803714752197
439,initial,do,-8.707976341247559
440,initial,do,-8.26386547088623
441,initial,do,-8.129980087280273
442,initial,do,-8.658307075500488
443,initial,do,-8.226966857910156
444,initial,do,-7.635857582092285
445,initial,do,-7.496462821960449
446,initial,do,-8.449239730834961
447,initial,do,-8.178720474243164
448,initial,do,-6.953117847442627
449,initial,do,-7.492541313171387
450,initial,do,-8.234413146972656
451,initial,do,-8.449670791625977
452,initial,do,-8.058362007141113
453,initial,pp,-7.640631675720215
454,initial,pp,-7.307551383972168
455,initial,pp,-7.69724178314209
456,initial,pp,-8.188791275024414
457,initial,pp,-7.922882080078125
458,initial,pp,-6.883238315582275
459,initial,pp,-7.128589153289795
460,initial,pp,-8.049400329589844
461,initial,pp,-6.027784824371338
462,initial,pp,-7.190455913543701
463,initial,pp,-7.771509647369385
464,initial,pp,-7.893364906311035
465,initial,pp,-8.222013473510742
466,initial,pp,-8.105390548706055
467,initial,pp,-7.066821098327637
468,initial,pp,-8.031270980834961
469,initial,pp,-6.6407365798950195
470,initial,pp,-7.7181901931762695
471,initial,pp,-7.061618328094482
472,initial,pp,-8.118145942687988
473,initial,pp,-7.039050102233887
474,initial,pp,-7.8975067138671875
475,initial,pp,-7.499931335449219
476,initial,pp,-7.163967609405518
477,initial,pp,-6.121220111846924
478,initial,pp,-7.289438724517822
479,initial,pp,-7.071521282196045
480,initial,pp,-6.797224521636963
481,initial,pp,-7.476289749145508
482,initial,pp,-7.482232093811035
483,initial,pp,-6.71359395980835
484,initial,pp,-8.046327590942383
485,initial,pp,-7.8246588706970215
486,initial,pp,-6.872395992279053
487,initial,pp,-7.810880661010742
488,initial,pp,-6.553032875061035
489,initial,pp,-6.6489386558532715
490,initial,pp,-7.356996536254883
491,initial,pp,-6.624294757843018
492,initial,pp,-7.135544776916504
493,initial,do,-7.949187278747559
494,initial,do,-8.19682502746582
495,initial,do,-9.3029146194458
496,initial,do,-9.215360641479492
497,initial,do,-10.295390129089355
498,initial,do,-6.1303253173828125
499,initial,do,-8.896939277648926
500,initial,do,-9.559553146362305
501,initial,do,-7.618973255157471
502,initial,do,-6.7937211990356445
503,initial,do,-9.341809272766113
504,initial,do,-8.203688621520996
505,initial,do,-9.539892196655273
506,initial,do,-8.287135124206543
507,initial,do,-9.879467964172363
508,initial,do,-9.616663932800293
509,initial,do,-9.160917282104492
510,initial,do,-8.25049114227295
511,initial,do,-7.931112766265869
512,initial,do,-8.53889274597168
513,initial,do,-7.6277923583984375
514,initial,do,-9.23356819152832
515,initial,do,-9.213480949401855
516,initial,do,-9.772876739501953
517,initial,do,-8.461557388305664
518,initial,do,-10.508221626281738
519,initial,do,-9.250738143920898
520,initial,do,-8.15301513671875
521,initial,do,-9.18354606628418
522,initial,do,-8.411286354064941
523,initial,do,-7.661025524139404
524,initial,do,-8.598814964294434
525,initial,do,-9.498672485351562
526,initial,do,-9.41179370880127
527,initial,do,-7.464620590209961
528,initial,do,-9.427654266357422
529,initial,do,-9.427654266357422
530,initial,do,-9.859430313110352
531,initial,do,-9.940478324890137
532,initial,do,-10.037644386291504
533,initial,do,-9.442201614379883
534,initial,do,-7.969099044799805
535,initial,do,-7.616771221160889
536,initial,pp,-7.673914432525635
537,initial,pp,-8.020641326904297
538,initial,pp,-8.34538459777832
539,initial,pp,-8.227599143981934
540,initial,pp,-9.613633155822754
541,initial,pp,-6.014680862426758
542,initial,pp,-8.496424674987793
543,initial,pp,-8.983229637145996
544,initial,pp,-7.005879878997803
545,initial,pp,-6.462593078613281
546,initial,pp,-8.600120544433594
547,initial,pp,-7.35992431640625
548,initial,pp,-8.97915267944336
549,initial,pp,-7.5970845222473145
550,initial,pp,-9.024735450744629
551,initial,pp,-8.831902503967285
552,initial,pp,-8.228646278381348
553,initial,pp,-7.59400749206543
554,initial,pp,-7.193837642669678
555,initial,pp,-8.947315216064453
556,initial,do,-7.8550333976745605
557,initial,do,-9.542746543884277
558,initial,do,-7.822434425354004
559,initial,do,-9.117088317871094
560,initial,do,-9.673154830932617
561,initial,do,-7.996530532836914
562,initial,do,-7.56874942779541
563,initial,do,-9.12855052947998
564,initial,do,-9.542746543884277
565,initial,do,-9.167048454284668
566,initial,do,-6.43051290512085
567,initial,do,-6.852260589599609
568,initial,do,-7.58752965927124
569,initial,do,-7.981777667999268
570,initial,do,-6.630120277404785
571,initial,do,-8.775607109069824
572,initial,do,-8.584121704101562
573,initial,do,-8.912886619567871
574,initial,do,-8.912886619567871
575,initial,do,-9.116254806518555
576,initial,do,-8.237439155578613
577,initial,do,-7.856926918029785
578,initial,do,-8.584121704101562
579,initial,do,-8.074458122253418
580,initial,do,-7.5409932136535645
581,initial,do,-7.58752965927124
582,initial,do,-9.38827133178711
583,initial,do,-6.848347187042236
584,initial,do,-7.28554630279541
585,initial,do,-9.222206115722656
586,initial,do,-8.304890632629395
587,initial,do,-7.942124843597412
588,initial,do,-6.848347187042236
589,initial,do,-7.943065166473389
590,initial,do,-7.599579811096191
591,initial,do,-8.70051097869873
592,initial,do,-8.468866348266602
593,initial,do,-8.70051097869873
594,initial,do,-8.796945571899414
595,initial,do,-7.822434425354004
596,initial,do,-9.552651405334473
597,initial,do,-7.58752965927124
598,initial,do,-9.167048454284668
599,initial,pp,-7.593380451202393
600,initial,pp,-9.346659660339355
601,initial,pp,-7.8214111328125
602,initial,pp,-9.253535270690918
603,initial,pp,-8.861274719238281
604,initial,pp,-7.961977958679199
605,initial,pp,-7.110438346862793
606,initial,pp,-8.541253089904785
607,initial,pp,-9.346659660339355
608,initial,pp,-8.55659294128418
609,initial,pp,-6.528938293457031
610,initial,pp,-6.898379802703857
611,initial,pp,-7.363788604736328
612,initial,pp,-8.03147029876709
613,initial,pp,-6.486638069152832
614,initial,pp,-8.2329683303833
615,initial,pp,-8.936999320983887
616,initial,pp,-8.70836353302002
617,initial,pp,-8.70836353302002
618,initial,pp,-9.127657890319824
619,initial,do,-7.598731994628906
620,initial,do,-6.874448776245117
621,initial,do,-7.873320579528809
622,initial,do,-7.436248302459717
623,initial,do,-8.106424331665039
624,initial,do,-7.362723350524902
625,initial,do,-7.422438144683838
626,initial,do,-7.524605751037598
627,initial,do,-7.629237651824951
628,initial,do,-8.310894966125488
629,initial,do,-6.962574481964111
630,initial,do,-5.7988972663879395
631,initial,do,-6.7015790939331055
632,initial,do,-6.948935508728027
633,initial,do,-6.424028396606445
634,initial,do,-7.990687370300293
635,initial,do,-6.952167510986328
636,initial,do,-8.621160507202148
637,initial,do,-6.7015790939331055
638,initial,do,-7.756968975067139
639,initial,do,-7.423747539520264
640,initial,do,-7.775706768035889
641,initial,do,-7.2878217697143555
642,initial,do,-8.483570098876953
643,initial,do,-8.04530143737793
644,initial,do,-6.353468894958496
645,initial,do,-8.901026725769043
646,initial,do,-7.450620174407959
647,initial,do,-8.444826126098633
648,initial,do,-8.073700904846191
649,initial,do,-7.716615676879883
650,initial,do,-8.399484634399414
651,initial,do,-9.029156684875488
652,initial,do,-8.324960708618164
653,initial,do,-7.956841468811035
654,initial,do,-6.841795444488525
655,initial,do,-7.828739643096924
656,initial,do,-8.032941818237305
657,initial,do,-8.026558876037598
658,initial,do,-6.701578617095947
659,initial,do,-8.746935844421387
660,initial,do,-8.711114883422852
661,initial,do,-7.024748802185059
662,initial,pp,-7.25872802734375
663,initial,pp,-6.482037544250488
664,initial,pp,-7.443615913391113
665,initial,pp,-7.0498223304748535
666,initial,pp,-8.096081733703613
667,initial,pp,-7.603391170501709
668,initial,pp,-7.234067440032959
669,initial,pp,-7.863666534423828
670,initial,pp,-7.780978679656982
671,initial,pp,-8.266680717468262
672,initial,pp,-7.072847366333008
673,initial,pp,-5.693605422973633
674,initial,pp,-6.35506534576416
675,initial,pp,-6.633547306060791
676,initial,pp,-6.002467155456543
677,initial,pp,-7.785129070281982
678,initial,pp,-6.58491849899292
679,initial,pp,-7.8622541427612305
680,initial,pp,-6.35506534576416
681,initial,pp,-7.398515701293945
682,initial,do,-8.430130004882812
683,initial,do,-9.678587913513184
684,initial,do,-7.887806415557861
685,initial,do,-7.010351657867432
686,initial,do,-8.527461051940918
687,initial,do,-8.295638084411621
688,initial,do,-9.840051651000977
689,initial,do,-10.367269515991211
690,initial,do,-7.461211204528809
691,initial,do,-8.579639434814453
692,initial,do,-7.689024448394775
693,initial,do,-8.959562301635742
694,initial,do,-7.758037567138672
695,initial,do,-7.644901275634766
696,initial,do,-9.033915519714355
697,initial,do,-7.990376949310303
698,initial,do,-8.398544311523438
699,initial,do,-8.193074226379395
700,initial,do,-9.174717903137207
701,initial,do,-7.417994976043701
702,initial,do,-8.29849910736084
703,initial,do,-8.63436222076416
704,initial,do,-9.531109809875488
705,initial,do,-9.042993545532227
706,initial,do,-8.708425521850586
707,initial,do,-9.858205795288086
708,initial,do,-7.848297119140625
709,initial,do,-8.614862442016602
710,initial,do,-9.310293197631836
711,initial,do,-8.27281665802002
712,initial,do,-9.122546195983887
713,initial,do,-9.474852561950684
714,initial,do,-8.766313552856445
715,initial,do,-8.640899658203125
716,initial,do,-9.827412605285645
717,initial,do,-9.88203239440918
718,initial,do,-10.052118301391602
719,initial,do,-9.978296279907227
720,initial,do,-7.948976516723633
721,initial,do,-9.112823486328125
722,initial,do,-7.934663772583008
723,initial,do,-8.636677742004395
724,initial,do,-7.897443771362305
725,initial,pp,-8.714351654052734
726,initial,pp,-8.795162200927734
727,initial,pp,-7.229926586151123
728,initial,pp,-6.406524181365967
729,initial,pp,-8.732046127319336
730,initial,pp,-7.982585906982422
731,initial,pp,-9.132607460021973
732,initial,pp,-9.700945854187012
733,initial,pp,-7.082091808319092
734,initial,pp,-8.321248054504395
735,initial,pp,-7.235343933105469
736,initial,pp,-8.778069496154785
737,initial,pp,-7.501673221588135
738,initial,pp,-7.665332794189453
739,initial,pp,-9.277913093566895
740,initial,pp,-8.098785400390625
741,initial,pp,-7.802674770355225
742,initial,pp,-7.573724269866943
743,initial,pp,-8.66006088256836
744,initial,pp,-7.733067989349365
745,initial,pp,-7.096285820007324
746,initial,pp,-7.436580181121826
747,initial,pp,-7.656038761138916
748,initial,pp,-6.678068161010742
749,initial,pp,-7.9380269050598145
750,initial,pp,-8.552311897277832
751,initial,pp,-8.736723899841309
752,initial,pp,-7.589929103851318
753,initial,pp,-7.562201023101807
754,initial,pp,-7.674410343170166
755,initial,pp,-6.885767936706543
756,initial,pp,-6.190299034118652
757,initial,pp,-7.260125160217285
758,initial,pp,-6.469426155090332
759,initial,pp,-7.69842529296875
760,initial,pp,-7.970673561096191
761,initial,pp,-9.105916976928711
762,initial,pp,-8.81994915008545
763,initial,pp,-7.086905479431152
764,initial,pp,-7.508594512939453
765,initial,pp,-7.052834987640381
766,initial,pp,-8.057124137878418
767,initial,pp,-8.090277671813965
768,initial,pp,-7.34613037109375
769,initial,pp,-8.1570463180542
770,initial,pp,-8.23445987701416
771,initial,pp,-8.006393432617188
772,initial,pp,-8.809839248657227
773,initial,pp,-7.125392913818359
774,initial,pp,-6.244882583618164
775,initial,pp,-7.94959020614624
776,initial,pp,-7.027185916900635
777,initial,pp,-7.08016300201416
778,initial,pp,-7.6118059158325195
779,initial,pp,-8.424391746520996
780,initial,pp,-8.318588256835938
781,initial,pp,-8.21734619140625
782,initial,pp,-7.209319591522217
783,initial,pp,-8.309671401977539
784,initial,pp,-8.768980979919434
785,initial,do,-7.637878894805908
786,initial,do,-6.870362758636475
787,initial,do,-6.895774841308594
788,initial,do,-6.183353900909424
789,initial,do,-7.567038536071777
790,initial,do,-6.180861473083496
791,initial,do,-6.589962959289551
792,initial,do,-6.977750778198242
793,initial,do,-8.010889053344727
794,initial,do,-8.104471206665039
795,initial,do,-6.816911697387695
796,initial,do,-6.2162089347839355
797,initial,do,-6.419023513793945
798,initial,do,-8.61277961730957
799,initial,do,-5.746922969818115
800,initial,do,-5.623281955718994
801,initial,do,-7.990838050842285
802,initial,do,-7.207718849182129
803,initial,do,-8.765363693237305
804,initial,do,-8.655274391174316
805,initial,do,-8.148386001586914
806,initial,do,-6.73720645904541
807,initial,do,-7.414398193359375
808,initial,do,-8.818477630615234
809,initial,do,-6.897085189819336
810,initial,do,-5.922721862792969
811,initial,do,-7.715429306030273
812,initial,do,-6.822266101837158
813,initial,do,-7.054326057434082
814,initial,do,-7.193985939025879
815,initial,do,-6.547629356384277
816,initial,do,-7.430102825164795
817,initial,do,-6.467963218688965
818,initial,do,-5.484499931335449
819,initial,do,-8.01415729522705
820,initial,do,-5.623281955718994
821,initial,do,-8.428492546081543
822,initial,do,-6.679133415222168
823,initial,do,-6.991581916809082
824,initial,do,-8.205500602722168
825,initial,do,-7.781929969787598
826,initial,do,-7.052977561950684
827,initial,do,-8.21654224395752
828,initial,pp,-6.63836669921875
829,initial,pp,-6.350271224975586
830,initial,pp,-6.780128479003906
831,initial,pp,-6.130842208862305
832,initial,pp,-6.978570938110352
833,initial,pp,-6.077339172363281
834,initial,pp,-6.591267108917236
835,initial,pp,-6.782318115234375
836,initial,pp,-7.961913108825684
837,initial,pp,-7.065867900848389
838,initial,pp,-6.463609218597412
839,initial,pp,-6.218217849731445
840,initial,pp,-6.222129821777344
841,initial,pp,-7.818366527557373
842,initial,pp,-5.7010111808776855
843,initial,pp,-5.6129469871521
844,initial,pp,-7.458589553833008
845,initial,pp,-6.758001804351807
846,initial,pp,-8.019414901733398
847,initial,pp,-7.697908401489258
848,initial,do,-6.584841728210449
849,initial,do,-7.149199485778809
850,initial,do,-6.487456798553467
851,initial,do,-8.40375804901123
852,initial,do,-6.371073246002197
853,initial,do,-7.767386436462402
854,initial,do,-7.594991683959961
855,initial,do,-6.676945209503174
856,initial,do,-6.523739814758301
857,initial,do,-7.18706750869751
858,initial,do,-7.733566761016846
859,initial,do,-6.531919479370117
860,initial,do,-7.139079570770264
861,initial,do,-5.389735698699951
862,initial,do,-5.7427520751953125
863,initial,do,-5.6369099617004395
864,initial,do,-6.6558637619018555
865,initial,do,-8.440510749816895
866,initial,do,-5.761756420135498
867,initial,do,-6.725401401519775
868,initial,do,-6.916431903839111
869,initial,do,-6.401585578918457
870,initial,do,-8.671357154846191
871,initial,do,-6.123394966125488
872,initial,do,-6.224623680114746
873,initial,do,-6.858698844909668
874,initial,do,-6.523739814758301
875,initial,do,-6.2873005867004395
876,initial,do,-6.8701043128967285
877,initial,do,-7.997775554656982
878,initial,do,-6.912379264831543
879,initial,do,-5.164068698883057
880,initial,do,-8.346097946166992
881,initial,do,-7.94305944442749
882,initial,do,-6.550539970397949
883,initial,do,-7.704862117767334
884,initial,do,-6.584841728210449
885,initial,do,-6.49476432800293
886,initial,do,-6.480552673339844
887,initial,do,-7.383232116699219
888,initial,do,-8.421117782592773
889,initial,do,-7.7447896003723145
890,initial,do,-6.374602794647217
891,initial,pp,-6.385698318481445
892,initial,pp,-6.8621110916137695
893,initial,pp,-6.281632900238037
894,initial,pp,-8.085223197937012
895,initial,pp,-6.45849609375
896,initial,pp,-7.531665325164795
897,initial,pp,-7.4409284591674805
898,initial,pp,-6.462438583374023
899,initial,pp,-6.305058002471924
900,initial,pp,-6.593518257141113
901,initial,pp,-7.327657699584961
902,initial,pp,-6.471023082733154
903,initial,pp,-6.697892665863037
904,initial,pp,-5.43882942199707
905,initial,pp,-5.872689247131348
906,initial,pp,-5.778809547424316
907,initial,pp,-6.401469707489014
908,initial,pp,-7.972690105438232
909,initial,pp,-5.776751518249512
910,initial,pp,-6.555301666259766
911,initial,do,-6.734421730041504
912,initial,do,-6.837568283081055
913,initial,do,-6.1484808921813965
914,initial,do,-7.084561824798584
915,initial,do,-6.457523345947266
916,initial,do,-6.0670318603515625
917,initial,do,-7.008015155792236
918,initial,do,-7.260196208953857
919,initial,do,-7.033397197723389
920,initial,do,-7.222813129425049
921,initial,do,-6.846128463745117
922,initial,do,-6.744451522827148
923,initial,do,-7.671807289123535
924,initial,do,-6.478137969970703
925,initial,do,-6.4927215576171875
926,initial,do,-6.568356037139893
927,initial,do,-7.39485502243042
928,initial,do,-6.77345609664917
929,initial,do,-6.731163024902344
930,initial,do,-5.7154951095581055
931,initial,do,-6.567042350769043
932,initial,do,-6.143073081970215
933,initial,do,-6.621313571929932
934,initial,do,-5.496057033538818
935,initial,do,-6.373501777648926
936,initial,do,-6.956401348114014
937,initial,do,-5.446970462799072
938,initial,do,-5.8879899978637695
939,initial,do,-7.384775161743164
940,initial,do,-6.440680027008057
941,initial,do,-7.295534133911133
942,initial,do,-7.3798699378967285
943,initial,do,-6.64630126953125
944,initial,do,-6.721813201904297
945,initial,do,-6.188684940338135
946,initial,do,-7.599598407745361
947,initial,do,-6.522150039672852
948,initial,do,-6.546635627746582
949,initial,do,-7.222813129425049
950,initial,do,-6.632197856903076
951,initial,do,-7.491056442260742
952,initial,do,-6.509150505065918
953,initial,do,-7.424051761627197
954,initial,pp,-6.7028093338012695
955,initial,pp,-6.614809513092041
956,initial,pp,-6.338545322418213
957,initial,pp,-6.996903896331787
958,initial,pp,-6.5069379806518555
959,initial,pp,-6.3150763511657715
960,initial,pp,-7.1683125495910645
961,initial,pp,-7.6104936599731445
962,initial,pp,-6.936213493347168
963,initial,pp,-7.044629096984863
964,initial,pp,-6.853857040405273
965,initial,pp,-6.621603488922119
966,initial,pp,-7.754796028137207
967,initial,pp,-6.424088954925537
968,initial,pp,-6.856880187988281
969,initial,pp,-7.025818824768066
970,initial,pp,-7.276987552642822
971,initial,pp,-6.978357315063477
972,initial,pp,-6.6222710609436035
973,initial,pp,-5.731147766113281
974,initial,do,-7.990779399871826
975,initial,do,-7.36460542678833
976,initial,do,-8.431415557861328
977,initial,do,-7.45077657699585
978,initial,do,-6.977954864501953
979,initial,do,-6.784425735473633
980,initial,do,-8.128649711608887
981,initial,do,-5.9835710525512695
982,initial,do,-7.414530277252197
983,initial,do,-6.730574131011963
984,initial,do,-7.6389288902282715
985,initial,do,-7.657544136047363
986,initial,do,-7.927864074707031
987,initial,do,-6.576237678527832
988,initial,do,-8.656533241271973
989,initial,do,-8.553155899047852
990,initial,do,-9.23762321472168
991,initial,do,-6.572290897369385
992,initial,do,-7.445713520050049
993,initial,do,-7.382628440856934
994,initial,do,-6.101779460906982
995,initial,do,-8.132294654846191
996,initial,do,-6.892742156982422
997,initial,do,-7.343497276306152
998,initial,do,-7.65988826751709
999,initial,do,-6.634938716888428
1000,initial,do,-6.345911026000977
1001,initial,do,-6.540955543518066
1002,initial,do,-7.160764694213867
1003,initial,do,-7.382628440856934
1004,initial,do,-7.290995121002197
1005,initial,do,-6.6900634765625
1006,initial,do,-8.144428253173828
1007,initial,do,-7.147855758666992
1008,initial,do,-7.47075080871582
1009,initial,do,-6.507477760314941
1010,initial,do,-6.828718185424805
1011,initial,do,-8.216599464416504
1012,initial,do,-7.555074691772461
1013,initial,do,-8.019845008850098
1014,initial,do,-7.555074691772461
1015,initial,do,-6.853435039520264
1016,initial,do,-5.939095497131348
1017,initial,pp,-6.992506980895996
1018,initial,pp,-6.91978645324707
1019,initial,pp,-7.833723068237305
1020,initial,pp,-6.908989429473877
1021,initial,pp,-6.455831527709961
1022,initial,pp,-6.8245530128479
1023,initial,pp,-7.655200958251953
1024,initial,pp,-5.490549564361572
1025,initial,pp,-7.203184127807617
1026,initial,pp,-6.1231608390808105
1027,initial,pp,-7.704123497009277
1028,initial,pp,-7.471426963806152
1029,initial,pp,-7.174379348754883
1030,initial,pp,-6.245499610900879
1031,initial,pp,-7.96872091293335
1032,initial,pp,-8.510265350341797
1033,initial,pp,-8.187806129455566
1034,initial,pp,-6.528750896453857
1035,initial,pp,-6.916776180267334
1036,initial,pp,-7.531225681304932
1037,initial,pp,-6.939483642578125
1038,initial,pp,-6.1288933753967285
1039,initial,pp,-7.222916126251221
1040,initial,pp,-6.887470722198486
1041,initial,pp,-5.820667743682861
1042,initial,pp,-6.990034580230713
1043,initial,pp,-8.344612121582031
1044,initial,pp,-5.36498498916626
1045,initial,pp,-7.607218265533447
1046,initial,pp,-6.412204742431641
1047,initial,pp,-8.431897163391113
1048,initial,pp,-6.269639492034912
1049,initial,pp,-6.103090286254883
1050,initial,pp,-6.082767009735107
1051,initial,pp,-5.4005584716796875
1052,initial,pp,-7.068557262420654
1053,initial,pp,-7.189974308013916
1054,initial,pp,-6.650369644165039
1055,initial,pp,-5.698803901672363
1056,initial,pp,-5.977418899536133
1057,initial,pp,-6.4923272132873535
1058,initial,pp,-6.142125129699707
1059,initial,pp,-6.811365604400635
1060,initial,pp,-5.832700729370117
1061,initial,pp,-6.425822734832764
1062,initial,pp,-6.758466720581055
1063,initial,pp,-6.003091812133789
1064,initial,pp,-6.552362442016602
1065,initial,pp,-6.766997814178467
1066,initial,pp,-6.421526908874512
1067,initial,pp,-7.321158409118652
1068,initial,pp,-5.893707275390625
1069,initial,pp,-5.981787204742432
1070,initial,pp,-6.373199939727783
1071,initial,pp,-6.327861309051514
1072,initial,pp,-6.188277721405029
1073,initial,pp,-5.9425225257873535
1074,initial,pp,-6.5789570808410645
1075,initial,pp,-5.912338733673096
1076,initial,pp,-7.278467655181885
1077,initial,do,-8.69414234161377
1078,initial,do,-8.893540382385254
1079,initial,do,-8.683342933654785
1080,initial,do,-8.610065460205078
1081,initial,do,-7.892904758453369
1082,initial,do,-8.249543190002441
1083,initial,do,-8.2105073928833
1084,initial,do,-8.400385856628418
1085,initial,do,-8.159587860107422
1086,initial,do,-7.260944843292236
1087,initial,do,-8.16985034942627
1088,initial,do,-7.779529571533203
1089,initial,do,-8.013410568237305
1090,initial,do,-8.822892189025879
1091,initial,do,-8.635930061340332
1092,initial,do,-7.754117488861084
1093,initial,do,-8.344626426696777
1094,initial,do,-8.389338493347168
1095,initial,do,-6.917794704437256
1096,initial,do,-8.529500007629395
1097,initial,do,-8.751448631286621
1098,initial,do,-8.205992698669434
1099,initial,do,-8.912814140319824
1100,initial,do,-8.486565589904785
1101,initial,do,-8.701203346252441
1102,initial,do,-8.439008712768555
1103,initial,do,-8.359916687011719
1104,initial,do,-7.81881856918335
1105,initial,do,-8.306645393371582
1106,initial,do,-7.408611297607422
1107,initial,do,-8.205992698669434
1108,initial,do,-8.912814140319824
1109,initial,do,-6.382102012634277
1110,initial,do,-8.951789855957031
1111,initial,do,-7.540369510650635
1112,initial,do,-7.447163105010986
1113,initial,do,-8.444306373596191
1114,initial,do,-8.10735034942627
1115,initial,do,-8.447175025939941
1116,initial,do,-8.598763465881348
1117,initial,do,-8.507935523986816
1118,initial,do,-9.197490692138672
1119,initial,do,-7.105024814605713
1120,initial,pp,-7.735256195068359
1121,initial,pp,-7.867578029632568
1122,initial,pp,-7.812282085418701
1123,initial,pp,-7.0390472412109375
1124,initial,pp,-6.767796039581299
1125,initial,pp,-7.49733829498291
1126,initial,pp,-7.120346546173096
1127,initial,pp,-7.465938568115234
1128,initial,pp,-6.918440818786621
1129,initial,pp,-6.474275588989258
1130,initial,pp,-7.0171613693237305
1131,initial,pp,-6.449126720428467
1132,initial,pp,-7.395358085632324
1133,initial,pp,-7.909037113189697
1134,initial,pp,-7.630527496337891
1135,initial,pp,-7.1283979415893555
1136,initial,pp,-7.334747314453125
1137,initial,pp,-7.1058855056762695
1138,initial,pp,-6.777243614196777
1139,initial,pp,-7.452014923095703
1140,initial,do,-8.488410949707031
1141,initial,do,-7.907055377960205
1142,initial,do,-6.536954879760742
1143,initial,do,-8.419746398925781
1144,initial,do,-6.959924221038818
1145,initial,do,-7.570854663848877
1146,initial,do,-8.488410949707031
1147,initial,do,-9.071710586547852
1148,initial,do,-8.076310157775879
1149,initial,do,-7.558745384216309
1150,initial,do,-7.487058639526367
1151,initial,do,-8.938390731811523
1152,initial,do,-8.69406509399414
1153,initial,do,-9.025620460510254
1154,initial,do,-7.972666263580322
1155,initial,do,-6.908385753631592
1156,initial,do,-8.039063453674316
1157,initial,do,-7.046942710876465
1158,initial,do,-8.673786163330078
1159,initial,do,-8.435885429382324
1160,initial,do,-8.918643951416016
1161,initial,do,-6.741514205932617
1162,initial,do,-7.523937702178955
1163,initial,do,-7.175721168518066
1164,initial,do,-7.907055377960205
1165,initial,do,-7.355648040771484
1166,initial,do,-8.4644775390625
1167,initial,do,-7.543327808380127
1168,initial,do,-8.435574531555176
1169,initial,do,-7.774261474609375
1170,initial,do,-6.7083611488342285
1171,initial,do,-8.008000373840332
1172,initial,do,-8.039063453674316
1173,initial,do,-8.205702781677246
1174,initial,do,-8.305286407470703
1175,initial,do,-8.305286407470703
1176,initial,do,-8.448132514953613
1177,initial,do,-8.726447105407715
1178,initial,do,-7.850355625152588
1179,initial,do,-6.908385753631592
1180,initial,do,-7.523937702178955
1181,initial,do,-8.172391891479492
1182,initial,do,-7.543327808380127
1183,initial,pp,-7.883885383605957
1184,initial,pp,-7.435855388641357
1185,initial,pp,-6.361941814422607
1186,initial,pp,-7.528069019317627
1187,initial,pp,-6.486982822418213
1188,initial,pp,-7.017557621002197
1189,initial,pp,-7.883885860443115
1190,initial,pp,-8.368756294250488
1191,initial,pp,-7.369853973388672
1192,initial,pp,-6.940780162811279
1193,initial,pp,-7.116826057434082
1194,initial,pp,-8.124432563781738
1195,initial,pp,-7.864131450653076
1196,initial,pp,-8.1499605178833
1197,initial,pp,-7.38261079788208
1198,initial,pp,-6.5801167488098145
1199,initial,pp,-7.4705810546875
1200,initial,pp,-6.857176303863525
1201,initial,pp,-7.948925018310547
1202,initial,pp,-7.4669976234436035
1203,initial,do,-7.920289993286133
1204,initial,do,-7.024867057800293
1205,initial,do,-7.86955451965332
1206,initial,do,-7.3425493240356445
1207,initial,do,-7.796206474304199
1208,initial,do,-6.866397857666016
1209,initial,do,-7.763603687286377
1210,initial,do,-7.0216498374938965
1211,initial,do,-6.603328704833984
1212,initial,do,-7.150481224060059
1213,initial,do,-7.396388530731201
1214,initial,do,-6.64991569519043
1215,initial,do,-6.603492736816406
1216,initial,do,-7.205940246582031
1217,initial,do,-7.261548042297363
1218,initial,do,-6.908946990966797
1219,initial,do,-7.388233661651611
1220,initial,do,-7.425339221954346
1221,initial,do,-6.566004753112793
1222,initial,do,-6.438378810882568
1223,initial,do,-8.283021926879883
1224,initial,do,-7.967919826507568
1225,initial,do,-8.014532089233398
1226,initial,do,-7.297765254974365
1227,initial,do,-7.495212554931641
1228,initial,do,-7.731685638427734
1229,initial,do,-6.9658122062683105
1230,initial,do,-7.506030082702637
1231,initial,do,-7.067756652832031
1232,initial,do,-7.068869113922119
1233,initial,do,-7.712177753448486
1234,initial,do,-7.451269626617432
1235,initial,do,-7.076027870178223
1236,initial,do,-7.348477840423584
1237,initial,do,-7.384211540222168
1238,initial,do,-7.616105556488037
1239,initial,do,-6.149479389190674
1240,initial,do,-7.044809341430664
1241,initial,do,-7.636845588684082
1242,initial,do,-6.037623405456543
1243,initial,do,-6.774022102355957
1244,initial,do,-7.996899127960205
1245,initial,do,-7.074579238891602
1246,initial,pp,-7.796040058135986
1247,initial,pp,-6.582318305969238
1248,initial,pp,-7.398900985717773
1249,initial,pp,-7.161345481872559
1250,initial,pp,-7.181905746459961
1251,initial,pp,-6.404428005218506
1252,initial,pp,-7.343099594116211
1253,initial,pp,-6.8457350730896
1254,initial,pp,-6.26073694229126
1255,initial,pp,-7.147767543792725
1256,initial,pp,-7.087360382080078
1257,initial,pp,-6.9485578536987305
1258,initial,pp,-6.775092124938965
1259,initial,pp,-6.7215495109558105
1260,initial,pp,-6.953104019165039
1261,initial,pp,-6.436862468719482
1262,initial,pp,-7.011456489562988
1263,initial,pp,-7.064302921295166
1264,initial,pp,-6.44573974609375
1265,initial,pp,-6.152848720550537
1266,initial,do,-7.484417915344238
1267,initial,do,-7.9579315185546875
1268,initial,do,-8.071676254272461
1269,initial,do,-7.813512802124023
1270,initial,do,-6.994830131530762
1271,initial,do,-8.66826343536377
1272,initial,do,-9.657940864562988
1273,initial,do,-8.49860668182373
1274,initial,do,-6.9837236404418945
1275,initial,do,-9.489005088806152
1276,initial,do,-8.643141746520996
1277,initial,do,-7.3191375732421875
1278,initial,do,-8.693953514099121
1279,initial,do,-8.906461715698242
1280,initial,do,-8.181665420532227
1281,initial,do,-9.26364517211914
1282,initial,do,-8.202825546264648
1283,initial,do,-8.38168716430664
1284,initial,do,-7.536202430725098
1285,initial,do,-8.544062614440918
1286,initial,do,-6.926920413970947
1287,initial,do,-8.170702934265137
1288,initial,do,-8.452045440673828
1289,initial,do,-9.09546184539795
1290,initial,do,-8.408724784851074
1291,initial,do,-8.41539192199707
1292,initial,do,-8.42015552520752
1293,initial,do,-9.643036842346191
1294,initial,do,-8.410070419311523
1295,initial,do,-8.209891319274902
1296,initial,do,-7.882154941558838
1297,initial,do,-9.15591812133789
1298,initial,do,-7.673685073852539
1299,initial,do,-6.396622180938721
1300,initial,do,-8.438701629638672
1301,initial,do,-9.407975196838379
1302,initial,do,-9.069151878356934
1303,initial,do,-7.8952155113220215
1304,initial,do,-7.120730876922607
1305,initial,do,-8.851844787597656
1306,initial,do,-8.960464477539062
1307,initial,do,-7.993101119995117
1308,initial,do,-8.61172103881836
1309,initial,pp,-6.856072902679443
1310,initial,pp,-6.998312950134277
1311,initial,pp,-6.787163257598877
1312,initial,pp,-6.841587066650391
1313,initial,pp,-5.895453453063965
1314,initial,pp,-8.155184745788574
1315,initial,pp,-9.001250267028809
1316,initial,pp,-7.802540302276611
1317,initial,pp,-5.826970100402832
1318,initial,pp,-8.555778503417969
1319,initial,pp,-8.05117416381836
1320,initial,pp,-6.661245822906494
1321,initial,pp,-8.0324068069458
1322,initial,pp,-7.662601947784424
1323,initial,pp,-7.5539960861206055
1324,initial,pp,-8.224634170532227
1325,initial,pp,-7.266663551330566
1326,initial,pp,-7.893511772155762
1327,initial,pp,-6.761496543884277
1328,initial,pp,-8.137510299682617
1329,initial,pp,-6.414767265319824
1330,initial,pp,-6.446615695953369
1331,initial,pp,-7.641829490661621
1332,initial,pp,-7.888419151306152
1333,initial,pp,-8.098755836486816
1334,initial,pp,-6.986359119415283
1335,initial,pp,-5.758370399475098
1336,initial,pp,-6.3156819343566895
1337,initial,pp,-6.867381572723389
1338,initial,pp,-7.64764404296875
1339,initial,pp,-6.254810333251953
1340,initial,pp,-7.593838214874268
1341,initial,pp,-6.6667160987854
1342,initial,pp,-8.463410377502441
1343,initial,pp,-8.00701904296875
1344,initial,pp,-6.292593002319336
1345,initial,pp,-7.879899978637695
1346,initial,pp,-5.917501926422119
1347,initial,pp,-7.5783562660217285
1348,initial,pp,-6.65118408203125
1349,initial,pp,-6.632602691650391
1350,initial,pp,-7.143928527832031
1351,initial,pp,-7.528830528259277
1352,initial,pp,-6.68160343170166
1353,initial,pp,-6.901920318603516
1354,initial,pp,-5.846284866333008
1355,initial,pp,-5.981739521026611
1356,initial,pp,-6.508860111236572
1357,initial,pp,-7.197134971618652
1358,initial,pp,-7.049383163452148
1359,initial,pp,-6.508495330810547
1360,initial,pp,-6.7012810707092285
1361,initial,pp,-6.254391670227051
1362,initial,pp,-6.239422798156738
1363,initial,pp,-6.68009090423584
1364,initial,pp,-6.676087856292725
1365,initial,pp,-7.429479122161865
1366,initial,pp,-6.96199893951416
1367,initial,pp,-6.211590766906738
1368,initial,pp,-6.797408580780029
1,final,pp,-5.975282192230225
2,final,pp,-6.419318675994873
3,final,pp,-4.7880072593688965
4,final,pp,-6.300013065338135
5,final,pp,-5.384253025054932
6,final,pp,-5.114768028259277
7,final,pp,-5.935270309448242
8,final,pp,-5.350435733795166
9,final,pp,-5.507450580596924
10,final,pp,-5.214476585388184
11,final,pp,-6.1171345710754395
12,final,pp,-5.239029884338379
13,final,pp,-5.623915195465088
14,final,pp,-5.629177093505859
15,final,pp,-6.323676586151123
16,final,pp,-5.350435733795166
17,final,pp,-6.78082799911499
18,final,pp,-5.727571964263916
19,final,pp,-5.73043966293335
20,final,pp,-5.06088924407959
21,final,pp,-4.329664707183838
22,final,pp,-5.891249656677246
23,final,pp,-6.158417224884033
24,final,pp,-5.722799777984619
25,final,pp,-5.955631256103516
26,final,pp,-5.9188079833984375
27,final,pp,-5.762025833129883
28,final,pp,-5.263033390045166
29,final,pp,-5.458739757537842
30,final,pp,-5.4239182472229
31,final,pp,-5.022759914398193
32,final,pp,-5.722799777984619
33,final,pp,-5.590574741363525
34,final,pp,-5.8211236000061035
35,final,pp,-5.155570030212402
36,final,pp,-5.501296043395996
37,final,pp,-5.458739757537842
38,final,pp,-4.454432010650635
39,final,pp,-6.306840896606445
40,final,pp,-4.863264560699463
41,final,pp,-5.715904235839844
42,final,pp,-5.4471964836120605
43,final,pp,-4.685581207275391
44,final,pp,-5.7681884765625
45,final,pp,-6.177943229675293
46,final,pp,-5.686679840087891
47,final,pp,-6.513799667358398
48,final,pp,-5.405374526977539
49,final,pp,-5.119771480560303
50,final,pp,-5.100435256958008
51,final,pp,-5.6005659103393555
52,final,pp,-5.686753749847412
53,final,pp,-5.529234886169434
54,final,pp,-5.883669853210449
55,final,pp,-5.9397101402282715
56,final,pp,-4.586050510406494
57,final,pp,-5.072700500488281
58,final,pp,-6.095793724060059
59,final,pp,-5.574007034301758
60,final,pp,-5.471765518188477
61,final,pp,-6.386817455291748
62,final,pp,-6.126621723175049
63,final,pp,-6.132411956787109
64,final,pp,-5.764932155609131
65,final,pp,-6.484668254852295
66,final,pp,-5.649975299835205
67,final,pp,-5.3681111335754395
68,final,pp,-7.092822551727295
69,final,pp,-6.684684753417969
70,final,pp,-5.750339508056641
71,final,pp,-4.834977149963379
72,final,pp,-6.315130710601807
73,final,pp,-5.2050461769104
74,final,pp,-7.446108341217041
75,final,pp,-6.468811511993408
76,final,pp,-5.31436014175415
77,final,pp,-6.503411293029785
78,final,pp,-4.413462162017822
79,final,pp,-4.577873229980469
80,final,pp,-6.636711597442627
81,final,pp,-6.195918560028076
82,final,pp,-4.793267726898193
83,final,pp,-4.7823638916015625
84,final,pp,-4.330289840698242
85,final,pp,-4.793267726898193
86,final,pp,-4.929337978363037
87,final,pp,-5.849521636962891
88,final,pp,-4.416584014892578
89,final,pp,-5.480047225952148
90,final,pp,-4.101373195648193
91,final,pp,-4.465498447418213
92,final,pp,-5.635617256164551
93,final,pp,-5.291111469268799
94,final,pp,-5.555480003356934
95,final,pp,-5.112578868865967
96,final,pp,-4.787466526031494
97,final,pp,-6.091996669769287
98,final,pp,-5.175572395324707
99,final,pp,-5.979605674743652
100,final,pp,-5.695552825927734
101,final,pp,-5.051092147827148
102,final,pp,-4.817424297332764
103,final,pp,-4.326697826385498
104,final,pp,-4.419670581817627
105,final,pp,-4.587615966796875
106,final,pp,-5.246001720428467
107,final,pp,-4.0171051025390625
108,final,pp,-5.40806245803833
109,final,pp,-4.98414945602417
110,final,pp,-4.658644199371338
111,final,pp,-4.271518707275391
112,final,pp,-4.398950576782227
113,final,pp,-4.652477741241455
114,final,pp,-5.031580448150635
115,final,pp,-5.3428449630737305
116,final,pp,-4.484375
117,final,pp,-4.992217063903809
118,final,pp,-5.556577682495117
119,final,pp,-4.94468355178833
120,final,pp,-5.347094535827637
121,final,pp,-5.3876776695251465
122,final,pp,-4.894291400909424
123,final,pp,-5.4620747566223145
124,final,pp,-5.661596298217773
125,final,pp,-4.673973083496094
126,final,pp,-5.568305969238281
127,final,pp,-4.679198741912842
128,final,pp,-4.955191135406494
129,final,pp,-4.4738898277282715
130,final,pp,-4.28393030166626
131,final,pp,-4.4738898277282715
132,final,pp,-4.89429235458374
133,final,pp,-5.1461501121521
134,final,pp,-4.450990200042725
135,final,pp,-4.89429235458374
136,final,pp,-5.568304538726807
137,final,pp,-4.2501139640808105
138,final,pp,-4.968996047973633
139,final,pp,-4.826477527618408
140,final,pp,-4.670673370361328
141,final,pp,-5.106085777282715
142,final,pp,-4.54917049407959
143,final,pp,-4.468990325927734
144,final,pp,-5.225174427032471
145,final,pp,-4.632077217102051
146,final,pp,-4.48256778717041
147,final,pp,-5.7162675857543945
148,final,pp,-4.806286334991455
149,final,pp,-4.504410266876221
150,final,pp,-4.460333824157715
151,final,pp,-5.614777088165283
152,final,pp,-5.149174690246582
153,final,pp,-4.101189136505127
154,final,pp,-4.483068466186523
155,final,pp,-4.3427629470825195
156,final,pp,-5.166502952575684
157,final,pp,-4.694881439208984
158,final,pp,-4.9819159507751465
159,final,pp,-4.512733459472656
160,final,pp,-5.663404941558838
161,final,pp,-5.252191066741943
162,final,pp,-3.909658670425415
163,final,pp,-5.259047031402588
164,final,pp,-5.453092575073242
165,final,pp,-4.754967212677002
166,final,pp,-4.174562454223633
167,final,pp,-5.910232067108154
168,final,pp,-5.469033718109131
169,final,pp,-4.366973876953125
170,final,pp,-5.519289493560791
171,final,pp,-5.259047031402588
172,final,pp,-4.9843363761901855
173,final,pp,-4.832010746002197
174,final,pp,-5.109407901763916
175,final,pp,-3.98197865486145
176,final,pp,-4.754967212677002
177,final,pp,-4.877676010131836
178,final,pp,-5.473764896392822
179,final,pp,-4.31815767288208
180,final,pp,-5.997548580169678
181,final,pp,-4.412398815155029
182,final,pp,-4.856061935424805
183,final,pp,-4.418980121612549
184,final,pp,-5.162079334259033
185,final,pp,-4.392443656921387
186,final,pp,-4.425518989562988
187,final,pp,-4.494540691375732
188,final,pp,-4.31727933883667
189,final,pp,-4.81357479095459
190,final,pp,-4.302381992340088
191,final,pp,-4.289498329162598
192,final,pp,-4.476497650146484
193,final,pp,-4.411421298980713
194,final,pp,-4.485110759735107
195,final,pp,-4.492181301116943
196,final,pp,-3.9266700744628906
197,final,pp,-4.37878942489624
198,final,pp,-4.541672706604004
199,final,pp,-4.8321943283081055
200,final,pp,-4.985385894775391
201,final,pp,-3.638550281524658
202,final,pp,-3.0808966159820557
203,final,pp,-4.652670860290527
204,final,pp,-3.7324423789978027
205,final,pp,-4.4638566970825195
206,final,pp,-3.3382034301757812
207,final,pp,-4.163477420806885
208,final,pp,-4.4659833908081055
209,final,pp,-3.9309871196746826
210,final,pp,-3.3903348445892334
211,final,pp,-4.02295446395874
212,final,pp,-4.972939491271973
213,final,pp,-4.287015914916992
214,final,pp,-4.641848087310791
215,final,pp,-4.246569633483887
216,final,pp,-3.332000255584717
217,final,pp,-3.8644468784332275
218,final,pp,-3.865640878677368
219,final,pp,-3.605654001235962
220,final,pp,-4.042588710784912
221,final,do,-5.690698146820068
222,final,do,-5.3171586990356445
223,final,do,-4.993565082550049
224,final,do,-4.765107154846191
225,final,do,-5.565710544586182
226,final,do,-5.0125908851623535
227,final,do,-5.556590557098389
228,final,do,-6.665907859802246
229,final,do,-5.37015438079834
230,final,do,-4.632106781005859
231,final,do,-5.563501834869385
232,final,do,-6.1356306076049805
233,final,do,-5.473094463348389
234,final,do,-6.665907859802246
235,final,do,-4.5085296630859375
236,final,do,-5.010906219482422
237,final,do,-4.637859344482422
238,final,do,-5.3163909912109375
239,final,do,-5.69446325302124
240,final,do,-5.462218761444092
241,final,do,-5.473094463348389
242,final,do,-5.113785266876221
243,final,do,-6.301887512207031
244,final,do,-5.3163909912109375
245,final,do,-5.9440813064575195
246,final,do,-5.4315009117126465
247,final,do,-5.035464763641357
248,final,do,-6.065647602081299
249,final,do,-5.09392786026001
250,final,do,-5.2414231300354
251,final,do,-4.929396629333496
252,final,do,-6.303369522094727
253,final,do,-6.194894313812256
254,final,do,-5.59248685836792
255,final,do,-5.786267280578613
256,final,do,-5.689602851867676
257,final,do,-6.549853324890137
258,final,do,-5.59248685836792
259,final,do,-5.261549949645996
260,final,do,-4.929396629333496
261,final,do,-5.2414231300354
262,final,do,-4.892557621002197
263,final,do,-4.835157871246338
264,final,pp,-5.8136982917785645
265,final,pp,-5.694879531860352
266,final,pp,-5.418404579162598
267,final,pp,-5.153844833374023
268,final,pp,-5.580755233764648
269,final,pp,-5.451910495758057
270,final,pp,-5.515947341918945
271,final,pp,-6.551755428314209
272,final,pp,-5.566396236419678
273,final,pp,-5.14976692199707
274,final,pp,-5.638164520263672
275,final,pp,-5.880279541015625
276,final,pp,-5.768483638763428
277,final,pp,-6.551755428314209
278,final,pp,-4.891102313995361
279,final,pp,-5.379653453826904
280,final,pp,-5.012382984161377
281,final,pp,-5.585868835449219
282,final,pp,-5.846449851989746
283,final,pp,-5.6905951499938965
284,final,do,-5.025223731994629
285,final,do,-4.652050971984863
286,final,do,-5.805077075958252
287,final,do,-4.84420108795166
288,final,do,-4.618692874908447
289,final,do,-4.696544647216797
290,final,do,-4.596274375915527
291,final,do,-5.210056304931641
292,final,do,-4.618692874908447
293,final,do,-4.74373197555542
294,final,do,-4.280991077423096
295,final,do,-4.396862506866455
296,final,do,-4.704338073730469
297,final,do,-4.646691799163818
298,final,do,-4.646271705627441
299,final,do,-4.325486183166504
300,final,do,-4.541154384613037
301,final,do,-4.728748798370361
302,final,do,-4.640789031982422
303,final,do,-5.291437149047852
304,final,do,-5.190578937530518
305,final,do,-4.596274375915527
306,final,do,-4.658488750457764
307,final,do,-4.370974540710449
308,final,do,-4.84420108795166
309,final,do,-5.409483909606934
310,final,do,-4.444790363311768
311,final,do,-5.009121417999268
312,final,do,-4.84420108795166
313,final,do,-5.364933013916016
314,final,do,-4.940226078033447
315,final,do,-4.730234622955322
316,final,do,-4.781654357910156
317,final,do,-5.527487754821777
318,final,do,-4.444790363311768
319,final,do,-4.728748798370361
320,final,do,-4.465120315551758
321,final,do,-5.553441524505615
322,final,do,-5.805078029632568
323,final,do,-4.862076759338379
324,final,do,-5.0822954177856445
325,final,do,-5.39662504196167
326,final,do,-6.240513324737549
327,final,pp,-5.419974327087402
328,final,pp,-5.106651782989502
329,final,pp,-6.025920867919922
330,final,pp,-5.303731918334961
331,final,pp,-5.140735149383545
332,final,pp,-5.10711669921875
333,final,pp,-5.189400672912598
334,final,pp,-5.749262809753418
335,final,pp,-5.140735149383545
336,final,pp,-5.275883197784424
337,final,pp,-4.864187717437744
338,final,pp,-4.789215564727783
339,final,pp,-5.198920249938965
340,final,pp,-5.030522346496582
341,final,pp,-5.0234375
342,final,pp,-4.799013614654541
343,final,pp,-5.078951835632324
344,final,pp,-5.084770202636719
345,final,pp,-4.988693714141846
346,final,pp,-5.672562122344971
347,final,do,-6.151916980743408
348,final,do,-5.003654479980469
349,final,do,-5.742854118347168
350,final,do,-5.296724796295166
351,final,do,-5.746662616729736
352,final,do,-5.537450790405273
353,final,do,-5.800318241119385
354,final,do,-5.9384050369262695
355,final,do,-6.004571914672852
356,final,do,-6.255464553833008
357,final,do,-5.511885643005371
358,final,do,-5.537999153137207
359,final,do,-6.433113098144531
360,final,do,-5.72358512878418
361,final,do,-6.010091304779053
362,final,do,-5.836928367614746
363,final,do,-6.059963703155518
364,final,do,-6.379487991333008
365,final,do,-5.205873012542725
366,final,do,-5.599587440490723
367,final,do,-5.41832160949707
368,final,do,-5.561009407043457
369,final,do,-6.041229724884033
370,final,do,-5.026269435882568
371,final,do,-5.781863689422607
372,final,do,-6.303793907165527
373,final,do,-5.979116439819336
374,final,do,-5.872223377227783
375,final,do,-4.658737659454346
376,final,do,-5.501377105712891
377,final,do,-5.481581687927246
378,final,do,-5.368080139160156
379,final,do,-5.631856918334961
380,final,do,-6.0701212882995605
381,final,do,-6.553053379058838
382,final,do,-5.426094055175781
383,final,do,-5.812957763671875
384,final,do,-5.781863689422607
385,final,do,-4.99337911605835
386,final,do,-5.979115962982178
387,final,do,-5.883139133453369
388,final,do,-5.275420665740967
389,final,do,-6.207122802734375
390,final,pp,-5.496214866638184
391,final,pp,-4.7831220626831055
392,final,pp,-5.377947807312012
393,final,pp,-5.039505958557129
394,final,pp,-5.45852518081665
395,final,pp,-5.547325134277344
396,final,pp,-5.735028266906738
397,final,pp,-5.565579414367676
398,final,pp,-5.823977470397949
399,final,pp,-5.615377902984619
400,final,pp,-5.38911771774292
401,final,pp,-5.665820121765137
402,final,pp,-5.952775478363037
403,final,pp,-5.631850242614746
404,final,pp,-5.587741851806641
405,final,pp,-5.568390846252441
406,final,pp,-5.992016792297363
407,final,pp,-5.808495998382568
408,final,pp,-5.271489143371582
409,final,pp,-5.548267841339111
410,final,do,-6.173172950744629
411,final,do,-6.046109676361084
412,final,do,-6.335971355438232
413,final,do,-6.9091949462890625
414,final,do,-6.915602207183838
415,final,do,-6.556746482849121
416,final,do,-6.185962200164795
417,final,do,-7.540043830871582
418,final,do,-5.423493385314941
419,final,do,-6.0039167404174805
420,final,do,-7.224986553192139
421,final,do,-7.28411340713501
422,final,do,-7.368178367614746
423,final,do,-7.103206634521484
424,final,do,-4.9280781745910645
425,final,do,-7.104577541351318
426,final,do,-5.976034641265869
427,final,do,-6.140860557556152
428,final,do,-6.682067394256592
429,final,do,-6.843657493591309
430,final,do,-7.04201078414917
431,final,do,-6.570635795593262
432,final,do,-6.140860557556152
433,final,do,-6.702206134796143
434,final,do,-6.920231342315674
435,final,do,-6.514452934265137
436,final,do,-6.48190975189209
437,final,do,-7.3762335777282715
438,final,do,-6.533485412597656
439,final,do,-7.862354755401611
440,final,do,-7.448508262634277
441,final,do,-6.446324348449707
442,final,do,-6.643319129943848
443,final,do,-6.380338191986084
444,final,do,-6.040586471557617
445,final,do,-6.488442420959473
446,final,do,-7.104577541351318
447,final,do,-6.349024295806885
448,final,do,-5.849776744842529
449,final,do,-6.003203868865967
450,final,do,-5.819152355194092
451,final,do,-7.269209861755371
452,final,do,-6.829410076141357
453,final,pp,-4.984434127807617
454,final,pp,-5.613056182861328
455,final,pp,-5.6977763175964355
456,final,pp,-6.303442001342773
457,final,pp,-5.9190168380737305
458,final,pp,-6.186718940734863
459,final,pp,-5.745453357696533
460,final,pp,-6.3781585693359375
461,final,pp,-5.034487724304199
462,final,pp,-5.434863567352295
463,final,pp,-6.9195404052734375
464,final,pp,-6.6707048416137695
465,final,pp,-6.285287857055664
466,final,pp,-5.940323829650879
467,final,pp,-4.7351813316345215
468,final,pp,-6.481813430786133
469,final,pp,-5.712695121765137
470,final,pp,-5.595968246459961
471,final,pp,-6.462927341461182
472,final,pp,-5.981118679046631
473,final,pp,-4.658750534057617
474,final,pp,-5.642080307006836
475,final,pp,-5.180487632751465
476,final,pp,-5.1268630027771
477,final,pp,-4.838864326477051
478,final,pp,-5.293284893035889
479,final,pp,-4.837054252624512
480,final,pp,-5.655558109283447
481,final,pp,-5.495155334472656
482,final,pp,-4.890345573425293
483,final,pp,-4.665678977966309
484,final,pp,-5.847284317016602
485,final,pp,-5.496004104614258
486,final,pp,-4.7630934715271
487,final,pp,-5.645186424255371
488,final,pp,-4.777730941772461
489,final,pp,-4.506947040557861
490,final,pp,-5.223569869995117
491,final,pp,-5.400163650512695
492,final,pp,-4.5590338706970215
493,final,do,-6.752967834472656
494,final,do,-6.49245548248291
495,final,do,-6.943996429443359
496,final,do,-5.286883354187012
497,final,do,-6.4482927322387695
498,final,do,-4.387545108795166
499,final,do,-5.538079261779785
500,final,do,-5.726454257965088
501,final,do,-4.664165496826172
502,final,do,-5.263280391693115
503,final,do,-6.1200761795043945
504,final,do,-4.838246822357178
505,final,do,-5.223496437072754
506,final,do,-5.443065643310547
507,final,do,-7.702681064605713
508,final,do,-6.832219123840332
509,final,do,-6.178516387939453
510,final,do,-7.542775630950928
511,final,do,-4.633728981018066
512,final,do,-5.7962236404418945
513,final,do,-6.521402835845947
514,final,do,-6.020314693450928
515,final,do,-5.249737739562988
516,final,do,-6.363379955291748
517,final,do,-5.5954155921936035
518,final,do,-8.321004867553711
519,final,do,-6.533257961273193
520,final,do,-5.453444480895996
521,final,do,-5.827442169189453
522,final,do,-4.9075093269348145
523,final,do,-6.05717134475708
524,final,do,-5.320820331573486
525,final,do,-7.069762229919434
526,final,do,-6.128500938415527
527,final,do,-4.462706565856934
528,final,do,-6.441920280456543
529,final,do,-6.441920280456543
530,final,do,-6.452798366546631
531,final,do,-7.243772029876709
532,final,do,-6.1607890129089355
533,final,do,-7.1113386154174805
534,final,do,-5.010219097137451
535,final,do,-3.7079524993896484
536,final,pp,-7.343295097351074
537,final,pp,-7.108458995819092
538,final,pp,-7.1402907371521
539,final,pp,-5.7779669761657715
540,final,pp,-7.354482173919678
541,final,pp,-4.795578479766846
542,final,pp,-6.172718048095703
543,final,pp,-6.091585159301758
544,final,pp,-4.935370445251465
545,final,pp,-5.618659973144531
546,final,pp,-6.677526950836182
547,final,pp,-4.988220691680908
548,final,pp,-5.785953521728516
549,final,pp,-5.544896602630615
550,final,pp,-8.085148811340332
551,final,pp,-7.141165256500244
552,final,pp,-6.2303948402404785
553,final,pp,-7.429102420806885
554,final,pp,-5.041853427886963
555,final,pp,-6.945970058441162
556,final,do,-4.189169406890869
557,final,do,-5.399293422698975
558,final,do,-6.552814960479736
559,final,do,-5.4356369972229
560,final,do,-5.728917121887207
561,final,do,-5.0201191902160645
562,final,do,-5.857266902923584
563,final,do,-5.450992584228516
564,final,do,-5.399293422698975
565,final,do,-5.242800712585449
566,final,do,-3.54171085357666
567,final,do,-3.9255454540252686
568,final,do,-6.404507160186768
569,final,do,-6.230269432067871
570,final,do,-4.847217082977295
571,final,do,-4.952538967132568
572,final,do,-4.776638984680176
573,final,do,-5.354177474975586
574,final,do,-5.354177474975586
575,final,do,-5.564304828643799
576,final,do,-4.946200847625732
577,final,do,-6.76620626449585
578,final,do,-4.776638984680176
579,final,do,-4.809905529022217
580,final,do,-3.940030813217163
581,final,do,-6.404507160186768
582,final,do,-5.751596450805664
583,final,do,-5.3068671226501465
584,final,do,-4.594592094421387
585,final,do,-5.495558261871338
586,final,do,-4.307523727416992
587,final,do,-3.9706671237945557
588,final,do,-5.3068671226501465
589,final,do,-3.6632540225982666
590,final,do,-5.7919206619262695
591,final,do,-6.618168830871582
592,final,do,-4.545990943908691
593,final,do,-6.618168830871582
594,final,do,-4.945126533508301
595,final,do,-6.552814960479736
596,final,do,-6.235537528991699
597,final,do,-6.404507160186768
598,final,do,-5.242800712585449
599,final,pp,-4.559460639953613
600,final,pp,-5.786594867706299
601,final,pp,-7.021791458129883
602,final,pp,-6.297068119049072
603,final,pp,-5.94915246963501
604,final,pp,-5.2326555252075195
605,final,pp,-6.202434539794922
606,final,pp,-5.586372375488281
607,final,pp,-5.786594867706299
608,final,pp,-6.236722469329834
609,final,pp,-4.112198829650879
610,final,pp,-4.699870586395264
611,final,pp,-6.443690776824951
612,final,pp,-6.6208696365356445
613,final,pp,-5.640707492828369
614,final,pp,-5.415194034576416
615,final,pp,-5.621688365936279
616,final,pp,-5.863858699798584
617,final,pp,-5.863858699798584
618,final,pp,-6.240624904632568
619,final,do,-6.097055435180664
620,final,do,-4.952592372894287
621,final,do,-7.250607967376709
622,final,do,-5.848080635070801
623,final,do,-6.040058612823486
624,final,do,-5.3880133628845215
625,final,do,-5.930695533752441
626,final,do,-5.913952350616455
627,final,do,-5.789715766906738
628,final,do,-6.885735511779785
629,final,do,-5.379010200500488
630,final,do,-4.8410515785217285
631,final,do,-5.887807846069336
632,final,do,-5.59492301940918
633,final,do,-5.635645866394043
634,final,do,-6.395163059234619
635,final,do,-5.3344197273254395
636,final,do,-7.414761066436768
637,final,do,-5.887807846069336
638,final,do,-5.919791221618652
639,final,do,-5.1873369216918945
640,final,do,-5.932904243469238
641,final,do,-5.706543922424316
642,final,do,-6.676576137542725
643,final,do,-6.286948204040527
644,final,do,-4.810543060302734
645,final,do,-6.023071765899658
646,final,do,-5.540796756744385
647,final,do,-6.315610408782959
648,final,do,-5.859759330749512
649,final,do,-5.808078289031982
650,final,do,-6.196192264556885
651,final,do,-7.448014736175537
652,final,do,-6.409839153289795
653,final,do,-6.425929546356201
654,final,do,-4.9751787185668945
655,final,do,-7.913618087768555
656,final,do,-5.5880913734436035
657,final,do,-7.159891605377197
658,final,do,-5.887807846069336
659,final,do,-6.526487827301025
660,final,do,-6.978219509124756
661,final,do,-5.224496364593506
662,final,pp,-5.809590816497803
663,final,pp,-4.500139236450195
664,final,pp,-6.57728910446167
665,final,pp,-5.538064956665039
666,final,pp,-5.888606071472168
667,final,pp,-5.410927772521973
668,final,pp,-5.634402751922607
669,final,pp,-6.174795150756836
670,final,pp,-5.98787260055542
671,final,pp,-6.69077205657959
672,final,pp,-5.086469650268555
673,final,pp,-4.618587017059326
674,final,pp,-5.777729034423828
675,final,pp,-5.147983551025391
676,final,pp,-5.543345928192139
677,final,pp,-6.400650978088379
678,final,pp,-4.993010520935059
679,final,pp,-6.699473857879639
680,final,pp,-5.777729034423828
681,final,pp,-5.8028717041015625
682,final,do,-6.755070686340332
683,final,do,-9.315361022949219
684,final,do,-6.442311763763428
685,final,do,-6.097535133361816
686,final,do,-5.4641265869140625
687,final,do,-6.189504146575928
688,final,do,-7.650237083435059
689,final,do,-8.549196243286133
690,final,do,-7.121941566467285
691,final,do,-7.149776458740234
692,final,do,-7.295699596405029
693,final,do,-7.741526126861572
694,final,do,-6.779730319976807
695,final,do,-5.430291652679443
696,final,do,-6.995741844177246
697,final,do,-5.487300872802734
698,final,do,-5.4347991943359375
699,final,do,-5.40390157699585
700,final,do,-7.82662296295166
701,final,do,-5.6543660163879395
702,final,do,-6.251991271972656
703,final,do,-7.930381774902344
704,final,do,-7.58663272857666
705,final,do,-6.558682918548584
706,final,do,-7.608842372894287
707,final,do,-7.216702938079834
708,final,do,-5.752355575561523
709,final,do,-6.762636661529541
710,final,do,-7.3609466552734375
711,final,do,-5.6567606925964355
712,final,do,-7.744199752807617
713,final,do,-7.058763027191162
714,final,do,-7.133941650390625
715,final,do,-7.726936340332031
716,final,do,-8.693806648254395
717,final,do,-7.796695709228516
718,final,do,-7.204870700836182
719,final,do,-8.252889633178711
720,final,do,-5.11153507232666
721,final,do,-6.392058372497559
722,final,do,-6.008575439453125
723,final,do,-6.646308898925781
724,final,do,-6.477451801300049
725,final,pp,-6.8327555656433105
726,final,pp,-7.68052864074707
727,final,pp,-5.450755596160889
728,final,pp,-5.417230606079102
729,final,pp,-5.496170520782471
730,final,pp,-6.030968189239502
731,final,pp,-7.841903209686279
732,final,pp,-7.078136444091797
733,final,pp,-6.489866256713867
734,final,pp,-6.068878650665283
735,final,pp,-6.751186847686768
736,final,pp,-7.2179646492004395
737,final,pp,-6.790474891662598
738,final,pp,-5.736043453216553
739,final,pp,-7.2277960777282715
740,final,pp,-5.908684730529785
741,final,pp,-4.75937557220459
742,final,pp,-5.0192413330078125
743,final,pp,-7.121838092803955
744,final,pp,-6.000754356384277
745,final,pp,-6.351114273071289
746,final,pp,-5.134788990020752
747,final,pp,-5.46946382522583
748,final,pp,-5.9979023933410645
749,final,pp,-6.230481147766113
750,final,pp,-6.843934059143066
751,final,pp,-5.968317985534668
752,final,pp,-5.9632368087768555
753,final,pp,-6.272359848022461
754,final,pp,-5.590513229370117
755,final,pp,-4.96746826171875
756,final,pp,-4.403674125671387
757,final,pp,-5.085123538970947
758,final,pp,-5.347776412963867
759,final,pp,-5.0425190925598145
760,final,pp,-6.5312910079956055
761,final,pp,-7.0939555168151855
762,final,pp,-6.157167911529541
763,final,pp,-6.26511812210083
764,final,pp,-5.50747537612915
765,final,pp,-4.8276286125183105
766,final,pp,-4.674761772155762
767,final,pp,-5.610134601593018
768,final,pp,-4.322186470031738
769,final,pp,-5.9419169425964355
770,final,pp,-5.223479270935059
771,final,pp,-4.939857482910156
772,final,pp,-5.5375494956970215
773,final,pp,-4.4442033767700195
774,final,pp,-3.9330763816833496
775,final,pp,-5.217179775238037
776,final,pp,-4.150301456451416
777,final,pp,-5.205292224884033
778,final,pp,-5.34354305267334
779,final,pp,-6.4180450439453125
780,final,pp,-4.611384868621826
781,final,pp,-6.202232837677002
782,final,pp,-4.5590410232543945
783,final,pp,-5.8374176025390625
784,final,pp,-5.941786289215088
785,final,do,-5.3347883224487305
786,final,do,-4.73626708984375
787,final,do,-4.859972953796387
788,final,do,-4.686267375946045
789,final,do,-4.256922245025635
790,final,do,-4.196685791015625
791,final,do,-4.940807819366455
792,final,do,-4.006905555725098
793,final,do,-5.477202892303467
794,final,do,-5.560033321380615
795,final,do,-4.268243789672852
796,final,do,-3.591485023498535
797,final,do,-4.6489362716674805
798,final,do,-5.820920467376709
799,final,do,-4.246820449829102
800,final,do,-3.887598991394043
801,final,do,-4.86061429977417
802,final,do,-4.81472110748291
803,final,do,-5.0044965744018555
804,final,do,-6.22565221786499
805,final,do,-5.8919901847839355
806,final,do,-4.234847068786621
807,final,do,-4.473283290863037
808,final,do,-5.55206298828125
809,final,do,-4.357051849365234
810,final,do,-4.441909313201904
811,final,do,-6.0784454345703125
812,final,do,-4.879268169403076
813,final,do,-5.092766761779785
814,final,do,-4.587762832641602
815,final,do,-4.8276166915893555
816,final,do,-4.8461198806762695
817,final,do,-4.271529197692871
818,final,do,-4.54430627822876
819,final,do,-4.777995586395264
820,final,do,-3.887598991394043
821,final,do,-6.174973487854004
822,final,do,-4.604274749755859
823,final,do,-4.564493179321289
824,final,do,-5.547938823699951
825,final,do,-5.092571258544922
826,final,do,-4.956099033355713
827,final,do,-6.1511430740356445
828,final,pp,-5.508803844451904
829,final,pp,-5.3353047370910645
830,final,pp,-5.558310031890869
831,final,pp,-5.244028568267822
832,final,pp,-5.132137298583984
833,final,pp,-4.984067440032959
834,final,pp,-5.731784820556641
835,final,pp,-4.77852201461792
836,final,pp,-6.179342269897461
837,final,pp,-5.751584053039551
838,final,pp,-4.882322788238525
839,final,pp,-4.2796735763549805
840,final,pp,-5.138694763183594
841,final,pp,-5.721858978271484
842,final,pp,-4.764066696166992
843,final,pp,-4.6492838859558105
844,final,pp,-5.222939491271973
845,final,pp,-5.308333873748779
846,final,pp,-5.291567802429199
847,final,pp,-6.076297760009766
848,final,do,-4.654575824737549
849,final,do,-3.8348121643066406
850,final,do,-4.380460739135742
851,final,do,-5.093330383300781
852,final,do,-3.4856884479522705
853,final,do,-4.449017524719238
854,final,do,-5.850251197814941
855,final,do,-4.520382404327393
856,final,do,-4.2771711349487305
857,final,do,-4.479277610778809
858,final,do,-4.8913726806640625
859,final,do,-4.626254558563232
860,final,do,-4.397878646850586
861,final,do,-4.247859954833984
862,final,do,-3.813826560974121
863,final,do,-3.9382269382476807
864,final,do,-4.1285810470581055
865,final,do,-5.47992467880249
866,final,do,-3.492293357849121
867,final,do,-3.7875547409057617
868,final,do,-5.058127403259277
869,final,do,-4.24349308013916
870,final,do,-5.293759346008301
871,final,do,-3.36007022857666
872,final,do,-3.7798173427581787
873,final,do,-4.041378021240234
874,final,do,-4.2771711349487305
875,final,do,-3.8394625186920166
876,final,do,-4.115584373474121
877,final,do,-4.966300010681152
878,final,do,-3.6613872051239014
879,final,do,-4.151187896728516
880,final,do,-5.027007579803467
881,final,do,-5.350905418395996
882,final,do,-3.6659252643585205
883,final,do,-5.07117223739624
884,final,do,-4.654576301574707
885,final,do,-4.427297115325928
886,final,do,-3.935619831085205
887,final,do,-4.700634479522705
888,final,do,-5.006572246551514
889,final,do,-5.276180267333984
890,final,do,-3.5100884437561035
891,final,pp,-5.191003799438477
892,final,pp,-4.689784526824951
893,final,pp,-5.179538726806641
894,final,pp,-5.41240119934082
895,final,pp,-4.435072898864746
896,final,pp,-4.982680320739746
897,final,pp,-6.176961421966553
898,final,pp,-5.278210163116455
899,final,pp,-4.898246765136719
900,final,pp,-5.092857360839844
901,final,pp,-5.407431125640869
902,final,pp,-5.4917073249816895
903,final,pp,-5.096110820770264
904,final,pp,-4.928848743438721
905,final,pp,-4.841473579406738
906,final,pp,-4.853509902954102
907,final,pp,-4.993963241577148
908,final,pp,-5.683018684387207
909,final,pp,-4.345662593841553
910,final,pp,-4.670015811920166
911,final,do,-5.002511501312256
912,final,do,-5.205410480499268
913,final,do,-5.08786153793335
914,final,do,-5.021814346313477
915,final,do,-5.164722442626953
916,final,do,-4.821716785430908
917,final,do,-4.821751117706299
918,final,do,-6.074220657348633
919,final,do,-5.33965539932251
920,final,do,-5.622309684753418
921,final,do,-4.732601642608643
922,final,do,-4.999549865722656
923,final,do,-5.812488079071045
924,final,do,-5.131140232086182
925,final,do,-5.074579238891602
926,final,do,-5.526556015014648
927,final,do,-5.23872184753418
928,final,do,-4.944900035858154
929,final,do,-5.382879257202148
930,final,do,-4.294177532196045
931,final,do,-4.630524158477783
932,final,do,-4.993985176086426
933,final,do,-5.2128520011901855
934,final,do,-4.816056728363037
935,final,do,-4.473457336425781
936,final,do,-5.168545722961426
937,final,do,-4.697386264801025
938,final,do,-5.059747695922852
939,final,do,-6.374818325042725
940,final,do,-4.235969066619873
941,final,do,-5.157622337341309
942,final,do,-4.950472354888916
943,final,do,-4.894224166870117
944,final,do,-5.094150066375732
945,final,do,-4.587526798248291
946,final,do,-6.589092254638672
947,final,do,-4.8073883056640625
948,final,do,-5.22676944732666
949,final,do,-5.622309684753418
950,final,do,-4.7802653312683105
951,final,do,-6.318057060241699
952,final,do,-4.764383316040039
953,final,do,-5.220920562744141
954,final,pp,-5.376466751098633
955,final,pp,-5.5902862548828125
956,final,pp,-5.61369514465332
957,final,pp,-5.337632656097412
958,final,pp,-5.526269912719727
959,final,pp,-5.576086044311523
960,final,pp,-5.724754810333252
961,final,pp,-5.907403945922852
962,final,pp,-5.651618003845215
963,final,pp,-5.858185768127441
964,final,pp,-5.608190059661865
965,final,pp,-5.3510823249816895
966,final,pp,-5.515120506286621
967,final,pp,-5.45518684387207
968,final,pp,-5.929118633270264
969,final,pp,-5.307164192199707
970,final,pp,-5.4623894691467285
971,final,pp,-5.646668910980225
972,final,pp,-5.803382873535156
973,final,pp,-5.030446529388428
974,final,do,-6.616951942443848
975,final,do,-5.8915863037109375
976,final,do,-6.648776531219482
977,final,do,-5.811246395111084
978,final,do,-5.526681900024414
979,final,do,-4.822749614715576
980,final,do,-6.32251501083374
981,final,do,-5.304920673370361
982,final,do,-5.65804386138916
983,final,do,-5.063459873199463
984,final,do,-5.82272481918335
985,final,do,-5.110835075378418
986,final,do,-6.054882526397705
987,final,do,-5.48219108581543
988,final,do,-6.953854084014893
989,final,do,-6.7904744148254395
990,final,do,-6.723723888397217
991,final,do,-4.816214561462402
992,final,do,-5.186147212982178
993,final,do,-5.826263904571533
994,final,do,-4.84865665435791
995,final,do,-6.625136375427246
996,final,do,-5.730935096740723
997,final,do,-5.509856224060059
998,final,do,-5.537093162536621
999,final,do,-6.002017021179199
1000,final,do,-5.18822717666626
1001,final,do,-5.6866559982299805
1002,final,do,-5.288076877593994
1003,final,do,-5.826263904571533
1004,final,do,-5.469295024871826
1005,final,do,-4.799236297607422
1006,final,do,-6.199616432189941
1007,final,do,-5.754843711853027
1008,final,do,-5.302761554718018
1009,final,do,-4.3043718338012695
1010,final,do,-5.200868129730225
1011,final,do,-6.42899227142334
1012,final,do,-5.891043663024902
1013,final,do,-6.2546000480651855
1014,final,do,-5.891043663024902
1015,final,do,-5.708691596984863
1016,final,do,-4.916690826416016
1017,final,pp,-5.9487457275390625
1018,final,pp,-5.740596294403076
1019,final,pp,-6.509042739868164
1020,final,pp,-5.150964736938477
1021,final,pp,-5.461069583892822
1022,final,pp,-5.278688430786133
1023,final,pp,-5.402022838592529
1024,final,pp,-5.226107120513916
1025,final,pp,-5.138620376586914
1026,final,pp,-5.1155829429626465
1027,final,pp,-6.171175956726074
1028,final,pp,-5.72077751159668
1029,final,pp,-5.893387794494629
1030,final,pp,-4.924905776977539
1031,final,pp,-6.620455741882324
1032,final,pp,-5.725609302520752
1033,final,pp,-6.568062782287598
1034,final,pp,-5.110886573791504
1035,final,pp,-5.119359016418457
1036,final,pp,-5.7072954177856445
1037,final,pp,-5.498321533203125
1038,final,pp,-4.585787296295166
1039,final,pp,-5.725703716278076
1040,final,pp,-5.54525899887085
1041,final,pp,-4.563705921173096
1042,final,pp,-5.543560028076172
1043,final,pp,-5.7709574699401855
1044,final,pp,-4.225707530975342
1045,final,pp,-6.339433193206787
1046,final,pp,-4.720824718475342
1047,final,pp,-5.585663318634033
1048,final,pp,-4.664242267608643
1049,final,pp,-5.182102680206299
1050,final,pp,-4.634314060211182
1051,final,pp,-4.412495136260986
1052,final,pp,-5.079755783081055
1053,final,pp,-5.5733208656311035
1054,final,pp,-4.626924514770508
1055,final,pp,-4.627699375152588
1056,final,pp,-4.667673110961914
1057,final,pp,-4.807384014129639
1058,final,pp,-4.421468257904053
1059,final,pp,-4.709300518035889
1060,final,pp,-4.729297161102295
1061,final,pp,-4.770138263702393
1062,final,pp,-4.865771293640137
1063,final,pp,-3.8474009037017822
1064,final,pp,-4.4495062828063965
1065,final,pp,-5.774746894836426
1066,final,pp,-4.293463706970215
1067,final,pp,-4.986253261566162
1068,final,pp,-4.332541465759277
1069,final,pp,-4.953543663024902
1070,final,pp,-4.849425792694092
1071,final,pp,-4.799421310424805
1072,final,pp,-4.383635997772217
1073,final,pp,-4.36567497253418
1074,final,pp,-4.559649467468262
1075,final,pp,-4.614489555358887
1076,final,pp,-5.730345726013184
1077,final,do,-4.806543827056885
1078,final,do,-4.8790202140808105
1079,final,do,-3.804313898086548
1080,final,do,-4.297693729400635
1081,final,do,-3.1537258625030518
1082,final,do,-3.2349720001220703
1083,final,do,-3.5043725967407227
1084,final,do,-3.608198881149292
1085,final,do,-4.305781364440918
1086,final,do,-3.937377452850342
1087,final,do,-3.891068696975708
1088,final,do,-3.8659229278564453
1089,final,do,-4.156704902648926
1090,final,do,-5.0070929527282715
1091,final,do,-5.076430797576904
1092,final,do,-3.5518181324005127
1093,final,do,-3.99761700630188
1094,final,do,-4.606725215911865
1095,final,do,-4.667492866516113
1096,final,do,-3.564038038253784
1097,final,do,-4.474388599395752
1098,final,do,-3.249821424484253
1099,final,do,-4.214091777801514
1100,final,do,-3.8675498962402344
1101,final,do,-3.9610512256622314
1102,final,do,-3.577045440673828
1103,final,do,-3.568450927734375
1104,final,do,-3.633707284927368
1105,final,do,-4.317935466766357
1106,final,do,-3.250004768371582
1107,final,do,-3.249821424484253
1108,final,do,-4.4414381980896
1109,final,do,-4.1434736251831055
1110,final,do,-4.844107151031494
1111,final,do,-5.537064075469971
1112,final,do,-4.396724700927734
1113,final,do,-3.8873016834259033
1114,final,do,-3.2790565490722656
1115,final,do,-3.4975979328155518
1116,final,do,-3.6722326278686523
1117,final,do,-5.007989883422852
1118,final,do,-5.557775497436523
1119,final,do,-3.3432157039642334
1120,final,pp,-4.9628801345825195
1121,final,pp,-5.147345542907715
1122,final,pp,-4.719542980194092
1123,final,pp,-4.3898515701293945
1124,final,pp,-3.4588606357574463
1125,final,pp,-3.8275609016418457
1126,final,pp,-3.799551486968994
1127,final,pp,-4.033794403076172
1128,final,pp,-4.411602973937988
1129,final,pp,-4.200549125671387
1130,final,pp,-4.325912952423096
1131,final,pp,-3.96482515335083
1132,final,pp,-4.551982402801514
1133,final,pp,-5.319988250732422
1134,final,pp,-4.985606670379639
1135,final,pp,-4.136260986328125
1136,final,pp,-4.25874137878418
1137,final,pp,-4.641928195953369
1138,final,pp,-5.07330846786499
1139,final,pp,-4.110791206359863
1140,final,do,-3.182380437850952
1141,final,do,-3.4505491256713867
1142,final,do,-3.719817876815796
1143,final,do,-3.3148772716522217
1144,final,do,-3.935697555541992
1145,final,do,-2.934807777404785
1146,final,do,-3.182380437850952
1147,final,do,-4.724295139312744
1148,final,do,-2.9665935039520264
1149,final,do,-3.4867374897003174
1150,final,do,-3.743096113204956
1151,final,do,-4.073233127593994
1152,final,do,-3.5109307765960693
1153,final,do,-4.112563133239746
1154,final,do,-3.342578172683716
1155,final,do,-2.80456280708313
1156,final,do,-4.055906772613525
1157,final,do,-4.339172840118408
1158,final,do,-3.519580841064453
1159,final,do,-3.252229690551758
1160,final,do,-3.575917959213257
1161,final,do,-2.8839786052703857
1162,final,do,-5.160411357879639
1163,final,do,-4.659299850463867
1164,final,do,-3.4505491256713867
1165,final,do,-3.383530378341675
1166,final,do,-4.039405822753906
1167,final,do,-3.542745351791382
1168,final,do,-3.0343542098999023
1169,final,do,-3.7974390983581543
1170,final,do,-3.1370785236358643
1171,final,do,-3.215778350830078
1172,final,do,-4.055906772613525
1173,final,do,-3.0456607341766357
1174,final,do,-3.0269432067871094
1175,final,do,-3.0269432067871094
1176,final,do,-3.4749982357025146
1177,final,do,-3.801576852798462
1178,final,do,-2.6829216480255127
1179,final,do,-2.80456280708313
1180,final,do,-5.160411357879639
1181,final,do,-3.2665226459503174
1182,final,do,-3.542745351791382
1183,final,pp,-4.115546226501465
1184,final,pp,-4.366536617279053
1185,final,pp,-4.098465919494629
1186,final,pp,-3.9124865531921387
1187,final,pp,-4.6900458335876465
1188,final,pp,-3.3320720195770264
1189,final,pp,-4.115546703338623
1190,final,pp,-5.232818126678467
1191,final,pp,-3.5536110401153564
1192,final,pp,-4.050303936004639
1193,final,pp,-4.391231060028076
1194,final,pp,-4.694446563720703
1195,final,pp,-4.13515567779541
1196,final,pp,-4.826838493347168
1197,final,pp,-3.636157989501953
1198,final,pp,-3.4625678062438965
1199,final,pp,-4.7285661697387695
1200,final,pp,-4.797361373901367
1201,final,pp,-4.36815071105957
1202,final,pp,-3.49833083152771
1203,final,do,-5.427675247192383
1204,final,do,-4.21207332611084
1205,final,do,-5.0603837966918945
1206,final,do,-5.528668403625488
1207,final,do,-4.928042411804199
1208,final,do,-5.521491527557373
1209,final,do,-5.024734973907471
1210,final,do,-4.717131614685059
1211,final,do,-4.039410591125488
1212,final,do,-6.237651348114014
1213,final,do,-5.070855140686035
1214,final,do,-5.237638473510742
1215,final,do,-4.595365047454834
1216,final,do,-4.406905174255371
1217,final,do,-4.965571403503418
1218,final,do,-4.299396514892578
1219,final,do,-4.759631156921387
1220,final,do,-4.690202713012695
1221,final,do,-5.153719902038574
1222,final,do,-4.537154197692871
1223,final,do,-5.137088775634766
1224,final,do,-5.789157867431641
1225,final,do,-6.0100483894348145
1226,final,do,-4.07724666595459
1227,final,do,-4.89331579208374
1228,final,do,-5.032872200012207
1229,final,do,-4.792919158935547
1230,final,do,-5.057434558868408
1231,final,do,-5.001838684082031
1232,final,do,-4.383484363555908
1233,final,do,-4.9654693603515625
1234,final,do,-4.3705339431762695
1235,final,do,-5.619261741638184
1236,final,do,-4.600739002227783
1237,final,do,-4.631722927093506
1238,final,do,-4.8839898109436035
1239,final,do,-4.390619277954102
1240,final,do,-5.376030445098877
1241,final,do,-4.979193210601807
1242,final,do,-4.359313011169434
1243,final,do,-4.213208198547363
1244,final,do,-5.921609401702881
1245,final,do,-5.485365867614746
1246,final,pp,-5.625878810882568
1247,final,pp,-3.5723588466644287
1248,final,pp,-4.74802303314209
1249,final,pp,-4.845408916473389
1250,final,pp,-4.863626480102539
1251,final,pp,-4.948586940765381
1252,final,pp,-5.162916660308838
1253,final,pp,-4.8017401695251465
1254,final,pp,-4.04608678817749
1255,final,pp,-5.909377574920654
1256,final,pp,-4.479066848754883
1257,final,pp,-5.042008876800537
1258,final,pp,-4.391908168792725
1259,final,pp,-3.9875309467315674
1260,final,pp,-4.26801872253418
1261,final,pp,-4.016669750213623
1262,final,pp,-4.66351318359375
1263,final,pp,-4.621174335479736
1264,final,pp,-5.295780181884766
1265,final,pp,-4.490748882293701
1266,final,do,-3.795897960662842
1267,final,do,-4.191754341125488
1268,final,do,-5.833072662353516
1269,final,do,-5.619412899017334
1270,final,do,-4.433393955230713
1271,final,do,-5.334796905517578
1272,final,do,-6.0628204345703125
1273,final,do,-5.853736877441406
1274,final,do,-4.419090747833252
1275,final,do,-5.4540324211120605
1276,final,do,-6.188757419586182
1277,final,do,-4.437074184417725
1278,final,do,-6.091978073120117
1279,final,do,-5.213096618652344
1280,final,do,-5.163853168487549
1281,final,do,-6.368402004241943
1282,final,do,-6.019235134124756
1283,final,do,-5.7627692222595215
1284,final,do,-4.436244010925293
1285,final,do,-5.389612674713135
1286,final,do,-5.528509140014648
1287,final,do,-4.899406909942627
1288,final,do,-5.510490417480469
1289,final,do,-6.150497913360596
1290,final,do,-6.416004180908203
1291,final,do,-4.573452949523926
1292,final,do,-5.706699848175049
1293,final,do,-5.824594974517822
1294,final,do,-5.379106521606445
1295,final,do,-5.084039688110352
1296,final,do,-5.07595157623291
1297,final,do,-5.336297512054443
1298,final,do,-5.651578426361084
1299,final,do,-3.987675905227661
1300,final,do,-5.22409200668335
1301,final,do,-6.335381031036377
1302,final,do,-5.489279270172119
1303,final,do,-6.675318717956543
1304,final,do,-4.32696008682251
1305,final,do,-5.957627773284912
1306,final,do,-6.442076206207275
1307,final,do,-6.421963691711426
1308,final,do,-5.673971652984619
1309,final,pp,-3.6427035331726074
1310,final,pp,-4.176574230194092
1311,final,pp,-4.720237731933594
1312,final,pp,-4.7189226150512695
1313,final,pp,-3.9466323852539062
1314,final,pp,-4.489373683929443
1315,final,pp,-5.783169269561768
1316,final,pp,-5.346098899841309
1317,final,pp,-3.7167716026306152
1318,final,pp,-5.291454792022705
1319,final,pp,-5.142955303192139
1320,final,pp,-4.534353256225586
1321,final,pp,-5.601089954376221
1322,final,pp,-4.821329593658447
1323,final,pp,-4.551600933074951
1324,final,pp,-5.113916873931885
1325,final,pp,-4.936964511871338
1326,final,pp,-5.638790130615234
1327,final,pp,-3.565770149230957
1328,final,pp,-4.553752422332764
1329,final,pp,-4.4388346672058105
1330,final,pp,-3.294802188873291
1331,final,pp,-5.0826215744018555
1332,final,pp,-5.014752388000488
1333,final,pp,-4.745975017547607
1334,final,pp,-4.305651664733887
1335,final,pp,-4.4457902908325195
1336,final,pp,-4.836681842803955
1337,final,pp,-3.648583173751831
1338,final,pp,-4.869907855987549
1339,final,pp,-3.9768569469451904
1340,final,pp,-4.116184711456299
1341,final,pp,-3.8873674869537354
1342,final,pp,-5.192113399505615
1343,final,pp,-5.328265190124512
1344,final,pp,-4.217238903045654
1345,final,pp,-5.311289310455322
1346,final,pp,-3.538168430328369
1347,final,pp,-5.3557515144348145
1348,final,pp,-5.124012470245361
1349,final,pp,-3.5977916717529297
1350,final,pp,-3.789365530014038
1351,final,pp,-4.3676958084106445
1352,final,pp,-3.1928749084472656
1353,final,pp,-3.455589532852173
1354,final,pp,-2.8617472648620605
1355,final,pp,-3.149688482284546
1356,final,pp,-4.481287479400635
1357,final,pp,-4.493327617645264
1358,final,pp,-3.7645211219787598
1359,final,pp,-3.0348455905914307
1360,final,pp,-3.5664420127868652
1361,final,pp,-4.602334022521973
1362,final,pp,-4.280515193939209
1363,final,pp,-3.4696097373962402
1364,final,pp,-3.094310760498047
1365,final,pp,-4.415528774261475
1366,final,pp,-3.817178726196289
1367,final,pp,-3.6794567108154297
1368,final,pp,-3.651528835296631
1,best,pp,-5.251134395599365
2,best,pp,-5.613204479217529
3,best,pp,-3.940732717514038
4,best,pp,-5.580974578857422
5,best,pp,-4.288520812988281
6,best,pp,-4.2476487159729
7,best,pp,-5.2080793380737305
8,best,pp,-4.2857537269592285
9,best,pp,-4.178901195526123
10,best,pp,-4.242122650146484
11,best,pp,-5.090114116668701
12,best,pp,-4.257855415344238
13,best,pp,-4.42659854888916
14,best,pp,-4.531883239746094
15,best,pp,-5.31574821472168
16,best,pp,-4.2857537269592285
17,best,pp,-5.978750228881836
18,best,pp,-4.726017475128174
19,best,pp,-4.85269021987915
20,best,pp,-4.094329357147217
21,best,pp,-3.8073856830596924
22,best,pp,-5.247196674346924
23,best,pp,-5.691569805145264
24,best,pp,-5.232202053070068
25,best,pp,-5.411061763763428
26,best,pp,-5.15034818649292
27,best,pp,-5.063448429107666
28,best,pp,-4.395416736602783
29,best,pp,-4.7739481925964355
30,best,pp,-4.716893196105957
31,best,pp,-4.412666320800781
32,best,pp,-5.232202053070068
33,best,pp,-4.996028900146484
34,best,pp,-5.185889720916748
35,best,pp,-4.458858489990234
36,best,pp,-4.772482395172119
37,best,pp,-4.773948669433594
38,best,pp,-3.821643114089966
39,best,pp,-5.99102258682251
40,best,pp,-4.183115482330322
41,best,pp,-5.241443634033203
42,best,pp,-4.892736434936523
43,best,pp,-3.9142727851867676
44,best,pp,-5.343211650848389
45,best,pp,-5.865846633911133
46,best,pp,-5.081870079040527
47,best,pp,-6.0893874168396
48,best,pp,-4.751112937927246
49,best,pp,-4.396149158477783
50,best,pp,-4.412089824676514
51,best,pp,-5.098069667816162
52,best,pp,-4.999070644378662
53,best,pp,-5.137290954589844
54,best,pp,-5.167435646057129
55,best,pp,-4.906938552856445
56,best,pp,-3.730351448059082
57,best,pp,-4.549725532531738
58,best,pp,-5.425403594970703
59,best,pp,-4.713924407958984
60,best,pp,-4.751564025878906
61,best,pp,-5.3834309577941895
62,best,pp,-5.58527135848999
63,best,pp,-5.063407897949219
64,best,pp,-4.763247013092041
65,best,pp,-5.602468490600586
66,best,pp,-4.442060470581055
67,best,pp,-4.491259574890137
68,best,pp,-5.633745193481445
69,best,pp,-5.850868225097656
70,best,pp,-4.8195624351501465
71,best,pp,-4.265815734863281
72,best,pp,-5.437411785125732
73,best,pp,-4.473315715789795
74,best,pp,-6.371362209320068
75,best,pp,-5.152166366577148
76,best,pp,-3.9352948665618896
77,best,pp,-5.222280979156494
78,best,pp,-3.619965076446533
79,best,pp,-3.918722629547119
80,best,pp,-4.966729640960693
81,best,pp,-5.661165237426758
82,best,pp,-4.151734352111816
83,best,pp,-4.344893455505371
84,best,pp,-3.8924777507781982
85,best,pp,-4.151734352111816
86,best,pp,-4.52738094329834
87,best,pp,-5.407769680023193
88,best,pp,-3.9396347999572754
89,best,pp,-4.719961643218994
90,best,pp,-3.628283739089966
91,best,pp,-4.052432060241699
92,best,pp,-5.283841133117676
93,best,pp,-4.875332832336426
94,best,pp,-4.811887741088867
95,best,pp,-4.439270973205566
96,best,pp,-4.396211624145508
97,best,pp,-5.713113307952881
98,best,pp,-4.809762001037598
99,best,pp,-5.3963623046875
100,best,pp,-5.286960601806641
101,best,pp,-4.491965293884277
102,best,pp,-4.281937599182129
103,best,pp,-3.7408556938171387
104,best,pp,-3.658906936645508
105,best,pp,-4.262025833129883
106,best,pp,-4.814716815948486
107,best,pp,-3.402554750442505
108,best,pp,-5.100413799285889
109,best,pp,-4.366734981536865
110,best,pp,-4.358645915985107
111,best,pp,-3.810300827026367
112,best,pp,-4.02349853515625
113,best,pp,-3.9009063243865967
114,best,pp,-4.598426818847656
115,best,pp,-4.846680641174316
116,best,pp,-3.816894769668579
117,best,pp,-4.4604997634887695
118,best,pp,-4.954255104064941
119,best,pp,-4.560093879699707
120,best,pp,-4.9754862785339355
121,best,pp,-4.10963249206543
122,best,pp,-3.838951826095581
123,best,pp,-4.677631378173828
124,best,pp,-4.500351428985596
125,best,pp,-3.5389564037323
126,best,pp,-4.355673789978027
127,best,pp,-3.2176101207733154
128,best,pp,-3.8773820400238037
129,best,pp,-3.2656891345977783
130,best,pp,-2.951342821121216
131,best,pp,-3.2656891345977783
132,best,pp,-3.838951826095581
133,best,pp,-4.117367267608643
134,best,pp,-3.1904265880584717
135,best,pp,-3.838951826095581
136,best,pp,-4.3556742668151855
137,best,pp,-3.2942745685577393
138,best,pp,-4.042853355407715
139,best,pp,-3.8656044006347656
140,best,pp,-3.5367631912231445
141,best,pp,-4.2822980880737305
142,best,pp,-4.095434188842773
143,best,pp,-3.756481647491455
144,best,pp,-4.568769454956055
145,best,pp,-3.656855344772339
146,best,pp,-3.953542947769165
147,best,pp,-4.900500297546387
148,best,pp,-4.0114264488220215
149,best,pp,-3.7601301670074463
150,best,pp,-4.034598350524902
151,best,pp,-5.094204902648926
152,best,pp,-4.233893394470215
153,best,pp,-3.520434856414795
154,best,pp,-3.8616132736206055
155,best,pp,-3.7874062061309814
156,best,pp,-4.588475227355957
157,best,pp,-4.211551666259766
158,best,pp,-4.114126682281494
159,best,pp,-4.014046669006348
160,best,pp,-4.886138439178467
161,best,pp,-4.554354190826416
162,best,pp,-3.2045328617095947
163,best,pp,-3.9159905910491943
164,best,pp,-3.8258323669433594
165,best,pp,-3.2534172534942627
166,best,pp,-3.3889899253845215
167,best,pp,-5.017301082611084
168,best,pp,-4.433881759643555
169,best,pp,-3.6567513942718506
170,best,pp,-4.203179836273193
171,best,pp,-3.9159905910491943
172,best,pp,-3.5154998302459717
173,best,pp,-4.244985103607178
174,best,pp,-4.071238040924072
175,best,pp,-3.160698413848877
176,best,pp,-3.2534172534942627
177,best,pp,-4.322334289550781
178,best,pp,-4.512853145599365
179,best,pp,-3.6098175048828125
180,best,pp,-4.901334762573242
181,best,pp,-4.0483245849609375
182,best,pp,-4.279951095581055
183,best,pp,-3.7562334537506104
184,best,pp,-4.709731101989746
185,best,pp,-3.994088649749756
186,best,pp,-3.8588905334472656
187,best,pp,-4.134875774383545
188,best,pp,-3.54235577583313
189,best,pp,-3.896237373352051
190,best,pp,-3.8650383949279785
191,best,pp,-3.8064823150634766
192,best,pp,-4.068191051483154
193,best,pp,-3.9244227409362793
194,best,pp,-3.885460615158081
195,best,pp,-4.152318477630615
196,best,pp,-3.4701972007751465
197,best,pp,-3.926870822906494
198,best,pp,-4.059211730957031
199,best,pp,-4.540046215057373
200,best,pp,-4.465506076812744
201,best,pp,-3.076040506362915
202,best,pp,-2.533414125442505
203,best,pp,-4.201858043670654
204,best,pp,-3.30307936668396
205,best,pp,-3.7647061347961426
206,best,pp,-2.849452495574951
207,best,pp,-3.724928617477417
208,best,pp,-4.141149520874023
209,best,pp,-3.412609577178955
210,best,pp,-2.826430082321167
211,best,pp,-3.599186658859253
212,best,pp,-4.526336669921875
213,best,pp,-3.52211332321167
214,best,pp,-4.23209810256958
215,best,pp,-3.690351963043213
216,best,pp,-2.906067371368408
217,best,pp,-3.4904704093933105
218,best,pp,-3.3021318912506104
219,best,pp,-3.0817277431488037
220,best,pp,-3.6370396614074707
221,best,do,-5.413054466247559
222,best,do,-5.3255767822265625
223,best,do,-4.740614891052246
224,best,do,-4.349733352661133
225,best,do,-5.508908271789551
226,best,do,-4.759891033172607
227,best,do,-5.4570231437683105
228,best,do,-6.452599048614502
229,best,do,-5.087939739227295
230,best,do,-4.668236255645752
231,best,do,-5.400786399841309
232,best,do,-5.880894660949707
233,best,do,-5.4247612953186035
234,best,do,-6.452599048614502
235,best,do,-4.1854047775268555
236,best,do,-4.8120622634887695
237,best,do,-4.499904632568359
238,best,do,-5.123569011688232
239,best,do,-5.1630706787109375
240,best,do,-5.102132797241211
241,best,do,-5.4247612953186035
242,best,do,-5.094528675079346
243,best,do,-6.230193138122559
244,best,do,-5.123569011688232
245,best,do,-5.642356872558594
246,best,do,-5.022760391235352
247,best,do,-5.071183204650879
248,best,do,-5.615054607391357
249,best,do,-4.955724239349365
250,best,do,-4.702386856079102
251,best,do,-4.75148344039917
252,best,do,-6.0505523681640625
253,best,do,-6.031059741973877
254,best,do,-5.402268409729004
255,best,do,-5.602296352386475
256,best,do,-5.606982231140137
257,best,do,-6.250333309173584
258,best,do,-5.402268409729004
259,best,do,-5.120194911956787
260,best,do,-4.75148344039917
261,best,do,-4.702386856079102
262,best,do,-4.723806381225586
263,best,do,-4.761748313903809
264,best,pp,-5.237866401672363
265,best,pp,-5.092536926269531
266,best,pp,-4.664604187011719
267,best,pp,-4.3802690505981445
268,best,pp,-5.036808967590332
269,best,pp,-4.728933811187744
270,best,pp,-4.9672770500183105
271,best,pp,-5.89409875869751
272,best,pp,-5.0629963874816895
273,best,pp,-4.726536750793457
274,best,pp,-5.149862766265869
275,best,pp,-5.156907081604004
276,best,pp,-5.196796417236328
277,best,pp,-5.89409875869751
278,best,pp,-4.315848350524902
279,best,pp,-4.64525032043457
280,best,pp,-4.640106201171875
281,best,pp,-4.853042125701904
282,best,pp,-5.1015729904174805
283,best,pp,-4.912301063537598
284,best,do,-5.035851001739502
285,best,do,-4.397510051727295
286,best,do,-5.7573442459106445
287,best,do,-4.69472599029541
288,best,do,-4.932957172393799
289,best,do,-4.46701717376709
290,best,do,-4.669528961181641
291,best,do,-5.051222801208496
292,best,do,-4.932957172393799
293,best,do,-4.709322452545166
294,best,do,-4.293710231781006
295,best,do,-4.498915672302246
296,best,do,-4.643321990966797
297,best,do,-4.778475284576416
298,best,do,-4.65755558013916
299,best,do,-4.385979175567627
300,best,do,-4.467724800109863
301,best,do,-4.605259895324707
302,best,do,-4.688876152038574
303,best,do,-5.143435001373291
304,best,do,-5.031958103179932
305,best,do,-4.669528961181641
306,best,do,-4.667088508605957
307,best,do,-4.251296520233154
308,best,do,-4.69472599029541
309,best,do,-5.378418922424316
310,best,do,-4.518331527709961
311,best,do,-5.125373840332031
312,best,do,-4.69472599029541
313,best,do,-5.313715934753418
314,best,do,-4.898627281188965
315,best,do,-4.765212059020996
316,best,do,-4.94729471206665
317,best,do,-5.677877902984619
318,best,do,-4.518331527709961
319,best,do,-4.605259895324707
320,best,do,-4.284489154815674
321,best,do,-5.43467378616333
322,best,do,-5.757345676422119
323,best,do,-4.9553446769714355
324,best,do,-5.164277076721191
325,best,do,-5.469516754150391
326,best,do,-6.015629291534424
327,best,pp,-4.9713592529296875
328,best,pp,-4.53279447555542
329,best,pp,-5.561910629272461
330,best,pp,-4.880202293395996
331,best,pp,-4.9230637550354
332,best,pp,-4.592732906341553
333,best,pp,-4.964097023010254
334,best,pp,-5.276126384735107
335,best,pp,-4.9230637550354
336,best,pp,-4.8544158935546875
337,best,pp,-4.591940879821777
338,best,pp,-4.552984237670898
339,best,pp,-4.7940993309021
340,best,pp,-4.902749061584473
341,best,pp,-4.805514335632324
342,best,pp,-4.6069159507751465
343,best,pp,-4.784976005554199
344,best,pp,-4.762899398803711
345,best,pp,-4.7295403480529785
346,best,pp,-5.129183292388916
347,best,do,-5.830480575561523
348,best,do,-4.959964752197266
349,best,do,-5.725729465484619
350,best,do,-5.213376998901367
351,best,do,-5.587596416473389
352,best,do,-5.385929107666016
353,best,do,-5.968757152557373
354,best,do,-5.858036041259766
355,best,do,-6.0316948890686035
356,best,do,-5.977290153503418
357,best,do,-5.711613178253174
358,best,do,-5.515241622924805
359,best,do,-5.976531982421875
360,best,do,-5.904707431793213
361,best,do,-5.825469017028809
362,best,do,-5.497417449951172
363,best,do,-6.027840614318848
364,best,do,-6.245163917541504
365,best,do,-5.228888988494873
366,best,do,-5.435422897338867
367,best,do,-5.216402530670166
368,best,do,-5.306708812713623
369,best,do,-5.893709182739258
370,best,do,-4.8877410888671875
371,best,do,-5.77439022064209
372,best,do,-6.2371506690979
373,best,do,-5.550252914428711
374,best,do,-5.576608657836914
375,best,do,-4.611037731170654
376,best,do,-5.608304023742676
377,best,do,-5.215690612792969
378,best,do,-5.639397621154785
379,best,do,-5.45451021194458
380,best,do,-5.690313339233398
381,best,do,-6.3726420402526855
382,best,do,-5.50968074798584
383,best,do,-5.431014060974121
384,best,do,-5.77439022064209
385,best,do,-4.940953731536865
386,best,do,-5.550252914428711
387,best,do,-5.842990398406982
388,best,do,-5.13118839263916
389,best,do,-6.0002522468566895
390,best,pp,-5.126517295837402
391,best,pp,-4.639720916748047
392,best,pp,-4.958764553070068
393,best,pp,-4.655303001403809
394,best,pp,-5.072596073150635
395,best,pp,-5.138951778411865
396,best,pp,-5.415797233581543
397,best,pp,-5.192828178405762
398,best,pp,-5.536541938781738
399,best,pp,-5.07850456237793
400,best,pp,-5.140423774719238
401,best,pp,-5.377040863037109
402,best,pp,-5.507876873016357
403,best,pp,-5.253970146179199
404,best,pp,-5.171903610229492
405,best,pp,-5.014451503753662
406,best,pp,-5.714383125305176
407,best,pp,-5.301790714263916
408,best,pp,-5.022435188293457
409,best,pp,-5.1346893310546875
410,best,do,-6.019847869873047
411,best,do,-5.557388782501221
412,best,do,-6.193577289581299
413,best,do,-6.684317588806152
414,best,do,-6.893509864807129
415,best,do,-6.158334255218506
416,best,do,-5.801657199859619
417,best,do,-6.968099117279053
418,best,do,-5.13634729385376
419,best,do,-5.976213455200195
420,best,do,-6.876745223999023
421,best,do,-6.870144367218018
422,best,do,-6.830974102020264
423,best,do,-6.803611755371094
424,best,do,-4.969026565551758
425,best,do,-6.717182636260986
426,best,do,-5.4069952964782715
427,best,do,-5.92898416519165
428,best,do,-6.268414497375488
429,best,do,-6.749767303466797
430,best,do,-7.128509998321533
431,best,do,-6.3177409172058105
432,best,do,-5.92898416519165
433,best,do,-6.196130275726318
434,best,do,-6.740638732910156
435,best,do,-6.315855503082275
436,best,do,-6.035236835479736
437,best,do,-6.814261436462402
438,best,do,-6.1800618171691895
439,best,do,-7.7353997230529785
440,best,do,-7.386683940887451
441,best,do,-6.360374450683594
442,best,do,-6.238683223724365
443,best,do,-6.082453727722168
444,best,do,-5.880829811096191
445,best,do,-6.425232887268066
446,best,do,-6.717182636260986
447,best,do,-6.191864967346191
448,best,do,-5.6969194412231445
449,best,do,-5.389227390289307
450,best,do,-5.8182053565979
451,best,do,-6.93951940536499
452,best,do,-6.6947340965271
453,best,pp,-4.629215240478516
454,best,pp,-4.670827865600586
455,best,pp,-5.031205177307129
456,best,pp,-5.858148574829102
457,best,pp,-5.409402370452881
458,best,pp,-5.335334300994873
459,best,pp,-5.06117582321167
460,best,pp,-5.487429618835449
461,best,pp,-4.5607123374938965
462,best,pp,-5.075111389160156
463,best,pp,-6.355474472045898
464,best,pp,-5.865844249725342
465,best,pp,-5.414262771606445
466,best,pp,-5.284958362579346
467,best,pp,-4.428488731384277
468,best,pp,-5.899276256561279
469,best,pp,-4.783177852630615
470,best,pp,-4.983156204223633
471,best,pp,-5.5530524253845215
472,best,pp,-5.438941955566406
473,best,pp,-4.530430793762207
474,best,pp,-5.269460678100586
475,best,pp,-5.088675498962402
476,best,pp,-4.939806938171387
477,best,pp,-4.773861408233643
478,best,pp,-5.132940292358398
479,best,pp,-4.618155002593994
480,best,pp,-5.37233829498291
481,best,pp,-5.2293829917907715
482,best,pp,-4.748343467712402
483,best,pp,-4.4770097732543945
484,best,pp,-5.68163537979126
485,best,pp,-5.2493977546691895
486,best,pp,-4.569397926330566
487,best,pp,-5.372193813323975
488,best,pp,-4.502112865447998
489,best,pp,-4.2298197746276855
490,best,pp,-4.904169082641602
491,best,pp,-4.923844337463379
492,best,pp,-4.400914192199707
493,best,do,-6.603450775146484
494,best,do,-6.1526103019714355
495,best,do,-6.443490505218506
496,best,do,-5.0492963790893555
497,best,do,-6.521803855895996
498,best,do,-4.296215534210205
499,best,do,-5.444069862365723
500,best,do,-5.643375396728516
501,best,do,-4.201326847076416
502,best,do,-4.9588704109191895
503,best,do,-5.989289283752441
504,best,do,-4.650610446929932
505,best,do,-5.291855812072754
506,best,do,-5.192331314086914
507,best,do,-7.547118186950684
508,best,do,-6.239359378814697
509,best,do,-5.822837829589844
510,best,do,-7.201972484588623
511,best,do,-4.448945045471191
512,best,do,-6.1347808837890625
513,best,do,-6.053761959075928
514,best,do,-5.802049160003662
515,best,do,-5.153106689453125
516,best,do,-6.068714141845703
517,best,do,-5.222338676452637
518,best,do,-7.881857872009277
519,best,do,-6.356938362121582
520,best,do,-5.081646919250488
521,best,do,-5.590712547302246
522,best,do,-4.831687927246094
523,best,do,-5.670801162719727
524,best,do,-5.318188190460205
525,best,do,-6.559557914733887
526,best,do,-5.6145195960998535
527,best,do,-4.1703667640686035
528,best,do,-6.138160705566406
529,best,do,-6.138160705566406
530,best,do,-6.102344036102295
531,best,do,-6.820599555969238
532,best,do,-5.9113688468933105
533,best,do,-7.301663875579834
534,best,do,-4.986576080322266
535,best,do,-3.655441999435425
536,best,pp,-6.875957012176514
537,best,pp,-6.362707138061523
538,best,pp,-6.009923458099365
539,best,pp,-4.918811321258545
540,best,pp,-6.771412372589111
541,best,pp,-4.26899528503418
542,best,pp,-5.5910773277282715
543,best,pp,-5.292349338531494
544,best,pp,-4.261226177215576
545,best,pp,-5.0083136558532715
546,best,pp,-5.934487819671631
547,best,pp,-4.450286388397217
548,best,pp,-5.14441442489624
549,best,pp,-5.008591175079346
550,best,pp,-7.316136837005615
551,best,pp,-5.824823379516602
552,best,pp,-5.464723110198975
553,best,pp,-6.44913911819458
554,best,pp,-4.490913391113281
555,best,pp,-6.3854756355285645
556,best,do,-4.150867938995361
557,best,do,-5.276810646057129
558,best,do,-6.565934658050537
559,best,do,-5.666745185852051
560,best,do,-5.853454113006592
561,best,do,-5.000600337982178
562,best,do,-5.662245750427246
563,best,do,-5.328899383544922
564,best,do,-5.276810646057129
565,best,do,-5.511714935302734
566,best,do,-3.28421950340271
567,best,do,-4.258030891418457
568,best,do,-6.056847095489502
569,best,do,-5.996306419372559
570,best,do,-4.844154357910156
571,best,do,-5.3039445877075195
572,best,do,-4.803136348724365
573,best,do,-5.580358982086182
574,best,do,-5.580358982086182
575,best,do,-5.8059401512146
576,best,do,-5.294006824493408
577,best,do,-6.565893650054932
578,best,do,-4.803136348724365
579,best,do,-5.178361892700195
580,best,do,-4.298917770385742
581,best,do,-6.056847095489502
582,best,do,-5.673966884613037
583,best,do,-5.015353202819824
584,best,do,-4.243600368499756
585,best,do,-5.642487049102783
586,best,do,-4.755569934844971
587,best,do,-4.474022388458252
588,best,do,-5.015353202819824
589,best,do,-4.083418369293213
590,best,do,-5.833859443664551
591,best,do,-6.462954521179199
592,best,do,-4.683548450469971
593,best,do,-6.462954521179199
594,best,do,-5.1468915939331055
595,best,do,-6.565934658050537
596,best,do,-6.0583930015563965
597,best,do,-6.056847095489502
598,best,do,-5.511714935302734
599,best,pp,-4.3954854011535645
600,best,pp,-5.550209045410156
601,best,pp,-6.715269565582275
602,best,pp,-6.030368328094482
603,best,pp,-5.697559356689453
604,best,pp,-5.088831901550293
605,best,pp,-5.605942249298096
606,best,pp,-4.939736843109131
607,best,pp,-5.550209045410156
608,best,pp,-5.8513503074646
609,best,pp,-3.859586238861084
610,best,pp,-4.501046180725098
611,best,pp,-5.945291519165039
612,best,pp,-6.104345321655273
613,best,pp,-5.065669536590576
614,best,pp,-4.98736047744751
615,best,pp,-5.033222198486328
616,best,pp,-5.541191101074219
617,best,pp,-5.541191101074219
618,best,pp,-5.96807336807251
619,best,do,-5.862462043762207
620,best,do,-5.065839767456055
621,best,do,-7.152379035949707
622,best,do,-5.617533206939697
623,best,do,-6.0146002769470215
624,best,do,-5.298099040985107
625,best,do,-5.762293815612793
626,best,do,-6.180129051208496
627,best,do,-5.969798564910889
628,best,do,-6.947197437286377
629,best,do,-5.3958539962768555
630,best,do,-4.867834568023682
631,best,do,-5.676930904388428
632,best,do,-5.548158645629883
633,best,do,-5.517937183380127
634,best,do,-6.4836106300354
635,best,do,-5.457483291625977
636,best,do,-7.505299091339111
637,best,do,-5.676930904388428
638,best,do,-5.850855350494385
639,best,do,-5.270026206970215
640,best,do,-5.66348123550415
641,best,do,-5.482083320617676
642,best,do,-6.469292163848877
643,best,do,-6.577595233917236
644,best,do,-4.799778938293457
645,best,do,-6.314537525177002
646,best,do,-5.89741849899292
647,best,do,-6.259091854095459
648,best,do,-5.974430084228516
649,best,do,-5.726862907409668
650,best,do,-6.611160755157471
651,best,do,-7.599625587463379
652,best,do,-6.448864459991455
653,best,do,-6.506252765655518
654,best,do,-4.884763240814209
655,best,do,-7.581551551818848
656,best,do,-5.80206823348999
657,best,do,-7.103238105773926
658,best,do,-5.676930904388428
659,best,do,-6.668800354003906
660,best,do,-6.974482536315918
661,best,do,-5.3075785636901855
662,best,pp,-5.2491984367370605
663,best,pp,-4.23154354095459
664,best,pp,-5.682869911193848
665,best,pp,-4.8759765625
666,best,pp,-5.311497211456299
667,best,pp,-4.750757217407227
668,best,pp,-5.083547592163086
669,best,pp,-5.796319961547852
670,best,pp,-5.488699913024902
671,best,pp,-6.1665167808532715
672,best,pp,-4.831002235412598
673,best,pp,-4.22658109664917
674,best,pp,-5.273354530334473
675,best,pp,-4.68258810043335
676,best,pp,-5.035679817199707
677,best,pp,-5.689444541931152
678,best,pp,-4.636107444763184
679,best,pp,-5.871352195739746
680,best,pp,-5.273354530334473
681,best,pp,-5.328866004943848
682,best,do,-6.435786247253418
683,best,do,-9.143157958984375
684,best,do,-5.793776988983154
685,best,do,-5.886127948760986
686,best,do,-5.781150817871094
687,best,do,-6.129190921783447
688,best,do,-7.405783653259277
689,best,do,-7.703693389892578
690,best,do,-6.722889423370361
691,best,do,-7.132376194000244
692,best,do,-7.000577926635742
693,best,do,-7.3149213790893555
694,best,do,-6.696589469909668
695,best,do,-5.569794178009033
696,best,do,-7.244464874267578
697,best,do,-6.0137939453125
698,best,do,-5.479691028594971
699,best,do,-5.3371758460998535
700,best,do,-7.478130340576172
701,best,do,-5.957481861114502
702,best,do,-6.277904033660889
703,best,do,-6.949342250823975
704,best,do,-7.147047519683838
705,best,do,-5.835884094238281
706,best,do,-6.354006767272949
707,best,do,-6.876547813415527
708,best,do,-5.5779032707214355
709,best,do,-6.9730544090271
710,best,do,-7.191658020019531
711,best,do,-5.6883015632629395
712,best,do,-7.537437915802002
713,best,do,-7.0332465171813965
714,best,do,-6.918010711669922
715,best,do,-7.494152069091797
716,best,do,-8.471786499023438
717,best,do,-7.828993320465088
718,best,do,-6.486608028411865
719,best,do,-7.365048408508301
720,best,do,-5.279294490814209
721,best,do,-6.154646873474121
722,best,do,-5.903589248657227
723,best,do,-6.376895904541016
724,best,do,-6.411784648895264
725,best,pp,-6.044314861297607
726,best,pp,-6.534664154052734
727,best,pp,-4.403950214385986
728,best,pp,-4.929237365722656
729,best,pp,-5.195440769195557
730,best,pp,-5.338294982910156
731,best,pp,-7.335748195648193
732,best,pp,-5.877098560333252
733,best,pp,-5.649068832397461
734,best,pp,-5.4545392990112305
735,best,pp,-5.943428993225098
736,best,pp,-6.279516220092773
737,best,pp,-6.29121208190918
738,best,pp,-5.225986003875732
739,best,pp,-6.616797924041748
740,best,pp,-5.561959743499756
741,best,pp,-4.490231990814209
742,best,pp,-4.714738368988037
743,best,pp,-5.8348517417907715
744,best,pp,-5.554390907287598
745,best,pp,-5.892636299133301
746,best,pp,-5.046309471130371
747,best,pp,-5.365586280822754
748,best,pp,-5.281948089599609
749,best,pp,-5.705067157745361
750,best,pp,-6.113287448883057
751,best,pp,-5.749303817749023
752,best,pp,-5.3568220138549805
753,best,pp,-6.144882678985596
754,best,pp,-5.350970268249512
755,best,pp,-4.59774112701416
756,best,pp,-3.9978981018066406
757,best,pp,-4.885872840881348
758,best,pp,-4.637814998626709
759,best,pp,-4.9467597007751465
760,best,pp,-6.004691123962402
761,best,pp,-6.553904056549072
762,best,pp,-5.828592777252197
763,best,pp,-5.848207950592041
764,best,pp,-5.169943809509277
765,best,pp,-4.382652759552002
766,best,pp,-4.219994068145752
767,best,pp,-5.1827874183654785
768,best,pp,-4.09031867980957
769,best,pp,-5.520905494689941
770,best,pp,-5.066646575927734
771,best,pp,-4.533478736877441
772,best,pp,-5.206118106842041
773,best,pp,-4.523810863494873
774,best,pp,-3.709409236907959
775,best,pp,-4.591240882873535
776,best,pp,-4.103862285614014
777,best,pp,-4.328373432159424
778,best,pp,-5.157595634460449
779,best,pp,-5.77353572845459
780,best,pp,-4.327483177185059
781,best,pp,-5.529730319976807
782,best,pp,-4.54952335357666
783,best,pp,-5.437632083892822
784,best,pp,-5.625464916229248
785,best,do,-4.617524147033691
786,best,do,-4.109497547149658
787,best,do,-4.414172172546387
788,best,do,-3.8760201930999756
789,best,do,-3.9499690532684326
790,best,do,-3.3751816749572754
791,best,do,-4.669305324554443
792,best,do,-3.635523796081543
793,best,do,-5.175343990325928
794,best,do,-5.032320499420166
795,best,do,-3.836336374282837
796,best,do,-3.076582908630371
797,best,do,-4.031853199005127
798,best,do,-5.750205993652344
799,best,do,-3.482916831970215
800,best,do,-3.489276885986328
801,best,do,-4.7413763999938965
802,best,do,-4.2677507400512695
803,best,do,-5.023013591766357
804,best,do,-5.998198509216309
805,best,do,-5.485836505889893
806,best,do,-3.5987346172332764
807,best,do,-4.155859470367432
808,best,do,-5.383739948272705
809,best,do,-3.985839366912842
810,best,do,-4.047102451324463
811,best,do,-5.887296676635742
812,best,do,-4.452088356018066
813,best,do,-4.690602779388428
814,best,do,-4.151479244232178
815,best,do,-4.040822505950928
816,best,do,-4.5007452964782715
817,best,do,-3.636899948120117
818,best,do,-3.829845905303955
819,best,do,-4.826590538024902
820,best,do,-3.489276885986328
821,best,do,-5.68616247177124
822,best,do,-3.765963077545166
823,best,do,-4.086816310882568
824,best,do,-5.34990930557251
825,best,do,-4.771801948547363
826,best,do,-4.641822338104248
827,best,do,-5.368771076202393
828,best,pp,-4.873586654663086
829,best,pp,-4.592657566070557
830,best,pp,-5.0115966796875
831,best,pp,-4.220304012298584
832,best,pp,-4.546740531921387
833,best,pp,-3.9563827514648438
834,best,pp,-5.279245853424072
835,best,pp,-4.155872344970703
836,best,pp,-5.646759510040283
837,best,pp,-5.01153039932251
838,best,pp,-4.141671180725098
839,best,pp,-3.5881476402282715
840,best,pp,-4.336042404174805
841,best,pp,-5.411942481994629
842,best,pp,-3.7782723903656006
843,best,pp,-4.130464553833008
844,best,pp,-4.999441146850586
845,best,pp,-4.521538734436035
846,best,pp,-5.260190010070801
847,best,pp,-5.524380683898926
848,best,do,-4.131679534912109
849,best,do,-3.632441282272339
850,best,do,-4.087116241455078
851,best,do,-5.363440036773682
852,best,do,-3.1262025833129883
853,best,do,-4.568301200866699
854,best,do,-5.602530002593994
855,best,do,-4.371892929077148
856,best,do,-3.7898712158203125
857,best,do,-4.1435418128967285
858,best,do,-4.803739070892334
859,best,do,-4.433520793914795
860,best,do,-4.0509257316589355
861,best,do,-3.7794711589813232
862,best,do,-3.584811210632324
863,best,do,-3.7420146465301514
864,best,do,-3.6574854850769043
865,best,do,-5.71502685546875
866,best,do,-3.248079538345337
867,best,do,-3.34431529045105
868,best,do,-4.72758150100708
869,best,do,-3.80562686920166
870,best,do,-5.089601039886475
871,best,do,-3.1189777851104736
872,best,do,-3.4634039402008057
873,best,do,-3.84647274017334
874,best,do,-3.7898714542388916
875,best,do,-3.3409721851348877
876,best,do,-3.9895308017730713
877,best,do,-4.878973484039307
878,best,do,-3.400768280029297
879,best,do,-3.5840768814086914
880,best,do,-4.671152591705322
881,best,do,-5.0021491050720215
882,best,do,-3.596597909927368
883,best,do,-4.598291873931885
884,best,do,-4.131680011749268
885,best,do,-3.9008612632751465
886,best,do,-3.4567837715148926
887,best,do,-4.661366939544678
888,best,do,-4.7449774742126465
889,best,do,-5.066068172454834
890,best,do,-3.155324697494507
891,best,pp,-4.562431335449219
892,best,pp,-4.382723808288574
893,best,pp,-4.8297882080078125
894,best,pp,-5.469225883483887
895,best,pp,-4.036196708679199
896,best,pp,-4.963929653167725
897,best,pp,-5.974483489990234
898,best,pp,-5.057995319366455
899,best,pp,-4.251317024230957
900,best,pp,-4.708400249481201
901,best,pp,-5.293577671051025
902,best,pp,-5.266933441162109
903,best,pp,-4.695743560791016
904,best,pp,-4.243490219116211
905,best,pp,-4.650931358337402
906,best,pp,-4.580330848693848
907,best,pp,-4.54545783996582
908,best,pp,-5.722629070281982
909,best,pp,-4.017202377319336
910,best,pp,-4.202788352966309
911,best,do,-4.719250679016113
912,best,do,-5.306654930114746
913,best,do,-4.612140655517578
914,best,do,-5.104625225067139
915,best,do,-4.843964576721191
916,best,do,-4.5194830894470215
917,best,do,-4.9147491455078125
918,best,do,-5.971769332885742
919,best,do,-5.2573981285095215
920,best,do,-5.563446044921875
921,best,do,-4.845077991485596
922,best,do,-5.138214111328125
923,best,do,-5.854310989379883
924,best,do,-4.810671806335449
925,best,do,-4.839164733886719
926,best,do,-5.370274543762207
927,best,do,-5.341134548187256
928,best,do,-4.703288555145264
929,best,do,-5.225531578063965
930,best,do,-4.133354663848877
931,best,do,-4.555695056915283
932,best,do,-4.616154670715332
933,best,do,-4.918152332305908
934,best,do,-4.296267509460449
935,best,do,-4.406118869781494
936,best,do,-5.062857151031494
937,best,do,-4.046268463134766
938,best,do,-4.836040019989014
939,best,do,-6.278458595275879
940,best,do,-4.193626880645752
941,best,do,-5.204583168029785
942,best,do,-5.305057048797607
943,best,do,-4.628610134124756
944,best,do,-4.873059272766113
945,best,do,-4.20053243637085
946,best,do,-6.466066837310791
947,best,do,-4.810472011566162
948,best,do,-4.886449813842773
949,best,do,-5.563445568084717
950,best,do,-4.629137992858887
951,best,do,-6.084902763366699
952,best,do,-4.5018510818481445
953,best,do,-5.0707197189331055
954,best,pp,-4.766019821166992
955,best,pp,-5.272900581359863
956,best,pp,-4.6782145500183105
957,best,pp,-4.845309257507324
958,best,pp,-4.880479335784912
959,best,pp,-5.018276691436768
960,best,pp,-5.249064922332764
961,best,pp,-5.579785346984863
962,best,pp,-5.042699813842773
963,best,pp,-5.496848106384277
964,best,pp,-5.141889572143555
965,best,pp,-5.318176746368408
966,best,pp,-5.487091064453125
967,best,pp,-4.716431140899658
968,best,pp,-5.345378398895264
969,best,pp,-5.077554702758789
970,best,pp,-5.330595016479492
971,best,pp,-5.054124355316162
972,best,pp,-5.376323699951172
973,best,pp,-4.452907085418701
974,best,do,-6.154501914978027
975,best,do,-5.486507415771484
976,best,do,-6.120511054992676
977,best,do,-5.501821041107178
978,best,do,-4.87990665435791
979,best,do,-4.512176036834717
980,best,do,-6.328318119049072
981,best,do,-4.490391254425049
982,best,do,-5.616421222686768
983,best,do,-4.3622517585754395
984,best,do,-5.425475120544434
985,best,do,-5.099132061004639
986,best,do,-5.63122034072876
987,best,do,-4.849846363067627
988,best,do,-6.841231346130371
989,best,do,-6.9179887771606445
990,best,do,-6.3708577156066895
991,best,do,-4.53853702545166
992,best,do,-4.551017761230469
993,best,do,-5.5359392166137695
994,best,do,-4.383710861206055
995,best,do,-6.5576958656311035
996,best,do,-5.4811930656433105
997,best,do,-5.067191123962402
998,best,do,-5.410635471343994
999,best,do,-5.633641242980957
1000,best,do,-4.5789361000061035
1001,best,do,-5.107149600982666
1002,best,do,-4.766592025756836
1003,best,do,-5.5359392166137695
1004,best,do,-5.473285675048828
1005,best,do,-4.507214546203613
1006,best,do,-5.541416168212891
1007,best,do,-5.316895961761475
1008,best,do,-4.6415486335754395
1009,best,do,-4.050045490264893
1010,best,do,-4.792008876800537
1011,best,do,-6.122593402862549
1012,best,do,-5.579877853393555
1013,best,do,-6.183911323547363
1014,best,do,-5.579877853393555
1015,best,do,-5.079131126403809
1016,best,do,-3.9871881008148193
1017,best,pp,-5.048824310302734
1018,best,pp,-4.935779571533203
1019,best,pp,-5.665982246398926
1020,best,pp,-4.625937461853027
1021,best,pp,-4.499345779418945
1022,best,pp,-4.48764705657959
1023,best,pp,-5.191193580627441
1024,best,pp,-4.340663909912109
1025,best,pp,-4.991432189941406
1026,best,pp,-4.370876789093018
1027,best,pp,-5.455342769622803
1028,best,pp,-5.2507171630859375
1029,best,pp,-5.138504981994629
1030,best,pp,-4.041770935058594
1031,best,pp,-6.128056049346924
1032,best,pp,-5.445548057556152
1033,best,pp,-6.162646770477295
1034,best,pp,-4.509189128875732
1035,best,pp,-4.470423698425293
1036,best,pp,-4.9595441818237305
1037,best,pp,-5.292741298675537
1038,best,pp,-4.100537300109863
1039,best,pp,-5.514226913452148
1040,best,pp,-5.283984184265137
1041,best,pp,-4.195875644683838
1042,best,pp,-5.1122260093688965
1043,best,pp,-5.907660961151123
1044,best,pp,-3.7827184200286865
1045,best,pp,-6.268418788909912
1046,best,pp,-4.968766212463379
1047,best,pp,-5.839293479919434
1048,best,pp,-4.557968616485596
1049,best,pp,-4.83671760559082
1050,best,pp,-4.383362293243408
1051,best,pp,-4.2173261642456055
1052,best,pp,-5.224562644958496
1053,best,pp,-5.3626227378845215
1054,best,pp,-4.544931411743164
1055,best,pp,-4.525275707244873
1056,best,pp,-4.451073169708252
1057,best,pp,-4.945296287536621
1058,best,pp,-3.7767624855041504
1059,best,pp,-4.608709335327148
1060,best,pp,-4.5289177894592285
1061,best,pp,-4.332157611846924
1062,best,pp,-4.504812240600586
1063,best,pp,-3.553589105606079
1064,best,pp,-4.446996212005615
1065,best,pp,-5.495224475860596
1066,best,pp,-4.116179466247559
1067,best,pp,-4.982204914093018
1068,best,pp,-3.8393805027008057
1069,best,pp,-4.609839916229248
1070,best,pp,-4.534233093261719
1071,best,pp,-4.537138938903809
1072,best,pp,-4.0762619972229
1073,best,pp,-3.9918572902679443
1074,best,pp,-4.19094705581665
1075,best,pp,-3.895500659942627
1076,best,pp,-5.752208709716797
1077,best,do,-4.814210414886475
1078,best,do,-4.753638744354248
1079,best,do,-4.258535861968994
1080,best,do,-4.0548787117004395
1081,best,do,-3.2172861099243164
1082,best,do,-3.0964934825897217
1083,best,do,-3.5583178997039795
1084,best,do,-3.9026992321014404
1085,best,do,-3.967895269393921
1086,best,do,-3.6786677837371826
1087,best,do,-3.8213951587677
1088,best,do,-3.705122709274292
1089,best,do,-4.27502965927124
1090,best,do,-4.809139728546143
1091,best,do,-4.928657054901123
1092,best,do,-3.2552363872528076
1093,best,do,-3.90802264213562
1094,best,do,-4.384900093078613
1095,best,do,-4.6371750831604
1096,best,do,-3.4872353076934814
1097,best,do,-4.184378147125244
1098,best,do,-3.2596428394317627
1099,best,do,-4.2232184410095215
1100,best,do,-4.069133758544922
1101,best,do,-4.278512954711914
1102,best,do,-3.806739091873169
1103,best,do,-3.6371471881866455
1104,best,do,-3.3782341480255127
1105,best,do,-4.196325302124023
1106,best,do,-3.283609628677368
1107,best,do,-3.2596428394317627
1108,best,do,-4.5344061851501465
1109,best,do,-3.806522846221924
1110,best,do,-5.051083564758301
1111,best,do,-5.4054718017578125
1112,best,do,-3.981088399887085
1113,best,do,-4.028326511383057
1114,best,do,-3.344762086868286
1115,best,do,-3.689223527908325
1116,best,do,-3.567835569381714
1117,best,do,-5.024196624755859
1118,best,do,-5.147761821746826
1119,best,do,-3.072354555130005
1120,best,pp,-4.389489650726318
1121,best,pp,-4.775704860687256
1122,best,pp,-4.536398410797119
1123,best,pp,-3.514162063598633
1124,best,pp,-2.838959217071533
1125,best,pp,-3.3667526245117188
1126,best,pp,-3.2198326587677
1127,best,pp,-3.5741658210754395
1128,best,pp,-3.5005831718444824
1129,best,pp,-3.5941572189331055
1130,best,pp,-3.6544101238250732
1131,best,pp,-3.2661919593811035
1132,best,pp,-4.1703667640686035
1133,best,pp,-4.660346031188965
1134,best,pp,-4.467064380645752
1135,best,pp,-3.5247421264648438
1136,best,pp,-3.732700824737549
1137,best,pp,-3.912808656692505
1138,best,pp,-4.781980991363525
1139,best,pp,-3.41154146194458
1140,best,do,-3.7977635860443115
1141,best,do,-3.931570053100586
1142,best,do,-3.9656691551208496
1143,best,do,-3.6589717864990234
1144,best,do,-4.367492198944092
1145,best,do,-3.3965213298797607
1146,best,do,-3.7977635860443115
1147,best,do,-4.870179653167725
1148,best,do,-3.260746955871582
1149,best,do,-3.4390227794647217
1150,best,do,-3.706775665283203
1151,best,do,-4.36928129196167
1152,best,do,-3.9436943531036377
1153,best,do,-4.9143757820129395
1154,best,do,-3.5511457920074463
1155,best,do,-2.7470691204071045
1156,best,do,-4.082399845123291
1157,best,do,-4.647830486297607
1158,best,do,-4.110629558563232
1159,best,do,-3.838717222213745
1160,best,do,-3.8536112308502197
1161,best,do,-2.9258365631103516
1162,best,do,-5.220287799835205
1163,best,do,-4.837862968444824
1164,best,do,-3.931570053100586
1165,best,do,-3.834282159805298
1166,best,do,-4.070479869842529
1167,best,do,-3.680845260620117
1168,best,do,-3.455061197280884
1169,best,do,-4.057958126068115
1170,best,do,-3.2911927700042725
1171,best,do,-3.4859402179718018
1172,best,do,-4.082399845123291
1173,best,do,-3.3239431381225586
1174,best,do,-3.1898281574249268
1175,best,do,-3.1898281574249268
1176,best,do,-3.71653151512146
1177,best,do,-4.291230201721191
1178,best,do,-3.111431837081909
1179,best,do,-2.7470691204071045
1180,best,do,-5.220287799835205
1181,best,do,-3.73779034614563
1182,best,do,-3.680845260620117
1183,best,pp,-4.282350063323975
1184,best,pp,-4.342652320861816
1185,best,pp,-3.890385150909424
1186,best,pp,-3.5839805603027344
1187,best,pp,-4.630296230316162
1188,best,pp,-3.223649501800537
1189,best,pp,-4.282350063323975
1190,best,pp,-5.040885925292969
1191,best,pp,-3.5181634426116943
1192,best,pp,-3.7154603004455566
1193,best,pp,-4.075775623321533
1194,best,pp,-4.540579319000244
1195,best,pp,-3.9578983783721924
1196,best,pp,-4.977081775665283
1197,best,pp,-3.4918339252471924
1198,best,pp,-3.032404661178589
1199,best,pp,-4.395657539367676
1200,best,pp,-4.707995414733887
1201,best,pp,-4.465076446533203
1202,best,pp,-3.463704824447632
1203,best,do,-5.661426067352295
1204,best,do,-4.4602861404418945
1205,best,do,-5.263742446899414
1206,best,do,-5.742981910705566
1207,best,do,-5.120000839233398
1208,best,do,-5.546201705932617
1209,best,do,-5.353874206542969
1210,best,do,-4.750025749206543
1211,best,do,-4.369782447814941
1212,best,do,-6.0076446533203125
1213,best,do,-5.198892593383789
1214,best,do,-4.990482330322266
1215,best,do,-4.602621555328369
1216,best,do,-4.482210159301758
1217,best,do,-5.261452674865723
1218,best,do,-4.56852912902832
1219,best,do,-5.195953845977783
1220,best,do,-5.1561079025268555
1221,best,do,-5.09130334854126
1222,best,do,-4.753724098205566
1223,best,do,-5.48438024520874
1224,best,do,-5.788552761077881
1225,best,do,-6.057333469390869
1226,best,do,-4.50999641418457
1227,best,do,-5.2626471519470215
1228,best,do,-5.3632402420043945
1229,best,do,-4.644382476806641
1230,best,do,-5.049716472625732
1231,best,do,-4.98865270614624
1232,best,do,-4.798149108886719
1233,best,do,-5.277411460876465
1234,best,do,-4.72009801864624
1235,best,do,-5.767785549163818
1236,best,do,-4.745239734649658
1237,best,do,-5.075518608093262
1238,best,do,-5.036851406097412
1239,best,do,-4.38627815246582
1240,best,do,-5.214901447296143
1241,best,do,-5.11667537689209
1242,best,do,-4.543875694274902
1243,best,do,-4.206247329711914
1244,best,do,-5.921843528747559
1245,best,do,-5.15132474899292
1246,best,pp,-5.191958904266357
1247,best,pp,-3.236377239227295
1248,best,pp,-4.456920146942139
1249,best,pp,-4.266467571258545
1250,best,pp,-4.5840888023376465
1251,best,pp,-4.545064926147461
1252,best,pp,-4.902292251586914
1253,best,pp,-4.567816734313965
1254,best,pp,-3.8433966636657715
1255,best,pp,-5.439586162567139
1256,best,pp,-4.316869735717773
1257,best,pp,-4.4329986572265625
1258,best,pp,-4.060466766357422
1259,best,pp,-3.5458321571350098
1260,best,pp,-4.04338264465332
1261,best,pp,-3.8042352199554443
1262,best,pp,-4.27652645111084
1263,best,pp,-4.167731285095215
1264,best,pp,-4.848512172698975
1265,best,pp,-4.240468978881836
1266,best,do,-4.229029655456543
1267,best,do,-4.291594982147217
1268,best,do,-5.922201156616211
1269,best,do,-4.84968376159668
1270,best,do,-4.420321464538574
1271,best,do,-5.765196323394775
1272,best,do,-6.320810794830322
1273,best,do,-5.611177921295166
1274,best,do,-4.609139442443848
1275,best,do,-5.765143871307373
1276,best,do,-6.218484401702881
1277,best,do,-4.507592678070068
1278,best,do,-6.296571731567383
1279,best,do,-5.303411960601807
1280,best,do,-5.123236656188965
1281,best,do,-5.751719951629639
1282,best,do,-5.4208807945251465
1283,best,do,-5.730123519897461
1284,best,do,-4.628312587738037
1285,best,do,-5.420455455780029
1286,best,do,-5.288051128387451
1287,best,do,-5.237493991851807
1288,best,do,-5.5519280433654785
1289,best,do,-6.350782871246338
1290,best,do,-5.931042194366455
1291,best,do,-4.908580780029297
1292,best,do,-5.539757251739502
1293,best,do,-5.993813991546631
1294,best,do,-5.54184103012085
1295,best,do,-5.1022257804870605
1296,best,do,-5.151679992675781
1297,best,do,-5.724635601043701
1298,best,do,-5.698572158813477
1299,best,do,-4.074975967407227
1300,best,do,-5.2262654304504395
1301,best,do,-6.660249710083008
1302,best,do,-5.297233581542969
1303,best,do,-6.466990947723389
1304,best,do,-4.229220390319824
1305,best,do,-5.793551921844482
1306,best,do,-6.090667247772217
1307,best,do,-6.236866474151611
1308,best,do,-5.645212173461914
1309,best,pp,-3.4214634895324707
1310,best,pp,-3.6959595680236816
1311,best,pp,-4.066107273101807
1312,best,pp,-3.5990142822265625
1313,best,pp,-3.42743182182312
1314,best,pp,-4.293166637420654
1315,best,pp,-5.340824127197266
1316,best,pp,-4.640023231506348
1317,best,pp,-3.2919411659240723
1318,best,pp,-5.213961124420166
1319,best,pp,-4.525452136993408
1320,best,pp,-3.9415335655212402
1321,best,pp,-5.011537075042725
1322,best,pp,-4.157601356506348
1323,best,pp,-4.148414134979248
1324,best,pp,-4.0935282707214355
1325,best,pp,-3.8539154529571533
1326,best,pp,-5.256050109863281
1327,best,pp,-3.39371919631958
1328,best,pp,-3.9243006706237793
1329,best,pp,-3.9728171825408936
1330,best,pp,-3.3212180137634277
1331,best,pp,-5.08205509185791
1332,best,pp,-4.8803253173828125
1333,best,pp,-4.56464147567749
1334,best,pp,-4.176022052764893
1335,best,pp,-4.0716233253479
1336,best,pp,-4.644671440124512
1337,best,pp,-3.6561319828033447
1338,best,pp,-4.75656270980835
1339,best,pp,-3.7964839935302734
1340,best,pp,-3.979172945022583
1341,best,pp,-4.090298652648926
1342,best,pp,-5.082653045654297
1343,best,pp,-5.36098051071167
1344,best,pp,-3.938398599624634
1345,best,pp,-5.159585952758789
1346,best,pp,-3.333782434463501
1347,best,pp,-5.270581245422363
1348,best,pp,-4.907451152801514
1349,best,pp,-3.4063634872436523
1350,best,pp,-3.665801525115967
1351,best,pp,-4.2301025390625
1352,best,pp,-3.21096134185791
1353,best,pp,-3.5071520805358887
1354,best,pp,-2.7129313945770264
1355,best,pp,-3.0014989376068115
1356,best,pp,-4.372507095336914
1357,best,pp,-4.350165367126465
1358,best,pp,-3.7202858924865723
1359,best,pp,-2.976987838745117
1360,best,pp,-3.424762725830078
1361,best,pp,-4.449579238891602
1362,best,pp,-4.139462947845459
1363,best,pp,-3.454970359802246
1364,best,pp,-3.04998779296875
1365,best,pp,-4.487540245056152
1366,best,pp,-3.8953487873077393
1367,best,pp,-3.653988838195801
1368,best,pp,-3.28163480758667
