item_id,model_state,do,pp
0,initial,-7.457678318023682,-6.948318004608154
1,initial,-8.495137214660645,-7.437707424163818
2,initial,-7.881903171539307,-6.995983600616455
3,initial,-8.968720436096191,-8.019942283630371
4,initial,-8.064871788024902,-6.60858154296875
5,initial,-8.341910362243652,-7.200727939605713
6,initial,-9.641642570495605,-8.532441139221191
7,initial,-8.383865356445312,-7.17270040512085
8,initial,-7.592833042144775,-6.50689697265625
9,initial,-7.881903171539307,-6.995983600616455
10,initial,-9.521383285522461,-8.065203666687012
11,initial,-7.441135883331299,-6.768077850341797
12,initial,-8.041234970092773,-6.800047397613525
13,initial,-9.365504264831543,-7.86789083480835
14,initial,-7.592833042144775,-6.50689697265625
15,initial,-9.645923614501953,-8.345332145690918
16,initial,-7.879844665527344,-6.69750452041626
17,initial,-8.381339073181152,-7.295405864715576
18,initial,-9.553159713745117,-8.196632385253906
19,initial,-7.6591315269470215,-6.837501525878906
20,initial,-7.231987476348877,-6.805062294006348
21,initial,-7.823249816894531,-7.4398884773254395
22,initial,-9.020105361938477,-8.229792594909668
23,initial,-7.954694747924805,-7.380064487457275
24,initial,-9.152355194091797,-8.06977653503418
25,initial,-7.954694747924805,-7.380064487457275
26,initial,-9.415857315063477,-8.041858673095703
27,initial,-9.648517608642578,-8.750489234924316
28,initial,-8.103963851928711,-7.685037136077881
29,initial,-9.895368576049805,-8.490065574645996
30,initial,-7.933332443237305,-7.42058801651001
31,initial,-8.586698532104492,-7.253406047821045
32,initial,-9.020105361938477,-8.229793548583984
33,initial,-8.586699485778809,-7.253406047821045
34,initial,-8.336446762084961,-7.688533782958984
35,initial,-8.90919017791748,-8.32443904876709
36,initial,-8.103963851928711,-7.685036659240723
37,initial,-8.586699485778809,-7.253406047821045
38,initial,-7.482672214508057,-7.253350257873535
39,initial,-7.1298089027404785,-6.955262660980225
40,initial,-7.331038475036621,-7.0244221687316895
41,initial,-7.442911624908447,-6.907123565673828
42,initial,-8.040548324584961,-7.59998083114624
43,initial,-8.856221199035645,-7.734889030456543
44,initial,-7.75679874420166,-7.080389022827148
45,initial,-7.4008684158325195,-7.091537952423096
46,initial,-7.7267913818359375,-6.975928783416748
47,initial,-8.091790199279785,-7.53595495223999
48,initial,-8.945474624633789,-8.42093563079834
49,initial,-7.6735992431640625,-7.144076824188232
50,initial,-8.597491264343262,-7.483366012573242
51,initial,-8.998647689819336,-7.836700916290283
52,initial,-8.185690879821777,-7.56804895401001
53,initial,-8.26159381866455,-7.634871959686279
54,initial,-8.515541076660156,-7.5235209465026855
55,initial,-7.976032257080078,-7.200743675231934
56,initial,-7.090115547180176,-6.615352630615234
57,initial,-7.380220413208008,-6.662962913513184
58,initial,-8.13364315032959,-6.341103553771973
59,initial,-7.721976280212402,-6.8388590812683105
60,initial,-9.032941818237305,-8.09022045135498
61,initial,-9.627140998840332,-7.891584873199463
62,initial,-10.746391296386719,-9.394852638244629
63,initial,-10.006373405456543,-8.767400741577148
64,initial,-8.676185607910156,-7.89893102645874
65,initial,-8.50059986114502,-7.667642116546631
66,initial,-9.157536506652832,-8.119707107543945
67,initial,-10.605680465698242,-9.135581970214844
68,initial,-8.814995765686035,-7.346574306488037
69,initial,-8.863873481750488,-7.043740749359131
70,initial,-8.40281867980957,-7.55850076675415
71,initial,-10.128870010375977,-8.62951374053955
72,initial,-8.098345756530762,-6.546076774597168
73,initial,-8.83935260772705,-7.640875816345215
74,initial,-8.528426170349121,-7.614589214324951
75,initial,-9.23083782196045,-8.27881908416748
76,initial,-9.099998474121094,-7.76346492767334
77,initial,-10.146604537963867,-8.59553050994873
78,initial,-8.161922454833984,-7.593180179595947
79,initial,-8.35036563873291,-7.742348670959473
80,initial,-6.172482490539551,-5.937368392944336
81,initial,-6.458129405975342,-6.037714958190918
82,initial,-8.731588363647461,-7.452152252197266
83,initial,-7.1286211013793945,-6.449914455413818
84,initial,-6.534337043762207,-6.523589134216309
85,initial,-8.237500190734863,-8.131807327270508
86,initial,-8.094255447387695,-7.615439414978027
87,initial,-7.348465919494629,-6.947702407836914
88,initial,-7.115693092346191,-6.847720623016357
89,initial,-6.19755744934082,-6.282947540283203
90,initial,-7.1366095542907715,-6.153218746185303
91,initial,-8.591761589050293,-8.652173042297363
92,initial,-6.637867450714111,-6.4447736740112305
93,initial,-7.017274856567383,-7.142496109008789
94,initial,-6.909518241882324,-7.341996192932129
95,initial,-7.444754123687744,-7.25471830368042
96,initial,-6.38153600692749,-5.932884216308594
97,initial,-6.815701484680176,-6.293483257293701
98,initial,-8.091398239135742,-8.260035514831543
99,initial,-6.412228107452393,-5.5859174728393555
100,initial,-7.962427139282227,-6.43934965133667
101,initial,-8.240152359008789,-7.2213826179504395
102,initial,-8.597925186157227,-7.958418846130371
103,initial,-7.317524433135986,-6.344430446624756
104,initial,-7.317524433135986,-6.344430446624756
105,initial,-7.570313453674316,-6.954565048217773
106,initial,-8.675335884094238,-7.4060587882995605
107,initial,-8.728073120117188,-7.269619464874268
108,initial,-6.894064426422119,-6.061380863189697
109,initial,-9.988961219787598,-8.303563117980957
110,initial,-8.919319152832031,-7.488773345947266
111,initial,-7.7288432121276855,-6.731748580932617
112,initial,-9.090092658996582,-7.768096446990967
113,initial,-8.865954399108887,-7.349048614501953
114,initial,-7.369202613830566,-6.9019999504089355
115,initial,-8.590487480163574,-7.525790214538574
116,initial,-10.171091079711914,-8.587852478027344
117,initial,-8.447041511535645,-7.012914180755615
118,initial,-8.675335884094238,-7.4060587882995605
119,initial,-9.157015800476074,-7.552357196807861
120,initial,-8.250506401062012,-6.678900241851807
121,initial,-7.797153472900391,-6.44049072265625
122,initial,-8.561235427856445,-7.023064613342285
123,initial,-7.562142372131348,-5.9889373779296875
124,initial,-7.243891716003418,-6.483436107635498
125,initial,-10.046911239624023,-8.368282318115234
126,initial,-9.738130569458008,-8.626605033874512
127,initial,-9.501361846923828,-7.552978515625
128,initial,-8.57798957824707,-7.001316547393799
129,initial,-10.619834899902344,-8.367484092712402
130,initial,-7.481924533843994,-6.175527095794678
131,initial,-7.4353837966918945,-6.659889221191406
132,initial,-7.6488518714904785,-6.590975284576416
133,initial,-9.749643325805664,-8.351853370666504
134,initial,-10.619834899902344,-8.367484092712402
135,initial,-7.908435821533203,-6.32168436050415
136,initial,-7.954039096832275,-6.727845191955566
137,initial,-7.908435821533203,-6.32168436050415
138,initial,-10.046911239624023,-8.368281364440918
139,initial,-8.454981803894043,-7.5193562507629395
140,initial,-7.424154281616211,-6.589442729949951
141,initial,-8.1681489944458,-7.2621941566467285
142,initial,-8.07607650756836,-7.440892696380615
143,initial,-6.848907470703125,-6.091869831085205
144,initial,-8.84963321685791,-7.940291404724121
145,initial,-7.97506856918335,-6.6489105224609375
146,initial,-8.635266304016113,-7.7277936935424805
147,initial,-8.731202125549316,-7.889420986175537
148,initial,-8.052679061889648,-7.480010032653809
149,initial,-7.573463439941406,-6.677886486053467
150,initial,-8.014144897460938,-7.038864612579346
151,initial,-8.105854988098145,-7.280379295349121
152,initial,-8.88708209991455,-7.791112899780273
153,initial,-8.346288681030273,-7.634565353393555
154,initial,-7.424154281616211,-6.589442729949951
155,initial,-8.635266304016113,-7.7277936935424805
156,initial,-8.70185661315918,-7.902416706085205
157,initial,-8.825995445251465,-7.946155548095703
158,initial,-7.423520088195801,-6.604914665222168
159,initial,-8.635266304016113,-7.7277936935424805
160,initial,-8.700892448425293,-7.817061901092529
161,initial,-9.02074909210205,-7.201854705810547
162,initial,-8.6298246383667,-7.943009376525879
163,initial,-9.82469367980957,-8.767603874206543
164,initial,-9.834755897521973,-8.62456226348877
165,initial,-7.494264125823975,-6.718979358673096
166,initial,-8.899496078491211,-7.69966459274292
167,initial,-9.82469367980957,-8.767603874206543
168,initial,-9.447749137878418,-8.160773277282715
169,initial,-9.049490928649902,-8.06026554107666
170,initial,-9.525014877319336,-8.332730293273926
171,initial,-9.257623672485352,-7.717478275299072
172,initial,-8.434452056884766,-7.616405010223389
173,initial,-9.601346969604492,-8.322884559631348
174,initial,-10.187609672546387,-8.905391693115234
175,initial,-9.347064971923828,-7.636631488800049
176,initial,-9.974393844604492,-8.909579277038574
177,initial,-8.3965425491333,-7.135982990264893
178,initial,-8.358771324157715,-7.682301998138428
179,initial,-9.495810508728027,-7.539031982421875
180,initial,-6.975462436676025,-6.954746723175049
181,initial,-6.320638656616211,-5.914437294006348
182,initial,-6.501589298248291,-6.193297863006592
183,initial,-6.873603820800781,-6.696125507354736
184,initial,-6.895492076873779,-6.123989582061768
185,initial,-7.904526710510254,-7.496897220611572
186,initial,-7.156644344329834,-7.2553558349609375
187,initial,-8.747907638549805,-7.962136268615723
188,initial,-6.631815433502197,-6.154758453369141
189,initial,-7.395179748535156,-7.099935054779053
190,initial,-7.552825927734375,-6.827747344970703
191,initial,-6.975462436676025,-6.954746723175049
192,initial,-6.834641456604004,-6.663999080657959
193,initial,-7.758057594299316,-7.387184143066406
194,initial,-6.575003147125244,-6.288097858428955
195,initial,-7.596138000488281,-7.350895881652832
196,initial,-6.958181858062744,-6.796382904052734
197,initial,-7.905421733856201,-6.582586288452148
198,initial,-7.939414978027344,-7.943469047546387
199,initial,-6.912561893463135,-6.374774932861328
200,initial,-7.0633039474487305,-5.985905170440674
201,initial,-7.928005218505859,-6.8737406730651855
202,initial,-8.556780815124512,-7.348785400390625
203,initial,-7.840124130249023,-6.553046226501465
204,initial,-7.840124130249023,-6.553046226501465
205,initial,-7.486376762390137,-6.451117038726807
206,initial,-9.730088233947754,-8.26481819152832
207,initial,-9.061936378479004,-8.146516799926758
208,initial,-7.840124130249023,-6.553046226501465
209,initial,-7.486376762390137,-6.451117038726807
210,initial,-8.331700325012207,-7.186205863952637
211,initial,-8.712653160095215,-7.015450477600098
212,initial,-8.712653160095215,-7.015450477600098
213,initial,-8.926315307617188,-7.656468868255615
214,initial,-8.331700325012207,-7.186205863952637
215,initial,-8.693512916564941,-7.740408897399902
216,initial,-8.829073905944824,-7.494106769561768
217,initial,-9.062129974365234,-7.755893230438232
218,initial,-7.520663261413574,-6.316001892089844
219,initial,-7.440055847167969,-5.86879825592041
220,initial,-6.8802103996276855,-6.728237628936768
221,initial,-6.838505744934082,-6.6562604904174805
222,initial,-7.34761381149292,-7.17080020904541
223,initial,-7.153388977050781,-7.3141913414001465
224,initial,-8.323577880859375,-7.984604358673096
225,initial,-7.683593273162842,-7.43029260635376
226,initial,-7.807753086090088,-7.427079200744629
227,initial,-7.385093688964844,-6.708728790283203
228,initial,-7.801731109619141,-7.401742935180664
229,initial,-7.683593273162842,-7.43029260635376
230,initial,-8.544282913208008,-7.830790996551514
231,initial,-7.628190994262695,-6.900266647338867
232,initial,-8.275355339050293,-7.567934036254883
233,initial,-8.44502067565918,-8.390947341918945
234,initial,-8.78969669342041,-8.162202835083008
235,initial,-7.826784133911133,-7.203859806060791
236,initial,-7.567024230957031,-6.973546981811523
237,initial,-7.539903163909912,-6.967331886291504
238,initial,-8.404627799987793,-8.17410659790039
239,initial,-7.544229984283447,-7.14943265914917
240,initial,-6.876135349273682,-6.963041305541992
241,initial,-8.078751564025879,-7.665691375732422
242,initial,-8.410406112670898,-7.830716133117676
243,initial,-7.62432861328125,-7.4595794677734375
244,initial,-7.987720966339111,-7.624865531921387
245,initial,-8.18999195098877,-7.933830261230469
246,initial,-7.296924591064453,-7.158822059631348
247,initial,-8.167768478393555,-7.974126815795898
248,initial,-8.007561683654785,-8.16853141784668
249,initial,-8.093486785888672,-8.079190254211426
250,initial,-7.771995544433594,-7.634379863739014
251,initial,-7.023608684539795,-7.1140899658203125
252,initial,-6.968382358551025,-6.986901760101318
253,initial,-6.909757137298584,-6.905784606933594
254,initial,-6.8248748779296875,-6.757041931152344
255,initial,-7.733119487762451,-7.433101177215576
256,initial,-8.55400562286377,-8.184730529785156
257,initial,-8.184392929077148,-8.0821533203125
258,initial,-6.719826698303223,-6.533236026763916
259,initial,-6.372657775878906,-6.264039516448975
260,initial,-7.206239700317383,-7.222255706787109
261,initial,-7.177918434143066,-7.340033531188965
262,initial,-6.731841087341309,-6.720078945159912
263,initial,-7.189910888671875,-7.3629302978515625
264,initial,-7.635809898376465,-7.7945556640625
265,initial,-6.700653076171875,-6.771278381347656
266,initial,-6.471009731292725,-6.370021343231201
267,initial,-6.57429313659668,-6.533605098724365
268,initial,-6.99717903137207,-7.068236351013184
269,initial,-7.0065693855285645,-7.1499199867248535
270,initial,-7.172665596008301,-7.346931457519531
271,initial,-6.5062971115112305,-6.533803462982178
272,initial,-6.8458709716796875,-6.801280498504639
273,initial,-6.529246807098389,-6.139423370361328
274,initial,-7.511161804199219,-7.570157051086426
275,initial,-6.274413108825684,-6.160986423492432
276,initial,-6.552789688110352,-6.5196990966796875
277,initial,-6.511506080627441,-6.705465793609619
278,initial,-6.94707727432251,-7.045643329620361
279,initial,-6.922367572784424,-7.07363224029541
280,initial,-9.386404037475586,-8.415452003479004
281,initial,-8.343202590942383,-7.772724628448486
282,initial,-8.33149528503418,-8.52078628540039
283,initial,-8.294801712036133,-8.078279495239258
284,initial,-7.323095321655273,-6.813445568084717
285,initial,-7.1080546379089355,-6.682130813598633
286,initial,-8.596227645874023,-8.098163604736328
287,initial,-8.203763008117676,-7.906494140625
288,initial,-8.2959566116333,-7.523471355438232
289,initial,-7.268588542938232,-6.923768043518066
290,initial,-8.394852638244629,-8.241876602172852
291,initial,-8.969125747680664,-8.380002975463867
292,initial,-8.092308044433594,-7.698965072631836
293,initial,-8.77365779876709,-8.383184432983398
294,initial,-6.906875133514404,-6.372274398803711
295,initial,-8.307802200317383,-7.907674789428711
296,initial,-8.025444984436035,-7.226559162139893
297,initial,-9.501091957092285,-8.768766403198242
298,initial,-8.023286819458008,-7.704744338989258
299,initial,-8.271425247192383,-8.572636604309082
300,initial,-6.859208106994629,-6.968454360961914
301,initial,-7.4629034996032715,-7.374590873718262
302,initial,-6.364968776702881,-6.060329437255859
303,initial,-7.333874702453613,-7.092113494873047
304,initial,-6.721578598022461,-6.546620845794678
305,initial,-7.526938438415527,-7.771470069885254
306,initial,-8.409464836120605,-8.489023208618164
307,initial,-6.94694185256958,-6.678760528564453
308,initial,-6.71707010269165,-6.488324165344238
309,initial,-6.323108673095703,-6.3403401374816895
310,initial,-7.961823463439941,-8.099631309509277
311,initial,-6.611939430236816,-7.119218349456787
312,initial,-6.988441467285156,-6.698875904083252
313,initial,-6.972299098968506,-6.625091075897217
314,initial,-6.656428813934326,-6.653604507446289
315,initial,-6.411854267120361,-6.2559685707092285
316,initial,-5.894787311553955,-5.674891948699951
317,initial,-7.154750347137451,-7.192590713500977
318,initial,-6.316587448120117,-6.061816692352295
319,initial,-8.366501808166504,-8.276420593261719
320,initial,-5.797230243682861,-5.526148319244385
321,initial,-7.770289421081543,-7.065762519836426
322,initial,-7.345819473266602,-7.1117448806762695
323,initial,-7.082390785217285,-6.59170389175415
324,initial,-7.523386001586914,-7.195704460144043
325,initial,-6.755335330963135,-6.633073329925537
326,initial,-7.675299644470215,-7.762118816375732
327,initial,-8.12007999420166,-7.52318000793457
328,initial,-6.379772186279297,-6.313385486602783
329,initial,-7.4583330154418945,-7.1597466468811035
330,initial,-7.1336846351623535,-6.693490505218506
331,initial,-7.906553268432617,-7.384387493133545
332,initial,-8.169952392578125,-7.628798484802246
333,initial,-6.637060165405273,-6.577552795410156
334,initial,-6.4558281898498535,-6.1287102699279785
335,initial,-7.0969719886779785,-6.746446132659912
336,initial,-7.316964149475098,-7.019977569580078
337,initial,-7.29219388961792,-6.504477500915527
338,initial,-5.932516098022461,-5.782715320587158
339,initial,-7.340086936950684,-7.02847146987915
340,initial,-8.000657081604004,-7.028957843780518
341,initial,-9.645536422729492,-9.001274108886719
342,initial,-9.425931930541992,-9.03969669342041
343,initial,-9.932705879211426,-9.610642433166504
344,initial,-8.71112060546875,-7.993012428283691
345,initial,-8.325432777404785,-7.961216449737549
346,initial,-9.60693359375,-9.097426414489746
347,initial,-8.116679191589355,-8.110590934753418
348,initial,-9.856968879699707,-9.254956245422363
349,initial,-8.963924407958984,-8.156396865844727
350,initial,-9.034543991088867,-8.800782203674316
351,initial,-10.604143142700195,-9.961743354797363
352,initial,-8.912997245788574,-8.434815406799316
353,initial,-10.231661796569824,-9.331154823303223
354,initial,-8.396021842956543,-7.640106678009033
355,initial,-9.245515823364258,-8.800539016723633
356,initial,-10.78824520111084,-9.952022552490234
357,initial,-9.402591705322266,-8.900835990905762
358,initial,-8.643930435180664,-8.01992416381836
359,initial,-8.95157241821289,-8.349000930786133
360,initial,-8.674534797668457,-8.37355899810791
361,initial,-9.916976928710938,-9.108782768249512
362,initial,-8.100974082946777,-7.577138423919678
363,initial,-7.855977535247803,-7.976612091064453
364,initial,-7.7016448974609375,-7.684139251708984
365,initial,-7.571556091308594,-7.36397123336792
366,initial,-8.275620460510254,-8.662352561950684
367,initial,-8.979866981506348,-8.823973655700684
368,initial,-9.41413402557373,-9.150996208190918
369,initial,-10.315014839172363,-10.189681053161621
370,initial,-8.542335510253906,-8.152131080627441
371,initial,-10.082503318786621,-10.127764701843262
372,initial,-9.470789909362793,-8.847652435302734
373,initial,-10.160078048706055,-10.149476051330566
374,initial,-8.845951080322266,-8.982998847961426
375,initial,-7.757014274597168,-7.543740272521973
376,initial,-8.181442260742188,-8.878884315490723
377,initial,-9.916976928710938,-9.108782768249512
378,initial,-7.855977535247803,-7.976612091064453
379,initial,-8.198854446411133,-8.489909172058105
380,initial,-7.020478248596191,-7.418190002441406
381,initial,-8.656899452209473,-8.359149932861328
382,initial,-8.098503112792969,-7.893464088439941
383,initial,-8.921426773071289,-8.80703353881836
384,initial,-7.120351314544678,-6.990926265716553
385,initial,-7.958038806915283,-8.360325813293457
386,initial,-7.890132904052734,-8.016073226928711
387,initial,-8.629212379455566,-8.28376579284668
388,initial,-7.758355617523193,-7.865800857543945
389,initial,-7.672237396240234,-7.37629508972168
390,initial,-7.4803996086120605,-8.013528823852539
391,initial,-8.152342796325684,-8.062118530273438
392,initial,-7.595576763153076,-7.257954120635986
393,initial,-8.999431610107422,-8.7276611328125
394,initial,-7.972570896148682,-8.094498634338379
395,initial,-8.518671035766602,-8.846131324768066
396,initial,-7.810227870941162,-8.097890853881836
397,initial,-7.058697700500488,-6.767920017242432
398,initial,-7.208450794219971,-7.675664901733398
399,initial,-7.119387149810791,-7.369672775268555
400,initial,-8.890738487243652,-8.07258415222168
401,initial,-9.820490837097168,-8.890229225158691
402,initial,-10.321438789367676,-10.494349479675293
403,initial,-8.572958946228027,-8.592263221740723
404,initial,-9.703600883483887,-8.6314115524292
405,initial,-8.934377670288086,-8.37745189666748
406,initial,-9.115440368652344,-8.581939697265625
407,initial,-8.594132423400879,-8.482850074768066
408,initial,-8.688271522521973,-7.6426568031311035
409,initial,-8.41353702545166,-8.386913299560547
410,initial,-8.280204772949219,-7.747139930725098
411,initial,-9.142690658569336,-9.046952247619629
412,initial,-9.742635726928711,-9.24087142944336
413,initial,-8.405726432800293,-8.199126243591309
414,initial,-9.045541763305664,-9.20327091217041
415,initial,-8.752946853637695,-8.43692684173584
416,initial,-9.366000175476074,-9.150290489196777
417,initial,-9.159402847290039,-9.225497245788574
418,initial,-8.758525848388672,-8.365893363952637
419,initial,-8.572959899902344,-8.592263221740723
420,initial,-8.105798721313477,-8.100398063659668
421,initial,-7.1780829429626465,-7.27115535736084
422,initial,-7.040173530578613,-7.130796909332275
423,initial,-7.455785751342773,-6.888545989990234
424,initial,-6.410780429840088,-6.756823539733887
425,initial,-8.800606727600098,-9.359506607055664
426,initial,-8.905716896057129,-8.628402709960938
427,initial,-9.047531127929688,-9.600659370422363
428,initial,-8.484441757202148,-8.924619674682617
429,initial,-6.415109157562256,-6.502537250518799
430,initial,-9.649169921875,-9.51745319366455
431,initial,-7.181150436401367,-7.157027244567871
432,initial,-6.987351894378662,-7.186030864715576
433,initial,-8.87794017791748,-8.544235229492188
434,initial,-8.364885330200195,-8.525266647338867
435,initial,-7.379968643188477,-7.549292087554932
436,initial,-6.774396896362305,-6.3390116691589355
437,initial,-6.944453239440918,-6.915022373199463
438,initial,-6.7919135093688965,-6.741284370422363
439,initial,-6.768393516540527,-6.992833137512207
440,initial,-8.384510040283203,-7.963919639587402
441,initial,-7.184755802154541,-6.816174507141113
442,initial,-8.818196296691895,-8.071298599243164
443,initial,-7.846858501434326,-7.471356391906738
444,initial,-8.032175064086914,-7.358096122741699
445,initial,-9.066614151000977,-8.310585975646973
446,initial,-8.848899841308594,-8.038745880126953
447,initial,-9.190348625183105,-8.524104118347168
448,initial,-8.428539276123047,-7.622041702270508
449,initial,-7.495974063873291,-6.663863658905029
450,initial,-8.32967758178711,-7.264829158782959
451,initial,-8.201544761657715,-7.925177097320557
452,initial,-8.864703178405762,-8.377374649047852
453,initial,-7.887348175048828,-7.025279998779297
454,initial,-7.685338020324707,-6.613907814025879
455,initial,-8.255715370178223,-7.906584739685059
456,initial,-7.550392150878906,-7.496285438537598
457,initial,-7.7892069816589355,-6.603701591491699
458,initial,-7.796154022216797,-7.071085453033447
459,initial,-8.074501037597656,-7.216999053955078
460,initial,-8.271270751953125,-7.657063961029053
461,initial,-6.3470635414123535,-6.3488850593566895
462,initial,-5.964032173156738,-5.9119977951049805
463,initial,-7.614925861358643,-7.764309883117676
464,initial,-7.063859939575195,-7.002269744873047
465,initial,-6.507267951965332,-6.847998142242432
466,initial,-6.789877414703369,-6.494645595550537
467,initial,-7.327907562255859,-6.725194931030273
468,initial,-7.593718528747559,-7.473077774047852
469,initial,-6.71971321105957,-6.641139030456543
470,initial,-7.1732587814331055,-7.699921607971191
471,initial,-9.387758255004883,-8.2477445602417
472,initial,-7.19153356552124,-6.980902194976807
473,initial,-6.895509719848633,-7.0340070724487305
474,initial,-6.632424831390381,-6.964378356933594
475,initial,-7.656986236572266,-7.21657133102417
476,initial,-5.571780681610107,-6.07253360748291
477,initial,-6.679627895355225,-6.6845703125
478,initial,-6.714199542999268,-6.509156703948975
479,initial,-6.292392730712891,-6.160955905914307
480,initial,-5.429858684539795,-5.815146446228027
481,initial,-6.787904739379883,-6.712674617767334
482,initial,-7.405635833740234,-7.875231742858887
483,initial,-5.79295015335083,-5.84345817565918
484,initial,-5.874862194061279,-5.860079765319824
485,initial,-6.4119720458984375,-6.329967021942139
486,initial,-6.4119720458984375,-6.329967021942139
487,initial,-7.057915687561035,-6.863030433654785
488,initial,-5.64931583404541,-5.518711566925049
489,initial,-7.6511664390563965,-7.4296369552612305
490,initial,-7.727488994598389,-7.706812858581543
491,initial,-9.003637313842773,-8.879778861999512
492,initial,-6.4119720458984375,-6.329967021942139
493,initial,-5.646557807922363,-5.51802396774292
494,initial,-6.809819221496582,-6.411019802093506
495,initial,-7.808174133300781,-7.155690670013428
496,initial,-5.51121711730957,-5.867286682128906
497,initial,-6.519668102264404,-6.457653999328613
498,initial,-5.646557807922363,-5.51802396774292
499,initial,-7.460032939910889,-6.798710346221924
500,initial,-6.084925174713135,-6.202639102935791
501,initial,-6.038568019866943,-6.175839900970459
502,initial,-6.958071708679199,-6.977588176727295
503,initial,-8.22889232635498,-8.175512313842773
504,initial,-5.967227458953857,-5.846314907073975
505,initial,-6.700126647949219,-6.476121425628662
506,initial,-7.174443244934082,-6.805215358734131
507,initial,-7.904546737670898,-7.809149265289307
508,initial,-7.194112300872803,-7.009462833404541
509,initial,-6.075962543487549,-6.08781623840332
510,initial,-8.536275863647461,-8.165709495544434
511,initial,-7.848813533782959,-7.688654899597168
512,initial,-6.783836364746094,-6.870373249053955
513,initial,-7.288680076599121,-6.898782730102539
514,initial,-6.388370037078857,-6.6378021240234375
515,initial,-7.099876403808594,-6.867846488952637
516,initial,-7.298399448394775,-6.912022113800049
517,initial,-5.863752841949463,-5.886172771453857
518,initial,-7.145588397979736,-7.331301212310791
519,initial,-8.560420036315918,-8.322911262512207
520,initial,-8.032370567321777,-7.444769382476807
521,initial,-7.425628185272217,-7.238472938537598
522,initial,-8.727505683898926,-8.229171752929688
523,initial,-6.90440559387207,-6.927854061126709
524,initial,-6.3715972900390625,-6.359884262084961
525,initial,-7.495127201080322,-7.571322441101074
526,initial,-5.75124454498291,-5.689870834350586
527,initial,-6.838648796081543,-6.611028671264648
528,initial,-9.174600601196289,-8.737262725830078
529,initial,-7.62241268157959,-7.230077266693115
530,initial,-6.662944316864014,-6.095005512237549
531,initial,-8.827179908752441,-8.85258674621582
532,initial,-9.183001518249512,-7.993225574493408
533,initial,-7.92027473449707,-7.229665279388428
534,initial,-8.965133666992188,-7.569530963897705
535,initial,-6.22678279876709,-6.090965270996094
536,initial,-6.389873027801514,-6.755547523498535
537,initial,-8.827179908752441,-8.85258674621582
538,initial,-5.797776699066162,-5.873510360717773
539,initial,-6.483307838439941,-6.494738578796387
540,initial,-5.171671390533447,-5.564793109893799
541,initial,-5.752598762512207,-5.719894886016846
542,initial,-6.104628086090088,-6.265537261962891
543,initial,-5.346800327301025,-5.604137897491455
544,initial,-5.322270393371582,-5.6781840324401855
545,initial,-5.8993964195251465,-6.228729248046875
546,initial,-5.975747585296631,-6.081814765930176
547,initial,-6.360415935516357,-6.449120044708252
548,initial,-5.777897357940674,-5.813126564025879
549,initial,-6.408607006072998,-6.271482467651367
550,initial,-5.915842056274414,-5.972731590270996
551,initial,-6.794382095336914,-6.727088928222656
552,initial,-5.872504711151123,-6.034969806671143
553,initial,-7.251097679138184,-7.070376873016357
554,initial,-6.704290390014648,-7.189685821533203
555,initial,-7.354976654052734,-7.204890727996826
556,initial,-5.657562255859375,-6.143365859985352
557,initial,-6.023857593536377,-6.134710311889648
558,initial,-6.030505657196045,-5.7543487548828125
559,initial,-5.736091613769531,-6.112808704376221
560,initial,-7.44929838180542,-7.205506801605225
561,initial,-7.28786563873291,-6.885196685791016
562,initial,-8.385053634643555,-7.859772682189941
563,initial,-5.8087239265441895,-5.906539440155029
564,initial,-7.976264476776123,-7.813779830932617
565,initial,-6.139073371887207,-6.058019161224365
566,initial,-6.792408466339111,-6.619810581207275
567,initial,-7.123425006866455,-6.836357116699219
568,initial,-6.6493964195251465,-6.995109558105469
569,initial,-7.096995830535889,-7.1444244384765625
570,initial,-7.434831619262695,-7.509496212005615
571,initial,-6.829102516174316,-6.614258289337158
572,initial,-6.890491962432861,-6.414849281311035
573,initial,-8.26671314239502,-8.00517463684082
574,initial,-5.767104148864746,-5.692056655883789
575,initial,-5.8123931884765625,-5.752797603607178
576,initial,-6.589000225067139,-5.9976911544799805
577,initial,-5.101709842681885,-5.183805465698242
578,initial,-5.769098281860352,-5.6611714363098145
579,initial,-5.9300856590271,-5.533834934234619
580,initial,-7.870987892150879,-7.23246955871582
581,initial,-8.469565391540527,-7.791968822479248
582,initial,-7.473930358886719,-6.972378253936768
583,initial,-8.54987621307373,-7.816993713378906
584,initial,-8.084174156188965,-7.555490970611572
585,initial,-6.991931438446045,-6.123254299163818
586,initial,-7.870406150817871,-6.770771026611328
587,initial,-8.550585746765137,-7.904106140136719
588,initial,-7.981231212615967,-7.453372955322266
589,initial,-8.213984489440918,-7.628799915313721
590,initial,-8.651569366455078,-7.7693190574646
591,initial,-9.348182678222656,-8.070145606994629
592,initial,-8.771994590759277,-7.708939552307129
593,initial,-7.597825050354004,-7.071896553039551
594,initial,-7.178795337677002,-6.311201095581055
595,initial,-8.612632751464844,-7.913766384124756
596,initial,-7.089366436004639,-6.2339982986450195
597,initial,-8.49172306060791,-7.89837646484375
598,initial,-9.085015296936035,-7.93582820892334
599,initial,-7.7296624183654785,-6.986536979675293
600,initial,-7.566840648651123,-7.413902282714844
601,initial,-9.150691032409668,-8.932059288024902
602,initial,-9.754456520080566,-9.342122077941895
603,initial,-8.86220932006836,-8.17514705657959
604,initial,-7.566840648651123,-7.413902282714844
605,initial,-7.48004674911499,-7.105086326599121
606,initial,-8.995153427124023,-8.347418785095215
607,initial,-7.884457111358643,-7.533142566680908
608,initial,-8.612797737121582,-7.950733661651611
609,initial,-8.412261962890625,-7.670475482940674
610,initial,-7.519956111907959,-6.865517616271973
611,initial,-9.754456520080566,-9.342122077941895
612,initial,-7.245870113372803,-6.876964092254639
613,initial,-8.097302436828613,-7.5267558097839355
614,initial,-7.235495090484619,-6.9504547119140625
615,initial,-7.389570713043213,-7.256617069244385
616,initial,-7.168471336364746,-6.744998931884766
617,initial,-8.71440601348877,-7.53296422958374
618,initial,-7.37353515625,-7.316116809844971
619,initial,-8.55880355834961,-8.182151794433594
620,initial,-6.943376541137695,-6.967514514923096
621,initial,-8.053967475891113,-7.530894756317139
622,initial,-7.980318069458008,-8.14016342163086
623,initial,-6.745155334472656,-6.487096309661865
624,initial,-7.435917854309082,-7.104430198669434
625,initial,-7.709866046905518,-7.135719299316406
626,initial,-8.144542694091797,-8.015335083007812
627,initial,-6.608057022094727,-6.347891330718994
628,initial,-7.561152458190918,-6.990443229675293
629,initial,-8.057141304016113,-7.755674362182617
630,initial,-7.83150053024292,-7.319377422332764
631,initial,-7.565154075622559,-7.244309425354004
632,initial,-7.02131986618042,-6.912108421325684
633,initial,-6.16943883895874,-5.8214616775512695
634,initial,-7.10565185546875,-6.957300186157227
635,initial,-6.129302024841309,-6.102563858032227
636,initial,-7.239947319030762,-7.020134925842285
637,initial,-6.930943965911865,-6.609166622161865
638,initial,-8.016512870788574,-7.673704147338867
639,initial,-6.43573522567749,-6.144504070281982
640,initial,-8.844664573669434,-7.301379203796387
641,initial,-8.117932319641113,-7.57427978515625
642,initial,-8.179964065551758,-7.453604221343994
643,initial,-9.0614652633667,-8.097938537597656
644,initial,-8.206657409667969,-7.516002655029297
645,initial,-9.294596672058105,-8.404942512512207
646,initial,-9.127366065979004,-8.685178756713867
647,initial,-7.489722728729248,-6.931180477142334
648,initial,-9.811371803283691,-8.69133472442627
649,initial,-8.539718627929688,-8.222776412963867
650,initial,-7.9998955726623535,-7.627407073974609
651,initial,-7.288470268249512,-6.748331069946289
652,initial,-7.45332670211792,-7.0302300453186035
653,initial,-7.461244106292725,-7.37246036529541
654,initial,-8.10208511352539,-7.1310296058654785
655,initial,-8.522461891174316,-8.248379707336426
656,initial,-8.763395309448242,-8.2947359085083
657,initial,-9.498043060302734,-8.281767845153809
658,initial,-8.527259826660156,-8.167888641357422
659,initial,-8.037721633911133,-7.793286323547363
660,initial,-7.686081886291504,-7.878917217254639
661,initial,-6.048984050750732,-6.026159763336182
662,initial,-7.800980091094971,-7.6564459800720215
663,initial,-7.395811080932617,-7.806326866149902
664,initial,-6.24265193939209,-6.3346028327941895
665,initial,-6.600651741027832,-6.6657304763793945
666,initial,-6.421121120452881,-6.522946357727051
667,initial,-7.25844669342041,-6.663108825683594
668,initial,-5.717371463775635,-5.663119316101074
669,initial,-5.951709747314453,-5.915156841278076
670,initial,-7.75980806350708,-7.7500762939453125
671,initial,-6.628073215484619,-6.895693778991699
672,initial,-7.981349945068359,-8.00125503540039
673,initial,-6.3554887771606445,-6.220405101776123
674,initial,-7.759807586669922,-7.7500762939453125
675,initial,-7.118191719055176,-7.287907123565674
676,initial,-8.333428382873535,-7.975155353546143
677,initial,-6.544417381286621,-6.593622207641602
678,initial,-6.824924468994141,-6.851877212524414
679,initial,-7.200963497161865,-6.983332633972168
680,initial,-7.4880290031433105,-7.026617050170898
681,initial,-7.6966142654418945,-7.250731468200684
682,initial,-7.252157688140869,-7.15229606628418
683,initial,-7.933310508728027,-7.330885887145996
684,initial,-7.774280548095703,-6.919109344482422
685,initial,-6.534108638763428,-5.878944396972656
686,initial,-7.392457008361816,-6.920734405517578
687,initial,-6.494456768035889,-6.41065788269043
688,initial,-7.3452653884887695,-6.99921989440918
689,initial,-7.903332233428955,-7.494991302490234
690,initial,-6.747588634490967,-6.30158805847168
691,initial,-6.855932712554932,-6.210604190826416
692,initial,-7.660347938537598,-7.084197521209717
693,initial,-7.427944660186768,-6.846529960632324
694,initial,-6.972831726074219,-7.041975021362305
695,initial,-7.906284809112549,-7.615191459655762
696,initial,-8.407692909240723,-7.957213401794434
697,initial,-7.360247611999512,-6.722548484802246
698,initial,-7.358026027679443,-6.870162487030029
699,initial,-6.369981288909912,-5.951924800872803
0,final,-7.2709479331970215,-6.735494613647461
1,final,-8.02800178527832,-7.146726131439209
2,final,-7.470836162567139,-6.670658111572266
3,final,-8.592453956604004,-7.727338790893555
4,final,-7.7209062576293945,-6.265282154083252
5,final,-7.797029972076416,-6.809704303741455
6,final,-9.267729759216309,-8.234373092651367
7,final,-8.019817352294922,-6.8001790046691895
8,final,-7.177221775054932,-6.1209306716918945
9,final,-7.470836162567139,-6.670658111572266
10,final,-9.181952476501465,-7.667388439178467
11,final,-6.965407848358154,-6.3487629890441895
12,final,-7.807923793792725,-6.534553527832031
13,final,-8.992300033569336,-7.468093395233154
14,final,-7.177221775054932,-6.1209306716918945
15,final,-9.294400215148926,-7.974122524261475
16,final,-7.6123046875,-6.483741760253906
17,final,-8.129353523254395,-7.081295967102051
18,final,-9.255282402038574,-7.9427266120910645
19,final,-7.221800804138184,-6.534065246582031
20,final,-6.926820278167725,-6.44387149810791
21,final,-7.600404739379883,-7.1076202392578125
22,final,-8.701433181762695,-7.86730432510376
23,final,-7.676685333251953,-7.0168776512146
24,final,-8.792734146118164,-7.616472244262695
25,final,-7.676685333251953,-7.0168776512146
26,final,-9.195900917053223,-7.704105854034424
27,final,-9.293972969055176,-8.427343368530273
28,final,-7.85514497756958,-7.275219917297363
29,final,-9.52361011505127,-8.040207862854004
30,final,-7.706653594970703,-7.0900421142578125
31,final,-8.068605422973633,-6.767373561859131
32,final,-8.701433181762695,-7.86730432510376
33,final,-8.068603515625,-6.767373561859131
34,final,-7.913069725036621,-7.345682144165039
35,final,-8.677450180053711,-8.00772762298584
36,final,-7.855144500732422,-7.275219440460205
37,final,-8.068603515625,-6.767373561859131
38,final,-7.25274133682251,-6.924154758453369
39,final,-6.978421688079834,-6.6743011474609375
40,final,-7.0241804122924805,-6.775600910186768
41,final,-7.114720821380615,-6.626245021820068
42,final,-7.5660719871521,-7.31037712097168
43,final,-8.392552375793457,-7.435769557952881
44,final,-7.386997699737549,-6.887751579284668
45,final,-7.117064476013184,-6.856064796447754
46,final,-7.270169258117676,-6.771282196044922
47,final,-7.655406951904297,-7.220203876495361
48,final,-8.635858535766602,-8.257043838500977
49,final,-7.216987609863281,-6.854902267456055
50,final,-8.160499572753906,-7.1573944091796875
51,final,-8.677592277526855,-7.6437578201293945
52,final,-7.7519989013671875,-7.265250205993652
53,final,-7.876501560211182,-7.448022842407227
54,final,-8.060696601867676,-7.255114555358887
55,final,-7.501009941101074,-6.989160537719727
56,final,-6.773708343505859,-6.426094055175781
57,final,-7.012129783630371,-6.404687881469727
58,final,-7.646052360534668,-6.043772220611572
59,final,-7.311217784881592,-6.6063408851623535
60,final,-8.814553260803223,-7.818930625915527
61,final,-9.412702560424805,-7.571020126342773
62,final,-10.705304145812988,-9.188947677612305
63,final,-9.861923217773438,-8.363417625427246
64,final,-8.487449645996094,-7.519970417022705
65,final,-8.336467742919922,-7.3387980461120605
66,final,-8.905649185180664,-7.778448581695557
67,final,-10.364636421203613,-8.764636993408203
68,final,-8.67255973815918,-7.121285915374756
69,final,-8.640687942504883,-6.733789920806885
70,final,-8.25355052947998,-7.2521491050720215
71,final,-10.028730392456055,-8.341645240783691
72,final,-7.932867050170898,-6.30249547958374
73,final,-8.68425464630127,-7.317488193511963
74,final,-8.390664100646973,-7.359327793121338
75,final,-8.971189498901367,-7.914768218994141
76,final,-8.979331970214844,-7.4137187004089355
77,final,-9.834758758544922,-8.225245475769043
78,final,-7.947885990142822,-7.2262797355651855
79,final,-8.127163887023926,-7.353412628173828
80,final,-5.91028356552124,-5.648231029510498
81,final,-6.172142028808594,-5.727999687194824
82,final,-8.415693283081055,-7.186431884765625
83,final,-6.943650245666504,-6.202993392944336
84,final,-6.316662788391113,-6.301599025726318
85,final,-8.043457984924316,-7.925694465637207
86,final,-7.791760444641113,-7.384676456451416
87,final,-7.068480968475342,-6.683749198913574
88,final,-6.848622798919678,-6.578864574432373
89,final,-5.942841529846191,-6.030317783355713
90,final,-6.857972621917725,-5.901289463043213
91,final,-8.429758071899414,-8.439299583435059
92,final,-6.423267841339111,-6.201294898986816
93,final,-6.820791244506836,-6.884993553161621
94,final,-6.717604637145996,-7.102076053619385
95,final,-7.257741451263428,-7.0665764808654785
96,final,-6.169831275939941,-5.672621726989746
97,final,-6.675688743591309,-6.142456531524658
98,final,-7.83461856842041,-7.98421573638916
99,final,-6.177907466888428,-5.409747123718262
100,final,-7.577760696411133,-6.21408224105835
101,final,-7.827452182769775,-6.873425483703613
102,final,-8.277061462402344,-7.771784782409668
103,final,-6.806809902191162,-6.0561909675598145
104,final,-6.806809902191162,-6.0561909675598145
105,final,-7.067451000213623,-6.597440242767334
106,final,-8.159832954406738,-7.064913749694824
107,final,-8.214266777038574,-6.998549461364746
108,final,-6.439407825469971,-5.738235950469971
109,final,-9.550503730773926,-8.02707576751709
110,final,-8.495548248291016,-7.206669330596924
111,final,-7.320084571838379,-6.418071269989014
112,final,-8.620681762695312,-7.451922416687012
113,final,-8.365655899047852,-7.0273871421813965
114,final,-7.023525238037109,-6.629319190979004
115,final,-8.043331146240234,-7.148506164550781
116,final,-9.562589645385742,-8.202134132385254
117,final,-7.828094482421875,-6.659996509552002
118,final,-8.159832954406738,-7.064913749694824
119,final,-8.555846214294434,-7.149273872375488
120,final,-7.879913806915283,-6.4402008056640625
121,final,-7.354043483734131,-6.117271900177002
122,final,-8.280755996704102,-6.847030162811279
123,final,-7.23392391204834,-5.732854843139648
124,final,-6.794522285461426,-6.1213226318359375
125,final,-9.580430030822754,-8.022472381591797
126,final,-9.17177677154541,-8.287707328796387
127,final,-9.146309852600098,-7.241246700286865
128,final,-8.209927558898926,-6.745391845703125
129,final,-10.341105461120605,-8.126150131225586
130,final,-7.126826286315918,-5.875614166259766
131,final,-6.925899505615234,-6.309180736541748
132,final,-7.1627678871154785,-6.269619941711426
133,final,-9.372817993164062,-8.02315902709961
134,final,-10.341105461120605,-8.126150131225586
135,final,-7.487103462219238,-5.975882053375244
136,final,-7.595640182495117,-6.535557270050049
137,final,-7.487103462219238,-5.975882053375244
138,final,-9.580430030822754,-8.022473335266113
139,final,-7.970806121826172,-7.237697124481201
140,final,-7.049983501434326,-6.368040084838867
141,final,-7.721411228179932,-6.976044178009033
142,final,-7.574779510498047,-7.198020935058594
143,final,-6.3831787109375,-5.821199417114258
144,final,-8.350172996520996,-7.666139602661133
145,final,-7.50142240524292,-6.296992778778076
146,final,-8.256376266479492,-7.5108513832092285
147,final,-8.314484596252441,-7.650761127471924
148,final,-7.584261417388916,-7.2434258460998535
149,final,-7.2328362464904785,-6.509164810180664
150,final,-7.720659255981445,-6.87069034576416
151,final,-7.6512861251831055,-7.057190895080566
152,final,-8.421069145202637,-7.48834753036499
153,final,-8.003149032592773,-7.45389461517334
154,final,-7.049983501434326,-6.368040084838867
155,final,-8.256376266479492,-7.5108513832092285
156,final,-8.352910041809082,-7.708888530731201
157,final,-8.466790199279785,-7.741616725921631
158,final,-6.978400230407715,-6.334291458129883
159,final,-8.256376266479492,-7.5108513832092285
160,final,-8.454843521118164,-7.48754358291626
161,final,-8.852325439453125,-6.817641735076904
162,final,-8.34764575958252,-7.617992877960205
163,final,-9.474035263061523,-8.346576690673828
164,final,-9.482355117797852,-8.34639835357666
165,final,-7.30684232711792,-6.430356502532959
166,final,-8.77547550201416,-7.395256042480469
167,final,-9.474035263061523,-8.346576690673828
168,final,-9.178235054016113,-7.826377868652344
169,final,-8.769301414489746,-7.775211811065674
170,final,-9.480600357055664,-7.948587417602539
171,final,-8.996084213256836,-7.164600849151611
172,final,-8.14206314086914,-7.268128871917725
173,final,-9.422245979309082,-8.009812355041504
174,final,-9.815157890319824,-8.515555381774902
175,final,-9.084752082824707,-7.3578972816467285
176,final,-9.768560409545898,-8.514601707458496
177,final,-8.246760368347168,-6.895930290222168
178,final,-8.275357246398926,-7.348710060119629
179,final,-9.249263763427734,-7.095295429229736
180,final,-6.7915778160095215,-6.8199076652526855
181,final,-5.997227191925049,-5.647129058837891
182,final,-6.30927848815918,-6.017765998840332
183,final,-6.573317527770996,-6.456948280334473
184,final,-6.586358070373535,-5.831639289855957
185,final,-7.6336894035339355,-7.223072528839111
186,final,-6.984756946563721,-7.077165126800537
187,final,-8.313584327697754,-7.713654518127441
188,final,-6.141753196716309,-5.7446794509887695
189,final,-7.217488765716553,-6.928063869476318
190,final,-7.103111743927002,-6.539552688598633
191,final,-6.7915778160095215,-6.8199076652526855
192,final,-6.611820697784424,-6.471955299377441
193,final,-7.588545799255371,-7.260378360748291
194,final,-6.445837497711182,-6.171491622924805
195,final,-7.342954635620117,-7.115207672119141
196,final,-6.791167259216309,-6.653619289398193
197,final,-7.492397308349609,-6.3147406578063965
198,final,-7.769495487213135,-7.745025157928467
199,final,-6.531106948852539,-6.001263618469238
200,final,-6.522526741027832,-5.660876750946045
201,final,-7.546647548675537,-6.671701431274414
202,final,-8.025232315063477,-6.978270530700684
203,final,-7.093265533447266,-6.105838298797607
204,final,-7.093265533447266,-6.105838298797607
205,final,-7.047682285308838,-6.217433929443359
206,final,-9.128297805786133,-7.9368510246276855
207,final,-8.63207721710205,-7.905627727508545
208,final,-7.093265533447266,-6.105838298797607
209,final,-7.047682285308838,-6.217433929443359
210,final,-7.788645267486572,-6.910153388977051
211,final,-7.9594292640686035,-6.585804462432861
212,final,-7.9594292640686035,-6.585804462432861
213,final,-8.37235164642334,-7.272596836090088
214,final,-7.788645267486572,-6.910153388977051
215,final,-8.265397071838379,-7.483574867248535
216,final,-8.290583610534668,-7.123039245605469
217,final,-8.581366539001465,-7.518368721008301
218,final,-7.01547384262085,-6.010624885559082
219,final,-6.80180549621582,-5.502652645111084
220,final,-6.669631481170654,-6.429145812988281
221,final,-6.616421699523926,-6.336677551269531
222,final,-6.998546123504639,-6.7400312423706055
223,final,-6.808639049530029,-6.867691993713379
224,final,-8.043766975402832,-7.637228012084961
225,final,-7.360247611999512,-7.0150556564331055
226,final,-7.5546770095825195,-7.159627437591553
227,final,-7.107563018798828,-6.409545421600342
228,final,-7.458215236663818,-6.980457782745361
229,final,-7.360247611999512,-7.0150556564331055
230,final,-8.203242301940918,-7.444125175476074
231,final,-7.337624549865723,-6.589474678039551
232,final,-8.052031517028809,-7.245372772216797
233,final,-8.180145263671875,-8.029165267944336
234,final,-8.50875186920166,-7.784384250640869
235,final,-7.465274333953857,-6.784015655517578
236,final,-7.310272216796875,-6.6636834144592285
237,final,-7.255473613739014,-6.660399913787842
238,final,-8.162677764892578,-7.837185859680176
239,final,-7.283747673034668,-6.845965385437012
240,final,-6.663837432861328,-6.613019943237305
241,final,-7.615096569061279,-7.133613109588623
242,final,-8.202837944030762,-7.5463690757751465
243,final,-7.451592922210693,-7.160831928253174
244,final,-7.7988600730896,-7.29148006439209
245,final,-7.96267557144165,-7.6072678565979
246,final,-7.141803741455078,-6.875218868255615
247,final,-7.979168891906738,-7.621133804321289
248,final,-7.815345764160156,-7.799975395202637
249,final,-7.766777038574219,-7.662644863128662
250,final,-7.591210842132568,-7.276660442352295
251,final,-6.712247371673584,-6.675519943237305
252,final,-6.674446105957031,-6.64583683013916
253,final,-6.7286858558654785,-6.573925495147705
254,final,-6.642368793487549,-6.434262752532959
255,final,-7.556957244873047,-7.14288854598999
256,final,-8.252732276916504,-7.777871131896973
257,final,-7.934886455535889,-7.686651229858398
258,final,-6.5514984130859375,-6.2080793380737305
259,final,-6.077478408813477,-5.859334945678711
260,final,-6.882284164428711,-6.922201633453369
261,final,-6.874885559082031,-7.03348445892334
262,final,-6.465977668762207,-6.417326927185059
263,final,-6.881546974182129,-7.047992706298828
264,final,-7.219796180725098,-7.363310813903809
265,final,-6.463131904602051,-6.540643215179443
266,final,-6.236418724060059,-6.105818271636963
267,final,-6.258772373199463,-6.251474857330322
268,final,-6.710638999938965,-6.714415073394775
269,final,-6.793554306030273,-6.9099249839782715
270,final,-6.821646213531494,-6.97800874710083
271,final,-6.131757736206055,-6.165427207946777
272,final,-6.4665846824646,-6.439208507537842
273,final,-6.205324649810791,-5.819554328918457
274,final,-7.301936626434326,-7.324924468994141
275,final,-5.961073398590088,-5.856750011444092
276,final,-6.188583850860596,-6.146239280700684
277,final,-6.209229469299316,-6.430172920227051
278,final,-6.686418056488037,-6.7939133644104
279,final,-6.544507026672363,-6.675657749176025
280,final,-9.16019344329834,-8.02046012878418
281,final,-8.137517929077148,-7.377447128295898
282,final,-8.167169570922852,-8.136810302734375
283,final,-8.153393745422363,-7.834166526794434
284,final,-7.210865020751953,-6.460010528564453
285,final,-6.991714954376221,-6.40600061416626
286,final,-8.423975944519043,-7.774762153625488
287,final,-8.05724048614502,-7.483719825744629
288,final,-8.136650085449219,-7.135478496551514
289,final,-7.0551958084106445,-6.5798211097717285
290,final,-8.322227478027344,-7.973655700683594
291,final,-8.738457679748535,-7.974897384643555
292,final,-8.018824577331543,-7.430827617645264
293,final,-8.625885963439941,-8.076669692993164
294,final,-6.689895153045654,-6.002536773681641
295,final,-8.123834609985352,-7.482706069946289
296,final,-7.875667572021484,-6.910948753356934
297,final,-9.27996826171875,-8.362297058105469
298,final,-7.950040817260742,-7.438547611236572
299,final,-8.193564414978027,-8.269539833068848
300,final,-6.638877868652344,-6.719973564147949
301,final,-7.206153869628906,-7.1444807052612305
302,final,-6.137730121612549,-5.771331787109375
303,final,-7.145792007446289,-6.835734844207764
304,final,-6.547468185424805,-6.265043258666992
305,final,-7.339084148406982,-7.409987449645996
306,final,-8.288122177124023,-8.224080085754395
307,final,-6.698432445526123,-6.310859680175781
308,final,-6.370631217956543,-6.164950370788574
309,final,-6.166688919067383,-6.062962055206299
310,final,-7.841721534729004,-7.873244762420654
311,final,-6.427720069885254,-6.863128662109375
312,final,-6.812309265136719,-6.454216003417969
313,final,-6.726362705230713,-6.267664432525635
314,final,-6.486649036407471,-6.438365459442139
315,final,-6.273883819580078,-6.025365352630615
316,final,-5.690210342407227,-5.396334648132324
317,final,-6.998885631561279,-6.950717449188232
318,final,-6.181617259979248,-5.83495569229126
319,final,-8.169594764709473,-7.921916961669922
320,final,-5.483425140380859,-5.176396369934082
321,final,-7.316311836242676,-6.68781852722168
322,final,-7.106435298919678,-6.867607116699219
323,final,-6.534491062164307,-6.157705307006836
324,final,-7.119409561157227,-6.800797462463379
325,final,-6.470431327819824,-6.3615946769714355
326,final,-7.289004325866699,-7.400981426239014
327,final,-7.8467698097229,-7.257314205169678
328,final,-6.046502113342285,-6.0092573165893555
329,final,-7.076868534088135,-6.802701473236084
330,final,-6.689111709594727,-6.312501907348633
331,final,-7.6027727127075195,-7.121484756469727
332,final,-7.791193008422852,-7.272926330566406
333,final,-6.403519153594971,-6.334089756011963
334,final,-6.0921759605407715,-5.7749528884887695
335,final,-6.78955078125,-6.437202453613281
336,final,-6.998840808868408,-6.721505165100098
337,final,-6.911683559417725,-6.161656856536865
338,final,-5.637003421783447,-5.465372562408447
339,final,-6.998380661010742,-6.686615467071533
340,final,-7.627257347106934,-6.830137252807617
341,final,-9.379301071166992,-8.924427032470703
342,final,-9.051068305969238,-8.869481086730957
343,final,-9.453828811645508,-9.436127662658691
344,final,-8.40197467803955,-7.806878089904785
345,final,-7.840154647827148,-7.707336902618408
346,final,-9.31736946105957,-8.871493339538574
347,final,-7.70302677154541,-7.911020755767822
348,final,-9.383402824401855,-8.961504936218262
349,final,-8.597753524780273,-7.9402055740356445
350,final,-8.60749340057373,-8.598410606384277
351,final,-10.308916091918945,-9.748421669006348
352,final,-8.482742309570312,-8.174060821533203
353,final,-9.952303886413574,-9.220608711242676
354,final,-8.01474666595459,-7.437785625457764
355,final,-8.961140632629395,-8.641402244567871
356,final,-10.491974830627441,-9.757630348205566
357,final,-9.039175033569336,-8.818926811218262
358,final,-8.279789924621582,-7.899345874786377
359,final,-8.563246726989746,-8.113819122314453
360,final,-8.380751609802246,-8.127019882202148
361,final,-9.478541374206543,-8.822919845581055
362,final,-7.836505889892578,-7.342601299285889
363,final,-7.5865302085876465,-7.875845909118652
364,final,-7.283290863037109,-7.336817264556885
365,final,-7.2619733810424805,-7.147916316986084
366,final,-7.874932765960693,-8.50137996673584
367,final,-8.368799209594727,-8.295111656188965
368,final,-8.981748580932617,-8.769584655761719
369,final,-9.905611038208008,-9.887481689453125
370,final,-8.144421577453613,-7.958087921142578
371,final,-9.848516464233398,-9.880630493164062
372,final,-9.121612548828125,-8.653029441833496
373,final,-9.854413986206055,-9.91541862487793
374,final,-8.28026008605957,-8.74495792388916
375,final,-7.551529884338379,-7.331547737121582
376,final,-7.7649383544921875,-8.661225318908691
377,final,-9.478541374206543,-8.822919845581055
378,final,-7.5865302085876465,-7.875845909118652
379,final,-8.034337997436523,-8.383563041687012
380,final,-6.711672782897949,-7.34975004196167
381,final,-8.206094741821289,-8.129851341247559
382,final,-7.768762111663818,-7.703177452087402
383,final,-8.524715423583984,-8.683048248291016
384,final,-6.782336711883545,-6.7827582359313965
385,final,-7.461531162261963,-8.185033798217773
386,final,-7.465648651123047,-7.796343803405762
387,final,-8.104952812194824,-8.003539085388184
388,final,-7.342638969421387,-7.795520305633545
389,final,-7.194914817810059,-7.1067352294921875
390,final,-6.9964776039123535,-7.84952449798584
391,final,-7.59658145904541,-7.8114495277404785
392,final,-7.231190204620361,-7.067336082458496
393,final,-8.527898788452148,-8.552902221679688
394,final,-7.605487823486328,-7.919099807739258
395,final,-8.228877067565918,-8.825611114501953
396,final,-7.389026641845703,-7.902414798736572
397,final,-6.719738483428955,-6.595763206481934
398,final,-6.83479642868042,-7.498085975646973
399,final,-6.683176040649414,-7.162164688110352
400,final,-8.646780967712402,-7.817942142486572
401,final,-9.878247261047363,-8.631543159484863
402,final,-10.029150009155273,-10.346250534057617
403,final,-8.242209434509277,-8.276444435119629
404,final,-9.598730087280273,-8.467331886291504
405,final,-8.728777885437012,-8.106016159057617
406,final,-8.964964866638184,-8.464306831359863
407,final,-8.331088066101074,-8.164915084838867
408,final,-8.515931129455566,-7.492496967315674
409,final,-8.238384246826172,-8.225776672363281
410,final,-8.087943077087402,-7.48291540145874
411,final,-8.890172958374023,-8.72314453125
412,final,-9.424212455749512,-8.936790466308594
413,final,-8.386771202087402,-7.96244478225708
414,final,-8.93212890625,-8.977828025817871
415,final,-8.648096084594727,-8.2011137008667
416,final,-9.17914867401123,-8.943745613098145
417,final,-8.812605857849121,-8.87563419342041
418,final,-8.647221565246582,-8.15156078338623
419,final,-8.242210388183594,-8.276444435119629
420,final,-7.690051078796387,-7.835146427154541
421,final,-6.982466697692871,-7.1214280128479
422,final,-6.925784111022949,-7.015219211578369
423,final,-7.18208122253418,-6.702413082122803
424,final,-6.290274143218994,-6.638413906097412
425,final,-8.601790428161621,-9.160411834716797
426,final,-8.692541122436523,-8.46342658996582
427,final,-8.875396728515625,-9.43303108215332
428,final,-8.206664085388184,-8.697370529174805
429,final,-6.120537281036377,-6.331860542297363
430,final,-9.297335624694824,-9.354358673095703
431,final,-6.916831970214844,-6.982556343078613
432,final,-6.808570861816406,-7.04693603515625
433,final,-8.498067855834961,-8.37627124786377
434,final,-8.249225616455078,-8.408611297607422
435,final,-7.142084121704102,-7.331700801849365
436,final,-6.529836654663086,-6.188188076019287
437,final,-6.712358474731445,-6.709725856781006
438,final,-6.515652179718018,-6.562765598297119
439,final,-6.554994106292725,-6.8194661140441895
440,final,-7.715124607086182,-7.643094062805176
441,final,-6.7718939781188965,-6.563407897949219
442,final,-8.169159889221191,-7.820629119873047
443,final,-7.441956996917725,-7.224571704864502
444,final,-7.5350518226623535,-7.084744930267334
445,final,-8.400818824768066,-8.001870155334473
446,final,-8.48557186126709,-7.833151817321777
447,final,-8.547904014587402,-8.1748046875
448,final,-7.885002136230469,-7.341813087463379
449,final,-7.113544940948486,-6.435873508453369
450,final,-7.935131072998047,-7.036550998687744
451,final,-7.834288120269775,-7.725955963134766
452,final,-8.344703674316406,-8.152931213378906
453,final,-7.302865028381348,-6.749290466308594
454,final,-7.2569580078125,-6.426799774169922
455,final,-7.599360466003418,-7.6050519943237305
456,final,-7.063836097717285,-7.189047336578369
457,final,-7.3246283531188965,-6.372706890106201
458,final,-7.252046585083008,-6.753891468048096
459,final,-7.483196258544922,-6.933741569519043
460,final,-7.986696720123291,-7.325718879699707
461,final,-6.043272495269775,-6.134302139282227
462,final,-5.728980541229248,-5.723922252655029
463,final,-7.402606010437012,-7.5801472663879395
464,final,-6.877638339996338,-6.802156925201416
465,final,-6.268448829650879,-6.644490718841553
466,final,-6.590998649597168,-6.358884811401367
467,final,-7.043712615966797,-6.538395404815674
468,final,-7.344146728515625,-7.2895660400390625
469,final,-6.467945575714111,-6.468335151672363
470,final,-6.816078186035156,-7.497176647186279
471,final,-9.163978576660156,-7.963614463806152
472,final,-7.067901134490967,-6.887510776519775
473,final,-6.678028106689453,-6.904575347900391
474,final,-6.39074182510376,-6.769715309143066
475,final,-7.371391296386719,-7.070764541625977
476,final,-5.345104217529297,-5.874279975891113
477,final,-6.502439498901367,-6.501701354980469
478,final,-6.5167341232299805,-6.351571083068848
479,final,-6.1008195877075195,-6.0427141189575195
480,final,-5.272555351257324,-5.637942314147949
481,final,-6.554741382598877,-6.494824409484863
482,final,-7.165007591247559,-7.629520416259766
483,final,-5.579468727111816,-5.643272876739502
484,final,-5.604909420013428,-5.5929131507873535
485,final,-6.239353179931641,-6.155848503112793
486,final,-6.239353179931641,-6.155848503112793
487,final,-6.845364570617676,-6.652386665344238
488,final,-5.461583137512207,-5.376302719116211
489,final,-7.269415855407715,-6.954811096191406
490,final,-7.486011028289795,-7.518346309661865
491,final,-8.814793586730957,-8.747983932495117
492,final,-6.239353179931641,-6.155848503112793
493,final,-5.4020161628723145,-5.289676189422607
494,final,-6.57596492767334,-6.237102508544922
495,final,-7.576577186584473,-6.822488784790039
496,final,-5.254744529724121,-5.597590446472168
497,final,-6.375203609466553,-6.273693561553955
498,final,-5.4020161628723145,-5.289676189422607
499,final,-7.152056694030762,-6.40778923034668
500,final,-5.88330078125,-6.09501838684082
501,final,-5.697080135345459,-5.949974536895752
502,final,-6.642210483551025,-6.795705795288086
503,final,-7.979306697845459,-8.07115364074707
504,final,-5.72721004486084,-5.73589563369751
505,final,-6.444567680358887,-6.313197135925293
506,final,-6.9012627601623535,-6.522279262542725
507,final,-7.59548282623291,-7.6326727867126465
508,final,-6.800896644592285,-6.826246738433838
509,final,-5.828840732574463,-5.982265949249268
510,final,-8.19896411895752,-7.823300361633301
511,final,-7.6021881103515625,-7.5865607261657715
512,final,-6.503927230834961,-6.723268508911133
513,final,-6.939262390136719,-6.7439374923706055
514,final,-6.035377025604248,-6.402979373931885
515,final,-6.780079364776611,-6.567549705505371
516,final,-7.073026180267334,-6.791926860809326
517,final,-5.555936813354492,-5.662694454193115
518,final,-6.865208148956299,-7.1566338539123535
519,final,-8.240619659423828,-8.132659912109375
520,final,-7.875665187835693,-7.219980239868164
521,final,-7.339850902557373,-7.061116695404053
522,final,-8.598278999328613,-7.936902046203613
523,final,-6.780348777770996,-6.719135284423828
524,final,-6.1267313957214355,-6.014021396636963
525,final,-7.298844337463379,-7.360520839691162
526,final,-5.624557971954346,-5.552750587463379
527,final,-6.726921081542969,-6.438382148742676
528,final,-9.078893661499023,-8.611943244934082
529,final,-7.3917670249938965,-6.772335052490234
530,final,-6.535824298858643,-5.963315486907959
531,final,-8.6419095993042,-8.592885971069336
532,final,-8.91205883026123,-7.490481853485107
533,final,-7.748611927032471,-7.095795154571533
534,final,-8.818303108215332,-7.232309818267822
535,final,-6.195852756500244,-5.985222339630127
536,final,-6.1133222579956055,-6.380880832672119
537,final,-8.6419095993042,-8.592885971069336
538,final,-5.706740379333496,-5.7697038650512695
539,final,-6.460798740386963,-6.3233137130737305
540,final,-5.043049335479736,-5.43560266494751
541,final,-5.616943359375,-5.623622417449951
542,final,-5.903783798217773,-6.097225189208984
543,final,-5.231200218200684,-5.508805274963379
544,final,-5.1964311599731445,-5.550658702850342
545,final,-5.77167272567749,-6.114992141723633
546,final,-5.8364481925964355,-5.96641206741333
547,final,-6.152639389038086,-6.150584697723389
548,final,-5.505435466766357,-5.599923133850098
549,final,-6.245081901550293,-6.160267353057861
550,final,-5.775793552398682,-5.839916706085205
551,final,-6.712486267089844,-6.64755392074585
552,final,-5.7674031257629395,-5.92965030670166
553,final,-6.999748229980469,-6.941534042358398
554,final,-6.537897109985352,-7.030543804168701
555,final,-6.987357139587402,-7.028022766113281
556,final,-5.424549579620361,-5.804786682128906
557,final,-5.793705463409424,-5.959373474121094
558,final,-5.765899658203125,-5.533815383911133
559,final,-5.564859867095947,-5.9273223876953125
560,final,-7.142622947692871,-7.017341613769531
561,final,-6.901093006134033,-6.658331871032715
562,final,-7.96162223815918,-7.651157855987549
563,final,-5.62925910949707,-5.8200602531433105
564,final,-7.672797203063965,-7.67765998840332
565,final,-5.798574447631836,-5.830999851226807
566,final,-6.52864933013916,-6.459928035736084
567,final,-6.827290058135986,-6.682370185852051
568,final,-6.0657429695129395,-6.464580059051514
569,final,-6.6730732917785645,-6.933376312255859
570,final,-6.971490859985352,-7.23546028137207
571,final,-6.523368835449219,-6.472010612487793
572,final,-6.596659183502197,-6.12985897064209
573,final,-7.968313217163086,-7.879913330078125
574,final,-5.365155220031738,-5.443358898162842
575,final,-5.583840847015381,-5.635547161102295
576,final,-6.2815093994140625,-5.845728874206543
577,final,-4.766726016998291,-4.968566417694092
578,final,-5.500678539276123,-5.558950901031494
579,final,-5.685051441192627,-5.397193908691406
580,final,-7.566442012786865,-6.881598472595215
581,final,-8.087268829345703,-7.322872161865234
582,final,-7.067729473114014,-6.45237398147583
583,final,-8.267848014831543,-7.430665016174316
584,final,-7.605813980102539,-6.912510395050049
585,final,-6.6819610595703125,-5.815676212310791
586,final,-7.515439033508301,-6.388014793395996
587,final,-8.143147468566895,-7.447212219238281
588,final,-7.602151870727539,-6.979477882385254
589,final,-7.744472503662109,-7.1903462409973145
590,final,-8.414128303527832,-7.452450275421143
591,final,-9.069123268127441,-7.731550693511963
592,final,-8.319019317626953,-7.196570873260498
593,final,-7.198400974273682,-6.586701393127441
594,final,-6.77382230758667,-5.872942924499512
595,final,-8.247841835021973,-7.461395263671875
596,final,-6.777101039886475,-5.908332824707031
597,final,-8.025851249694824,-7.307347297668457
598,final,-8.730948448181152,-7.503064155578613
599,final,-7.324787616729736,-6.407924175262451
600,final,-7.143481731414795,-6.852639198303223
601,final,-8.800171852111816,-8.416619300842285
602,final,-9.369270324707031,-8.791269302368164
603,final,-8.554012298583984,-7.798713207244873
604,final,-7.143481731414795,-6.852639198303223
605,final,-6.988951206207275,-6.436187744140625
606,final,-8.596146583557129,-7.805285930633545
607,final,-7.626633644104004,-7.151327610015869
608,final,-8.282181739807129,-7.438933372497559
609,final,-8.167956352233887,-7.2593865394592285
610,final,-7.23285436630249,-6.468171119689941
611,final,-9.369271278381348,-8.791269302368164
612,final,-6.975552082061768,-6.49770450592041
613,final,-7.4766998291015625,-6.770225524902344
614,final,-6.789527893066406,-6.342158794403076
615,final,-6.977342128753662,-6.6938886642456055
616,final,-6.95828104019165,-6.386088848114014
617,final,-8.336731910705566,-7.06170129776001
618,final,-7.12947416305542,-6.946362495422363
619,final,-8.184096336364746,-7.721973896026611
620,final,-6.519847869873047,-6.546383380889893
621,final,-7.705111503601074,-7.172282695770264
622,final,-7.686141490936279,-7.821200847625732
623,final,-6.394827365875244,-6.06953239440918
624,final,-6.931170463562012,-6.556644916534424
625,final,-7.439602375030518,-6.827429294586182
626,final,-7.809418201446533,-7.678754806518555
627,final,-6.304926872253418,-6.061153411865234
628,final,-7.091330528259277,-6.452497482299805
629,final,-7.708746910095215,-7.399466514587402
630,final,-7.48455810546875,-6.961031436920166
631,final,-7.2741241455078125,-6.979641914367676
632,final,-6.691511154174805,-6.5669426918029785
633,final,-5.816127777099609,-5.447009086608887
634,final,-6.698868274688721,-6.548452377319336
635,final,-5.77627420425415,-5.762564659118652
636,final,-6.817241668701172,-6.609508991241455
637,final,-6.6290283203125,-6.293480396270752
638,final,-7.559124946594238,-7.189680099487305
639,final,-6.09285831451416,-5.779421329498291
640,final,-8.60778522491455,-6.8279900550842285
641,final,-7.836705684661865,-7.166312217712402
642,final,-7.842238426208496,-6.760822772979736
643,final,-8.691924095153809,-7.4541826248168945
644,final,-8.004284858703613,-7.085544586181641
645,final,-9.073982238769531,-8.022065162658691
646,final,-8.782858848571777,-8.11279010772705
647,final,-7.248147487640381,-6.355710506439209
648,final,-9.544881820678711,-8.20586109161377
649,final,-8.30632209777832,-7.736009120941162
650,final,-7.913376331329346,-7.286383152008057
651,final,-7.169833183288574,-6.396569728851318
652,final,-7.253087520599365,-6.494423866271973
653,final,-7.294694423675537,-6.867246150970459
654,final,-7.827576160430908,-6.647116661071777
655,final,-8.24243450164795,-7.79603910446167
656,final,-8.557500839233398,-7.836851596832275
657,final,-9.13965129852295,-7.616832256317139
658,final,-8.233214378356934,-7.6278300285339355
659,final,-7.8464179039001465,-7.306235313415527
660,final,-7.480088233947754,-7.567466735839844
661,final,-5.721489429473877,-5.638235092163086
662,final,-7.480554580688477,-7.321742534637451
663,final,-7.16917610168457,-7.380092620849609
664,final,-5.996385097503662,-6.032052516937256
665,final,-6.417893886566162,-6.4323649406433105
666,final,-6.202376365661621,-6.204543590545654
667,final,-6.895570755004883,-6.311346054077148
668,final,-5.518806457519531,-5.380095481872559
669,final,-5.725174903869629,-5.629922389984131
670,final,-7.473263740539551,-7.283491134643555
671,final,-6.431509017944336,-6.628897666931152
672,final,-7.665738105773926,-7.49321985244751
673,final,-6.17173433303833,-5.886435031890869
674,final,-7.473262786865234,-7.283491134643555
675,final,-6.847719669342041,-6.991737365722656
676,final,-8.05598258972168,-7.700157165527344
677,final,-6.355783462524414,-6.305648326873779
678,final,-6.600054740905762,-6.557977199554443
679,final,-7.038973331451416,-6.753410339355469
680,final,-7.005659580230713,-6.580476760864258
681,final,-7.119006633758545,-6.646413803100586
682,final,-6.752038955688477,-6.679995059967041
683,final,-7.522429943084717,-6.940467834472656
684,final,-7.14164400100708,-6.378917217254639
685,final,-6.115135192871094,-5.474775314331055
686,final,-6.9813313484191895,-6.4817938804626465
687,final,-6.112265110015869,-6.0264177322387695
688,final,-6.852491855621338,-6.483644485473633
689,final,-7.563570499420166,-7.141697883605957
690,final,-6.455833435058594,-5.972221374511719
691,final,-6.497862815856934,-5.8487701416015625
692,final,-7.174918174743652,-6.680202484130859
693,final,-6.800719738006592,-6.248234272003174
694,final,-6.622799873352051,-6.687276363372803
695,final,-7.46730375289917,-7.157140731811523
696,final,-7.9822773933410645,-7.540513515472412
697,final,-6.7524542808532715,-6.1407952308654785
698,final,-7.01099157333374,-6.517659664154053
699,final,-6.018522262573242,-5.597344875335693
0,best,-7.2709479331970215,-6.735494613647461
1,best,-8.02800178527832,-7.146726131439209
2,best,-7.470836162567139,-6.670658111572266
3,best,-8.592453956604004,-7.727338790893555
4,best,-7.7209062576293945,-6.265282154083252
5,best,-7.797029972076416,-6.809704303741455
6,best,-9.267729759216309,-8.234373092651367
7,best,-8.019817352294922,-6.8001790046691895
8,best,-7.177221775054932,-6.1209306716918945
9,best,-7.470836162567139,-6.670658111572266
10,best,-9.181952476501465,-7.667388439178467
11,best,-6.965407848358154,-6.3487629890441895
12,best,-7.807923793792725,-6.534553527832031
13,best,-8.992300033569336,-7.468093395233154
14,best,-7.177221775054932,-6.1209306716918945
15,best,-9.294400215148926,-7.974122524261475
16,best,-7.6123046875,-6.483741760253906
17,best,-8.129353523254395,-7.081295967102051
18,best,-9.255282402038574,-7.9427266120910645
19,best,-7.221800804138184,-6.534065246582031
20,best,-6.926820278167725,-6.44387149810791
21,best,-7.600404739379883,-7.1076202392578125
22,best,-8.701433181762695,-7.86730432510376
23,best,-7.676685333251953,-7.0168776512146
24,best,-8.792734146118164,-7.616472244262695
25,best,-7.676685333251953,-7.0168776512146
26,best,-9.195900917053223,-7.704105854034424
27,best,-9.293972969055176,-8.427343368530273
28,best,-7.85514497756958,-7.275219917297363
29,best,-9.52361011505127,-8.040207862854004
30,best,-7.706653594970703,-7.0900421142578125
31,best,-8.068605422973633,-6.767373561859131
32,best,-8.701433181762695,-7.86730432510376
33,best,-8.068603515625,-6.767373561859131
34,best,-7.913069725036621,-7.345682144165039
35,best,-8.677450180053711,-8.00772762298584
36,best,-7.855144500732422,-7.275219440460205
37,best,-8.068603515625,-6.767373561859131
38,best,-7.25274133682251,-6.924154758453369
39,best,-6.978421688079834,-6.6743011474609375
40,best,-7.0241804122924805,-6.775600910186768
41,best,-7.114720821380615,-6.626245021820068
42,best,-7.5660719871521,-7.31037712097168
43,best,-8.392552375793457,-7.435769557952881
44,best,-7.386997699737549,-6.887751579284668
45,best,-7.117064476013184,-6.856064796447754
46,best,-7.270169258117676,-6.771282196044922
47,best,-7.655406951904297,-7.220203876495361
48,best,-8.635858535766602,-8.257043838500977
49,best,-7.216987609863281,-6.854902267456055
50,best,-8.160499572753906,-7.1573944091796875
51,best,-8.677592277526855,-7.6437578201293945
52,best,-7.7519989013671875,-7.265250205993652
53,best,-7.876501560211182,-7.448022842407227
54,best,-8.060696601867676,-7.255114555358887
55,best,-7.501009941101074,-6.989160537719727
56,best,-6.773708343505859,-6.426094055175781
57,best,-7.012129783630371,-6.404687881469727
58,best,-7.646052360534668,-6.043772220611572
59,best,-7.311217784881592,-6.6063408851623535
60,best,-8.814553260803223,-7.818930625915527
61,best,-9.412702560424805,-7.571020126342773
62,best,-10.705304145812988,-9.188947677612305
63,best,-9.861923217773438,-8.363417625427246
64,best,-8.487449645996094,-7.519970417022705
65,best,-8.336467742919922,-7.3387980461120605
66,best,-8.905649185180664,-7.778448581695557
67,best,-10.364636421203613,-8.764636993408203
68,best,-8.67255973815918,-7.121285915374756
69,best,-8.640687942504883,-6.733789920806885
70,best,-8.25355052947998,-7.2521491050720215
71,best,-10.028730392456055,-8.341645240783691
72,best,-7.932867050170898,-6.30249547958374
73,best,-8.68425464630127,-7.317488193511963
74,best,-8.390664100646973,-7.359327793121338
75,best,-8.971189498901367,-7.914768218994141
76,best,-8.979331970214844,-7.4137187004089355
77,best,-9.834758758544922,-8.225245475769043
78,best,-7.947885990142822,-7.2262797355651855
79,best,-8.127163887023926,-7.353412628173828
80,best,-5.91028356552124,-5.648231029510498
81,best,-6.172142028808594,-5.727999687194824
82,best,-8.415693283081055,-7.186431884765625
83,best,-6.943650245666504,-6.202993392944336
84,best,-6.316662788391113,-6.301599025726318
85,best,-8.043457984924316,-7.925694465637207
86,best,-7.791760444641113,-7.384676456451416
87,best,-7.068480968475342,-6.683749198913574
88,best,-6.848622798919678,-6.578864574432373
89,best,-5.942841529846191,-6.030317783355713
90,best,-6.857972621917725,-5.901289463043213
91,best,-8.429758071899414,-8.439299583435059
92,best,-6.423267841339111,-6.201294898986816
93,best,-6.820791244506836,-6.884993553161621
94,best,-6.717604637145996,-7.102076053619385
95,best,-7.257741451263428,-7.0665764808654785
96,best,-6.169831275939941,-5.672621726989746
97,best,-6.675688743591309,-6.142456531524658
98,best,-7.83461856842041,-7.98421573638916
99,best,-6.177907466888428,-5.409747123718262
100,best,-7.577760696411133,-6.21408224105835
101,best,-7.827452182769775,-6.873425483703613
102,best,-8.277061462402344,-7.771784782409668
103,best,-6.806809902191162,-6.0561909675598145
104,best,-6.806809902191162,-6.0561909675598145
105,best,-7.067451000213623,-6.597440242767334
106,best,-8.159832954406738,-7.064913749694824
107,best,-8.214266777038574,-6.998549461364746
108,best,-6.439407825469971,-5.738235950469971
109,best,-9.550503730773926,-8.02707576751709
110,best,-8.495548248291016,-7.206669330596924
111,best,-7.320084571838379,-6.418071269989014
112,best,-8.620681762695312,-7.451922416687012
113,best,-8.365655899047852,-7.0273871421813965
114,best,-7.023525238037109,-6.629319190979004
115,best,-8.043331146240234,-7.148506164550781
116,best,-9.562589645385742,-8.202134132385254
117,best,-7.828094482421875,-6.659996509552002
118,best,-8.159832954406738,-7.064913749694824
119,best,-8.555846214294434,-7.149273872375488
120,best,-7.879913806915283,-6.4402008056640625
121,best,-7.354043483734131,-6.117271900177002
122,best,-8.280755996704102,-6.847030162811279
123,best,-7.23392391204834,-5.732854843139648
124,best,-6.794522285461426,-6.1213226318359375
125,best,-9.580430030822754,-8.022472381591797
126,best,-9.17177677154541,-8.287707328796387
127,best,-9.146309852600098,-7.241246700286865
128,best,-8.209927558898926,-6.745391845703125
129,best,-10.341105461120605,-8.126150131225586
130,best,-7.126826286315918,-5.875614166259766
131,best,-6.925899505615234,-6.309180736541748
132,best,-7.1627678871154785,-6.269619941711426
133,best,-9.372817993164062,-8.02315902709961
134,best,-10.341105461120605,-8.126150131225586
135,best,-7.487103462219238,-5.975882053375244
136,best,-7.595640182495117,-6.535557270050049
137,best,-7.487103462219238,-5.975882053375244
138,best,-9.580430030822754,-8.022473335266113
139,best,-7.970806121826172,-7.237697124481201
140,best,-7.049983501434326,-6.368040084838867
141,best,-7.721411228179932,-6.976044178009033
142,best,-7.574779510498047,-7.198020935058594
143,best,-6.3831787109375,-5.821199417114258
144,best,-8.350172996520996,-7.666139602661133
145,best,-7.50142240524292,-6.296992778778076
146,best,-8.256376266479492,-7.5108513832092285
147,best,-8.314484596252441,-7.650761127471924
148,best,-7.584261417388916,-7.2434258460998535
149,best,-7.2328362464904785,-6.509164810180664
150,best,-7.720659255981445,-6.87069034576416
151,best,-7.6512861251831055,-7.057190895080566
152,best,-8.421069145202637,-7.48834753036499
153,best,-8.003149032592773,-7.45389461517334
154,best,-7.049983501434326,-6.368040084838867
155,best,-8.256376266479492,-7.5108513832092285
156,best,-8.352910041809082,-7.708888530731201
157,best,-8.466790199279785,-7.741616725921631
158,best,-6.978400230407715,-6.334291458129883
159,best,-8.256376266479492,-7.5108513832092285
160,best,-8.454843521118164,-7.48754358291626
161,best,-8.852325439453125,-6.817641735076904
162,best,-8.34764575958252,-7.617992877960205
163,best,-9.474035263061523,-8.346576690673828
164,best,-9.482355117797852,-8.34639835357666
165,best,-7.30684232711792,-6.430356502532959
166,best,-8.77547550201416,-7.395256042480469
167,best,-9.474035263061523,-8.346576690673828
168,best,-9.178235054016113,-7.826377868652344
169,best,-8.769301414489746,-7.775211811065674
170,best,-9.480600357055664,-7.948587417602539
171,best,-8.996084213256836,-7.164600849151611
172,best,-8.14206314086914,-7.268128871917725
173,best,-9.422245979309082,-8.009812355041504
174,best,-9.815157890319824,-8.515555381774902
175,best,-9.084752082824707,-7.3578972816467285
176,best,-9.768560409545898,-8.514601707458496
177,best,-8.246760368347168,-6.895930290222168
178,best,-8.275357246398926,-7.348710060119629
179,best,-9.249263763427734,-7.095295429229736
180,best,-6.7915778160095215,-6.8199076652526855
181,best,-5.997227191925049,-5.647129058837891
182,best,-6.30927848815918,-6.017765998840332
183,best,-6.573317527770996,-6.456948280334473
184,best,-6.586358070373535,-5.831639289855957
185,best,-7.6336894035339355,-7.223072528839111
186,best,-6.984756946563721,-7.077165126800537
187,best,-8.313584327697754,-7.713654518127441
188,best,-6.141753196716309,-5.7446794509887695
189,best,-7.217488765716553,-6.928063869476318
190,best,-7.103111743927002,-6.539552688598633
191,best,-6.7915778160095215,-6.8199076652526855
192,best,-6.611820697784424,-6.471955299377441
193,best,-7.588545799255371,-7.260378360748291
194,best,-6.445837497711182,-6.171491622924805
195,best,-7.342954635620117,-7.115207672119141
196,best,-6.791167259216309,-6.653619289398193
197,best,-7.492397308349609,-6.3147406578063965
198,best,-7.769495487213135,-7.745025157928467
199,best,-6.531106948852539,-6.001263618469238
200,best,-6.522526741027832,-5.660876750946045
201,best,-7.546647548675537,-6.671701431274414
202,best,-8.025232315063477,-6.978270530700684
203,best,-7.093265533447266,-6.105838298797607
204,best,-7.093265533447266,-6.105838298797607
205,best,-7.047682285308838,-6.217433929443359
206,best,-9.128297805786133,-7.9368510246276855
207,best,-8.63207721710205,-7.905627727508545
208,best,-7.093265533447266,-6.105838298797607
209,best,-7.047682285308838,-6.217433929443359
210,best,-7.788645267486572,-6.910153388977051
211,best,-7.9594292640686035,-6.585804462432861
212,best,-7.9594292640686035,-6.585804462432861
213,best,-8.37235164642334,-7.272596836090088
214,best,-7.788645267486572,-6.910153388977051
215,best,-8.265397071838379,-7.483574867248535
216,best,-8.290583610534668,-7.123039245605469
217,best,-8.581366539001465,-7.518368721008301
218,best,-7.01547384262085,-6.010624885559082
219,best,-6.80180549621582,-5.502652645111084
220,best,-6.669631481170654,-6.429145812988281
221,best,-6.616421699523926,-6.336677551269531
222,best,-6.998546123504639,-6.7400312423706055
223,best,-6.808639049530029,-6.867691993713379
224,best,-8.043766975402832,-7.637228012084961
225,best,-7.360247611999512,-7.0150556564331055
226,best,-7.5546770095825195,-7.159627437591553
227,best,-7.107563018798828,-6.409545421600342
228,best,-7.458215236663818,-6.980457782745361
229,best,-7.360247611999512,-7.0150556564331055
230,best,-8.203242301940918,-7.444125175476074
231,best,-7.337624549865723,-6.589474678039551
232,best,-8.052031517028809,-7.245372772216797
233,best,-8.180145263671875,-8.029165267944336
234,best,-8.50875186920166,-7.784384250640869
235,best,-7.465274333953857,-6.784015655517578
236,best,-7.310272216796875,-6.6636834144592285
237,best,-7.255473613739014,-6.660399913787842
238,best,-8.162677764892578,-7.837185859680176
239,best,-7.283747673034668,-6.845965385437012
240,best,-6.663837432861328,-6.613019943237305
241,best,-7.615096569061279,-7.133613109588623
242,best,-8.202837944030762,-7.5463690757751465
243,best,-7.451592922210693,-7.160831928253174
244,best,-7.7988600730896,-7.29148006439209
245,best,-7.96267557144165,-7.6072678565979
246,best,-7.141803741455078,-6.875218868255615
247,best,-7.979168891906738,-7.621133804321289
248,best,-7.815345764160156,-7.799975395202637
249,best,-7.766777038574219,-7.662644863128662
250,best,-7.591210842132568,-7.276660442352295
251,best,-6.712247371673584,-6.675519943237305
252,best,-6.674446105957031,-6.64583683013916
253,best,-6.7286858558654785,-6.573925495147705
254,best,-6.642368793487549,-6.434262752532959
255,best,-7.556957244873047,-7.14288854598999
256,best,-8.252732276916504,-7.777871131896973
257,best,-7.934886455535889,-7.686651229858398
258,best,-6.5514984130859375,-6.2080793380737305
259,best,-6.077478408813477,-5.859334945678711
260,best,-6.882284164428711,-6.922201633453369
261,best,-6.874885559082031,-7.03348445892334
262,best,-6.465977668762207,-6.417326927185059
263,best,-6.881546974182129,-7.047992706298828
264,best,-7.219796180725098,-7.363310813903809
265,best,-6.463131904602051,-6.540643215179443
266,best,-6.236418724060059,-6.105818271636963
267,best,-6.258772373199463,-6.251474857330322
268,best,-6.710638999938965,-6.714415073394775
269,best,-6.793554306030273,-6.9099249839782715
270,best,-6.821646213531494,-6.97800874710083
271,best,-6.131757736206055,-6.165427207946777
272,best,-6.4665846824646,-6.439208507537842
273,best,-6.205324649810791,-5.819554328918457
274,best,-7.301936626434326,-7.324924468994141
275,best,-5.961073398590088,-5.856750011444092
276,best,-6.188583850860596,-6.146239280700684
277,best,-6.209229469299316,-6.430172920227051
278,best,-6.686418056488037,-6.7939133644104
279,best,-6.544507026672363,-6.675657749176025
280,best,-9.16019344329834,-8.02046012878418
281,best,-8.137517929077148,-7.377447128295898
282,best,-8.167169570922852,-8.136810302734375
283,best,-8.153393745422363,-7.834166526794434
284,best,-7.210865020751953,-6.460010528564453
285,best,-6.991714954376221,-6.40600061416626
286,best,-8.423975944519043,-7.774762153625488
287,best,-8.05724048614502,-7.483719825744629
288,best,-8.136650085449219,-7.135478496551514
289,best,-7.0551958084106445,-6.5798211097717285
290,best,-8.322227478027344,-7.973655700683594
291,best,-8.738457679748535,-7.974897384643555
292,best,-8.018824577331543,-7.430827617645264
293,best,-8.625885963439941,-8.076669692993164
294,best,-6.689895153045654,-6.002536773681641
295,best,-8.123834609985352,-7.482706069946289
296,best,-7.875667572021484,-6.910948753356934
297,best,-9.27996826171875,-8.362297058105469
298,best,-7.950040817260742,-7.438547611236572
299,best,-8.193564414978027,-8.269539833068848
300,best,-6.638877868652344,-6.719973564147949
301,best,-7.206153869628906,-7.1444807052612305
302,best,-6.137730121612549,-5.771331787109375
303,best,-7.145792007446289,-6.835734844207764
304,best,-6.547468185424805,-6.265043258666992
305,best,-7.339084148406982,-7.409987449645996
306,best,-8.288122177124023,-8.224080085754395
307,best,-6.698432445526123,-6.310859680175781
308,best,-6.370631217956543,-6.164950370788574
309,best,-6.166688919067383,-6.062962055206299
310,best,-7.841721534729004,-7.873244762420654
311,best,-6.427720069885254,-6.863128662109375
312,best,-6.812309265136719,-6.454216003417969
313,best,-6.726362705230713,-6.267664432525635
314,best,-6.486649036407471,-6.438365459442139
315,best,-6.273883819580078,-6.025365352630615
316,best,-5.690210342407227,-5.396334648132324
317,best,-6.998885631561279,-6.950717449188232
318,best,-6.181617259979248,-5.83495569229126
319,best,-8.169594764709473,-7.921916961669922
320,best,-5.483425140380859,-5.176396369934082
321,best,-7.316311836242676,-6.68781852722168
322,best,-7.106435298919678,-6.867607116699219
323,best,-6.534491062164307,-6.157705307006836
324,best,-7.119409561157227,-6.800797462463379
325,best,-6.470431327819824,-6.3615946769714355
326,best,-7.289004325866699,-7.400981426239014
327,best,-7.8467698097229,-7.257314205169678
328,best,-6.046502113342285,-6.0092573165893555
329,best,-7.076868534088135,-6.802701473236084
330,best,-6.689111709594727,-6.312501907348633
331,best,-7.6027727127075195,-7.121484756469727
332,best,-7.791193008422852,-7.272926330566406
333,best,-6.403519153594971,-6.334089756011963
334,best,-6.0921759605407715,-5.7749528884887695
335,best,-6.78955078125,-6.437202453613281
336,best,-6.998840808868408,-6.721505165100098
337,best,-6.911683559417725,-6.161656856536865
338,best,-5.637003421783447,-5.465372562408447
339,best,-6.998380661010742,-6.686615467071533
340,best,-7.627257347106934,-6.830137252807617
341,best,-9.379301071166992,-8.924427032470703
342,best,-9.051068305969238,-8.869481086730957
343,best,-9.453828811645508,-9.436127662658691
344,best,-8.40197467803955,-7.806878089904785
345,best,-7.840154647827148,-7.707336902618408
346,best,-9.31736946105957,-8.871493339538574
347,best,-7.70302677154541,-7.911020755767822
348,best,-9.383402824401855,-8.961504936218262
349,best,-8.597753524780273,-7.9402055740356445
350,best,-8.60749340057373,-8.598410606384277
351,best,-10.308916091918945,-9.748421669006348
352,best,-8.482742309570312,-8.174060821533203
353,best,-9.952303886413574,-9.220608711242676
354,best,-8.01474666595459,-7.437785625457764
355,best,-8.961140632629395,-8.641402244567871
356,best,-10.491974830627441,-9.757630348205566
357,best,-9.039175033569336,-8.818926811218262
358,best,-8.279789924621582,-7.899345874786377
359,best,-8.563246726989746,-8.113819122314453
360,best,-8.380751609802246,-8.127019882202148
361,best,-9.478541374206543,-8.822919845581055
362,best,-7.836505889892578,-7.342601299285889
363,best,-7.5865302085876465,-7.875845909118652
364,best,-7.283290863037109,-7.336817264556885
365,best,-7.2619733810424805,-7.147916316986084
366,best,-7.874932765960693,-8.50137996673584
367,best,-8.368799209594727,-8.295111656188965
368,best,-8.981748580932617,-8.769584655761719
369,best,-9.905611038208008,-9.887481689453125
370,best,-8.144421577453613,-7.958087921142578
371,best,-9.848516464233398,-9.880630493164062
372,best,-9.121612548828125,-8.653029441833496
373,best,-9.854413986206055,-9.91541862487793
374,best,-8.28026008605957,-8.74495792388916
375,best,-7.551529884338379,-7.331547737121582
376,best,-7.7649383544921875,-8.661225318908691
377,best,-9.478541374206543,-8.822919845581055
378,best,-7.5865302085876465,-7.875845909118652
379,best,-8.034337997436523,-8.383563041687012
380,best,-6.711672782897949,-7.34975004196167
381,best,-8.206094741821289,-8.129851341247559
382,best,-7.768762111663818,-7.703177452087402
383,best,-8.524715423583984,-8.683048248291016
384,best,-6.782336711883545,-6.7827582359313965
385,best,-7.461531162261963,-8.185033798217773
386,best,-7.465648651123047,-7.796343803405762
387,best,-8.104952812194824,-8.003539085388184
388,best,-7.342638969421387,-7.795520305633545
389,best,-7.194914817810059,-7.1067352294921875
390,best,-6.9964776039123535,-7.84952449798584
391,best,-7.59658145904541,-7.8114495277404785
392,best,-7.231190204620361,-7.067336082458496
393,best,-8.527898788452148,-8.552902221679688
394,best,-7.605487823486328,-7.919099807739258
395,best,-8.228877067565918,-8.825611114501953
396,best,-7.389026641845703,-7.902414798736572
397,best,-6.719738483428955,-6.595763206481934
398,best,-6.83479642868042,-7.498085975646973
399,best,-6.683176040649414,-7.162164688110352
400,best,-8.646780967712402,-7.817942142486572
401,best,-9.878247261047363,-8.631543159484863
402,best,-10.029150009155273,-10.346250534057617
403,best,-8.242209434509277,-8.276444435119629
404,best,-9.598730087280273,-8.467331886291504
405,best,-8.728777885437012,-8.106016159057617
406,best,-8.964964866638184,-8.464306831359863
407,best,-8.331088066101074,-8.164915084838867
408,best,-8.515931129455566,-7.492496967315674
409,best,-8.238384246826172,-8.225776672363281
410,best,-8.087943077087402,-7.48291540145874
411,best,-8.890172958374023,-8.72314453125
412,best,-9.424212455749512,-8.936790466308594
413,best,-8.386771202087402,-7.96244478225708
414,best,-8.93212890625,-8.977828025817871
415,best,-8.648096084594727,-8.2011137008667
416,best,-9.17914867401123,-8.943745613098145
417,best,-8.812605857849121,-8.87563419342041
418,best,-8.647221565246582,-8.15156078338623
419,best,-8.242210388183594,-8.276444435119629
420,best,-7.690051078796387,-7.835146427154541
421,best,-6.982466697692871,-7.1214280128479
422,best,-6.925784111022949,-7.015219211578369
423,best,-7.18208122253418,-6.702413082122803
424,best,-6.290274143218994,-6.638413906097412
425,best,-8.601790428161621,-9.160411834716797
426,best,-8.692541122436523,-8.46342658996582
427,best,-8.875396728515625,-9.43303108215332
428,best,-8.206664085388184,-8.697370529174805
429,best,-6.120537281036377,-6.331860542297363
430,best,-9.297335624694824,-9.354358673095703
431,best,-6.916831970214844,-6.982556343078613
432,best,-6.808570861816406,-7.04693603515625
433,best,-8.498067855834961,-8.37627124786377
434,best,-8.249225616455078,-8.408611297607422
435,best,-7.142084121704102,-7.331700801849365
436,best,-6.529836654663086,-6.188188076019287
437,best,-6.712358474731445,-6.709725856781006
438,best,-6.515652179718018,-6.562765598297119
439,best,-6.554994106292725,-6.8194661140441895
440,best,-7.715124607086182,-7.643094062805176
441,best,-6.7718939781188965,-6.563407897949219
442,best,-8.169159889221191,-7.820629119873047
443,best,-7.441956996917725,-7.224571704864502
444,best,-7.5350518226623535,-7.084744930267334
445,best,-8.400818824768066,-8.001870155334473
446,best,-8.48557186126709,-7.833151817321777
447,best,-8.547904014587402,-8.1748046875
448,best,-7.885002136230469,-7.341813087463379
449,best,-7.113544940948486,-6.435873508453369
450,best,-7.935131072998047,-7.036550998687744
451,best,-7.834288120269775,-7.725955963134766
452,best,-8.344703674316406,-8.152931213378906
453,best,-7.302865028381348,-6.749290466308594
454,best,-7.2569580078125,-6.426799774169922
455,best,-7.599360466003418,-7.6050519943237305
456,best,-7.063836097717285,-7.189047336578369
457,best,-7.3246283531188965,-6.372706890106201
458,best,-7.252046585083008,-6.753891468048096
459,best,-7.483196258544922,-6.933741569519043
460,best,-7.986696720123291,-7.325718879699707
461,best,-6.043272495269775,-6.134302139282227
462,best,-5.728980541229248,-5.723922252655029
463,best,-7.402606010437012,-7.5801472663879395
464,best,-6.877638339996338,-6.802156925201416
465,best,-6.268448829650879,-6.644490718841553
466,best,-6.590998649597168,-6.358884811401367
467,best,-7.043712615966797,-6.538395404815674
468,best,-7.344146728515625,-7.2895660400390625
469,best,-6.467945575714111,-6.468335151672363
470,best,-6.816078186035156,-7.497176647186279
471,best,-9.163978576660156,-7.963614463806152
472,best,-7.067901134490967,-6.887510776519775
473,best,-6.678028106689453,-6.904575347900391
474,best,-6.39074182510376,-6.769715309143066
475,best,-7.371391296386719,-7.070764541625977
476,best,-5.345104217529297,-5.874279975891113
477,best,-6.502439498901367,-6.501701354980469
478,best,-6.5167341232299805,-6.351571083068848
479,best,-6.1008195877075195,-6.0427141189575195
480,best,-5.272555351257324,-5.637942314147949
481,best,-6.554741382598877,-6.494824409484863
482,best,-7.165007591247559,-7.629520416259766
483,best,-5.579468727111816,-5.643272876739502
484,best,-5.604909420013428,-5.5929131507873535
485,best,-6.239353179931641,-6.155848503112793
486,best,-6.239353179931641,-6.155848503112793
487,best,-6.845364570617676,-6.652386665344238
488,best,-5.461583137512207,-5.376302719116211
489,best,-7.269415855407715,-6.954811096191406
490,best,-7.486011028289795,-7.518346309661865
491,best,-8.814793586730957,-8.747983932495117
492,best,-6.239353179931641,-6.155848503112793
493,best,-5.4020161628723145,-5.289676189422607
494,best,-6.57596492767334,-6.237102508544922
495,best,-7.576577186584473,-6.822488784790039
496,best,-5.254744529724121,-5.597590446472168
497,best,-6.375203609466553,-6.273693561553955
498,best,-5.4020161628723145,-5.289676189422607
499,best,-7.152056694030762,-6.40778923034668
500,best,-5.88330078125,-6.09501838684082
501,best,-5.697080135345459,-5.949974536895752
502,best,-6.642210483551025,-6.795705795288086
503,best,-7.979306697845459,-8.07115364074707
504,best,-5.72721004486084,-5.73589563369751
505,best,-6.444567680358887,-6.313197135925293
506,best,-6.9012627601623535,-6.522279262542725
507,best,-7.59548282623291,-7.6326727867126465
508,best,-6.800896644592285,-6.826246738433838
509,best,-5.828840732574463,-5.982265949249268
510,best,-8.19896411895752,-7.823300361633301
511,best,-7.6021881103515625,-7.5865607261657715
512,best,-6.503927230834961,-6.723268508911133
513,best,-6.939262390136719,-6.7439374923706055
514,best,-6.035377025604248,-6.402979373931885
515,best,-6.780079364776611,-6.567549705505371
516,best,-7.073026180267334,-6.791926860809326
517,best,-5.555936813354492,-5.662694454193115
518,best,-6.865208148956299,-7.1566338539123535
519,best,-8.240619659423828,-8.132659912109375
520,best,-7.875665187835693,-7.219980239868164
521,best,-7.339850902557373,-7.061116695404053
522,best,-8.598278999328613,-7.936902046203613
523,best,-6.780348777770996,-6.719135284423828
524,best,-6.1267313957214355,-6.014021396636963
525,best,-7.298844337463379,-7.360520839691162
526,best,-5.624557971954346,-5.552750587463379
527,best,-6.726921081542969,-6.438382148742676
528,best,-9.078893661499023,-8.611943244934082
529,best,-7.3917670249938965,-6.772335052490234
530,best,-6.535824298858643,-5.963315486907959
531,best,-8.6419095993042,-8.592885971069336
532,best,-8.91205883026123,-7.490481853485107
533,best,-7.748611927032471,-7.095795154571533
534,best,-8.818303108215332,-7.232309818267822
535,best,-6.195852756500244,-5.985222339630127
536,best,-6.1133222579956055,-6.380880832672119
537,best,-8.6419095993042,-8.592885971069336
538,best,-5.706740379333496,-5.7697038650512695
539,best,-6.460798740386963,-6.3233137130737305
540,best,-5.043049335479736,-5.43560266494751
541,best,-5.616943359375,-5.623622417449951
542,best,-5.903783798217773,-6.097225189208984
543,best,-5.231200218200684,-5.508805274963379
544,best,-5.1964311599731445,-5.550658702850342
545,best,-5.77167272567749,-6.114992141723633
546,best,-5.8364481925964355,-5.96641206741333
547,best,-6.152639389038086,-6.150584697723389
548,best,-5.505435466766357,-5.599923133850098
549,best,-6.245081901550293,-6.160267353057861
550,best,-5.775793552398682,-5.839916706085205
551,best,-6.712486267089844,-6.64755392074585
552,best,-5.7674031257629395,-5.92965030670166
553,best,-6.999748229980469,-6.941534042358398
554,best,-6.537897109985352,-7.030543804168701
555,best,-6.987357139587402,-7.028022766113281
556,best,-5.424549579620361,-5.804786682128906
557,best,-5.793705463409424,-5.959373474121094
558,best,-5.765899658203125,-5.533815383911133
559,best,-5.564859867095947,-5.9273223876953125
560,best,-7.142622947692871,-7.017341613769531
561,best,-6.901093006134033,-6.658331871032715
562,best,-7.96162223815918,-7.651157855987549
563,best,-5.62925910949707,-5.8200602531433105
564,best,-7.672797203063965,-7.67765998840332
565,best,-5.798574447631836,-5.830999851226807
566,best,-6.52864933013916,-6.459928035736084
567,best,-6.827290058135986,-6.682370185852051
568,best,-6.0657429695129395,-6.464580059051514
569,best,-6.6730732917785645,-6.933376312255859
570,best,-6.971490859985352,-7.23546028137207
571,best,-6.523368835449219,-6.472010612487793
572,best,-6.596659183502197,-6.12985897064209
573,best,-7.968313217163086,-7.879913330078125
574,best,-5.365155220031738,-5.443358898162842
575,best,-5.583840847015381,-5.635547161102295
576,best,-6.2815093994140625,-5.845728874206543
577,best,-4.766726016998291,-4.968566417694092
578,best,-5.500678539276123,-5.558950901031494
579,best,-5.685051441192627,-5.397193908691406
580,best,-7.566442012786865,-6.881598472595215
581,best,-8.087268829345703,-7.322872161865234
582,best,-7.067729473114014,-6.45237398147583
583,best,-8.267848014831543,-7.430665016174316
584,best,-7.605813980102539,-6.912510395050049
585,best,-6.6819610595703125,-5.815676212310791
586,best,-7.515439033508301,-6.388014793395996
587,best,-8.143147468566895,-7.447212219238281
588,best,-7.602151870727539,-6.979477882385254
589,best,-7.744472503662109,-7.1903462409973145
590,best,-8.414128303527832,-7.452450275421143
591,best,-9.069123268127441,-7.731550693511963
592,best,-8.319019317626953,-7.196570873260498
593,best,-7.198400974273682,-6.586701393127441
594,best,-6.77382230758667,-5.872942924499512
595,best,-8.247841835021973,-7.461395263671875
596,best,-6.777101039886475,-5.908332824707031
597,best,-8.025851249694824,-7.307347297668457
598,best,-8.730948448181152,-7.503064155578613
599,best,-7.324787616729736,-6.407924175262451
600,best,-7.143481731414795,-6.852639198303223
601,best,-8.800171852111816,-8.416619300842285
602,best,-9.369270324707031,-8.791269302368164
603,best,-8.554012298583984,-7.798713207244873
604,best,-7.143481731414795,-6.852639198303223
605,best,-6.988951206207275,-6.436187744140625
606,best,-8.596146583557129,-7.805285930633545
607,best,-7.626633644104004,-7.151327610015869
608,best,-8.282181739807129,-7.438933372497559
609,best,-8.167956352233887,-7.2593865394592285
610,best,-7.23285436630249,-6.468171119689941
611,best,-9.369271278381348,-8.791269302368164
612,best,-6.975552082061768,-6.49770450592041
613,best,-7.4766998291015625,-6.770225524902344
614,best,-6.789527893066406,-6.342158794403076
615,best,-6.977342128753662,-6.6938886642456055
616,best,-6.95828104019165,-6.386088848114014
617,best,-8.336731910705566,-7.06170129776001
618,best,-7.12947416305542,-6.946362495422363
619,best,-8.184096336364746,-7.721973896026611
620,best,-6.519847869873047,-6.546383380889893
621,best,-7.705111503601074,-7.172282695770264
622,best,-7.686141490936279,-7.821200847625732
623,best,-6.394827365875244,-6.06953239440918
624,best,-6.931170463562012,-6.556644916534424
625,best,-7.439602375030518,-6.827429294586182
626,best,-7.809418201446533,-7.678754806518555
627,best,-6.304926872253418,-6.061153411865234
628,best,-7.091330528259277,-6.452497482299805
629,best,-7.708746910095215,-7.399466514587402
630,best,-7.48455810546875,-6.961031436920166
631,best,-7.2741241455078125,-6.979641914367676
632,best,-6.691511154174805,-6.5669426918029785
633,best,-5.816127777099609,-5.447009086608887
634,best,-6.698868274688721,-6.548452377319336
635,best,-5.77627420425415,-5.762564659118652
636,best,-6.817241668701172,-6.609508991241455
637,best,-6.6290283203125,-6.293480396270752
638,best,-7.559124946594238,-7.189680099487305
639,best,-6.09285831451416,-5.779421329498291
640,best,-8.60778522491455,-6.8279900550842285
641,best,-7.836705684661865,-7.166312217712402
642,best,-7.842238426208496,-6.760822772979736
643,best,-8.691924095153809,-7.4541826248168945
644,best,-8.004284858703613,-7.085544586181641
645,best,-9.073982238769531,-8.022065162658691
646,best,-8.782858848571777,-8.11279010772705
647,best,-7.248147487640381,-6.355710506439209
648,best,-9.544881820678711,-8.20586109161377
649,best,-8.30632209777832,-7.736009120941162
650,best,-7.913376331329346,-7.286383152008057
651,best,-7.169833183288574,-6.396569728851318
652,best,-7.253087520599365,-6.494423866271973
653,best,-7.294694423675537,-6.867246150970459
654,best,-7.827576160430908,-6.647116661071777
655,best,-8.24243450164795,-7.79603910446167
656,best,-8.557500839233398,-7.836851596832275
657,best,-9.13965129852295,-7.616832256317139
658,best,-8.233214378356934,-7.6278300285339355
659,best,-7.8464179039001465,-7.306235313415527
660,best,-7.480088233947754,-7.567466735839844
661,best,-5.721489429473877,-5.638235092163086
662,best,-7.480554580688477,-7.321742534637451
663,best,-7.16917610168457,-7.380092620849609
664,best,-5.996385097503662,-6.032052516937256
665,best,-6.417893886566162,-6.4323649406433105
666,best,-6.202376365661621,-6.204543590545654
667,best,-6.895570755004883,-6.311346054077148
668,best,-5.518806457519531,-5.380095481872559
669,best,-5.725174903869629,-5.629922389984131
670,best,-7.473263740539551,-7.283491134643555
671,best,-6.431509017944336,-6.628897666931152
672,best,-7.665738105773926,-7.49321985244751
673,best,-6.17173433303833,-5.886435031890869
674,best,-7.473262786865234,-7.283491134643555
675,best,-6.847719669342041,-6.991737365722656
676,best,-8.05598258972168,-7.700157165527344
677,best,-6.355783462524414,-6.305648326873779
678,best,-6.600054740905762,-6.557977199554443
679,best,-7.038973331451416,-6.753410339355469
680,best,-7.005659580230713,-6.580476760864258
681,best,-7.119006633758545,-6.646413803100586
682,best,-6.752038955688477,-6.679995059967041
683,best,-7.522429943084717,-6.940467834472656
684,best,-7.14164400100708,-6.378917217254639
685,best,-6.115135192871094,-5.474775314331055
686,best,-6.9813313484191895,-6.4817938804626465
687,best,-6.112265110015869,-6.0264177322387695
688,best,-6.852491855621338,-6.483644485473633
689,best,-7.563570499420166,-7.141697883605957
690,best,-6.455833435058594,-5.972221374511719
691,best,-6.497862815856934,-5.8487701416015625
692,best,-7.174918174743652,-6.680202484130859
693,best,-6.800719738006592,-6.248234272003174
694,best,-6.622799873352051,-6.687276363372803
695,best,-7.46730375289917,-7.157140731811523
696,best,-7.9822773933410645,-7.540513515472412
697,best,-6.7524542808532715,-6.1407952308654785
698,best,-7.01099157333374,-6.517659664154053
699,best,-6.018522262573242,-5.597344875335693
