item_id,model_state,dative,score
1,initial,pp,-7.296487331390381
2,initial,pp,-7.433793544769287
3,initial,pp,-7.589963436126709
4,initial,pp,-7.782191753387451
5,initial,pp,-6.979183197021484
6,initial,pp,-7.934945583343506
7,initial,pp,-7.8343892097473145
8,initial,pp,-7.742637634277344
9,initial,pp,-6.557287693023682
10,initial,pp,-7.853978633880615
11,initial,pp,-6.553572654724121
12,initial,pp,-5.411437034606934
13,initial,pp,-6.663598537445068
14,initial,pp,-5.540978908538818
15,initial,pp,-7.657150745391846
16,initial,pp,-7.742637634277344
17,initial,pp,-7.841832637786865
18,initial,pp,-6.8581366539001465
19,initial,pp,-7.37513542175293
20,initial,pp,-7.044740676879883
21,initial,pp,-7.470729827880859
22,initial,pp,-6.583492755889893
23,initial,pp,-7.7777838706970215
24,initial,pp,-7.503223419189453
25,initial,pp,-7.926855564117432
26,initial,pp,-7.72744607925415
27,initial,pp,-7.595415115356445
28,initial,pp,-7.335387706756592
29,initial,pp,-7.7569732666015625
30,initial,pp,-7.090738773345947
31,initial,pp,-7.835433483123779
32,initial,pp,-7.503223419189453
33,initial,pp,-7.988372325897217
34,initial,pp,-8.708428382873535
35,initial,pp,-5.691198348999023
36,initial,pp,-6.055959701538086
37,initial,pp,-7.7569732666015625
38,initial,pp,-6.87323522567749
39,initial,pp,-7.695860385894775
40,initial,pp,-8.327902793884277
41,initial,pp,-7.451128005981445
42,initial,pp,-7.098701477050781
43,initial,pp,-6.568662643432617
44,initial,pp,-7.066510200500488
45,initial,pp,-7.205585479736328
46,initial,pp,-7.2218780517578125
47,initial,pp,-8.009154319763184
48,initial,pp,-6.666506767272949
49,initial,pp,-7.214339256286621
50,initial,pp,-6.822115898132324
51,initial,pp,-7.158085346221924
52,initial,pp,-6.237925052642822
53,initial,pp,-7.38432502746582
54,initial,pp,-7.1719255447387695
55,initial,pp,-7.039034366607666
56,initial,pp,-6.1258111000061035
57,initial,pp,-5.803254127502441
58,initial,pp,-7.060850143432617
59,initial,pp,-7.209541320800781
60,initial,pp,-7.298315048217773
61,initial,pp,-7.251865386962891
62,initial,pp,-7.701557636260986
63,initial,pp,-8.042675018310547
64,initial,pp,-7.7863898277282715
65,initial,pp,-7.617374897003174
66,initial,pp,-8.802279472351074
67,initial,pp,-6.185647964477539
68,initial,pp,-8.03194808959961
69,initial,pp,-8.718230247497559
70,initial,pp,-8.692858695983887
71,initial,pp,-5.791131973266602
72,initial,pp,-8.401925086975098
73,initial,pp,-8.0873384475708
74,initial,pp,-9.234993934631348
75,initial,pp,-7.414494037628174
76,initial,pp,-7.439767837524414
77,initial,pp,-6.901275634765625
78,initial,pp,-6.973694324493408
79,initial,pp,-6.626292705535889
80,initial,pp,-8.602717399597168
81,initial,pp,-7.426566123962402
82,initial,pp,-6.581234931945801
83,initial,pp,-6.992805480957031
84,initial,pp,-6.104414939880371
85,initial,pp,-6.581234931945801
86,initial,pp,-6.369586944580078
87,initial,pp,-6.213662147521973
88,initial,pp,-6.107535362243652
89,initial,pp,-6.9622321128845215
90,initial,pp,-6.023728847503662
91,initial,pp,-5.867559432983398
92,initial,pp,-8.056918144226074
93,initial,pp,-6.4063720703125
94,initial,pp,-6.275158882141113
95,initial,pp,-6.008915901184082
96,initial,pp,-6.569604396820068
97,initial,pp,-8.561460494995117
98,initial,pp,-8.093114852905273
99,initial,pp,-6.925321578979492
100,initial,pp,-6.948390483856201
101,initial,pp,-6.324498653411865
102,initial,pp,-7.8215484619140625
103,initial,pp,-7.002460956573486
104,initial,pp,-6.523188591003418
105,initial,pp,-6.479454040527344
106,initial,pp,-7.19484281539917
107,initial,pp,-6.601060390472412
108,initial,pp,-7.424320220947266
109,initial,pp,-7.024571418762207
110,initial,pp,-7.2502899169921875
111,initial,pp,-7.187465190887451
112,initial,pp,-7.235710144042969
113,initial,pp,-6.781073093414307
114,initial,pp,-6.486166954040527
115,initial,pp,-7.488661289215088
116,initial,pp,-6.194354057312012
117,initial,pp,-7.6961798667907715
118,initial,pp,-6.567343711853027
119,initial,pp,-7.4137420654296875
120,initial,pp,-7.866316318511963
121,initial,pp,-7.478814601898193
122,initial,pp,-7.063235759735107
123,initial,pp,-6.720064640045166
124,initial,pp,-7.526790142059326
125,initial,pp,-6.799090385437012
126,initial,pp,-7.1233391761779785
127,initial,pp,-6.602835178375244
128,initial,pp,-8.131731986999512
129,initial,pp,-6.800756931304932
130,initial,pp,-6.429908752441406
131,initial,pp,-6.800756931304932
132,initial,pp,-7.063235759735107
133,initial,pp,-7.735311508178711
134,initial,pp,-6.69624137878418
135,initial,pp,-7.063235759735107
136,initial,pp,-7.123340129852295
137,initial,pp,-7.0981125831604
138,initial,pp,-5.599699974060059
139,initial,pp,-6.745977878570557
140,initial,pp,-6.5975775718688965
141,initial,pp,-6.640473365783691
142,initial,pp,-6.730903625488281
143,initial,pp,-6.836475849151611
144,initial,pp,-7.0205912590026855
145,initial,pp,-6.578561782836914
146,initial,pp,-6.476196765899658
147,initial,pp,-7.355127811431885
148,initial,pp,-7.322684288024902
149,initial,pp,-6.64784049987793
150,initial,pp,-5.563998222351074
151,initial,pp,-7.210066795349121
152,initial,pp,-6.897530555725098
153,initial,pp,-6.608749866485596
154,initial,pp,-6.994505882263184
155,initial,pp,-6.945382118225098
156,initial,pp,-6.614285469055176
157,initial,pp,-6.131539344787598
158,initial,pp,-6.754156112670898
159,initial,pp,-6.689908981323242
160,initial,pp,-7.217429161071777
161,initial,pp,-8.22324275970459
162,initial,pp,-6.737143516540527
163,initial,pp,-7.25712776184082
164,initial,pp,-6.9316253662109375
165,initial,pp,-6.832248687744141
166,initial,pp,-5.519618034362793
167,initial,pp,-7.703638076782227
168,initial,pp,-8.812235832214355
169,initial,pp,-6.80169153213501
170,initial,pp,-7.068119525909424
171,initial,pp,-7.25712776184082
172,initial,pp,-6.2083210945129395
173,initial,pp,-6.404853343963623
174,initial,pp,-8.736977577209473
175,initial,pp,-6.615956783294678
176,initial,pp,-6.832248687744141
177,initial,pp,-7.518787384033203
178,initial,pp,-8.491515159606934
179,initial,pp,-6.037380218505859
180,initial,pp,-8.260560989379883
181,initial,pp,-6.861334323883057
182,initial,pp,-7.132152080535889
183,initial,pp,-5.932952880859375
184,initial,pp,-7.033321857452393
185,initial,pp,-6.062002658843994
186,initial,pp,-6.369748592376709
187,initial,pp,-5.4593377113342285
188,initial,pp,-6.050736904144287
189,initial,pp,-6.115679740905762
190,initial,pp,-5.444195747375488
191,initial,pp,-6.567893028259277
192,initial,pp,-6.370547294616699
193,initial,pp,-5.96649694442749
194,initial,pp,-6.455547332763672
195,initial,pp,-6.317142486572266
196,initial,pp,-5.775479793548584
197,initial,pp,-7.050632476806641
198,initial,pp,-5.837014198303223
199,initial,pp,-6.095194339752197
200,initial,pp,-6.766712665557861
201,initial,pp,-5.848153591156006
202,initial,pp,-5.988663673400879
203,initial,pp,-7.9644975662231445
204,initial,pp,-6.525539398193359
205,initial,pp,-7.650539875030518
206,initial,pp,-6.691199779510498
207,initial,pp,-7.115943908691406
208,initial,pp,-5.886842727661133
209,initial,pp,-6.791085720062256
210,initial,pp,-6.582390785217285
211,initial,pp,-7.050385475158691
212,initial,pp,-6.548826217651367
213,initial,pp,-6.3251848220825195
214,initial,pp,-7.2115278244018555
215,initial,pp,-6.580965042114258
216,initial,pp,-5.9054789543151855
217,initial,pp,-6.60644006729126
218,initial,pp,-6.468247413635254
219,initial,pp,-6.919871807098389
220,initial,pp,-6.638719081878662
221,initial,do,-7.760884761810303
222,initial,do,-7.940439701080322
223,initial,do,-7.3155198097229
224,initial,do,-6.547061920166016
225,initial,do,-7.410985469818115
226,initial,do,-7.529647350311279
227,initial,do,-7.6229987144470215
228,initial,do,-8.762852668762207
229,initial,do,-8.816388130187988
230,initial,do,-7.832702159881592
231,initial,do,-7.894290924072266
232,initial,do,-8.013267517089844
233,initial,do,-7.8600873947143555
234,initial,do,-8.762852668762207
235,initial,do,-6.49760627746582
236,initial,do,-7.319860935211182
237,initial,do,-7.467041969299316
238,initial,do,-8.01576042175293
239,initial,do,-7.847217559814453
240,initial,do,-7.555617332458496
241,initial,do,-7.8600873947143555
242,initial,do,-7.452960014343262
243,initial,do,-8.595438003540039
244,initial,do,-8.01576042175293
245,initial,do,-8.783280372619629
246,initial,do,-6.21928071975708
247,initial,do,-8.40999984741211
248,initial,do,-8.227922439575195
249,initial,do,-7.372532367706299
250,initial,do,-6.8906378746032715
251,initial,do,-7.926764488220215
252,initial,do,-7.442921161651611
253,initial,do,-8.831696510314941
254,initial,do,-8.290453910827637
255,initial,do,-8.175337791442871
256,initial,do,-7.399001121520996
257,initial,do,-7.368635177612305
258,initial,do,-8.290453910827637
259,initial,do,-6.2504658699035645
260,initial,do,-7.926764488220215
261,initial,do,-6.8906378746032715
262,initial,do,-5.932679176330566
263,initial,do,-7.4702372550964355
264,initial,pp,-7.043153762817383
265,initial,pp,-7.135031223297119
266,initial,pp,-6.475833415985107
267,initial,pp,-5.887918472290039
268,initial,pp,-7.1108903884887695
269,initial,pp,-6.572882175445557
270,initial,pp,-6.841886520385742
271,initial,pp,-7.986335754394531
272,initial,pp,-7.675642490386963
273,initial,pp,-6.979047775268555
274,initial,pp,-7.255280494689941
275,initial,pp,-7.386170864105225
276,initial,pp,-7.065608501434326
277,initial,pp,-7.986335754394531
278,initial,pp,-5.926332473754883
279,initial,pp,-6.603821754455566
280,initial,pp,-6.930078506469727
281,initial,pp,-7.134239196777344
282,initial,pp,-6.674518585205078
283,initial,pp,-6.428297519683838
284,initial,do,-7.701907634735107
285,initial,do,-7.357483863830566
286,initial,do,-8.644766807556152
287,initial,do,-7.346347808837891
288,initial,do,-7.558945178985596
289,initial,do,-6.542626857757568
290,initial,do,-6.908809185028076
291,initial,do,-8.237756729125977
292,initial,do,-7.558945178985596
293,initial,do,-7.213387489318848
294,initial,do,-6.811244010925293
295,initial,do,-6.999770641326904
296,initial,do,-6.710274696350098
297,initial,do,-7.494510173797607
298,initial,do,-7.618724822998047
299,initial,do,-7.411942005157471
300,initial,do,-7.677279472351074
301,initial,do,-7.152342319488525
302,initial,do,-7.3204145431518555
303,initial,do,-7.302189826965332
304,initial,do,-7.212489604949951
305,initial,do,-6.908809185028076
306,initial,do,-7.7749481201171875
307,initial,do,-6.773443698883057
308,initial,do,-7.346347808837891
309,initial,do,-7.400015830993652
310,initial,do,-5.817808628082275
311,initial,do,-7.509610652923584
312,initial,do,-7.346347808837891
313,initial,do,-8.621668815612793
314,initial,do,-6.822807312011719
315,initial,do,-7.63216495513916
316,initial,do,-7.128891944885254
317,initial,do,-8.291215896606445
318,initial,do,-5.817808628082275
319,initial,do,-7.152342319488525
320,initial,do,-6.7310590744018555
321,initial,do,-7.514392852783203
322,initial,do,-8.644765853881836
323,initial,do,-7.574463844299316
324,initial,do,-7.601055145263672
325,initial,do,-7.963432788848877
326,initial,do,-7.23322057723999
327,initial,pp,-7.326770782470703
328,initial,pp,-6.926942348480225
329,initial,pp,-7.922300815582275
330,initial,pp,-6.809511184692383
331,initial,pp,-7.1612420082092285
332,initial,pp,-6.10467004776001
333,initial,pp,-6.5213775634765625
334,initial,pp,-7.402796745300293
335,initial,pp,-7.1612420082092285
336,initial,pp,-6.740616321563721
337,initial,pp,-6.591782093048096
338,initial,pp,-6.819637775421143
339,initial,pp,-6.607454776763916
340,initial,pp,-6.935698986053467
341,initial,pp,-7.358938217163086
342,initial,pp,-7.053556442260742
343,initial,pp,-7.049257278442383
344,initial,pp,-6.589259147644043
345,initial,pp,-7.024762153625488
346,initial,pp,-6.761877059936523
347,initial,do,-7.455377578735352
348,initial,do,-5.5643630027771
349,initial,do,-6.873895645141602
350,initial,do,-6.259488582611084
351,initial,do,-6.992343902587891
352,initial,do,-6.635963439941406
353,initial,do,-6.831447601318359
354,initial,do,-6.81260871887207
355,initial,do,-6.876003265380859
356,initial,do,-6.984870910644531
357,initial,do,-7.1232123374938965
358,initial,do,-6.5573296546936035
359,initial,do,-6.437893867492676
360,initial,do,-7.018888473510742
361,initial,do,-7.177962303161621
362,initial,do,-6.606027603149414
363,initial,do,-7.088518142700195
364,initial,do,-7.216228008270264
365,initial,do,-6.493454933166504
366,initial,do,-6.237646102905273
367,initial,do,-6.481520652770996
368,initial,do,-6.158967018127441
369,initial,do,-7.198868751525879
370,initial,do,-5.93224573135376
371,initial,do,-6.81304931640625
372,initial,do,-7.443869590759277
373,initial,do,-7.018523216247559
374,initial,do,-6.46299934387207
375,initial,do,-5.419931411743164
376,initial,do,-6.862752914428711
377,initial,do,-6.688512325286865
378,initial,do,-6.7296929359436035
379,initial,do,-6.774374485015869
380,initial,do,-6.774511337280273
381,initial,do,-6.9646148681640625
382,initial,do,-6.774526596069336
383,initial,do,-6.267899513244629
384,initial,do,-6.81304931640625
385,initial,do,-6.29503059387207
386,initial,do,-7.018523216247559
387,initial,do,-6.911163330078125
388,initial,do,-6.458700656890869
389,initial,do,-6.382593154907227
390,initial,pp,-6.712447166442871
391,initial,pp,-5.412735462188721
392,initial,pp,-6.468292236328125
393,initial,pp,-6.057694435119629
394,initial,pp,-6.9835028648376465
395,initial,pp,-6.453539848327637
396,initial,pp,-6.516932010650635
397,initial,pp,-6.344784736633301
398,initial,pp,-6.840142726898193
399,initial,pp,-6.529547691345215
400,initial,pp,-6.920082092285156
401,initial,pp,-6.426321506500244
402,initial,pp,-6.270301818847656
403,initial,pp,-7.0206756591796875
404,initial,pp,-6.9456000328063965
405,initial,pp,-6.6242170333862305
406,initial,pp,-6.8615288734436035
407,initial,pp,-6.709153652191162
408,initial,pp,-6.168961524963379
409,initial,pp,-5.976257801055908
410,initial,do,-8.284464836120605
411,initial,do,-7.5706987380981445
412,initial,do,-7.704034328460693
413,initial,do,-8.78739070892334
414,initial,do,-8.18157958984375
415,initial,do,-7.852233409881592
416,initial,do,-7.295474052429199
417,initial,do,-8.117098808288574
418,initial,do,-6.374321937561035
419,initial,do,-7.5828094482421875
420,initial,do,-7.301701068878174
421,initial,do,-8.380267143249512
422,initial,do,-7.966951847076416
423,initial,do,-8.77336597442627
424,initial,do,-7.158979415893555
425,initial,do,-9.06340503692627
426,initial,do,-7.311943054199219
427,initial,do,-7.93723726272583
428,initial,do,-7.696079254150391
429,initial,do,-8.198225021362305
430,initial,do,-8.806129455566406
431,initial,do,-7.021732807159424
432,initial,do,-7.93723726272583
433,initial,do,-7.588334083557129
434,initial,do,-8.544225692749023
435,initial,do,-7.815060138702393
436,initial,do,-8.462221145629883
437,initial,do,-8.256035804748535
438,initial,do,-7.551631450653076
439,initial,do,-9.252358436584473
440,initial,do,-8.601316452026367
441,initial,do,-8.145210266113281
442,initial,do,-8.557967185974121
443,initial,do,-7.993600368499756
444,initial,do,-7.306727409362793
445,initial,do,-7.656177043914795
446,initial,do,-9.06340503692627
447,initial,do,-8.425410270690918
448,initial,do,-6.59704065322876
449,initial,do,-7.760078430175781
450,initial,do,-8.12391471862793
451,initial,do,-8.350343704223633
452,initial,do,-8.433557510375977
453,initial,pp,-8.012460708618164
454,initial,pp,-6.741386413574219
455,initial,pp,-7.251385688781738
456,initial,pp,-8.212958335876465
457,initial,pp,-7.5273847579956055
458,initial,pp,-7.618058681488037
459,initial,pp,-7.12779426574707
460,initial,pp,-7.4942402839660645
461,initial,pp,-6.279897212982178
462,initial,pp,-7.887623310089111
463,initial,pp,-7.400017738342285
464,initial,pp,-8.333394050598145
465,initial,pp,-7.656330108642578
466,initial,pp,-8.191549301147461
467,initial,pp,-6.897311210632324
468,initial,pp,-8.438365936279297
469,initial,pp,-7.122802734375
470,initial,pp,-7.955531120300293
471,initial,pp,-7.545323848724365
472,initial,pp,-7.791317462921143
473,initial,pp,-7.019183158874512
474,initial,pp,-7.7603912353515625
475,initial,pp,-7.259033203125
476,initial,pp,-6.995863437652588
477,initial,pp,-5.8476762771606445
478,initial,pp,-7.248146057128906
479,initial,pp,-6.703261375427246
480,initial,pp,-6.591066360473633
481,initial,pp,-7.54052734375
482,initial,pp,-7.308008670806885
483,initial,pp,-6.495488166809082
484,initial,pp,-8.110638618469238
485,initial,pp,-7.340610027313232
486,initial,pp,-6.173689365386963
487,initial,pp,-7.85853910446167
488,initial,pp,-6.676902770996094
489,initial,pp,-6.1330461502075195
490,initial,pp,-7.558125019073486
491,initial,pp,-6.533014297485352
492,initial,pp,-6.685277938842773
493,initial,do,-7.901156902313232
494,initial,do,-7.686516761779785
495,initial,do,-8.524712562561035
496,initial,do,-8.185895919799805
497,initial,do,-9.95899772644043
498,initial,do,-5.998598575592041
499,initial,do,-8.657452583312988
500,initial,do,-9.425419807434082
501,initial,do,-7.5531768798828125
502,initial,do,-7.120587348937988
503,initial,do,-8.530166625976562
504,initial,do,-7.628550052642822
505,initial,do,-9.659955978393555
506,initial,do,-7.869811534881592
507,initial,do,-9.731560707092285
508,initial,do,-9.651187896728516
509,initial,do,-8.762853622436523
510,initial,do,-8.142916679382324
511,initial,do,-7.839420318603516
512,initial,do,-9.128194808959961
513,initial,do,-7.690032005310059
514,initial,do,-8.901657104492188
515,initial,do,-8.905884742736816
516,initial,do,-9.574416160583496
517,initial,do,-8.34914779663086
518,initial,do,-9.759260177612305
519,initial,do,-9.294939041137695
520,initial,do,-9.405962944030762
521,initial,do,-8.711626052856445
522,initial,do,-7.843967437744141
523,initial,do,-7.411734580993652
524,initial,do,-7.620222568511963
525,initial,do,-8.829755783081055
526,initial,do,-9.6844482421875
527,initial,do,-7.402995586395264
528,initial,do,-9.714296340942383
529,initial,do,-9.714296340942383
530,initial,do,-10.732940673828125
531,initial,do,-10.018431663513184
532,initial,do,-10.1416597366333
533,initial,do,-9.915692329406738
534,initial,do,-7.811748504638672
535,initial,do,-7.955030918121338
536,initial,pp,-7.690072059631348
537,initial,pp,-7.267151355743408
538,initial,pp,-7.813986301422119
539,initial,pp,-7.508321285247803
540,initial,pp,-9.287371635437012
541,initial,pp,-5.797187805175781
542,initial,pp,-7.585330963134766
543,initial,pp,-8.485599517822266
544,initial,pp,-6.977902889251709
545,initial,pp,-6.536640644073486
546,initial,pp,-7.835504055023193
547,initial,pp,-7.152973651885986
548,initial,pp,-8.261394500732422
549,initial,pp,-7.553985118865967
550,initial,pp,-8.919503211975098
551,initial,pp,-8.541617393493652
552,initial,pp,-7.606327056884766
553,initial,pp,-7.275508403778076
554,initial,pp,-6.866696357727051
555,initial,pp,-8.529440879821777
556,initial,do,-7.343942642211914
557,initial,do,-9.377925872802734
558,initial,do,-7.965595722198486
559,initial,do,-9.122392654418945
560,initial,do,-9.317358016967773
561,initial,do,-7.551338195800781
562,initial,do,-7.642325401306152
563,initial,do,-9.305970191955566
564,initial,do,-9.377925872802734
565,initial,do,-9.233016014099121
566,initial,do,-6.564434051513672
567,initial,do,-6.653161525726318
568,initial,do,-7.3532538414001465
569,initial,do,-7.8690314292907715
570,initial,do,-6.794371604919434
571,initial,do,-8.576581954956055
572,initial,do,-8.887151718139648
573,initial,do,-8.546606063842773
574,initial,do,-8.546606063842773
575,initial,do,-9.147272109985352
576,initial,do,-7.645314693450928
577,initial,do,-8.021677017211914
578,initial,do,-8.887151718139648
579,initial,do,-7.69590950012207
580,initial,do,-7.544637203216553
581,initial,do,-7.3532538414001465
582,initial,do,-8.573315620422363
583,initial,do,-6.533065319061279
584,initial,do,-7.53839111328125
585,initial,do,-8.698487281799316
586,initial,do,-7.4219536781311035
587,initial,do,-8.029658317565918
588,initial,do,-6.533065319061279
589,initial,do,-7.037491321563721
590,initial,do,-8.341581344604492
591,initial,do,-8.436762809753418
592,initial,do,-9.256365776062012
593,initial,do,-8.436762809753418
594,initial,do,-9.854192733764648
595,initial,do,-7.965595722198486
596,initial,do,-9.077838897705078
597,initial,do,-7.3532538414001465
598,initial,do,-9.233016014099121
599,initial,pp,-7.1750617027282715
600,initial,pp,-8.873172760009766
601,initial,pp,-7.625069618225098
602,initial,pp,-8.783162117004395
603,initial,pp,-9.034383773803711
604,initial,pp,-7.56075382232666
605,initial,pp,-7.153802871704102
606,initial,pp,-8.196428298950195
607,initial,pp,-8.873172760009766
608,initial,pp,-8.93261432647705
609,initial,pp,-6.6975812911987305
610,initial,pp,-6.3838934898376465
611,initial,pp,-6.843389987945557
612,initial,pp,-7.191866874694824
613,initial,pp,-6.971580982208252
614,initial,pp,-7.8730926513671875
615,initial,pp,-8.18242359161377
616,initial,pp,-7.671426773071289
617,initial,pp,-7.671426773071289
618,initial,pp,-8.637139320373535
619,initial,do,-7.954462051391602
620,initial,do,-6.954845905303955
621,initial,do,-7.944080829620361
622,initial,do,-7.524702072143555
623,initial,do,-7.91825008392334
624,initial,do,-7.9284892082214355
625,initial,do,-8.009561538696289
626,initial,do,-7.890181541442871
627,initial,do,-7.695828914642334
628,initial,do,-8.385286331176758
629,initial,do,-7.764858245849609
630,initial,do,-5.859192848205566
631,initial,do,-6.683762073516846
632,initial,do,-7.104825496673584
633,initial,do,-6.430140018463135
634,initial,do,-7.887540340423584
635,initial,do,-7.087060451507568
636,initial,do,-8.203996658325195
637,initial,do,-6.683762073516846
638,initial,do,-7.817216873168945
639,initial,do,-7.874447345733643
640,initial,do,-8.377589225769043
641,initial,do,-7.509490489959717
642,initial,do,-9.191082954406738
643,initial,do,-8.229185104370117
644,initial,do,-6.442206382751465
645,initial,do,-8.700751304626465
646,initial,do,-7.662604331970215
647,initial,do,-8.400259971618652
648,initial,do,-7.60206937789917
649,initial,do,-7.734139919281006
650,initial,do,-9.113624572753906
651,initial,do,-8.206347465515137
652,initial,do,-8.478968620300293
653,initial,do,-7.827174663543701
654,initial,do,-7.063778400421143
655,initial,do,-7.840341567993164
656,initial,do,-8.08978271484375
657,initial,do,-7.439996719360352
658,initial,do,-6.683762073516846
659,initial,do,-8.71187686920166
660,initial,do,-8.244959831237793
661,initial,do,-7.054194927215576
662,initial,pp,-7.390084266662598
663,initial,pp,-6.157556056976318
664,initial,pp,-6.946167945861816
665,initial,pp,-6.945382595062256
666,initial,pp,-7.302812576293945
667,initial,pp,-7.198892116546631
668,initial,pp,-7.428836345672607
669,initial,pp,-7.8093132972717285
670,initial,pp,-7.4908647537231445
671,initial,pp,-7.490443229675293
672,initial,pp,-7.203465938568115
673,initial,pp,-5.460625171661377
674,initial,pp,-6.147780895233154
675,initial,pp,-6.4363861083984375
676,initial,pp,-6.020810127258301
677,initial,pp,-7.547229766845703
678,initial,pp,-6.2152018547058105
679,initial,pp,-7.293489456176758
680,initial,pp,-6.147780895233154
681,initial,pp,-7.083982467651367
682,initial,do,-8.93519401550293
683,initial,do,-10.049002647399902
684,initial,do,-8.310306549072266
685,initial,do,-7.129676818847656
686,initial,do,-8.73808765411377
687,initial,do,-8.658799171447754
688,initial,do,-10.184484481811523
689,initial,do,-10.229787826538086
690,initial,do,-7.798171043395996
691,initial,do,-9.29390811920166
692,initial,do,-7.292710781097412
693,initial,do,-9.591964721679688
694,initial,do,-6.9642109870910645
695,initial,do,-8.31362247467041
696,initial,do,-9.045576095581055
697,initial,do,-8.478403091430664
698,initial,do,-8.376811981201172
699,initial,do,-8.551634788513184
700,initial,do,-9.128511428833008
701,initial,do,-7.421600818634033
702,initial,do,-8.78343677520752
703,initial,do,-9.203030586242676
704,initial,do,-9.96760082244873
705,initial,do,-9.116936683654785
706,initial,do,-8.807483673095703
707,initial,do,-10.359495162963867
708,initial,do,-8.585521697998047
709,initial,do,-8.073782920837402
710,initial,do,-10.398927688598633
711,initial,do,-9.269682884216309
712,initial,do,-8.622492790222168
713,initial,do,-10.433324813842773
714,initial,do,-9.148432731628418
715,initial,do,-9.690313339233398
716,initial,do,-9.629785537719727
717,initial,do,-10.28233814239502
718,initial,do,-10.187968254089355
719,initial,do,-9.295697212219238
720,initial,do,-7.4612298011779785
721,initial,do,-9.211671829223633
722,initial,do,-7.611976146697998
723,initial,do,-8.510148048400879
724,initial,do,-8.147858619689941
725,initial,pp,-8.624781608581543
726,initial,pp,-8.852119445800781
727,initial,pp,-7.098834037780762
728,initial,pp,-6.330166339874268
729,initial,pp,-8.643482208251953
730,initial,pp,-7.930595397949219
731,initial,pp,-9.746088981628418
732,initial,pp,-9.314623832702637
733,initial,pp,-7.689855098724365
734,initial,pp,-8.756247520446777
735,initial,pp,-7.350773334503174
736,initial,pp,-9.05799388885498
737,initial,pp,-7.124917984008789
738,initial,pp,-8.674161911010742
739,initial,pp,-8.81425952911377
740,initial,pp,-8.336392402648926
741,initial,pp,-7.268424987792969
742,initial,pp,-7.145827293395996
743,initial,pp,-8.303116798400879
744,initial,pp,-7.542328834533691
745,initial,pp,-6.602275848388672
746,initial,pp,-6.865018844604492
747,initial,pp,-7.264809608459473
748,initial,pp,-7.231661319732666
749,initial,pp,-7.882536888122559
750,initial,pp,-8.226922988891602
751,initial,pp,-8.466888427734375
752,initial,pp,-6.719827175140381
753,initial,pp,-7.239883899688721
754,initial,pp,-7.64045524597168
755,initial,pp,-6.478196620941162
756,initial,pp,-6.003756046295166
757,initial,pp,-7.793313980102539
758,initial,pp,-6.212785720825195
759,initial,pp,-7.1457695960998535
760,initial,pp,-7.647368431091309
761,initial,pp,-8.333658218383789
762,initial,pp,-8.560844421386719
763,initial,pp,-7.165846824645996
764,initial,pp,-7.080524444580078
765,initial,pp,-7.438846588134766
766,initial,pp,-7.7047834396362305
767,initial,pp,-7.073422908782959
768,initial,pp,-7.139784812927246
769,initial,pp,-7.4710493087768555
770,initial,pp,-8.238190650939941
771,initial,pp,-7.390838146209717
772,initial,pp,-8.102229118347168
773,initial,pp,-6.901782035827637
774,initial,pp,-5.925137042999268
775,initial,pp,-7.012660503387451
776,initial,pp,-6.3148040771484375
777,initial,pp,-6.5340471267700195
778,initial,pp,-8.344551086425781
779,initial,pp,-7.96462869644165
780,initial,pp,-7.419045448303223
781,initial,pp,-7.51442289352417
782,initial,pp,-6.799873352050781
783,initial,pp,-7.740053653717041
784,initial,pp,-8.822721481323242
785,initial,do,-7.3192596435546875
786,initial,do,-6.065877437591553
787,initial,do,-6.162393093109131
788,initial,do,-6.0064263343811035
789,initial,do,-7.494298458099365
790,initial,do,-6.118980884552002
791,initial,do,-6.677473545074463
792,initial,do,-6.241474628448486
793,initial,do,-7.895020484924316
794,initial,do,-8.725837707519531
795,initial,do,-6.373613357543945
796,initial,do,-5.580155372619629
797,initial,do,-5.765942573547363
798,initial,do,-8.095511436462402
799,initial,do,-5.7946295738220215
800,initial,do,-5.247726917266846
801,initial,do,-7.8268280029296875
802,initial,do,-6.372848987579346
803,initial,do,-8.82458209991455
804,initial,do,-8.57406234741211
805,initial,do,-8.224801063537598
806,initial,do,-5.776978492736816
807,initial,do,-7.980888843536377
808,initial,do,-9.190986633300781
809,initial,do,-5.639894962310791
810,initial,do,-5.486536026000977
811,initial,do,-7.489290237426758
812,initial,do,-6.205656051635742
813,initial,do,-6.7290730476379395
814,initial,do,-6.113461017608643
815,initial,do,-6.167761325836182
816,initial,do,-6.312345504760742
817,initial,do,-5.968224048614502
818,initial,do,-5.070990562438965
819,initial,do,-7.6180338859558105
820,initial,do,-5.247726917266846
821,initial,do,-8.080348014831543
822,initial,do,-6.660974979400635
823,initial,do,-6.44394063949585
824,initial,do,-7.787094593048096
825,initial,do,-7.232467174530029
826,initial,do,-7.277041435241699
827,initial,do,-8.167445182800293
828,initial,pp,-6.680027961730957
829,initial,pp,-5.80064582824707
830,initial,pp,-6.195547103881836
831,initial,pp,-5.997912406921387
832,initial,pp,-6.861593723297119
833,initial,pp,-6.181834697723389
834,initial,pp,-6.32318115234375
835,initial,pp,-5.826767921447754
836,initial,pp,-7.342069625854492
837,initial,pp,-7.650702476501465
838,initial,pp,-6.167304039001465
839,initial,pp,-5.431734085083008
840,initial,pp,-5.947757244110107
841,initial,pp,-7.193960189819336
842,initial,pp,-5.820271968841553
843,initial,pp,-5.001916885375977
844,initial,pp,-7.02109432220459
845,initial,pp,-6.0286993980407715
846,initial,pp,-7.925049781799316
847,initial,pp,-7.7162017822265625
848,initial,do,-5.984210968017578
849,initial,do,-6.21381139755249
850,initial,do,-6.858973979949951
851,initial,do,-8.369940757751465
852,initial,do,-5.840297698974609
853,initial,do,-7.5885090827941895
854,initial,do,-7.146656513214111
855,initial,do,-6.199151992797852
856,initial,do,-5.873324394226074
857,initial,do,-7.049833297729492
858,initial,do,-7.5362467765808105
859,initial,do,-6.265157699584961
860,initial,do,-7.340987205505371
861,initial,do,-4.968962669372559
862,initial,do,-5.275732040405273
863,initial,do,-5.5164008140563965
864,initial,do,-5.868213653564453
865,initial,do,-8.106661796569824
866,initial,do,-5.442392826080322
867,initial,do,-5.90628719329834
868,initial,do,-7.395215034484863
869,initial,do,-6.020839691162109
870,initial,do,-8.090204238891602
871,initial,do,-5.371213912963867
872,initial,do,-5.762514114379883
873,initial,do,-6.090925216674805
874,initial,do,-5.873324394226074
875,initial,do,-6.136936187744141
876,initial,do,-6.187306880950928
877,initial,do,-7.778929710388184
878,initial,do,-6.536579608917236
879,initial,do,-5.2487287521362305
880,initial,do,-8.910187721252441
881,initial,do,-7.56535005569458
882,initial,do,-6.215805530548096
883,initial,do,-7.376784324645996
884,initial,do,-5.984210968017578
885,initial,do,-6.083732604980469
886,initial,do,-5.739491939544678
887,initial,do,-7.4118804931640625
888,initial,do,-7.8115620613098145
889,initial,do,-7.677700519561768
890,initial,do,-5.7995076179504395
891,initial,pp,-6.312127113342285
892,initial,pp,-6.0146074295043945
893,initial,pp,-6.824541091918945
894,initial,pp,-7.900135040283203
895,initial,pp,-5.771945953369141
896,initial,pp,-7.078827857971191
897,initial,pp,-6.798198699951172
898,initial,pp,-5.975520610809326
899,initial,pp,-5.939615249633789
900,initial,pp,-6.553238391876221
901,initial,pp,-7.2782111167907715
902,initial,pp,-6.0949931144714355
903,initial,pp,-7.00403356552124
904,initial,pp,-5.083078384399414
905,initial,pp,-5.739958763122559
906,initial,pp,-5.691281795501709
907,initial,pp,-5.782500743865967
908,initial,pp,-7.611790657043457
909,initial,pp,-5.429394245147705
910,initial,pp,-5.754966735839844
911,initial,do,-6.593377113342285
912,initial,do,-7.217282772064209
913,initial,do,-6.705422401428223
914,initial,do,-7.080158710479736
915,initial,do,-6.350635051727295
916,initial,do,-6.646340847015381
917,initial,do,-6.857043743133545
918,initial,do,-8.134608268737793
919,initial,do,-7.329311847686768
920,initial,do,-7.6319427490234375
921,initial,do,-6.209315299987793
922,initial,do,-6.092587471008301
923,initial,do,-7.728922367095947
924,initial,do,-6.109338283538818
925,initial,do,-6.268606662750244
926,initial,do,-6.777349472045898
927,initial,do,-7.269520282745361
928,initial,do,-7.273614883422852
929,initial,do,-6.483975887298584
930,initial,do,-5.548527240753174
931,initial,do,-7.177576065063477
932,initial,do,-6.233205795288086
933,initial,do,-6.612771511077881
934,initial,do,-5.936028480529785
935,initial,do,-6.345476150512695
936,initial,do,-7.283857345581055
937,initial,do,-5.779677867889404
938,initial,do,-5.9505696296691895
939,initial,do,-8.229673385620117
940,initial,do,-6.1201276779174805
941,initial,do,-7.365049362182617
942,initial,do,-7.392232418060303
943,initial,do,-6.3079328536987305
944,initial,do,-6.274388313293457
945,initial,do,-5.932138919830322
946,initial,do,-8.152634620666504
947,initial,do,-6.979270935058594
948,initial,do,-6.954301834106445
949,initial,do,-7.6319427490234375
950,initial,do,-6.2603349685668945
951,initial,do,-7.8569464683532715
952,initial,do,-6.388064384460449
953,initial,do,-7.5353522300720215
954,initial,pp,-6.628988265991211
955,initial,pp,-6.974739074707031
956,initial,pp,-6.489263534545898
957,initial,pp,-6.617993354797363
958,initial,pp,-6.575629711151123
959,initial,pp,-6.377038478851318
960,initial,pp,-6.8393683433532715
961,initial,pp,-7.535527229309082
962,initial,pp,-6.878426551818848
963,initial,pp,-7.247685432434082
964,initial,pp,-6.086891174316406
965,initial,pp,-5.934328556060791
966,initial,pp,-7.403369903564453
967,initial,pp,-5.803877830505371
968,initial,pp,-6.25388765335083
969,initial,pp,-6.718930721282959
970,initial,pp,-6.623034477233887
971,initial,pp,-7.033557891845703
972,initial,pp,-6.414806842803955
973,initial,pp,-5.485284328460693
974,initial,do,-8.102160453796387
975,initial,do,-8.469219207763672
976,initial,do,-9.27479076385498
977,initial,do,-8.55870246887207
978,initial,do,-6.198600769042969
979,initial,do,-6.572418689727783
980,initial,do,-8.068638801574707
981,initial,do,-6.4441447257995605
982,initial,do,-7.409043788909912
983,initial,do,-7.237601280212402
984,initial,do,-7.8199334144592285
985,initial,do,-8.186229705810547
986,initial,do,-8.35057258605957
987,initial,do,-6.797885417938232
988,initial,do,-8.729406356811523
989,initial,do,-8.442010879516602
990,initial,do,-9.293309211730957
991,initial,do,-6.45242977142334
992,initial,do,-6.938926696777344
993,initial,do,-6.884137153625488
994,initial,do,-5.855677604675293
995,initial,do,-8.614787101745605
996,initial,do,-8.100119590759277
997,initial,do,-7.9525322914123535
998,initial,do,-7.661924362182617
999,initial,do,-6.66168737411499
1000,initial,do,-6.985688209533691
1001,initial,do,-5.730942726135254
1002,initial,do,-6.891037464141846
1003,initial,do,-6.884137153625488
1004,initial,do,-7.439220905303955
1005,initial,do,-6.443807125091553
1006,initial,do,-8.145546913146973
1007,initial,do,-6.879397869110107
1008,initial,do,-6.522972583770752
1009,initial,do,-6.402124404907227
1010,initial,do,-7.23122501373291
1011,initial,do,-8.370173454284668
1012,initial,do,-7.689486026763916
1013,initial,do,-7.771612167358398
1014,initial,do,-7.689486026763916
1015,initial,do,-6.296596050262451
1016,initial,do,-6.6367387771606445
1017,initial,pp,-7.641605377197266
1018,initial,pp,-7.6186323165893555
1019,initial,pp,-9.009527206420898
1020,initial,pp,-7.759944915771484
1021,initial,pp,-6.490503311157227
1022,initial,pp,-6.285961151123047
1023,initial,pp,-7.510257720947266
1024,initial,pp,-6.187022686004639
1025,initial,pp,-7.095486640930176
1026,initial,pp,-6.554264068603516
1027,initial,pp,-7.206664085388184
1028,initial,pp,-7.52815055847168
1029,initial,pp,-7.940586566925049
1030,initial,pp,-6.792420387268066
1031,initial,pp,-8.31329345703125
1032,initial,pp,-8.145614624023438
1033,initial,pp,-8.613536834716797
1034,initial,pp,-6.121049404144287
1035,initial,pp,-6.305924415588379
1036,initial,pp,-6.744319915771484
1037,initial,pp,-6.1451263427734375
1038,initial,pp,-5.631026744842529
1039,initial,pp,-6.611288547515869
1040,initial,pp,-6.331740856170654
1041,initial,pp,-5.366580486297607
1042,initial,pp,-6.528003215789795
1043,initial,pp,-7.950767517089844
1044,initial,pp,-5.148927688598633
1045,initial,pp,-6.952236652374268
1046,initial,pp,-6.344871520996094
1047,initial,pp,-7.887838840484619
1048,initial,pp,-5.599584102630615
1049,initial,pp,-5.741164207458496
1050,initial,pp,-5.112942695617676
1051,initial,pp,-5.531866073608398
1052,initial,pp,-6.769354343414307
1053,initial,pp,-6.625407695770264
1054,initial,pp,-6.20948600769043
1055,initial,pp,-4.818573951721191
1056,initial,pp,-5.540757179260254
1057,initial,pp,-6.88148307800293
1058,initial,pp,-5.989821434020996
1059,initial,pp,-7.262691974639893
1060,initial,pp,-5.7259202003479
1061,initial,pp,-6.115387439727783
1062,initial,pp,-6.91779088973999
1063,initial,pp,-5.439665794372559
1064,initial,pp,-6.5943603515625
1065,initial,pp,-6.244824409484863
1066,initial,pp,-6.581062316894531
1067,initial,pp,-7.243205547332764
1068,initial,pp,-5.440117359161377
1069,initial,pp,-5.542870044708252
1070,initial,pp,-6.069807529449463
1071,initial,pp,-5.768754959106445
1072,initial,pp,-6.054128646850586
1073,initial,pp,-6.291248798370361
1074,initial,pp,-6.078813552856445
1075,initial,pp,-5.686440467834473
1076,initial,pp,-7.584805011749268
1077,initial,do,-8.294373512268066
1078,initial,do,-8.8497953414917
1079,initial,do,-8.587101936340332
1080,initial,do,-9.002403259277344
1081,initial,do,-7.221782684326172
1082,initial,do,-7.772387981414795
1083,initial,do,-8.45582103729248
1084,initial,do,-8.093134880065918
1085,initial,do,-7.828038692474365
1086,initial,do,-7.23594331741333
1087,initial,do,-8.300694465637207
1088,initial,do,-7.782227993011475
1089,initial,do,-8.00142765045166
1090,initial,do,-8.67462158203125
1091,initial,do,-8.41341781616211
1092,initial,do,-7.805506229400635
1093,initial,do,-7.75480318069458
1094,initial,do,-8.3648042678833
1095,initial,do,-6.574298858642578
1096,initial,do,-7.618154048919678
1097,initial,do,-8.591724395751953
1098,initial,do,-8.224272727966309
1099,initial,do,-9.006378173828125
1100,initial,do,-8.95820426940918
1101,initial,do,-7.711304187774658
1102,initial,do,-7.934818267822266
1103,initial,do,-7.632702350616455
1104,initial,do,-7.5084052085876465
1105,initial,do,-7.7622504234313965
1106,initial,do,-7.574991226196289
1107,initial,do,-8.224272727966309
1108,initial,do,-9.441162109375
1109,initial,do,-6.058763027191162
1110,initial,do,-8.144377708435059
1111,initial,do,-7.190199851989746
1112,initial,do,-7.187385082244873
1113,initial,do,-7.762675762176514
1114,initial,do,-7.819850921630859
1115,initial,do,-7.4901041984558105
1116,initial,do,-8.881538391113281
1117,initial,do,-8.27755069732666
1118,initial,do,-9.152905464172363
1119,initial,do,-6.950742244720459
1120,initial,pp,-7.179615020751953
1121,initial,pp,-7.914515972137451
1122,initial,pp,-7.513453006744385
1123,initial,pp,-7.342154502868652
1124,initial,pp,-6.459246635437012
1125,initial,pp,-7.0238938331604
1126,initial,pp,-7.005721092224121
1127,initial,pp,-7.118177890777588
1128,initial,pp,-6.567551612854004
1129,initial,pp,-6.291892051696777
1130,initial,pp,-6.688002586364746
1131,initial,pp,-6.635894775390625
1132,initial,pp,-7.260560035705566
1133,initial,pp,-7.538291931152344
1134,initial,pp,-7.0419416427612305
1135,initial,pp,-6.880305767059326
1136,initial,pp,-6.933543682098389
1137,initial,pp,-6.786612510681152
1138,initial,pp,-6.387033462524414
1139,initial,pp,-6.7331366539001465
1140,initial,do,-7.788517475128174
1141,initial,do,-7.651204586029053
1142,initial,do,-6.182903289794922
1143,initial,do,-7.723110198974609
1144,initial,do,-7.283435821533203
1145,initial,do,-7.502831935882568
1146,initial,do,-7.788517475128174
1147,initial,do,-8.388152122497559
1148,initial,do,-7.824331283569336
1149,initial,do,-6.831634521484375
1150,initial,do,-7.942564487457275
1151,initial,do,-9.591039657592773
1152,initial,do,-8.020941734313965
1153,initial,do,-8.374016761779785
1154,initial,do,-7.624429702758789
1155,initial,do,-6.91004753112793
1156,initial,do,-7.443126201629639
1157,initial,do,-6.63210916519165
1158,initial,do,-8.222359657287598
1159,initial,do,-7.552384853363037
1160,initial,do,-8.347826957702637
1161,initial,do,-6.9833197593688965
1162,initial,do,-7.272499084472656
1163,initial,do,-6.998194217681885
1164,initial,do,-7.651204586029053
1165,initial,do,-7.122883319854736
1166,initial,do,-8.143936157226562
1167,initial,do,-7.123802185058594
1168,initial,do,-7.7799601554870605
1169,initial,do,-7.3348212242126465
1170,initial,do,-6.957643032073975
1171,initial,do,-7.482639312744141
1172,initial,do,-7.443126201629639
1173,initial,do,-7.910783767700195
1174,initial,do,-7.721896648406982
1175,initial,do,-7.721896648406982
1176,initial,do,-8.101715087890625
1177,initial,do,-8.50748062133789
1178,initial,do,-7.048828125
1179,initial,do,-6.91004753112793
1180,initial,do,-7.272499084472656
1181,initial,do,-8.312975883483887
1182,initial,do,-7.123802185058594
1183,initial,pp,-7.23879861831665
1184,initial,pp,-6.982698917388916
1185,initial,pp,-5.8281707763671875
1186,initial,pp,-6.954791069030762
1187,initial,pp,-6.782053470611572
1188,initial,pp,-6.8297858238220215
1189,initial,pp,-7.238797664642334
1190,initial,pp,-8.046638488769531
1191,initial,pp,-7.051089286804199
1192,initial,pp,-6.250635147094727
1193,initial,pp,-7.303861141204834
1194,initial,pp,-8.487046241760254
1195,initial,pp,-7.223906517028809
1196,initial,pp,-7.724263668060303
1197,initial,pp,-6.674712181091309
1198,initial,pp,-6.343376159667969
1199,initial,pp,-6.886966705322266
1200,initial,pp,-6.405015468597412
1201,initial,pp,-7.64342737197876
1202,initial,pp,-7.0779571533203125
1203,initial,do,-8.269027709960938
1204,initial,do,-6.888638496398926
1205,initial,do,-7.929792881011963
1206,initial,do,-8.010626792907715
1207,initial,do,-8.015981674194336
1208,initial,do,-6.963271141052246
1209,initial,do,-7.597185134887695
1210,initial,do,-7.014184474945068
1211,initial,do,-6.364076614379883
1212,initial,do,-7.2222466468811035
1213,initial,do,-7.931369781494141
1214,initial,do,-7.066226482391357
1215,initial,do,-6.575875282287598
1216,initial,do,-7.353995323181152
1217,initial,do,-7.820741653442383
1218,initial,do,-6.9001688957214355
1219,initial,do,-7.162208080291748
1220,initial,do,-7.539116859436035
1221,initial,do,-7.060988426208496
1222,initial,do,-6.19667911529541
1223,initial,do,-7.938169002532959
1224,initial,do,-8.683311462402344
1225,initial,do,-9.01125717163086
1226,initial,do,-7.075784683227539
1227,initial,do,-8.182929039001465
1228,initial,do,-7.56230354309082
1229,initial,do,-8.102424621582031
1230,initial,do,-8.016483306884766
1231,initial,do,-7.881603240966797
1232,initial,do,-7.0369062423706055
1233,initial,do,-7.631847381591797
1234,initial,do,-7.418614387512207
1235,initial,do,-6.9122819900512695
1236,initial,do,-7.3062520027160645
1237,initial,do,-7.28301477432251
1238,initial,do,-7.163328170776367
1239,initial,do,-6.361576557159424
1240,initial,do,-7.788132667541504
1241,initial,do,-7.647435188293457
1242,initial,do,-5.753600120544434
1243,initial,do,-6.924725532531738
1244,initial,do,-8.607548713684082
1245,initial,do,-8.378363609313965
1246,initial,pp,-7.43220329284668
1247,initial,pp,-6.163792610168457
1248,initial,pp,-7.148829936981201
1249,initial,pp,-7.020325660705566
1250,initial,pp,-7.151237487792969
1251,initial,pp,-6.6153154373168945
1252,initial,pp,-6.913179874420166
1253,initial,pp,-6.636920928955078
1254,initial,pp,-6.041388034820557
1255,initial,pp,-6.845061779022217
1256,initial,pp,-7.131891250610352
1257,initial,pp,-6.5461320877075195
1258,initial,pp,-6.292459011077881
1259,initial,pp,-6.454111099243164
1260,initial,pp,-7.208529949188232
1261,initial,pp,-6.337213516235352
1262,initial,pp,-6.291991710662842
1263,initial,pp,-6.52238130569458
1264,initial,pp,-6.233403205871582
1265,initial,pp,-5.634428977966309
1266,initial,do,-7.257376670837402
1267,initial,do,-7.386462211608887
1268,initial,do,-8.01269245147705
1269,initial,do,-8.2404146194458
1270,initial,do,-6.567543983459473
1271,initial,do,-8.600712776184082
1272,initial,do,-9.775395393371582
1273,initial,do,-9.64378833770752
1274,initial,do,-6.378040790557861
1275,initial,do,-9.404257774353027
1276,initial,do,-8.33619213104248
1277,initial,do,-7.7581095695495605
1278,initial,do,-8.485560417175293
1279,initial,do,-8.849365234375
1280,initial,do,-7.991719722747803
1281,initial,do,-9.456639289855957
1282,initial,do,-8.288198471069336
1283,initial,do,-8.127053260803223
1284,initial,do,-6.872922420501709
1285,initial,do,-8.414883613586426
1286,initial,do,-6.598827362060547
1287,initial,do,-8.419291496276855
1288,initial,do,-8.307459831237793
1289,initial,do,-8.499317169189453
1290,initial,do,-8.613856315612793
1291,initial,do,-7.725355625152588
1292,initial,do,-8.319159507751465
1293,initial,do,-9.67673110961914
1294,initial,do,-8.518460273742676
1295,initial,do,-8.608098030090332
1296,initial,do,-7.747840881347656
1297,initial,do,-8.649168968200684
1298,initial,do,-8.34864616394043
1299,initial,do,-6.2851338386535645
1300,initial,do,-7.772960186004639
1301,initial,do,-9.408848762512207
1302,initial,do,-9.110808372497559
1303,initial,do,-7.382004737854004
1304,initial,do,-7.083021640777588
1305,initial,do,-8.86124038696289
1306,initial,do,-9.529251098632812
1307,initial,do,-7.547055244445801
1308,initial,do,-9.520030975341797
1309,initial,pp,-6.7132768630981445
1310,initial,pp,-6.277121543884277
1311,initial,pp,-7.383646488189697
1312,initial,pp,-6.982161998748779
1313,initial,pp,-6.232882499694824
1314,initial,pp,-7.683414936065674
1315,initial,pp,-9.169008255004883
1316,initial,pp,-8.87786865234375
1317,initial,pp,-6.315371513366699
1318,initial,pp,-8.435723304748535
1319,initial,pp,-8.143682479858398
1320,initial,pp,-6.76802396774292
1321,initial,pp,-8.150094032287598
1322,initial,pp,-7.470091342926025
1323,initial,pp,-7.39825963973999
1324,initial,pp,-7.966240882873535
1325,initial,pp,-7.178189277648926
1326,initial,pp,-7.88853120803833
1327,initial,pp,-6.587635517120361
1328,initial,pp,-7.994710445404053
1329,initial,pp,-6.11630916595459
1330,initial,pp,-5.787471294403076
1331,initial,pp,-7.326915264129639
1332,initial,pp,-7.702784061431885
1333,initial,pp,-7.657692909240723
1334,initial,pp,-6.469823837280273
1335,initial,pp,-5.806801795959473
1336,initial,pp,-5.6208815574646
1337,initial,pp,-6.371847629547119
1338,initial,pp,-7.132979393005371
1339,initial,pp,-5.953047275543213
1340,initial,pp,-7.14324951171875
1341,initial,pp,-6.762121677398682
1342,initial,pp,-7.423739910125732
1343,initial,pp,-7.8116936683654785
1344,initial,pp,-6.28755521774292
1345,initial,pp,-7.45141077041626
1346,initial,pp,-5.572259902954102
1347,initial,pp,-6.915809154510498
1348,initial,pp,-6.1998395919799805
1349,initial,pp,-6.798702239990234
1350,initial,pp,-6.618000030517578
1351,initial,pp,-7.3242011070251465
1352,initial,pp,-6.587011337280273
1353,initial,pp,-6.918481826782227
1354,initial,pp,-5.97573184967041
1355,initial,pp,-5.962591171264648
1356,initial,pp,-6.067488670349121
1357,initial,pp,-6.652706623077393
1358,initial,pp,-6.729146957397461
1359,initial,pp,-6.5343546867370605
1360,initial,pp,-6.610336780548096
1361,initial,pp,-6.223967552185059
1362,initial,pp,-6.575923919677734
1363,initial,pp,-6.764316082000732
1364,initial,pp,-6.734718322753906
1365,initial,pp,-7.355909824371338
1366,initial,pp,-6.640124320983887
1367,initial,pp,-6.2590532302856445
1368,initial,pp,-6.641561985015869
1,final,pp,-5.10133695602417
2,final,pp,-5.301973819732666
3,final,pp,-5.105997085571289
4,final,pp,-5.746021270751953
5,final,pp,-4.869777202606201
6,final,pp,-5.521432876586914
7,final,pp,-5.385125637054443
8,final,pp,-5.324763774871826
9,final,pp,-4.3014044761657715
10,final,pp,-5.310611248016357
11,final,pp,-5.137859344482422
12,final,pp,-4.08612060546875
13,final,pp,-4.389864444732666
14,final,pp,-4.174378395080566
15,final,pp,-5.218586444854736
16,final,pp,-5.324763774871826
17,final,pp,-5.63004732131958
18,final,pp,-4.825638294219971
19,final,pp,-5.27324914932251
20,final,pp,-5.069418430328369
21,final,pp,-5.017310619354248
22,final,pp,-5.197328567504883
23,final,pp,-5.5782084465026855
24,final,pp,-5.2913384437561035
25,final,pp,-5.887989044189453
26,final,pp,-5.641592025756836
27,final,pp,-5.21504545211792
28,final,pp,-4.801544666290283
29,final,pp,-5.244198322296143
30,final,pp,-4.8200812339782715
31,final,pp,-6.011762619018555
32,final,pp,-5.2913384437561035
33,final,pp,-6.0530314445495605
34,final,pp,-6.042350769042969
35,final,pp,-4.401834964752197
36,final,pp,-4.806817054748535
37,final,pp,-5.244199275970459
38,final,pp,-4.916442394256592
39,final,pp,-5.668785572052002
40,final,pp,-5.7899603843688965
41,final,pp,-6.097567558288574
42,final,pp,-5.375282287597656
43,final,pp,-4.854687690734863
44,final,pp,-5.505094051361084
45,final,pp,-5.80364990234375
46,final,pp,-5.252552509307861
47,final,pp,-6.634121894836426
48,final,pp,-5.103343963623047
49,final,pp,-5.590665340423584
50,final,pp,-5.212493896484375
51,final,pp,-5.482516288757324
52,final,pp,-5.252764701843262
53,final,pp,-5.977362155914307
54,final,pp,-5.640504837036133
55,final,pp,-5.157904624938965
56,final,pp,-4.561805725097656
57,final,pp,-4.806764602661133
58,final,pp,-5.374151706695557
59,final,pp,-5.457601547241211
60,final,pp,-5.578144073486328
61,final,pp,-5.133581638336182
62,final,pp,-5.389085292816162
63,final,pp,-5.81395959854126
64,final,pp,-5.305257320404053
65,final,pp,-6.183107376098633
66,final,pp,-6.3542704582214355
67,final,pp,-4.831915855407715
68,final,pp,-5.561729907989502
69,final,pp,-6.712514877319336
70,final,pp,-6.655435562133789
71,final,pp,-4.582355976104736
72,final,pp,-6.125871658325195
73,final,pp,-5.698728084564209
74,final,pp,-7.40220832824707
75,final,pp,-5.004736423492432
76,final,pp,-4.96641731262207
77,final,pp,-5.489830017089844
78,final,pp,-4.607983112335205
79,final,pp,-4.397596836090088
80,final,pp,-5.731420993804932
81,final,pp,-5.679992198944092
82,final,pp,-4.935633659362793
83,final,pp,-5.225975513458252
84,final,pp,-4.59055757522583
85,final,pp,-4.935633659362793
86,final,pp,-5.058758735656738
87,final,pp,-5.201786518096924
88,final,pp,-4.802593231201172
89,final,pp,-5.107382297515869
90,final,pp,-4.434983253479004
91,final,pp,-4.384858131408691
92,final,pp,-6.079357624053955
93,final,pp,-5.025704383850098
94,final,pp,-4.623075008392334
95,final,pp,-4.293819904327393
96,final,pp,-5.296748161315918
97,final,pp,-6.460108757019043
98,final,pp,-6.118661880493164
99,final,pp,-5.486667156219482
100,final,pp,-5.368317604064941
101,final,pp,-5.055263042449951
102,final,pp,-5.490479469299316
103,final,pp,-4.609160423278809
104,final,pp,-4.2512335777282715
105,final,pp,-4.5895676612854
106,final,pp,-5.073357582092285
107,final,pp,-4.533435821533203
108,final,pp,-5.562924385070801
109,final,pp,-4.67763614654541
110,final,pp,-4.9541754722595215
111,final,pp,-4.954187870025635
112,final,pp,-5.2942118644714355
113,final,pp,-4.359376907348633
114,final,pp,-5.160085678100586
115,final,pp,-5.1843180656433105
116,final,pp,-4.3230509757995605
117,final,pp,-5.320444583892822
118,final,pp,-5.210546016693115
119,final,pp,-5.444075107574463
120,final,pp,-5.5244879722595215
121,final,pp,-5.4249491691589355
122,final,pp,-4.546266078948975
123,final,pp,-5.491926670074463
124,final,pp,-4.999477863311768
125,final,pp,-4.8594865798950195
126,final,pp,-4.959615707397461
127,final,pp,-4.053454399108887
128,final,pp,-5.521571636199951
129,final,pp,-4.261706829071045
130,final,pp,-3.908069372177124
131,final,pp,-4.261706829071045
132,final,pp,-4.546265602111816
133,final,pp,-5.784551620483398
134,final,pp,-4.164195537567139
135,final,pp,-4.546265602111816
136,final,pp,-4.959616184234619
137,final,pp,-4.591616153717041
138,final,pp,-4.2832207679748535
139,final,pp,-4.60727071762085
140,final,pp,-4.134291172027588
141,final,pp,-4.6905035972595215
142,final,pp,-5.0207672119140625
143,final,pp,-4.9861650466918945
144,final,pp,-5.569859981536865
145,final,pp,-4.858152866363525
146,final,pp,-5.0311431884765625
147,final,pp,-5.539488792419434
148,final,pp,-5.326299667358398
149,final,pp,-5.0868144035339355
150,final,pp,-4.586613178253174
151,final,pp,-5.6436381340026855
152,final,pp,-4.991222858428955
153,final,pp,-4.756685256958008
154,final,pp,-5.088755130767822
155,final,pp,-5.04534387588501
156,final,pp,-5.643838405609131
157,final,pp,-4.901495933532715
158,final,pp,-5.37516975402832
159,final,pp,-5.07390022277832
160,final,pp,-5.558565139770508
161,final,pp,-5.972721099853516
162,final,pp,-4.406597137451172
163,final,pp,-4.7049736976623535
164,final,pp,-4.48338508605957
165,final,pp,-4.296624660491943
166,final,pp,-4.160924434661865
167,final,pp,-6.489336013793945
168,final,pp,-6.44661283493042
169,final,pp,-4.496459484100342
170,final,pp,-5.286926746368408
171,final,pp,-4.7049736976623535
172,final,pp,-4.290788173675537
173,final,pp,-5.1402130126953125
174,final,pp,-6.038942337036133
175,final,pp,-4.129872798919678
176,final,pp,-4.296624660491943
177,final,pp,-5.206633567810059
178,final,pp,-6.283718109130859
179,final,pp,-4.373387336730957
180,final,pp,-6.163804531097412
181,final,pp,-4.939075469970703
182,final,pp,-5.304156303405762
183,final,pp,-4.556031703948975
184,final,pp,-5.559808731079102
185,final,pp,-4.6407551765441895
186,final,pp,-4.707507133483887
187,final,pp,-4.563751697540283
188,final,pp,-4.422568321228027
189,final,pp,-4.753515243530273
190,final,pp,-4.2944512367248535
191,final,pp,-4.8846940994262695
192,final,pp,-4.945356369018555
193,final,pp,-4.353898525238037
194,final,pp,-4.637701034545898
195,final,pp,-4.778651714324951
196,final,pp,-4.1892499923706055
197,final,pp,-5.037302017211914
198,final,pp,-4.436223030090332
199,final,pp,-5.206350803375244
200,final,pp,-4.860330104827881
201,final,pp,-4.032383918762207
202,final,pp,-3.7821617126464844
203,final,pp,-6.055579662322998
204,final,pp,-4.61013650894165
205,final,pp,-5.27834415435791
206,final,pp,-4.571263313293457
207,final,pp,-4.759678840637207
208,final,pp,-4.678799629211426
209,final,pp,-4.624546051025391
210,final,pp,-4.427713394165039
211,final,pp,-4.721957683563232
212,final,pp,-5.3690314292907715
213,final,pp,-4.602696418762207
214,final,pp,-4.859091281890869
215,final,pp,-4.689234733581543
216,final,pp,-4.077280521392822
217,final,pp,-4.751396656036377
218,final,pp,-4.2233476638793945
219,final,pp,-4.757551670074463
220,final,pp,-4.746182918548584
221,final,do,-5.831308841705322
222,final,do,-5.970621585845947
223,final,do,-5.366962909698486
224,final,do,-5.052234649658203
225,final,do,-5.336564064025879
226,final,do,-5.357512950897217
227,final,do,-5.532334327697754
228,final,do,-6.878365516662598
229,final,do,-6.484099388122559
230,final,do,-5.6109490394592285
231,final,do,-5.833342552185059
232,final,do,-6.220233917236328
233,final,do,-6.024392127990723
234,final,do,-6.878365516662598
235,final,do,-4.873106956481934
236,final,do,-5.495203971862793
237,final,do,-5.219490051269531
238,final,do,-6.094250679016113
239,final,do,-5.7094502449035645
240,final,do,-5.644190788269043
241,final,do,-6.024392127990723
242,final,do,-5.1723504066467285
243,final,do,-6.770634651184082
244,final,do,-6.094250679016113
245,final,do,-6.479789733886719
246,final,do,-5.022734642028809
247,final,do,-5.970905303955078
248,final,do,-6.096255779266357
249,final,do,-5.365016937255859
250,final,do,-5.033860683441162
251,final,do,-5.512363910675049
252,final,do,-6.256496429443359
253,final,do,-7.058012962341309
254,final,do,-6.088572025299072
255,final,do,-6.0867919921875
256,final,do,-5.344736576080322
257,final,do,-6.141861915588379
258,final,do,-6.088572025299072
259,final,do,-5.100150108337402
260,final,do,-5.512363910675049
261,final,do,-5.033860683441162
262,final,do,-4.7559661865234375
263,final,do,-5.580727577209473
264,final,pp,-5.451828956604004
265,final,pp,-5.381305694580078
266,final,pp,-4.802401542663574
267,final,pp,-4.785400390625
268,final,pp,-5.33182954788208
269,final,pp,-4.895959854125977
270,final,pp,-5.212342262268066
271,final,pp,-6.6835784912109375
272,final,pp,-5.973422050476074
273,final,pp,-5.183675289154053
274,final,pp,-5.839536666870117
275,final,pp,-6.05505895614624
276,final,pp,-5.701019287109375
277,final,pp,-6.6835784912109375
278,final,pp,-4.667890548706055
279,final,pp,-5.178012371063232
280,final,pp,-4.964324951171875
281,final,pp,-5.574153423309326
282,final,pp,-5.000696182250977
283,final,pp,-5.097225189208984
284,final,do,-5.58635950088501
285,final,do,-5.206833839416504
286,final,do,-6.533972263336182
287,final,do,-5.20366907119751
288,final,do,-5.308061122894287
289,final,do,-4.9218292236328125
290,final,do,-5.214069366455078
291,final,do,-6.1095428466796875
292,final,do,-5.308061122894287
293,final,do,-5.058625221252441
294,final,do,-4.954223155975342
295,final,do,-4.840039253234863
296,final,do,-4.874075889587402
297,final,do,-5.589263439178467
298,final,do,-5.533581256866455
299,final,do,-5.151446342468262
300,final,do,-5.455915927886963
301,final,do,-5.548986434936523
302,final,do,-5.146664619445801
303,final,do,-5.490180969238281
304,final,do,-5.548055648803711
305,final,do,-5.214069366455078
306,final,do,-5.539342403411865
307,final,do,-5.194106578826904
308,final,do,-5.20366907119751
309,final,do,-5.68343448638916
310,final,do,-4.715912818908691
311,final,do,-5.59916353225708
312,final,do,-5.20366907119751
313,final,do,-6.548870086669922
314,final,do,-5.154688835144043
315,final,do,-5.705356597900391
316,final,do,-4.889652729034424
317,final,do,-6.499846935272217
318,final,do,-4.715912818908691
319,final,do,-5.548986434936523
320,final,do,-4.9878153800964355
321,final,do,-5.72097635269165
322,final,do,-6.533972263336182
323,final,do,-5.709200859069824
324,final,do,-5.459746360778809
325,final,do,-5.8500142097473145
326,final,do,-6.200486183166504
327,final,pp,-5.829659461975098
328,final,pp,-5.1414265632629395
329,final,pp,-6.279555320739746
330,final,pp,-5.104804515838623
331,final,pp,-5.39463996887207
332,final,pp,-5.004913330078125
333,final,pp,-5.0145792961120605
334,final,pp,-5.60746955871582
335,final,pp,-5.39463996887207
336,final,pp,-5.084017753601074
337,final,pp,-4.919112682342529
338,final,pp,-4.983179569244385
339,final,pp,-4.920459747314453
340,final,pp,-5.3119378089904785
341,final,pp,-5.54793643951416
342,final,pp,-5.09674596786499
343,final,pp,-5.224492073059082
344,final,pp,-5.318815231323242
345,final,pp,-5.22940731048584
346,final,pp,-5.420326232910156
347,final,do,-6.046873092651367
348,final,do,-4.649777889251709
349,final,do,-5.313745021820068
350,final,do,-4.997751235961914
351,final,do,-5.690585136413574
352,final,do,-5.2986159324646
353,final,do,-5.594043731689453
354,final,do,-5.182590007781982
355,final,do,-5.889715194702148
356,final,do,-5.338942527770996
357,final,do,-5.710142135620117
358,final,do,-5.146406173706055
359,final,do,-5.565496444702148
360,final,do,-5.608317852020264
361,final,do,-5.707799911499023
362,final,do,-5.379131317138672
363,final,do,-5.755745887756348
364,final,do,-6.096111297607422
365,final,do,-5.043529987335205
366,final,do,-5.401933670043945
367,final,do,-5.362982749938965
368,final,do,-4.859159469604492
369,final,do,-5.640681743621826
370,final,do,-4.6590728759765625
371,final,do,-5.129578113555908
372,final,do,-6.168571472167969
373,final,do,-5.680073261260986
374,final,do,-5.056454658508301
375,final,do,-4.63228178024292
376,final,do,-5.6227593421936035
377,final,do,-5.432560920715332
378,final,do,-5.490596771240234
379,final,do,-5.34699821472168
380,final,do,-5.255740165710449
381,final,do,-6.113691329956055
382,final,do,-5.227711200714111
383,final,do,-4.933681488037109
384,final,do,-5.129578113555908
385,final,do,-5.107441425323486
386,final,do,-5.680073261260986
387,final,do,-5.456456661224365
388,final,do,-5.154061317443848
389,final,do,-5.520763874053955
390,final,pp,-5.481013774871826
391,final,pp,-4.685837745666504
392,final,pp,-5.065610408782959
393,final,pp,-4.8048200607299805
394,final,pp,-5.896298885345459
395,final,pp,-5.270954132080078
396,final,pp,-5.232769966125488
397,final,pp,-5.045829772949219
398,final,pp,-5.718340873718262
399,final,pp,-5.113936424255371
400,final,pp,-5.374201774597168
401,final,pp,-5.057507038116455
402,final,pp,-5.539577007293701
403,final,pp,-5.529496192932129
404,final,pp,-5.577845573425293
405,final,pp,-5.638541221618652
406,final,pp,-5.745894432067871
407,final,pp,-5.570457935333252
408,final,pp,-4.7330827713012695
409,final,pp,-5.213517189025879
410,final,do,-6.440869331359863
411,final,do,-5.9154815673828125
412,final,do,-6.066017150878906
413,final,do,-7.634061336517334
414,final,do,-6.929471492767334
415,final,do,-6.58322811126709
416,final,do,-5.57979679107666
417,final,do,-6.324751853942871
418,final,do,-5.558000564575195
419,final,do,-6.010710716247559
420,final,do,-6.680178165435791
421,final,do,-7.362488746643066
422,final,do,-6.333631992340088
423,final,do,-7.334587574005127
424,final,do,-5.690857887268066
425,final,do,-7.898277759552002
426,final,do,-5.7614054679870605
427,final,do,-6.400759220123291
428,final,do,-6.428336143493652
429,final,do,-7.102248668670654
430,final,do,-7.71917724609375
431,final,do,-6.355578422546387
432,final,do,-6.400759220123291
433,final,do,-6.13431978225708
434,final,do,-6.981204986572266
435,final,do,-6.5943145751953125
436,final,do,-6.932878017425537
437,final,do,-6.439096927642822
438,final,do,-6.521398067474365
439,final,do,-7.7824506759643555
440,final,do,-7.321727752685547
441,final,do,-6.71883487701416
442,final,do,-6.84364652633667
443,final,do,-6.266735553741455
444,final,do,-6.3151092529296875
445,final,do,-6.325278282165527
446,final,do,-7.898277759552002
447,final,do,-6.760405540466309
448,final,do,-5.445517539978027
449,final,do,-5.95886754989624
450,final,do,-6.34359073638916
451,final,do,-6.764072895050049
452,final,do,-6.941495418548584
453,final,pp,-6.036752700805664
454,final,pp,-5.081183910369873
455,final,pp,-5.432093620300293
456,final,pp,-6.92085075378418
457,final,pp,-6.074624538421631
458,final,pp,-6.124616622924805
459,final,pp,-5.399762153625488
460,final,pp,-5.696465015411377
461,final,pp,-5.311512470245361
462,final,pp,-6.02036190032959
463,final,pp,-6.517000675201416
464,final,pp,-7.119316101074219
465,final,pp,-5.919441223144531
466,final,pp,-6.64463996887207
467,final,pp,-4.903648376464844
468,final,pp,-7.132315635681152
469,final,pp,-5.610835075378418
470,final,pp,-6.141660690307617
471,final,pp,-6.267266750335693
472,final,pp,-6.4274420738220215
473,final,pp,-5.30432653427124
474,final,pp,-6.017431259155273
475,final,pp,-5.697898864746094
476,final,pp,-5.867491722106934
477,final,pp,-4.906795978546143
478,final,pp,-5.904337406158447
479,final,pp,-5.420756816864014
480,final,pp,-5.587025165557861
481,final,pp,-5.795231819152832
482,final,pp,-5.514005661010742
483,final,pp,-5.1657304763793945
484,final,pp,-6.707455158233643
485,final,pp,-5.772958755493164
486,final,pp,-4.997429847717285
487,final,pp,-6.113757610321045
488,final,pp,-5.103052139282227
489,final,pp,-4.586200714111328
490,final,pp,-5.969381332397461
491,final,pp,-5.250728130340576
492,final,pp,-5.068779945373535
493,final,do,-6.564207553863525
494,final,do,-6.2281084060668945
495,final,do,-5.529321193695068
496,final,do,-5.286360740661621
497,final,do,-7.269232273101807
498,final,do,-4.524580478668213
499,final,do,-6.144219398498535
500,final,do,-6.890998840332031
501,final,do,-4.731640338897705
502,final,do,-5.759030818939209
503,final,do,-6.17492151260376
504,final,do,-5.032243251800537
505,final,do,-7.076355934143066
506,final,do,-5.1275482177734375
507,final,do,-6.758482456207275
508,final,do,-6.301316261291504
509,final,do,-6.542646884918213
510,final,do,-6.595064640045166
511,final,do,-5.176487445831299
512,final,do,-6.537057399749756
513,final,do,-6.263213157653809
514,final,do,-6.283815860748291
515,final,do,-5.947536468505859
516,final,do,-6.616125583648682
517,final,do,-5.2101054191589355
518,final,do,-6.591210842132568
519,final,do,-6.664782524108887
520,final,do,-6.697228908538818
521,final,do,-6.317746639251709
522,final,do,-5.581862926483154
523,final,do,-5.988181114196777
524,final,do,-5.172839641571045
525,final,do,-6.000903606414795
526,final,do,-6.677199363708496
527,final,do,-4.648265361785889
528,final,do,-7.019616603851318
529,final,do,-7.019616603851318
530,final,do,-7.84902811050415
531,final,do,-7.2640838623046875
532,final,do,-6.747225284576416
533,final,do,-7.172205924987793
534,final,do,-5.570483684539795
535,final,do,-4.948554515838623
536,final,pp,-7.060070514678955
537,final,pp,-6.595544338226318
538,final,pp,-5.708019256591797
539,final,pp,-5.461953639984131
540,final,pp,-7.412166595458984
541,final,pp,-4.608098983764648
542,final,pp,-5.864404678344727
543,final,pp,-6.7831292152404785
544,final,pp,-4.926239967346191
545,final,pp,-5.850054740905762
546,final,pp,-6.139068126678467
547,final,pp,-5.612335681915283
548,final,pp,-6.717962741851807
549,final,pp,-5.615960121154785
550,final,pp,-7.145579814910889
551,final,pp,-6.359090805053711
552,final,pp,-6.183084487915039
553,final,pp,-6.408111572265625
554,final,pp,-4.674820899963379
555,final,pp,-6.745459079742432
556,final,do,-4.554308891296387
557,final,do,-6.68868350982666
558,final,do,-6.855746269226074
559,final,do,-6.2688889503479
560,final,do,-6.9010796546936035
561,final,do,-5.142548084259033
562,final,do,-6.376292705535889
563,final,do,-6.329793930053711
564,final,do,-6.68868350982666
565,final,do,-6.662508487701416
566,final,do,-3.712488889694214
567,final,do,-4.645595073699951
568,final,do,-6.0472612380981445
569,final,do,-6.577146053314209
570,final,do,-5.386497497558594
571,final,do,-5.768034934997559
572,final,do,-5.651084899902344
573,final,do,-6.03810977935791
574,final,do,-6.03810977935791
575,final,do,-6.336968421936035
576,final,do,-5.436002731323242
577,final,do,-5.548815727233887
578,final,do,-5.651084899902344
579,final,do,-5.094436168670654
580,final,do,-4.748226642608643
581,final,do,-6.0472612380981445
582,final,do,-6.1878557205200195
583,final,do,-5.127537727355957
584,final,do,-4.685415267944336
585,final,do,-6.221434593200684
586,final,do,-4.693225860595703
587,final,do,-5.523479461669922
588,final,do,-5.127537727355957
589,final,do,-4.389801502227783
590,final,do,-6.259450435638428
591,final,do,-5.170830249786377
592,final,do,-6.458855628967285
593,final,do,-5.170830249786377
594,final,do,-6.828238010406494
595,final,do,-6.855746269226074
596,final,do,-6.4154253005981445
597,final,do,-6.0472612380981445
598,final,do,-6.662508487701416
599,final,pp,-5.6553544998168945
600,final,pp,-7.303534030914307
601,final,pp,-7.011623382568359
602,final,pp,-6.9346184730529785
603,final,pp,-7.289517879486084
604,final,pp,-6.265679359436035
605,final,pp,-6.32816219329834
606,final,pp,-6.2126288414001465
607,final,pp,-7.303534030914307
608,final,pp,-6.984380722045898
609,final,pp,-4.980601787567139
610,final,pp,-4.848408222198486
611,final,pp,-6.068337440490723
612,final,pp,-6.481235504150391
613,final,pp,-6.079862594604492
614,final,pp,-5.772958278656006
615,final,pp,-5.956320285797119
616,final,pp,-6.01885461807251
617,final,pp,-6.01885461807251
618,final,pp,-6.965214252471924
619,final,do,-5.947740077972412
620,final,do,-5.049497604370117
621,final,do,-6.259152412414551
622,final,do,-5.597188949584961
623,final,do,-5.963977336883545
624,final,do,-5.82387638092041
625,final,do,-6.067706108093262
626,final,do,-6.51641845703125
627,final,do,-6.1542158126831055
628,final,do,-7.02434778213501
629,final,do,-5.960729598999023
630,final,do,-4.760434150695801
631,final,do,-5.6770148277282715
632,final,do,-5.212315559387207
633,final,do,-5.4710307121276855
634,final,do,-6.637679100036621
635,final,do,-5.395171165466309
636,final,do,-6.605091571807861
637,final,do,-5.6770148277282715
638,final,do,-6.208562850952148
639,final,do,-6.202956676483154
640,final,do,-6.198169231414795
641,final,do,-5.881864070892334
642,final,do,-7.506299018859863
643,final,do,-6.4252238273620605
644,final,do,-4.857677459716797
645,final,do,-6.538590431213379
646,final,do,-5.497925281524658
647,final,do,-7.067821979522705
648,final,do,-6.029898166656494
649,final,do,-6.055832386016846
650,final,do,-7.1928534507751465
651,final,do,-6.560831546783447
652,final,do,-6.6064019203186035
653,final,do,-6.485010623931885
654,final,do,-4.950300216674805
655,final,do,-6.838964462280273
656,final,do,-6.525367736816406
657,final,do,-6.59014892578125
658,final,do,-5.677014350891113
659,final,do,-6.541366100311279
660,final,do,-6.775826930999756
661,final,do,-5.434310436248779
662,final,pp,-5.924492835998535
663,final,pp,-4.60405158996582
664,final,pp,-5.675307750701904
665,final,pp,-5.382654666900635
666,final,pp,-5.841521739959717
667,final,pp,-5.642860412597656
668,final,pp,-6.0880255699157715
669,final,pp,-6.7892746925354
670,final,pp,-6.296830177307129
671,final,pp,-6.583827018737793
672,final,pp,-5.67832612991333
673,final,pp,-4.4891791343688965
674,final,pp,-5.59437370300293
675,final,pp,-4.756680965423584
676,final,pp,-5.497978687286377
677,final,pp,-6.587254524230957
678,final,pp,-4.705766677856445
679,final,pp,-5.822290420532227
680,final,pp,-5.59437370300293
681,final,pp,-6.010309219360352
682,final,do,-7.232177734375
683,final,do,-7.754702091217041
684,final,do,-6.017462253570557
685,final,do,-6.382889747619629
686,final,do,-6.633756637573242
687,final,do,-6.637879848480225
688,final,do,-8.29029655456543
689,final,do,-7.623891353607178
690,final,do,-7.233959674835205
691,final,do,-7.217888355255127
692,final,do,-6.517086029052734
693,final,do,-8.580068588256836
694,final,do,-5.8594794273376465
695,final,do,-6.247711658477783
696,final,do,-7.3465986251831055
697,final,do,-5.806852340698242
698,final,do,-6.169504642486572
699,final,do,-6.808967590332031
700,final,do,-6.9847588539123535
701,final,do,-5.970068454742432
702,final,do,-6.704919815063477
703,final,do,-6.7653398513793945
704,final,do,-8.8394775390625
705,final,do,-7.261565208435059
706,final,do,-6.6843976974487305
707,final,do,-8.098357200622559
708,final,do,-7.051472187042236
709,final,do,-5.5898284912109375
710,final,do,-8.618192672729492
711,final,do,-7.056278228759766
712,final,do,-7.075164318084717
713,final,do,-8.147209167480469
714,final,do,-7.388263702392578
715,final,do,-8.119511604309082
716,final,do,-7.4049224853515625
717,final,do,-8.148382186889648
718,final,do,-8.174554824829102
719,final,do,-6.697091102600098
720,final,do,-5.415651321411133
721,final,do,-7.566126823425293
722,final,do,-5.683541774749756
723,final,do,-6.175856113433838
724,final,do,-6.612829685211182
725,final,pp,-7.1310272216796875
726,final,pp,-6.610847473144531
727,final,pp,-5.013270854949951
728,final,pp,-5.721769332885742
729,final,pp,-7.230602741241455
730,final,pp,-6.24660587310791
731,final,pp,-7.984858989715576
732,final,pp,-7.338769435882568
733,final,pp,-6.840690612792969
734,final,pp,-6.821813106536865
735,final,pp,-6.442886829376221
736,final,pp,-7.78972053527832
737,final,pp,-6.495898723602295
738,final,pp,-6.619967937469482
739,final,pp,-7.080951690673828
740,final,pp,-6.527501106262207
741,final,pp,-5.059540748596191
742,final,pp,-5.356929779052734
743,final,pp,-6.054529190063477
744,final,pp,-6.723677158355713
745,final,pp,-6.3273186683654785
746,final,pp,-5.287806987762451
747,final,pp,-6.194122791290283
748,final,pp,-6.116806983947754
749,final,pp,-6.435402870178223
750,final,pp,-6.3873515129089355
751,final,pp,-7.313967704772949
752,final,pp,-5.273351192474365
753,final,pp,-6.557478427886963
754,final,pp,-6.519027233123779
755,final,pp,-5.461573600769043
756,final,pp,-4.92056941986084
757,final,pp,-6.387030601501465
758,final,pp,-4.982892990112305
759,final,pp,-5.373223304748535
760,final,pp,-6.80881404876709
761,final,pp,-6.529348373413086
762,final,pp,-7.320494174957275
763,final,pp,-6.474407196044922
764,final,pp,-5.86386775970459
765,final,pp,-5.567152976989746
766,final,pp,-5.650204658508301
767,final,pp,-5.504080295562744
768,final,pp,-5.152873992919922
769,final,pp,-5.794770240783691
770,final,pp,-6.942667484283447
771,final,pp,-5.74099063873291
772,final,pp,-6.861788272857666
773,final,pp,-5.466462135314941
774,final,pp,-4.790785789489746
775,final,pp,-5.01199197769165
776,final,pp,-4.593894958496094
777,final,pp,-5.167986869812012
778,final,pp,-6.237983703613281
779,final,pp,-5.9925456047058105
780,final,pp,-5.662203788757324
781,final,pp,-5.6323113441467285
782,final,pp,-5.1772308349609375
783,final,pp,-6.560181617736816
784,final,pp,-7.1605401039123535
785,final,do,-5.142350196838379
786,final,do,-4.173038005828857
787,final,do,-4.40440559387207
788,final,do,-3.8225083351135254
789,final,do,-5.169081211090088
790,final,do,-4.111388206481934
791,final,do,-5.567024230957031
792,final,do,-4.354082107543945
793,final,do,-5.728327751159668
794,final,do,-6.25095272064209
795,final,do,-4.268579483032227
796,final,do,-3.741018056869507
797,final,do,-4.077123165130615
798,final,do,-5.910938262939453
799,final,do,-3.782827377319336
800,final,do,-4.131900310516357
801,final,do,-5.490989685058594
802,final,do,-4.261944770812988
803,final,do,-6.265686511993408
804,final,do,-5.930522918701172
805,final,do,-5.951871395111084
806,final,do,-3.8961892127990723
807,final,do,-5.591160297393799
808,final,do,-6.650413990020752
809,final,do,-4.044023513793945
810,final,do,-4.451032638549805
811,final,do,-6.066648483276367
812,final,do,-4.33342981338501
813,final,do,-4.834319114685059
814,final,do,-4.300703048706055
815,final,do,-4.103217601776123
816,final,do,-4.535560607910156
817,final,do,-4.209813117980957
818,final,do,-3.9158082008361816
819,final,do,-5.3307576179504395
820,final,do,-4.131900310516357
821,final,do,-5.653571605682373
822,final,do,-4.503419876098633
823,final,do,-4.491291046142578
824,final,do,-5.327025413513184
825,final,do,-5.351161956787109
826,final,do,-5.090496063232422
827,final,do,-5.658603668212891
828,final,pp,-4.906225681304932
829,final,pp,-4.53274393081665
830,final,pp,-4.7986650466918945
831,final,pp,-4.471944332122803
832,final,pp,-4.86181640625
833,final,pp,-4.596700668334961
834,final,pp,-5.568543910980225
835,final,pp,-4.459161758422852
836,final,pp,-5.611857891082764
837,final,pp,-5.8119049072265625
838,final,pp,-4.754055023193359
839,final,pp,-4.158262729644775
840,final,pp,-4.611417293548584
841,final,pp,-5.513116359710693
842,final,pp,-4.300382137298584
843,final,pp,-4.136739730834961
844,final,pp,-5.184854030609131
845,final,pp,-4.646614074707031
846,final,pp,-5.857183456420898
847,final,pp,-5.626410961151123
848,final,do,-4.261404037475586
849,final,do,-4.4570536613464355
850,final,do,-5.006822109222412
851,final,do,-6.542652606964111
852,final,do,-3.9914093017578125
853,final,do,-5.049046039581299
854,final,do,-6.022665500640869
855,final,do,-5.327244758605957
856,final,do,-4.123072624206543
857,final,do,-5.180200576782227
858,final,do,-5.6668925285339355
859,final,do,-5.367644786834717
860,final,do,-5.049764156341553
861,final,do,-3.937175750732422
862,final,do,-4.054680824279785
863,final,do,-4.1049323081970215
864,final,do,-4.258892059326172
865,final,do,-6.210974216461182
866,final,do,-3.9176928997039795
867,final,do,-4.095516204833984
868,final,do,-5.490241527557373
869,final,do,-4.104947090148926
870,final,do,-5.9424052238464355
871,final,do,-3.7846412658691406
872,final,do,-3.9598896503448486
873,final,do,-4.461260795593262
874,final,do,-4.123072624206543
875,final,do,-4.265673637390137
876,final,do,-4.5071868896484375
877,final,do,-5.674807548522949
878,final,do,-4.605098247528076
879,final,do,-3.7484545707702637
880,final,do,-6.506568431854248
881,final,do,-5.406548023223877
882,final,do,-4.515503883361816
883,final,do,-5.294235706329346
884,final,do,-4.261403560638428
885,final,do,-4.492707252502441
886,final,do,-4.195439338684082
887,final,do,-5.541680812835693
888,final,do,-5.3702521324157715
889,final,do,-5.6812357902526855
890,final,do,-4.078527450561523
891,final,pp,-5.095328330993652
892,final,pp,-4.637022972106934
893,final,pp,-5.447136878967285
894,final,pp,-6.327607154846191
895,final,pp,-4.3701395988464355
896,final,pp,-5.002269744873047
897,final,pp,-5.852511405944824
898,final,pp,-5.237663745880127
899,final,pp,-4.520459175109863
900,final,pp,-5.142539024353027
901,final,pp,-5.705039024353027
902,final,pp,-5.356107234954834
903,final,pp,-5.2135009765625
904,final,pp,-4.169311046600342
905,final,pp,-4.856084823608398
906,final,pp,-4.486039638519287
907,final,pp,-4.459654331207275
908,final,pp,-6.249948024749756
909,final,pp,-4.153584957122803
910,final,pp,-4.331912040710449
911,final,do,-5.244498252868652
912,final,do,-5.837440490722656
913,final,do,-5.147467613220215
914,final,do,-5.248661041259766
915,final,do,-5.087324619293213
916,final,do,-5.245340347290039
917,final,do,-5.6009979248046875
918,final,do,-6.529397487640381
919,final,do,-5.620275020599365
920,final,do,-6.165517807006836
921,final,do,-4.929886817932129
922,final,do,-5.19743013381958
923,final,do,-6.307289123535156
924,final,do,-4.684820652008057
925,final,do,-4.977467060089111
926,final,do,-5.5239105224609375
927,final,do,-5.880332946777344
928,final,do,-5.780387878417969
929,final,do,-5.679491996765137
930,final,do,-4.6745381355285645
931,final,do,-5.552722454071045
932,final,do,-4.660843849182129
933,final,do,-5.250088691711426
934,final,do,-4.590663433074951
935,final,do,-4.906110763549805
936,final,do,-5.769314289093018
937,final,do,-4.183793067932129
938,final,do,-4.963658332824707
939,final,do,-6.79379415512085
940,final,do,-4.480345249176025
941,final,do,-5.596357345581055
942,final,do,-5.8578033447265625
943,final,do,-4.882049560546875
944,final,do,-4.9470534324646
945,final,do,-4.438209533691406
946,final,do,-6.885733127593994
947,final,do,-5.483299255371094
948,final,do,-5.359127521514893
949,final,do,-6.165516376495361
950,final,do,-4.824833393096924
951,final,do,-6.367213726043701
952,final,do,-4.997488498687744
953,final,do,-5.485530853271484
954,final,pp,-5.359663486480713
955,final,pp,-5.890052795410156
956,final,pp,-5.219208240509033
957,final,pp,-5.1860785484313965
958,final,pp,-5.612918376922607
959,final,pp,-5.339902400970459
960,final,pp,-5.6301188468933105
961,final,pp,-5.853346824645996
962,final,pp,-5.383727073669434
963,final,pp,-6.0350446701049805
964,final,pp,-5.034822940826416
965,final,pp,-5.104139804840088
966,final,pp,-5.946249485015869
967,final,pp,-4.622640609741211
968,final,pp,-5.276682376861572
969,final,pp,-5.462104320526123
970,final,pp,-5.172471523284912
971,final,pp,-5.774764537811279
972,final,pp,-5.788815975189209
973,final,pp,-4.76369571685791
974,final,do,-6.716369152069092
975,final,do,-6.875943183898926
976,final,do,-7.561002254486084
977,final,do,-6.644691467285156
978,final,do,-4.82457971572876
979,final,do,-5.195863723754883
980,final,do,-6.1347808837890625
981,final,do,-5.098275184631348
982,final,do,-5.975945949554443
983,final,do,-5.3849287033081055
984,final,do,-6.36855411529541
985,final,do,-6.085913181304932
986,final,do,-6.708626747131348
987,final,do,-5.267416000366211
988,final,do,-6.995421409606934
989,final,do,-6.819400310516357
990,final,do,-7.298075199127197
991,final,do,-5.179504871368408
992,final,do,-5.3458404541015625
993,final,do,-5.635618209838867
994,final,do,-4.634515762329102
995,final,do,-7.229420185089111
996,final,do,-6.331906318664551
997,final,do,-6.460801124572754
998,final,do,-6.482659339904785
999,final,do,-5.953617572784424
1000,final,do,-5.313197612762451
1001,final,do,-5.16121768951416
1002,final,do,-5.0572943687438965
1003,final,do,-5.635618209838867
1004,final,do,-5.710770130157471
1005,final,do,-5.330431938171387
1006,final,do,-6.065738201141357
1007,final,do,-5.853376388549805
1008,final,do,-4.65703010559082
1009,final,do,-4.667048931121826
1010,final,do,-5.92182731628418
1011,final,do,-6.851778984069824
1012,final,do,-6.353492736816406
1013,final,do,-6.5602216720581055
1014,final,do,-6.353492736816406
1015,final,do,-5.088655948638916
1016,final,do,-4.817273139953613
1017,final,pp,-5.815704345703125
1018,final,pp,-5.815166473388672
1019,final,pp,-7.15723180770874
1020,final,pp,-5.838078498840332
1021,final,pp,-4.892165184020996
1022,final,pp,-5.051308631896973
1023,final,pp,-5.336718559265137
1024,final,pp,-4.777620792388916
1025,final,pp,-5.467479228973389
1026,final,pp,-4.891745567321777
1027,final,pp,-5.805441856384277
1028,final,pp,-5.830541133880615
1029,final,pp,-6.1789350509643555
1030,final,pp,-5.1238579750061035
1031,final,pp,-6.559338569641113
1032,final,pp,-6.031478404998779
1033,final,pp,-6.620417594909668
1034,final,pp,-4.793899059295654
1035,final,pp,-4.844751834869385
1036,final,pp,-5.352544784545898
1037,final,pp,-5.011331081390381
1038,final,pp,-4.607549667358398
1039,final,pp,-5.690677642822266
1040,final,pp,-4.972846031188965
1041,final,pp,-4.370486736297607
1042,final,pp,-5.326207160949707
1043,final,pp,-6.4470109939575195
1044,final,pp,-3.9771523475646973
1045,final,pp,-6.157036304473877
1046,final,pp,-5.26607084274292
1047,final,pp,-6.07793664932251
1048,final,pp,-4.513425827026367
1049,final,pp,-4.811767101287842
1050,final,pp,-4.121753215789795
1051,final,pp,-4.5515360832214355
1052,final,pp,-5.4115309715271
1053,final,pp,-5.427113056182861
1054,final,pp,-4.9233880043029785
1055,final,pp,-4.115512371063232
1056,final,pp,-4.547741413116455
1057,final,pp,-5.194209575653076
1058,final,pp,-4.529845237731934
1059,final,pp,-5.533827781677246
1060,final,pp,-4.894718170166016
1061,final,pp,-4.7749199867248535
1062,final,pp,-5.149272918701172
1063,final,pp,-4.299009323120117
1064,final,pp,-5.12880802154541
1065,final,pp,-5.539728164672852
1066,final,pp,-4.752274036407471
1067,final,pp,-5.382119655609131
1068,final,pp,-4.231856822967529
1069,final,pp,-4.607466220855713
1070,final,pp,-5.069438457489014
1071,final,pp,-4.572783946990967
1072,final,pp,-4.734939098358154
1073,final,pp,-4.597172737121582
1074,final,pp,-4.761908531188965
1075,final,pp,-4.324554920196533
1076,final,pp,-6.096053600311279
1077,final,do,-5.757221221923828
1078,final,do,-6.1023736000061035
1079,final,do,-5.484687328338623
1080,final,do,-6.10101842880249
1081,final,do,-4.404512882232666
1082,final,do,-4.746817111968994
1083,final,do,-5.3667378425598145
1084,final,do,-5.463053226470947
1085,final,do,-5.028285026550293
1086,final,do,-4.884929656982422
1087,final,do,-5.415730953216553
1088,final,do,-4.771214008331299
1089,final,do,-5.7625603675842285
1090,final,do,-5.55079460144043
1091,final,do,-5.57239294052124
1092,final,do,-4.714880466461182
1093,final,do,-5.342604160308838
1094,final,do,-5.439853191375732
1095,final,do,-5.032059669494629
1096,final,do,-4.57752799987793
1097,final,do,-5.6899871826171875
1098,final,do,-4.976691722869873
1099,final,do,-6.125401973724365
1100,final,do,-5.8680806159973145
1101,final,do,-4.933835983276367
1102,final,do,-5.189931869506836
1103,final,do,-4.897060871124268
1104,final,do,-4.568052768707275
1105,final,do,-5.093379974365234
1106,final,do,-4.50570821762085
1107,final,do,-4.976691722869873
1108,final,do,-6.405501842498779
1109,final,do,-4.320827960968018
1110,final,do,-5.638986587524414
1111,final,do,-5.674748420715332
1112,final,do,-4.877326011657715
1113,final,do,-5.208765506744385
1114,final,do,-5.011142253875732
1115,final,do,-4.660118579864502
1116,final,do,-5.668010234832764
1117,final,do,-5.499778747558594
1118,final,do,-5.67693567276001
1119,final,do,-4.722981929779053
1120,final,pp,-5.419423580169678
1121,final,pp,-5.408741474151611
1122,final,pp,-5.154129505157471
1123,final,pp,-5.093508243560791
1124,final,pp,-4.0064897537231445
1125,final,pp,-4.308974742889404
1126,final,pp,-4.630339622497559
1127,final,pp,-4.9747233390808105
1128,final,pp,-4.31736421585083
1129,final,pp,-4.577786445617676
1130,final,pp,-4.4762797355651855
1131,final,pp,-4.12054443359375
1132,final,pp,-5.322648048400879
1133,final,pp,-4.8921990394592285
1134,final,pp,-5.033344745635986
1135,final,pp,-4.3009209632873535
1136,final,pp,-4.9318037033081055
1137,final,pp,-4.557754993438721
1138,final,pp,-5.006062030792236
1139,final,pp,-4.142782688140869
1140,final,do,-5.01676607131958
1141,final,do,-4.65346097946167
1142,final,do,-4.858986854553223
1143,final,do,-4.949264049530029
1144,final,do,-4.880637168884277
1145,final,do,-4.499007225036621
1146,final,do,-5.01676607131958
1147,final,do,-5.530421733856201
1148,final,do,-5.288821220397949
1149,final,do,-4.484966278076172
1150,final,do,-4.860154151916504
1151,final,do,-6.628895282745361
1152,final,do,-5.150238513946533
1153,final,do,-5.621541500091553
1154,final,do,-4.774756908416748
1155,final,do,-3.9615423679351807
1156,final,do,-5.0946526527404785
1157,final,do,-5.202847957611084
1158,final,do,-5.448129653930664
1159,final,do,-4.62632417678833
1160,final,do,-5.378503322601318
1161,final,do,-4.308366775512695
1162,final,do,-5.909668922424316
1163,final,do,-5.650899887084961
1164,final,do,-4.65346097946167
1165,final,do,-4.877420425415039
1166,final,do,-5.317513942718506
1167,final,do,-4.91886568069458
1168,final,do,-5.116302967071533
1169,final,do,-5.073934078216553
1170,final,do,-4.358742713928223
1171,final,do,-4.683343410491943
1172,final,do,-5.0946526527404785
1173,final,do,-5.0895161628723145
1174,final,do,-4.767647743225098
1175,final,do,-4.767647743225098
1176,final,do,-5.621570587158203
1177,final,do,-6.256523609161377
1178,final,do,-4.253098964691162
1179,final,do,-3.9615423679351807
1180,final,do,-5.909668922424316
1181,final,do,-5.483375549316406
1182,final,do,-4.91886568069458
1183,final,pp,-4.840233325958252
1184,final,pp,-4.585225582122803
1185,final,pp,-4.690952301025391
1186,final,pp,-4.692942142486572
1187,final,pp,-4.730429172515869
1188,final,pp,-4.34596586227417
1189,final,pp,-4.84023380279541
1190,final,pp,-5.3465166091918945
1191,final,pp,-4.822392463684082
1192,final,pp,-4.323643684387207
1193,final,pp,-4.580777645111084
1194,final,pp,-5.944888591766357
1195,final,pp,-4.752159118652344
1196,final,pp,-5.445999622344971
1197,final,pp,-4.310041427612305
1198,final,pp,-3.7610936164855957
1199,final,pp,-4.985688209533691
1200,final,pp,-5.052267551422119
1201,final,pp,-5.28124475479126
1202,final,pp,-4.581407070159912
1203,final,do,-6.309492111206055
1204,final,do,-4.685083389282227
1205,final,do,-5.583507061004639
1206,final,do,-6.198899269104004
1207,final,do,-5.875746726989746
1208,final,do,-5.906992435455322
1209,final,do,-5.6309051513671875
1210,final,do,-5.4256815910339355
1211,final,do,-4.827166557312012
1212,final,do,-6.1336565017700195
1213,final,do,-5.763880729675293
1214,final,do,-5.668270111083984
1215,final,do,-4.841259479522705
1216,final,do,-4.931257247924805
1217,final,do,-5.833037376403809
1218,final,do,-4.932478427886963
1219,final,do,-5.519911766052246
1220,final,do,-5.812631130218506
1221,final,do,-5.8240132331848145
1222,final,do,-5.144278049468994
1223,final,do,-6.220695495605469
1224,final,do,-6.666598320007324
1225,final,do,-7.142434597015381
1226,final,do,-5.320597171783447
1227,final,do,-6.111752986907959
1228,final,do,-6.040692329406738
1229,final,do,-5.982855796813965
1230,final,do,-5.976585388183594
1231,final,do,-5.843120574951172
1232,final,do,-5.195223808288574
1233,final,do,-5.434249401092529
1234,final,do,-5.39838171005249
1235,final,do,-5.90342378616333
1236,final,do,-5.369987487792969
1237,final,do,-5.344901084899902
1238,final,do,-5.331050872802734
1239,final,do,-4.692246437072754
1240,final,do,-5.833541393280029
1241,final,do,-5.651147365570068
1242,final,do,-4.526324272155762
1243,final,do,-4.953253746032715
1244,final,do,-6.890152931213379
1245,final,do,-6.3307294845581055
1246,final,pp,-5.605321884155273
1247,final,pp,-4.116311550140381
1248,final,pp,-5.163573265075684
1249,final,pp,-5.349096298217773
1250,final,pp,-5.273623466491699
1251,final,pp,-5.672271251678467
1252,final,pp,-5.3265275955200195
1253,final,pp,-5.304474830627441
1254,final,pp,-4.610450267791748
1255,final,pp,-5.946470737457275
1256,final,pp,-5.365254878997803
1257,final,pp,-5.240573406219482
1258,final,pp,-4.998283386230469
1259,final,pp,-4.345280647277832
1260,final,pp,-5.3109283447265625
1261,final,pp,-4.587066173553467
1262,final,pp,-4.810433864593506
1263,final,pp,-5.110075950622559
1264,final,pp,-5.066922664642334
1265,final,pp,-4.719123363494873
1266,final,do,-4.4302849769592285
1267,final,do,-4.567675590515137
1268,final,do,-6.225057125091553
1269,final,do,-5.714025497436523
1270,final,do,-4.9333391189575195
1271,final,do,-6.579063415527344
1272,final,do,-7.601558208465576
1273,final,do,-7.566544055938721
1274,final,do,-4.868886470794678
1275,final,do,-6.880651950836182
1276,final,do,-6.3260955810546875
1277,final,do,-4.751010894775391
1278,final,do,-6.4405388832092285
1279,final,do,-6.897903919219971
1280,final,do,-6.185084819793701
1281,final,do,-6.7251152992248535
1282,final,do,-5.6920037269592285
1283,final,do,-6.277717590332031
1284,final,do,-5.089172840118408
1285,final,do,-6.050687313079834
1286,final,do,-5.690839767456055
1287,final,do,-6.048433780670166
1288,final,do,-6.348245620727539
1289,final,do,-7.069950580596924
1290,final,do,-5.98191499710083
1291,final,do,-5.010788440704346
1292,final,do,-5.896693706512451
1293,final,do,-7.627334117889404
1294,final,do,-6.219634532928467
1295,final,do,-6.575621128082275
1296,final,do,-6.028749942779541
1297,final,do,-6.87993049621582
1298,final,do,-6.29196310043335
1299,final,do,-4.6323957443237305
1300,final,do,-5.876074314117432
1301,final,do,-7.263036251068115
1302,final,do,-6.614526271820068
1303,final,do,-6.537457466125488
1304,final,do,-4.895873546600342
1305,final,do,-6.79905891418457
1306,final,do,-7.050407886505127
1307,final,do,-6.634100914001465
1308,final,do,-6.996509552001953
1309,final,pp,-4.59791898727417
1310,final,pp,-4.065001010894775
1311,final,pp,-5.282066345214844
1312,final,pp,-4.775454998016357
1313,final,pp,-4.013120651245117
1314,final,pp,-5.446692943572998
1315,final,pp,-6.835583209991455
1316,final,pp,-6.414989471435547
1317,final,pp,-4.080695152282715
1318,final,pp,-6.022670745849609
1319,final,pp,-5.864670753479004
1320,final,pp,-4.291681289672852
1321,final,pp,-5.858401298522949
1322,final,pp,-5.545990943908691
1323,final,pp,-5.211524963378906
1324,final,pp,-5.465949058532715
1325,final,pp,-4.876106262207031
1326,final,pp,-5.887035846710205
1327,final,pp,-4.486785411834717
1328,final,pp,-5.399846076965332
1329,final,pp,-4.388207912445068
1330,final,pp,-4.145089149475098
1331,final,pp,-5.446515083312988
1332,final,pp,-5.572908878326416
1333,final,pp,-5.911367416381836
1334,final,pp,-4.895208835601807
1335,final,pp,-4.4660139083862305
1336,final,pp,-4.788967132568359
1337,final,pp,-4.753692150115967
1338,final,pp,-5.456448554992676
1339,final,pp,-4.739322185516357
1340,final,pp,-5.067145347595215
1341,final,pp,-5.185426712036133
1342,final,pp,-5.628208637237549
1343,final,pp,-6.320796489715576
1344,final,pp,-4.816577911376953
1345,final,pp,-5.64928674697876
1346,final,pp,-4.1464009284973145
1347,final,pp,-5.573243141174316
1348,final,pp,-5.040627956390381
1349,final,pp,-4.79887580871582
1350,final,pp,-4.6418657302856445
1351,final,pp,-5.213841438293457
1352,final,pp,-4.560317039489746
1353,final,pp,-5.220241546630859
1354,final,pp,-4.045971393585205
1355,final,pp,-4.361485004425049
1356,final,pp,-4.8846893310546875
1357,final,pp,-4.921229839324951
1358,final,pp,-4.67952823638916
1359,final,pp,-4.454780578613281
1360,final,pp,-4.764796257019043
1361,final,pp,-5.167311668395996
1362,final,pp,-5.085209846496582
1363,final,pp,-4.715899467468262
1364,final,pp,-4.745001316070557
1365,final,pp,-5.732111930847168
1366,final,pp,-4.848173141479492
1367,final,pp,-4.435461044311523
1368,final,pp,-4.458512783050537
1,best,pp,-5.10133695602417
2,best,pp,-5.301973819732666
3,best,pp,-5.105997085571289
4,best,pp,-5.746021270751953
5,best,pp,-4.869777202606201
6,best,pp,-5.521432876586914
7,best,pp,-5.385125637054443
8,best,pp,-5.324763774871826
9,best,pp,-4.3014044761657715
10,best,pp,-5.310611248016357
11,best,pp,-5.137859344482422
12,best,pp,-4.08612060546875
13,best,pp,-4.389864444732666
14,best,pp,-4.174378395080566
15,best,pp,-5.218586444854736
16,best,pp,-5.324763774871826
17,best,pp,-5.63004732131958
18,best,pp,-4.825638294219971
19,best,pp,-5.27324914932251
20,best,pp,-5.069418430328369
21,best,pp,-5.017310619354248
22,best,pp,-5.197328567504883
23,best,pp,-5.5782084465026855
24,best,pp,-5.2913384437561035
25,best,pp,-5.887989044189453
26,best,pp,-5.641592025756836
27,best,pp,-5.21504545211792
28,best,pp,-4.801544666290283
29,best,pp,-5.244198322296143
30,best,pp,-4.8200812339782715
31,best,pp,-6.011762619018555
32,best,pp,-5.2913384437561035
33,best,pp,-6.0530314445495605
34,best,pp,-6.042350769042969
35,best,pp,-4.401834964752197
36,best,pp,-4.806817054748535
37,best,pp,-5.244199275970459
38,best,pp,-4.916442394256592
39,best,pp,-5.668785572052002
40,best,pp,-5.7899603843688965
41,best,pp,-6.097567558288574
42,best,pp,-5.375282287597656
43,best,pp,-4.854687690734863
44,best,pp,-5.505094051361084
45,best,pp,-5.80364990234375
46,best,pp,-5.252552509307861
47,best,pp,-6.634121894836426
48,best,pp,-5.103343963623047
49,best,pp,-5.590665340423584
50,best,pp,-5.212493896484375
51,best,pp,-5.482516288757324
52,best,pp,-5.252764701843262
53,best,pp,-5.977362155914307
54,best,pp,-5.640504837036133
55,best,pp,-5.157904624938965
56,best,pp,-4.561805725097656
57,best,pp,-4.806764602661133
58,best,pp,-5.374151706695557
59,best,pp,-5.457601547241211
60,best,pp,-5.578144073486328
61,best,pp,-5.133581638336182
62,best,pp,-5.389085292816162
63,best,pp,-5.81395959854126
64,best,pp,-5.305257320404053
65,best,pp,-6.183107376098633
66,best,pp,-6.3542704582214355
67,best,pp,-4.831915855407715
68,best,pp,-5.561729907989502
69,best,pp,-6.712514877319336
70,best,pp,-6.655435562133789
71,best,pp,-4.582355976104736
72,best,pp,-6.125871658325195
73,best,pp,-5.698728084564209
74,best,pp,-7.40220832824707
75,best,pp,-5.004736423492432
76,best,pp,-4.96641731262207
77,best,pp,-5.489830017089844
78,best,pp,-4.607983112335205
79,best,pp,-4.397596836090088
80,best,pp,-5.731420993804932
81,best,pp,-5.679992198944092
82,best,pp,-4.935633659362793
83,best,pp,-5.225975513458252
84,best,pp,-4.59055757522583
85,best,pp,-4.935633659362793
86,best,pp,-5.058758735656738
87,best,pp,-5.201786518096924
88,best,pp,-4.802593231201172
89,best,pp,-5.107382297515869
90,best,pp,-4.434983253479004
91,best,pp,-4.384858131408691
92,best,pp,-6.079357624053955
93,best,pp,-5.025704383850098
94,best,pp,-4.623075008392334
95,best,pp,-4.293819904327393
96,best,pp,-5.296748161315918
97,best,pp,-6.460108757019043
98,best,pp,-6.118661880493164
99,best,pp,-5.486667156219482
100,best,pp,-5.368317604064941
101,best,pp,-5.055263042449951
102,best,pp,-5.490479469299316
103,best,pp,-4.609160423278809
104,best,pp,-4.2512335777282715
105,best,pp,-4.5895676612854
106,best,pp,-5.073357582092285
107,best,pp,-4.533435821533203
108,best,pp,-5.562924385070801
109,best,pp,-4.67763614654541
110,best,pp,-4.9541754722595215
111,best,pp,-4.954187870025635
112,best,pp,-5.2942118644714355
113,best,pp,-4.359376907348633
114,best,pp,-5.160085678100586
115,best,pp,-5.1843180656433105
116,best,pp,-4.3230509757995605
117,best,pp,-5.320444583892822
118,best,pp,-5.210546016693115
119,best,pp,-5.444075107574463
120,best,pp,-5.5244879722595215
121,best,pp,-5.4249491691589355
122,best,pp,-4.546266078948975
123,best,pp,-5.491926670074463
124,best,pp,-4.999477863311768
125,best,pp,-4.8594865798950195
126,best,pp,-4.959615707397461
127,best,pp,-4.053454399108887
128,best,pp,-5.521571636199951
129,best,pp,-4.261706829071045
130,best,pp,-3.908069372177124
131,best,pp,-4.261706829071045
132,best,pp,-4.546265602111816
133,best,pp,-5.784551620483398
134,best,pp,-4.164195537567139
135,best,pp,-4.546265602111816
136,best,pp,-4.959616184234619
137,best,pp,-4.591616153717041
138,best,pp,-4.2832207679748535
139,best,pp,-4.60727071762085
140,best,pp,-4.134291172027588
141,best,pp,-4.6905035972595215
142,best,pp,-5.0207672119140625
143,best,pp,-4.9861650466918945
144,best,pp,-5.569859981536865
145,best,pp,-4.858152866363525
146,best,pp,-5.0311431884765625
147,best,pp,-5.539488792419434
148,best,pp,-5.326299667358398
149,best,pp,-5.0868144035339355
150,best,pp,-4.586613178253174
151,best,pp,-5.6436381340026855
152,best,pp,-4.991222858428955
153,best,pp,-4.756685256958008
154,best,pp,-5.088755130767822
155,best,pp,-5.04534387588501
156,best,pp,-5.643838405609131
157,best,pp,-4.901495933532715
158,best,pp,-5.37516975402832
159,best,pp,-5.07390022277832
160,best,pp,-5.558565139770508
161,best,pp,-5.972721099853516
162,best,pp,-4.406597137451172
163,best,pp,-4.7049736976623535
164,best,pp,-4.48338508605957
165,best,pp,-4.296624660491943
166,best,pp,-4.160924434661865
167,best,pp,-6.489336013793945
168,best,pp,-6.44661283493042
169,best,pp,-4.496459484100342
170,best,pp,-5.286926746368408
171,best,pp,-4.7049736976623535
172,best,pp,-4.290788173675537
173,best,pp,-5.1402130126953125
174,best,pp,-6.038942337036133
175,best,pp,-4.129872798919678
176,best,pp,-4.296624660491943
177,best,pp,-5.206633567810059
178,best,pp,-6.283718109130859
179,best,pp,-4.373387336730957
180,best,pp,-6.163804531097412
181,best,pp,-4.939075469970703
182,best,pp,-5.304156303405762
183,best,pp,-4.556031703948975
184,best,pp,-5.559808731079102
185,best,pp,-4.6407551765441895
186,best,pp,-4.707507133483887
187,best,pp,-4.563751697540283
188,best,pp,-4.422568321228027
189,best,pp,-4.753515243530273
190,best,pp,-4.2944512367248535
191,best,pp,-4.8846940994262695
192,best,pp,-4.945356369018555
193,best,pp,-4.353898525238037
194,best,pp,-4.637701034545898
195,best,pp,-4.778651714324951
196,best,pp,-4.1892499923706055
197,best,pp,-5.037302017211914
198,best,pp,-4.436223030090332
199,best,pp,-5.206350803375244
200,best,pp,-4.860330104827881
201,best,pp,-4.032383918762207
202,best,pp,-3.7821617126464844
203,best,pp,-6.055579662322998
204,best,pp,-4.61013650894165
205,best,pp,-5.27834415435791
206,best,pp,-4.571263313293457
207,best,pp,-4.759678840637207
208,best,pp,-4.678799629211426
209,best,pp,-4.624546051025391
210,best,pp,-4.427713394165039
211,best,pp,-4.721957683563232
212,best,pp,-5.3690314292907715
213,best,pp,-4.602696418762207
214,best,pp,-4.859091281890869
215,best,pp,-4.689234733581543
216,best,pp,-4.077280521392822
217,best,pp,-4.751396656036377
218,best,pp,-4.2233476638793945
219,best,pp,-4.757551670074463
220,best,pp,-4.746182918548584
221,best,do,-5.831308841705322
222,best,do,-5.970621585845947
223,best,do,-5.366962909698486
224,best,do,-5.052234649658203
225,best,do,-5.336564064025879
226,best,do,-5.357512950897217
227,best,do,-5.532334327697754
228,best,do,-6.878365516662598
229,best,do,-6.484099388122559
230,best,do,-5.6109490394592285
231,best,do,-5.833342552185059
232,best,do,-6.220233917236328
233,best,do,-6.024392127990723
234,best,do,-6.878365516662598
235,best,do,-4.873106956481934
236,best,do,-5.495203971862793
237,best,do,-5.219490051269531
238,best,do,-6.094250679016113
239,best,do,-5.7094502449035645
240,best,do,-5.644190788269043
241,best,do,-6.024392127990723
242,best,do,-5.1723504066467285
243,best,do,-6.770634651184082
244,best,do,-6.094250679016113
245,best,do,-6.479789733886719
246,best,do,-5.022734642028809
247,best,do,-5.970905303955078
248,best,do,-6.096255779266357
249,best,do,-5.365016937255859
250,best,do,-5.033860683441162
251,best,do,-5.512363910675049
252,best,do,-6.256496429443359
253,best,do,-7.058012962341309
254,best,do,-6.088572025299072
255,best,do,-6.0867919921875
256,best,do,-5.344736576080322
257,best,do,-6.141861915588379
258,best,do,-6.088572025299072
259,best,do,-5.100150108337402
260,best,do,-5.512363910675049
261,best,do,-5.033860683441162
262,best,do,-4.7559661865234375
263,best,do,-5.580727577209473
264,best,pp,-5.451828956604004
265,best,pp,-5.381305694580078
266,best,pp,-4.802401542663574
267,best,pp,-4.785400390625
268,best,pp,-5.33182954788208
269,best,pp,-4.895959854125977
270,best,pp,-5.212342262268066
271,best,pp,-6.6835784912109375
272,best,pp,-5.973422050476074
273,best,pp,-5.183675289154053
274,best,pp,-5.839536666870117
275,best,pp,-6.05505895614624
276,best,pp,-5.701019287109375
277,best,pp,-6.6835784912109375
278,best,pp,-4.667890548706055
279,best,pp,-5.178012371063232
280,best,pp,-4.964324951171875
281,best,pp,-5.574153423309326
282,best,pp,-5.000696182250977
283,best,pp,-5.097225189208984
284,best,do,-5.58635950088501
285,best,do,-5.206833839416504
286,best,do,-6.533972263336182
287,best,do,-5.20366907119751
288,best,do,-5.308061122894287
289,best,do,-4.9218292236328125
290,best,do,-5.214069366455078
291,best,do,-6.1095428466796875
292,best,do,-5.308061122894287
293,best,do,-5.058625221252441
294,best,do,-4.954223155975342
295,best,do,-4.840039253234863
296,best,do,-4.874075889587402
297,best,do,-5.589263439178467
298,best,do,-5.533581256866455
299,best,do,-5.151446342468262
300,best,do,-5.455915927886963
301,best,do,-5.548986434936523
302,best,do,-5.146664619445801
303,best,do,-5.490180969238281
304,best,do,-5.548055648803711
305,best,do,-5.214069366455078
306,best,do,-5.539342403411865
307,best,do,-5.194106578826904
308,best,do,-5.20366907119751
309,best,do,-5.68343448638916
310,best,do,-4.715912818908691
311,best,do,-5.59916353225708
312,best,do,-5.20366907119751
313,best,do,-6.548870086669922
314,best,do,-5.154688835144043
315,best,do,-5.705356597900391
316,best,do,-4.889652729034424
317,best,do,-6.499846935272217
318,best,do,-4.715912818908691
319,best,do,-5.548986434936523
320,best,do,-4.9878153800964355
321,best,do,-5.72097635269165
322,best,do,-6.533972263336182
323,best,do,-5.709200859069824
324,best,do,-5.459746360778809
325,best,do,-5.8500142097473145
326,best,do,-6.200486183166504
327,best,pp,-5.829659461975098
328,best,pp,-5.1414265632629395
329,best,pp,-6.279555320739746
330,best,pp,-5.104804515838623
331,best,pp,-5.39463996887207
332,best,pp,-5.004913330078125
333,best,pp,-5.0145792961120605
334,best,pp,-5.60746955871582
335,best,pp,-5.39463996887207
336,best,pp,-5.084017753601074
337,best,pp,-4.919112682342529
338,best,pp,-4.983179569244385
339,best,pp,-4.920459747314453
340,best,pp,-5.3119378089904785
341,best,pp,-5.54793643951416
342,best,pp,-5.09674596786499
343,best,pp,-5.224492073059082
344,best,pp,-5.318815231323242
345,best,pp,-5.22940731048584
346,best,pp,-5.420326232910156
347,best,do,-6.046873092651367
348,best,do,-4.649777889251709
349,best,do,-5.313745021820068
350,best,do,-4.997751235961914
351,best,do,-5.690585136413574
352,best,do,-5.2986159324646
353,best,do,-5.594043731689453
354,best,do,-5.182590007781982
355,best,do,-5.889715194702148
356,best,do,-5.338942527770996
357,best,do,-5.710142135620117
358,best,do,-5.146406173706055
359,best,do,-5.565496444702148
360,best,do,-5.608317852020264
361,best,do,-5.707799911499023
362,best,do,-5.379131317138672
363,best,do,-5.755745887756348
364,best,do,-6.096111297607422
365,best,do,-5.043529987335205
366,best,do,-5.401933670043945
367,best,do,-5.362982749938965
368,best,do,-4.859159469604492
369,best,do,-5.640681743621826
370,best,do,-4.6590728759765625
371,best,do,-5.129578113555908
372,best,do,-6.168571472167969
373,best,do,-5.680073261260986
374,best,do,-5.056454658508301
375,best,do,-4.63228178024292
376,best,do,-5.6227593421936035
377,best,do,-5.432560920715332
378,best,do,-5.490596771240234
379,best,do,-5.34699821472168
380,best,do,-5.255740165710449
381,best,do,-6.113691329956055
382,best,do,-5.227711200714111
383,best,do,-4.933681488037109
384,best,do,-5.129578113555908
385,best,do,-5.107441425323486
386,best,do,-5.680073261260986
387,best,do,-5.456456661224365
388,best,do,-5.154061317443848
389,best,do,-5.520763874053955
390,best,pp,-5.481013774871826
391,best,pp,-4.685837745666504
392,best,pp,-5.065610408782959
393,best,pp,-4.8048200607299805
394,best,pp,-5.896298885345459
395,best,pp,-5.270954132080078
396,best,pp,-5.232769966125488
397,best,pp,-5.045829772949219
398,best,pp,-5.718340873718262
399,best,pp,-5.113936424255371
400,best,pp,-5.374201774597168
401,best,pp,-5.057507038116455
402,best,pp,-5.539577007293701
403,best,pp,-5.529496192932129
404,best,pp,-5.577845573425293
405,best,pp,-5.638541221618652
406,best,pp,-5.745894432067871
407,best,pp,-5.570457935333252
408,best,pp,-4.7330827713012695
409,best,pp,-5.213517189025879
410,best,do,-6.440869331359863
411,best,do,-5.9154815673828125
412,best,do,-6.066017150878906
413,best,do,-7.634061336517334
414,best,do,-6.929471492767334
415,best,do,-6.58322811126709
416,best,do,-5.57979679107666
417,best,do,-6.324751853942871
418,best,do,-5.558000564575195
419,best,do,-6.010710716247559
420,best,do,-6.680178165435791
421,best,do,-7.362488746643066
422,best,do,-6.333631992340088
423,best,do,-7.334587574005127
424,best,do,-5.690857887268066
425,best,do,-7.898277759552002
426,best,do,-5.7614054679870605
427,best,do,-6.400759220123291
428,best,do,-6.428336143493652
429,best,do,-7.102248668670654
430,best,do,-7.71917724609375
431,best,do,-6.355578422546387
432,best,do,-6.400759220123291
433,best,do,-6.13431978225708
434,best,do,-6.981204986572266
435,best,do,-6.5943145751953125
436,best,do,-6.932878017425537
437,best,do,-6.439096927642822
438,best,do,-6.521398067474365
439,best,do,-7.7824506759643555
440,best,do,-7.321727752685547
441,best,do,-6.71883487701416
442,best,do,-6.84364652633667
443,best,do,-6.266735553741455
444,best,do,-6.3151092529296875
445,best,do,-6.325278282165527
446,best,do,-7.898277759552002
447,best,do,-6.760405540466309
448,best,do,-5.445517539978027
449,best,do,-5.95886754989624
450,best,do,-6.34359073638916
451,best,do,-6.764072895050049
452,best,do,-6.941495418548584
453,best,pp,-6.036752700805664
454,best,pp,-5.081183910369873
455,best,pp,-5.432093620300293
456,best,pp,-6.92085075378418
457,best,pp,-6.074624538421631
458,best,pp,-6.124616622924805
459,best,pp,-5.399762153625488
460,best,pp,-5.696465015411377
461,best,pp,-5.311512470245361
462,best,pp,-6.02036190032959
463,best,pp,-6.517000675201416
464,best,pp,-7.119316101074219
465,best,pp,-5.919441223144531
466,best,pp,-6.64463996887207
467,best,pp,-4.903648376464844
468,best,pp,-7.132315635681152
469,best,pp,-5.610835075378418
470,best,pp,-6.141660690307617
471,best,pp,-6.267266750335693
472,best,pp,-6.4274420738220215
473,best,pp,-5.30432653427124
474,best,pp,-6.017431259155273
475,best,pp,-5.697898864746094
476,best,pp,-5.867491722106934
477,best,pp,-4.906795978546143
478,best,pp,-5.904337406158447
479,best,pp,-5.420756816864014
480,best,pp,-5.587025165557861
481,best,pp,-5.795231819152832
482,best,pp,-5.514005661010742
483,best,pp,-5.1657304763793945
484,best,pp,-6.707455158233643
485,best,pp,-5.772958755493164
486,best,pp,-4.997429847717285
487,best,pp,-6.113757610321045
488,best,pp,-5.103052139282227
489,best,pp,-4.586200714111328
490,best,pp,-5.969381332397461
491,best,pp,-5.250728130340576
492,best,pp,-5.068779945373535
493,best,do,-6.564207553863525
494,best,do,-6.2281084060668945
495,best,do,-5.529321193695068
496,best,do,-5.286360740661621
497,best,do,-7.269232273101807
498,best,do,-4.524580478668213
499,best,do,-6.144219398498535
500,best,do,-6.890998840332031
501,best,do,-4.731640338897705
502,best,do,-5.759030818939209
503,best,do,-6.17492151260376
504,best,do,-5.032243251800537
505,best,do,-7.076355934143066
506,best,do,-5.1275482177734375
507,best,do,-6.758482456207275
508,best,do,-6.301316261291504
509,best,do,-6.542646884918213
510,best,do,-6.595064640045166
511,best,do,-5.176487445831299
512,best,do,-6.537057399749756
513,best,do,-6.263213157653809
514,best,do,-6.283815860748291
515,best,do,-5.947536468505859
516,best,do,-6.616125583648682
517,best,do,-5.2101054191589355
518,best,do,-6.591210842132568
519,best,do,-6.664782524108887
520,best,do,-6.697228908538818
521,best,do,-6.317746639251709
522,best,do,-5.581862926483154
523,best,do,-5.988181114196777
524,best,do,-5.172839641571045
525,best,do,-6.000903606414795
526,best,do,-6.677199363708496
527,best,do,-4.648265361785889
528,best,do,-7.019616603851318
529,best,do,-7.019616603851318
530,best,do,-7.84902811050415
531,best,do,-7.2640838623046875
532,best,do,-6.747225284576416
533,best,do,-7.172205924987793
534,best,do,-5.570483684539795
535,best,do,-4.948554515838623
536,best,pp,-7.060070514678955
537,best,pp,-6.595544338226318
538,best,pp,-5.708019256591797
539,best,pp,-5.461953639984131
540,best,pp,-7.412166595458984
541,best,pp,-4.608098983764648
542,best,pp,-5.864404678344727
543,best,pp,-6.7831292152404785
544,best,pp,-4.926239967346191
545,best,pp,-5.850054740905762
546,best,pp,-6.139068126678467
547,best,pp,-5.612335681915283
548,best,pp,-6.717962741851807
549,best,pp,-5.615960121154785
550,best,pp,-7.145579814910889
551,best,pp,-6.359090805053711
552,best,pp,-6.183084487915039
553,best,pp,-6.408111572265625
554,best,pp,-4.674820899963379
555,best,pp,-6.745459079742432
556,best,do,-4.554308891296387
557,best,do,-6.68868350982666
558,best,do,-6.855746269226074
559,best,do,-6.2688889503479
560,best,do,-6.9010796546936035
561,best,do,-5.142548084259033
562,best,do,-6.376292705535889
563,best,do,-6.329793930053711
564,best,do,-6.68868350982666
565,best,do,-6.662508487701416
566,best,do,-3.712488889694214
567,best,do,-4.645595073699951
568,best,do,-6.0472612380981445
569,best,do,-6.577146053314209
570,best,do,-5.386497497558594
571,best,do,-5.768034934997559
572,best,do,-5.651084899902344
573,best,do,-6.03810977935791
574,best,do,-6.03810977935791
575,best,do,-6.336968421936035
576,best,do,-5.436002731323242
577,best,do,-5.548815727233887
578,best,do,-5.651084899902344
579,best,do,-5.094436168670654
580,best,do,-4.748226642608643
581,best,do,-6.0472612380981445
582,best,do,-6.1878557205200195
583,best,do,-5.127537727355957
584,best,do,-4.685415267944336
585,best,do,-6.221434593200684
586,best,do,-4.693225860595703
587,best,do,-5.523479461669922
588,best,do,-5.127537727355957
589,best,do,-4.389801502227783
590,best,do,-6.259450435638428
591,best,do,-5.170830249786377
592,best,do,-6.458855628967285
593,best,do,-5.170830249786377
594,best,do,-6.828238010406494
595,best,do,-6.855746269226074
596,best,do,-6.4154253005981445
597,best,do,-6.0472612380981445
598,best,do,-6.662508487701416
599,best,pp,-5.6553544998168945
600,best,pp,-7.303534030914307
601,best,pp,-7.011623382568359
602,best,pp,-6.9346184730529785
603,best,pp,-7.289517879486084
604,best,pp,-6.265679359436035
605,best,pp,-6.32816219329834
606,best,pp,-6.2126288414001465
607,best,pp,-7.303534030914307
608,best,pp,-6.984380722045898
609,best,pp,-4.980601787567139
610,best,pp,-4.848408222198486
611,best,pp,-6.068337440490723
612,best,pp,-6.481235504150391
613,best,pp,-6.079862594604492
614,best,pp,-5.772958278656006
615,best,pp,-5.956320285797119
616,best,pp,-6.01885461807251
617,best,pp,-6.01885461807251
618,best,pp,-6.965214252471924
619,best,do,-5.947740077972412
620,best,do,-5.049497604370117
621,best,do,-6.259152412414551
622,best,do,-5.597188949584961
623,best,do,-5.963977336883545
624,best,do,-5.82387638092041
625,best,do,-6.067706108093262
626,best,do,-6.51641845703125
627,best,do,-6.1542158126831055
628,best,do,-7.02434778213501
629,best,do,-5.960729598999023
630,best,do,-4.760434150695801
631,best,do,-5.6770148277282715
632,best,do,-5.212315559387207
633,best,do,-5.4710307121276855
634,best,do,-6.637679100036621
635,best,do,-5.395171165466309
636,best,do,-6.605091571807861
637,best,do,-5.6770148277282715
638,best,do,-6.208562850952148
639,best,do,-6.202956676483154
640,best,do,-6.198169231414795
641,best,do,-5.881864070892334
642,best,do,-7.506299018859863
643,best,do,-6.4252238273620605
644,best,do,-4.857677459716797
645,best,do,-6.538590431213379
646,best,do,-5.497925281524658
647,best,do,-7.067821979522705
648,best,do,-6.029898166656494
649,best,do,-6.055832386016846
650,best,do,-7.1928534507751465
651,best,do,-6.560831546783447
652,best,do,-6.6064019203186035
653,best,do,-6.485010623931885
654,best,do,-4.950300216674805
655,best,do,-6.838964462280273
656,best,do,-6.525367736816406
657,best,do,-6.59014892578125
658,best,do,-5.677014350891113
659,best,do,-6.541366100311279
660,best,do,-6.775826930999756
661,best,do,-5.434310436248779
662,best,pp,-5.924492835998535
663,best,pp,-4.60405158996582
664,best,pp,-5.675307750701904
665,best,pp,-5.382654666900635
666,best,pp,-5.841521739959717
667,best,pp,-5.642860412597656
668,best,pp,-6.0880255699157715
669,best,pp,-6.7892746925354
670,best,pp,-6.296830177307129
671,best,pp,-6.583827018737793
672,best,pp,-5.67832612991333
673,best,pp,-4.4891791343688965
674,best,pp,-5.59437370300293
675,best,pp,-4.756680965423584
676,best,pp,-5.497978687286377
677,best,pp,-6.587254524230957
678,best,pp,-4.705766677856445
679,best,pp,-5.822290420532227
680,best,pp,-5.59437370300293
681,best,pp,-6.010309219360352
682,best,do,-7.232177734375
683,best,do,-7.754702091217041
684,best,do,-6.017462253570557
685,best,do,-6.382889747619629
686,best,do,-6.633756637573242
687,best,do,-6.637879848480225
688,best,do,-8.29029655456543
689,best,do,-7.623891353607178
690,best,do,-7.233959674835205
691,best,do,-7.217888355255127
692,best,do,-6.517086029052734
693,best,do,-8.580068588256836
694,best,do,-5.8594794273376465
695,best,do,-6.247711658477783
696,best,do,-7.3465986251831055
697,best,do,-5.806852340698242
698,best,do,-6.169504642486572
699,best,do,-6.808967590332031
700,best,do,-6.9847588539123535
701,best,do,-5.970068454742432
702,best,do,-6.704919815063477
703,best,do,-6.7653398513793945
704,best,do,-8.8394775390625
705,best,do,-7.261565208435059
706,best,do,-6.6843976974487305
707,best,do,-8.098357200622559
708,best,do,-7.051472187042236
709,best,do,-5.5898284912109375
710,best,do,-8.618192672729492
711,best,do,-7.056278228759766
712,best,do,-7.075164318084717
713,best,do,-8.147209167480469
714,best,do,-7.388263702392578
715,best,do,-8.119511604309082
716,best,do,-7.4049224853515625
717,best,do,-8.148382186889648
718,best,do,-8.174554824829102
719,best,do,-6.697091102600098
720,best,do,-5.415651321411133
721,best,do,-7.566126823425293
722,best,do,-5.683541774749756
723,best,do,-6.175856113433838
724,best,do,-6.612829685211182
725,best,pp,-7.1310272216796875
726,best,pp,-6.610847473144531
727,best,pp,-5.013270854949951
728,best,pp,-5.721769332885742
729,best,pp,-7.230602741241455
730,best,pp,-6.24660587310791
731,best,pp,-7.984858989715576
732,best,pp,-7.338769435882568
733,best,pp,-6.840690612792969
734,best,pp,-6.821813106536865
735,best,pp,-6.442886829376221
736,best,pp,-7.78972053527832
737,best,pp,-6.495898723602295
738,best,pp,-6.619967937469482
739,best,pp,-7.080951690673828
740,best,pp,-6.527501106262207
741,best,pp,-5.059540748596191
742,best,pp,-5.356929779052734
743,best,pp,-6.054529190063477
744,best,pp,-6.723677158355713
745,best,pp,-6.3273186683654785
746,best,pp,-5.287806987762451
747,best,pp,-6.194122791290283
748,best,pp,-6.116806983947754
749,best,pp,-6.435402870178223
750,best,pp,-6.3873515129089355
751,best,pp,-7.313967704772949
752,best,pp,-5.273351192474365
753,best,pp,-6.557478427886963
754,best,pp,-6.519027233123779
755,best,pp,-5.461573600769043
756,best,pp,-4.92056941986084
757,best,pp,-6.387030601501465
758,best,pp,-4.982892990112305
759,best,pp,-5.373223304748535
760,best,pp,-6.80881404876709
761,best,pp,-6.529348373413086
762,best,pp,-7.320494174957275
763,best,pp,-6.474407196044922
764,best,pp,-5.86386775970459
765,best,pp,-5.567152976989746
766,best,pp,-5.650204658508301
767,best,pp,-5.504080295562744
768,best,pp,-5.152873992919922
769,best,pp,-5.794770240783691
770,best,pp,-6.942667484283447
771,best,pp,-5.74099063873291
772,best,pp,-6.861788272857666
773,best,pp,-5.466462135314941
774,best,pp,-4.790785789489746
775,best,pp,-5.01199197769165
776,best,pp,-4.593894958496094
777,best,pp,-5.167986869812012
778,best,pp,-6.237983703613281
779,best,pp,-5.9925456047058105
780,best,pp,-5.662203788757324
781,best,pp,-5.6323113441467285
782,best,pp,-5.1772308349609375
783,best,pp,-6.560181617736816
784,best,pp,-7.1605401039123535
785,best,do,-5.142350196838379
786,best,do,-4.173038005828857
787,best,do,-4.40440559387207
788,best,do,-3.8225083351135254
789,best,do,-5.169081211090088
790,best,do,-4.111388206481934
791,best,do,-5.567024230957031
792,best,do,-4.354082107543945
793,best,do,-5.728327751159668
794,best,do,-6.25095272064209
795,best,do,-4.268579483032227
796,best,do,-3.741018056869507
797,best,do,-4.077123165130615
798,best,do,-5.910938262939453
799,best,do,-3.782827377319336
800,best,do,-4.131900310516357
801,best,do,-5.490989685058594
802,best,do,-4.261944770812988
803,best,do,-6.265686511993408
804,best,do,-5.930522918701172
805,best,do,-5.951871395111084
806,best,do,-3.8961892127990723
807,best,do,-5.591160297393799
808,best,do,-6.650413990020752
809,best,do,-4.044023513793945
810,best,do,-4.451032638549805
811,best,do,-6.066648483276367
812,best,do,-4.33342981338501
813,best,do,-4.834319114685059
814,best,do,-4.300703048706055
815,best,do,-4.103217601776123
816,best,do,-4.535560607910156
817,best,do,-4.209813117980957
818,best,do,-3.9158082008361816
819,best,do,-5.3307576179504395
820,best,do,-4.131900310516357
821,best,do,-5.653571605682373
822,best,do,-4.503419876098633
823,best,do,-4.491291046142578
824,best,do,-5.327025413513184
825,best,do,-5.351161956787109
826,best,do,-5.090496063232422
827,best,do,-5.658603668212891
828,best,pp,-4.906225681304932
829,best,pp,-4.53274393081665
830,best,pp,-4.7986650466918945
831,best,pp,-4.471944332122803
832,best,pp,-4.86181640625
833,best,pp,-4.596700668334961
834,best,pp,-5.568543910980225
835,best,pp,-4.459161758422852
836,best,pp,-5.611857891082764
837,best,pp,-5.8119049072265625
838,best,pp,-4.754055023193359
839,best,pp,-4.158262729644775
840,best,pp,-4.611417293548584
841,best,pp,-5.513116359710693
842,best,pp,-4.300382137298584
843,best,pp,-4.136739730834961
844,best,pp,-5.184854030609131
845,best,pp,-4.646614074707031
846,best,pp,-5.857183456420898
847,best,pp,-5.626410961151123
848,best,do,-4.261404037475586
849,best,do,-4.4570536613464355
850,best,do,-5.006822109222412
851,best,do,-6.542652606964111
852,best,do,-3.9914093017578125
853,best,do,-5.049046039581299
854,best,do,-6.022665500640869
855,best,do,-5.327244758605957
856,best,do,-4.123072624206543
857,best,do,-5.180200576782227
858,best,do,-5.6668925285339355
859,best,do,-5.367644786834717
860,best,do,-5.049764156341553
861,best,do,-3.937175750732422
862,best,do,-4.054680824279785
863,best,do,-4.1049323081970215
864,best,do,-4.258892059326172
865,best,do,-6.210974216461182
866,best,do,-3.9176928997039795
867,best,do,-4.095516204833984
868,best,do,-5.490241527557373
869,best,do,-4.104947090148926
870,best,do,-5.9424052238464355
871,best,do,-3.7846412658691406
872,best,do,-3.9598896503448486
873,best,do,-4.461260795593262
874,best,do,-4.123072624206543
875,best,do,-4.265673637390137
876,best,do,-4.5071868896484375
877,best,do,-5.674807548522949
878,best,do,-4.605098247528076
879,best,do,-3.7484545707702637
880,best,do,-6.506568431854248
881,best,do,-5.406548023223877
882,best,do,-4.515503883361816
883,best,do,-5.294235706329346
884,best,do,-4.261403560638428
885,best,do,-4.492707252502441
886,best,do,-4.195439338684082
887,best,do,-5.541680812835693
888,best,do,-5.3702521324157715
889,best,do,-5.6812357902526855
890,best,do,-4.078527450561523
891,best,pp,-5.095328330993652
892,best,pp,-4.637022972106934
893,best,pp,-5.447136878967285
894,best,pp,-6.327607154846191
895,best,pp,-4.3701395988464355
896,best,pp,-5.002269744873047
897,best,pp,-5.852511405944824
898,best,pp,-5.237663745880127
899,best,pp,-4.520459175109863
900,best,pp,-5.142539024353027
901,best,pp,-5.705039024353027
902,best,pp,-5.356107234954834
903,best,pp,-5.2135009765625
904,best,pp,-4.169311046600342
905,best,pp,-4.856084823608398
906,best,pp,-4.486039638519287
907,best,pp,-4.459654331207275
908,best,pp,-6.249948024749756
909,best,pp,-4.153584957122803
910,best,pp,-4.331912040710449
911,best,do,-5.244498252868652
912,best,do,-5.837440490722656
913,best,do,-5.147467613220215
914,best,do,-5.248661041259766
915,best,do,-5.087324619293213
916,best,do,-5.245340347290039
917,best,do,-5.6009979248046875
918,best,do,-6.529397487640381
919,best,do,-5.620275020599365
920,best,do,-6.165517807006836
921,best,do,-4.929886817932129
922,best,do,-5.19743013381958
923,best,do,-6.307289123535156
924,best,do,-4.684820652008057
925,best,do,-4.977467060089111
926,best,do,-5.5239105224609375
927,best,do,-5.880332946777344
928,best,do,-5.780387878417969
929,best,do,-5.679491996765137
930,best,do,-4.6745381355285645
931,best,do,-5.552722454071045
932,best,do,-4.660843849182129
933,best,do,-5.250088691711426
934,best,do,-4.590663433074951
935,best,do,-4.906110763549805
936,best,do,-5.769314289093018
937,best,do,-4.183793067932129
938,best,do,-4.963658332824707
939,best,do,-6.79379415512085
940,best,do,-4.480345249176025
941,best,do,-5.596357345581055
942,best,do,-5.8578033447265625
943,best,do,-4.882049560546875
944,best,do,-4.9470534324646
945,best,do,-4.438209533691406
946,best,do,-6.885733127593994
947,best,do,-5.483299255371094
948,best,do,-5.359127521514893
949,best,do,-6.165516376495361
950,best,do,-4.824833393096924
951,best,do,-6.367213726043701
952,best,do,-4.997488498687744
953,best,do,-5.485530853271484
954,best,pp,-5.359663486480713
955,best,pp,-5.890052795410156
956,best,pp,-5.219208240509033
957,best,pp,-5.1860785484313965
958,best,pp,-5.612918376922607
959,best,pp,-5.339902400970459
960,best,pp,-5.6301188468933105
961,best,pp,-5.853346824645996
962,best,pp,-5.383727073669434
963,best,pp,-6.0350446701049805
964,best,pp,-5.034822940826416
965,best,pp,-5.104139804840088
966,best,pp,-5.946249485015869
967,best,pp,-4.622640609741211
968,best,pp,-5.276682376861572
969,best,pp,-5.462104320526123
970,best,pp,-5.172471523284912
971,best,pp,-5.774764537811279
972,best,pp,-5.788815975189209
973,best,pp,-4.76369571685791
974,best,do,-6.716369152069092
975,best,do,-6.875943183898926
976,best,do,-7.561002254486084
977,best,do,-6.644691467285156
978,best,do,-4.82457971572876
979,best,do,-5.195863723754883
980,best,do,-6.1347808837890625
981,best,do,-5.098275184631348
982,best,do,-5.975945949554443
983,best,do,-5.3849287033081055
984,best,do,-6.36855411529541
985,best,do,-6.085913181304932
986,best,do,-6.708626747131348
987,best,do,-5.267416000366211
988,best,do,-6.995421409606934
989,best,do,-6.819400310516357
990,best,do,-7.298075199127197
991,best,do,-5.179504871368408
992,best,do,-5.3458404541015625
993,best,do,-5.635618209838867
994,best,do,-4.634515762329102
995,best,do,-7.229420185089111
996,best,do,-6.331906318664551
997,best,do,-6.460801124572754
998,best,do,-6.482659339904785
999,best,do,-5.953617572784424
1000,best,do,-5.313197612762451
1001,best,do,-5.16121768951416
1002,best,do,-5.0572943687438965
1003,best,do,-5.635618209838867
1004,best,do,-5.710770130157471
1005,best,do,-5.330431938171387
1006,best,do,-6.065738201141357
1007,best,do,-5.853376388549805
1008,best,do,-4.65703010559082
1009,best,do,-4.667048931121826
1010,best,do,-5.92182731628418
1011,best,do,-6.851778984069824
1012,best,do,-6.353492736816406
1013,best,do,-6.5602216720581055
1014,best,do,-6.353492736816406
1015,best,do,-5.088655948638916
1016,best,do,-4.817273139953613
1017,best,pp,-5.815704345703125
1018,best,pp,-5.815166473388672
1019,best,pp,-7.15723180770874
1020,best,pp,-5.838078498840332
1021,best,pp,-4.892165184020996
1022,best,pp,-5.051308631896973
1023,best,pp,-5.336718559265137
1024,best,pp,-4.777620792388916
1025,best,pp,-5.467479228973389
1026,best,pp,-4.891745567321777
1027,best,pp,-5.805441856384277
1028,best,pp,-5.830541133880615
1029,best,pp,-6.1789350509643555
1030,best,pp,-5.1238579750061035
1031,best,pp,-6.559338569641113
1032,best,pp,-6.031478404998779
1033,best,pp,-6.620417594909668
1034,best,pp,-4.793899059295654
1035,best,pp,-4.844751834869385
1036,best,pp,-5.352544784545898
1037,best,pp,-5.011331081390381
1038,best,pp,-4.607549667358398
1039,best,pp,-5.690677642822266
1040,best,pp,-4.972846031188965
1041,best,pp,-4.370486736297607
1042,best,pp,-5.326207160949707
1043,best,pp,-6.4470109939575195
1044,best,pp,-3.9771523475646973
1045,best,pp,-6.157036304473877
1046,best,pp,-5.26607084274292
1047,best,pp,-6.07793664932251
1048,best,pp,-4.513425827026367
1049,best,pp,-4.811767101287842
1050,best,pp,-4.121753215789795
1051,best,pp,-4.5515360832214355
1052,best,pp,-5.4115309715271
1053,best,pp,-5.427113056182861
1054,best,pp,-4.9233880043029785
1055,best,pp,-4.115512371063232
1056,best,pp,-4.547741413116455
1057,best,pp,-5.194209575653076
1058,best,pp,-4.529845237731934
1059,best,pp,-5.533827781677246
1060,best,pp,-4.894718170166016
1061,best,pp,-4.7749199867248535
1062,best,pp,-5.149272918701172
1063,best,pp,-4.299009323120117
1064,best,pp,-5.12880802154541
1065,best,pp,-5.539728164672852
1066,best,pp,-4.752274036407471
1067,best,pp,-5.382119655609131
1068,best,pp,-4.231856822967529
1069,best,pp,-4.607466220855713
1070,best,pp,-5.069438457489014
1071,best,pp,-4.572783946990967
1072,best,pp,-4.734939098358154
1073,best,pp,-4.597172737121582
1074,best,pp,-4.761908531188965
1075,best,pp,-4.324554920196533
1076,best,pp,-6.096053600311279
1077,best,do,-5.757221221923828
1078,best,do,-6.1023736000061035
1079,best,do,-5.484687328338623
1080,best,do,-6.10101842880249
1081,best,do,-4.404512882232666
1082,best,do,-4.746817111968994
1083,best,do,-5.3667378425598145
1084,best,do,-5.463053226470947
1085,best,do,-5.028285026550293
1086,best,do,-4.884929656982422
1087,best,do,-5.415730953216553
1088,best,do,-4.771214008331299
1089,best,do,-5.7625603675842285
1090,best,do,-5.55079460144043
1091,best,do,-5.57239294052124
1092,best,do,-4.714880466461182
1093,best,do,-5.342604160308838
1094,best,do,-5.439853191375732
1095,best,do,-5.032059669494629
1096,best,do,-4.57752799987793
1097,best,do,-5.6899871826171875
1098,best,do,-4.976691722869873
1099,best,do,-6.125401973724365
1100,best,do,-5.8680806159973145
1101,best,do,-4.933835983276367
1102,best,do,-5.189931869506836
1103,best,do,-4.897060871124268
1104,best,do,-4.568052768707275
1105,best,do,-5.093379974365234
1106,best,do,-4.50570821762085
1107,best,do,-4.976691722869873
1108,best,do,-6.405501842498779
1109,best,do,-4.320827960968018
1110,best,do,-5.638986587524414
1111,best,do,-5.674748420715332
1112,best,do,-4.877326011657715
1113,best,do,-5.208765506744385
1114,best,do,-5.011142253875732
1115,best,do,-4.660118579864502
1116,best,do,-5.668010234832764
1117,best,do,-5.499778747558594
1118,best,do,-5.67693567276001
1119,best,do,-4.722981929779053
1120,best,pp,-5.419423580169678
1121,best,pp,-5.408741474151611
1122,best,pp,-5.154129505157471
1123,best,pp,-5.093508243560791
1124,best,pp,-4.0064897537231445
1125,best,pp,-4.308974742889404
1126,best,pp,-4.630339622497559
1127,best,pp,-4.9747233390808105
1128,best,pp,-4.31736421585083
1129,best,pp,-4.577786445617676
1130,best,pp,-4.4762797355651855
1131,best,pp,-4.12054443359375
1132,best,pp,-5.322648048400879
1133,best,pp,-4.8921990394592285
1134,best,pp,-5.033344745635986
1135,best,pp,-4.3009209632873535
1136,best,pp,-4.9318037033081055
1137,best,pp,-4.557754993438721
1138,best,pp,-5.006062030792236
1139,best,pp,-4.142782688140869
1140,best,do,-5.01676607131958
1141,best,do,-4.65346097946167
1142,best,do,-4.858986854553223
1143,best,do,-4.949264049530029
1144,best,do,-4.880637168884277
1145,best,do,-4.499007225036621
1146,best,do,-5.01676607131958
1147,best,do,-5.530421733856201
1148,best,do,-5.288821220397949
1149,best,do,-4.484966278076172
1150,best,do,-4.860154151916504
1151,best,do,-6.628895282745361
1152,best,do,-5.150238513946533
1153,best,do,-5.621541500091553
1154,best,do,-4.774756908416748
1155,best,do,-3.9615423679351807
1156,best,do,-5.0946526527404785
1157,best,do,-5.202847957611084
1158,best,do,-5.448129653930664
1159,best,do,-4.62632417678833
1160,best,do,-5.378503322601318
1161,best,do,-4.308366775512695
1162,best,do,-5.909668922424316
1163,best,do,-5.650899887084961
1164,best,do,-4.65346097946167
1165,best,do,-4.877420425415039
1166,best,do,-5.317513942718506
1167,best,do,-4.91886568069458
1168,best,do,-5.116302967071533
1169,best,do,-5.073934078216553
1170,best,do,-4.358742713928223
1171,best,do,-4.683343410491943
1172,best,do,-5.0946526527404785
1173,best,do,-5.0895161628723145
1174,best,do,-4.767647743225098
1175,best,do,-4.767647743225098
1176,best,do,-5.621570587158203
1177,best,do,-6.256523609161377
1178,best,do,-4.253098964691162
1179,best,do,-3.9615423679351807
1180,best,do,-5.909668922424316
1181,best,do,-5.483375549316406
1182,best,do,-4.91886568069458
1183,best,pp,-4.840233325958252
1184,best,pp,-4.585225582122803
1185,best,pp,-4.690952301025391
1186,best,pp,-4.692942142486572
1187,best,pp,-4.730429172515869
1188,best,pp,-4.34596586227417
1189,best,pp,-4.84023380279541
1190,best,pp,-5.3465166091918945
1191,best,pp,-4.822392463684082
1192,best,pp,-4.323643684387207
1193,best,pp,-4.580777645111084
1194,best,pp,-5.944888591766357
1195,best,pp,-4.752159118652344
1196,best,pp,-5.445999622344971
1197,best,pp,-4.310041427612305
1198,best,pp,-3.7610936164855957
1199,best,pp,-4.985688209533691
1200,best,pp,-5.052267551422119
1201,best,pp,-5.28124475479126
1202,best,pp,-4.581407070159912
1203,best,do,-6.309492111206055
1204,best,do,-4.685083389282227
1205,best,do,-5.583507061004639
1206,best,do,-6.198899269104004
1207,best,do,-5.875746726989746
1208,best,do,-5.906992435455322
1209,best,do,-5.6309051513671875
1210,best,do,-5.4256815910339355
1211,best,do,-4.827166557312012
1212,best,do,-6.1336565017700195
1213,best,do,-5.763880729675293
1214,best,do,-5.668270111083984
1215,best,do,-4.841259479522705
1216,best,do,-4.931257247924805
1217,best,do,-5.833037376403809
1218,best,do,-4.932478427886963
1219,best,do,-5.519911766052246
1220,best,do,-5.812631130218506
1221,best,do,-5.8240132331848145
1222,best,do,-5.144278049468994
1223,best,do,-6.220695495605469
1224,best,do,-6.666598320007324
1225,best,do,-7.142434597015381
1226,best,do,-5.320597171783447
1227,best,do,-6.111752986907959
1228,best,do,-6.040692329406738
1229,best,do,-5.982855796813965
1230,best,do,-5.976585388183594
1231,best,do,-5.843120574951172
1232,best,do,-5.195223808288574
1233,best,do,-5.434249401092529
1234,best,do,-5.39838171005249
1235,best,do,-5.90342378616333
1236,best,do,-5.369987487792969
1237,best,do,-5.344901084899902
1238,best,do,-5.331050872802734
1239,best,do,-4.692246437072754
1240,best,do,-5.833541393280029
1241,best,do,-5.651147365570068
1242,best,do,-4.526324272155762
1243,best,do,-4.953253746032715
1244,best,do,-6.890152931213379
1245,best,do,-6.3307294845581055
1246,best,pp,-5.605321884155273
1247,best,pp,-4.116311550140381
1248,best,pp,-5.163573265075684
1249,best,pp,-5.349096298217773
1250,best,pp,-5.273623466491699
1251,best,pp,-5.672271251678467
1252,best,pp,-5.3265275955200195
1253,best,pp,-5.304474830627441
1254,best,pp,-4.610450267791748
1255,best,pp,-5.946470737457275
1256,best,pp,-5.365254878997803
1257,best,pp,-5.240573406219482
1258,best,pp,-4.998283386230469
1259,best,pp,-4.345280647277832
1260,best,pp,-5.3109283447265625
1261,best,pp,-4.587066173553467
1262,best,pp,-4.810433864593506
1263,best,pp,-5.110075950622559
1264,best,pp,-5.066922664642334
1265,best,pp,-4.719123363494873
1266,best,do,-4.4302849769592285
1267,best,do,-4.567675590515137
1268,best,do,-6.225057125091553
1269,best,do,-5.714025497436523
1270,best,do,-4.9333391189575195
1271,best,do,-6.579063415527344
1272,best,do,-7.601558208465576
1273,best,do,-7.566544055938721
1274,best,do,-4.868886470794678
1275,best,do,-6.880651950836182
1276,best,do,-6.3260955810546875
1277,best,do,-4.751010894775391
1278,best,do,-6.4405388832092285
1279,best,do,-6.897903919219971
1280,best,do,-6.185084819793701
1281,best,do,-6.7251152992248535
1282,best,do,-5.6920037269592285
1283,best,do,-6.277717590332031
1284,best,do,-5.089172840118408
1285,best,do,-6.050687313079834
1286,best,do,-5.690839767456055
1287,best,do,-6.048433780670166
1288,best,do,-6.348245620727539
1289,best,do,-7.069950580596924
1290,best,do,-5.98191499710083
1291,best,do,-5.010788440704346
1292,best,do,-5.896693706512451
1293,best,do,-7.627334117889404
1294,best,do,-6.219634532928467
1295,best,do,-6.575621128082275
1296,best,do,-6.028749942779541
1297,best,do,-6.87993049621582
1298,best,do,-6.29196310043335
1299,best,do,-4.6323957443237305
1300,best,do,-5.876074314117432
1301,best,do,-7.263036251068115
1302,best,do,-6.614526271820068
1303,best,do,-6.537457466125488
1304,best,do,-4.895873546600342
1305,best,do,-6.79905891418457
1306,best,do,-7.050407886505127
1307,best,do,-6.634100914001465
1308,best,do,-6.996509552001953
1309,best,pp,-4.59791898727417
1310,best,pp,-4.065001010894775
1311,best,pp,-5.282066345214844
1312,best,pp,-4.775454998016357
1313,best,pp,-4.013120651245117
1314,best,pp,-5.446692943572998
1315,best,pp,-6.835583209991455
1316,best,pp,-6.414989471435547
1317,best,pp,-4.080695152282715
1318,best,pp,-6.022670745849609
1319,best,pp,-5.864670753479004
1320,best,pp,-4.291681289672852
1321,best,pp,-5.858401298522949
1322,best,pp,-5.545990943908691
1323,best,pp,-5.211524963378906
1324,best,pp,-5.465949058532715
1325,best,pp,-4.876106262207031
1326,best,pp,-5.887035846710205
1327,best,pp,-4.486785411834717
1328,best,pp,-5.399846076965332
1329,best,pp,-4.388207912445068
1330,best,pp,-4.145089149475098
1331,best,pp,-5.446515083312988
1332,best,pp,-5.572908878326416
1333,best,pp,-5.911367416381836
1334,best,pp,-4.895208835601807
1335,best,pp,-4.4660139083862305
1336,best,pp,-4.788967132568359
1337,best,pp,-4.753692150115967
1338,best,pp,-5.456448554992676
1339,best,pp,-4.739322185516357
1340,best,pp,-5.067145347595215
1341,best,pp,-5.185426712036133
1342,best,pp,-5.628208637237549
1343,best,pp,-6.320796489715576
1344,best,pp,-4.816577911376953
1345,best,pp,-5.64928674697876
1346,best,pp,-4.1464009284973145
1347,best,pp,-5.573243141174316
1348,best,pp,-5.040627956390381
1349,best,pp,-4.79887580871582
1350,best,pp,-4.6418657302856445
1351,best,pp,-5.213841438293457
1352,best,pp,-4.560317039489746
1353,best,pp,-5.220241546630859
1354,best,pp,-4.045971393585205
1355,best,pp,-4.361485004425049
1356,best,pp,-4.8846893310546875
1357,best,pp,-4.921229839324951
1358,best,pp,-4.67952823638916
1359,best,pp,-4.454780578613281
1360,best,pp,-4.764796257019043
1361,best,pp,-5.167311668395996
1362,best,pp,-5.085209846496582
1363,best,pp,-4.715899467468262
1364,best,pp,-4.745001316070557
1365,best,pp,-5.732111930847168
1366,best,pp,-4.848173141479492
1367,best,pp,-4.435461044311523
1368,best,pp,-4.458512783050537
