item_id,model_state,dative,score
1,initial,pp,-8.115044593811035
2,initial,pp,-8.15449333190918
3,initial,pp,-7.710201740264893
4,initial,pp,-8.436114311218262
5,initial,pp,-7.8752360343933105
6,initial,pp,-7.7903828620910645
7,initial,pp,-8.100226402282715
8,initial,pp,-7.685306072235107
9,initial,pp,-6.889305591583252
10,initial,pp,-8.02764892578125
11,initial,pp,-6.39812707901001
12,initial,pp,-6.081004619598389
13,initial,pp,-7.881443500518799
14,initial,pp,-6.232362270355225
15,initial,pp,-8.100163459777832
16,initial,pp,-7.685306072235107
17,initial,pp,-8.096800804138184
18,initial,pp,-7.020107269287109
19,initial,pp,-8.251642227172852
20,initial,pp,-7.185771942138672
21,initial,pp,-7.881931304931641
22,initial,pp,-6.546884059906006
23,initial,pp,-8.387907981872559
24,initial,pp,-8.29493236541748
25,initial,pp,-8.560771942138672
26,initial,pp,-8.063318252563477
27,initial,pp,-8.314292907714844
28,initial,pp,-7.91855001449585
29,initial,pp,-8.277435302734375
30,initial,pp,-8.097672462463379
31,initial,pp,-8.523604393005371
32,initial,pp,-8.29493236541748
33,initial,pp,-8.19604778289795
34,initial,pp,-8.702216148376465
35,initial,pp,-6.319938659667969
36,initial,pp,-6.639824867248535
37,initial,pp,-8.277435302734375
38,initial,pp,-7.449748516082764
39,initial,pp,-8.429549217224121
40,initial,pp,-8.74907112121582
41,initial,pp,-7.574920654296875
42,initial,pp,-7.534330368041992
43,initial,pp,-7.061532020568848
44,initial,pp,-7.904162883758545
45,initial,pp,-7.685837745666504
46,initial,pp,-7.374773025512695
47,initial,pp,-7.91264009475708
48,initial,pp,-7.311985969543457
49,initial,pp,-7.400905609130859
50,initial,pp,-7.318029403686523
51,initial,pp,-8.044376373291016
52,initial,pp,-6.513670444488525
53,initial,pp,-8.024446487426758
54,initial,pp,-8.049294471740723
55,initial,pp,-7.347448348999023
56,initial,pp,-6.195163726806641
57,initial,pp,-6.3588714599609375
58,initial,pp,-7.977053642272949
59,initial,pp,-7.324371337890625
60,initial,pp,-7.5616774559021
61,initial,pp,-8.144841194152832
62,initial,pp,-7.58135986328125
63,initial,pp,-8.877528190612793
64,initial,pp,-8.222392082214355
65,initial,pp,-7.477804183959961
66,initial,pp,-9.261621475219727
67,initial,pp,-6.549983501434326
68,initial,pp,-8.600056648254395
69,initial,pp,-8.29407024383545
70,initial,pp,-8.24083423614502
71,initial,pp,-6.189270496368408
72,initial,pp,-8.756230354309082
73,initial,pp,-8.573995590209961
74,initial,pp,-9.015364646911621
75,initial,pp,-8.211958885192871
76,initial,pp,-7.993210315704346
77,initial,pp,-6.508038520812988
78,initial,pp,-7.521490573883057
79,initial,pp,-7.220890522003174
80,initial,pp,-8.748291969299316
81,initial,pp,-7.666375160217285
82,initial,pp,-6.814683437347412
83,initial,pp,-7.176755428314209
84,initial,pp,-6.231106758117676
85,initial,pp,-6.814683437347412
86,initial,pp,-6.563195705413818
87,initial,pp,-6.944516181945801
88,initial,pp,-6.324297904968262
89,initial,pp,-7.126134872436523
90,initial,pp,-6.284084796905518
91,initial,pp,-6.227717399597168
92,initial,pp,-8.850981712341309
93,initial,pp,-6.634965419769287
94,initial,pp,-6.725344657897949
95,initial,pp,-6.596403121948242
96,initial,pp,-6.4363861083984375
97,initial,pp,-8.310078620910645
98,initial,pp,-8.486452102661133
99,initial,pp,-7.500146865844727
100,initial,pp,-8.224126815795898
101,initial,pp,-6.195301055908203
102,initial,pp,-7.656726360321045
103,initial,pp,-7.04500150680542
104,initial,pp,-6.972174167633057
105,initial,pp,-7.527531147003174
106,initial,pp,-7.330086708068848
107,initial,pp,-7.17311429977417
108,initial,pp,-7.501425743103027
109,initial,pp,-7.2659735679626465
110,initial,pp,-7.839888095855713
111,initial,pp,-7.880901336669922
112,initial,pp,-7.384988307952881
113,initial,pp,-7.263975620269775
114,initial,pp,-6.14191198348999
115,initial,pp,-7.685025691986084
116,initial,pp,-6.242611885070801
117,initial,pp,-7.720158100128174
118,initial,pp,-6.787083625793457
119,initial,pp,-7.666165351867676
120,initial,pp,-8.110831260681152
121,initial,pp,-8.347098350524902
122,initial,pp,-8.132071495056152
123,initial,pp,-6.533519744873047
124,initial,pp,-8.171520233154297
125,initial,pp,-6.471091270446777
126,initial,pp,-8.157317161560059
127,initial,pp,-7.379877090454102
128,initial,pp,-8.242514610290527
129,initial,pp,-7.770267009735107
130,initial,pp,-7.608798503875732
131,initial,pp,-7.770267009735107
132,initial,pp,-8.132071495056152
133,initial,pp,-8.620165824890137
134,initial,pp,-7.799845218658447
135,initial,pp,-8.132071495056152
136,initial,pp,-8.157317161560059
137,initial,pp,-8.064922332763672
138,initial,pp,-5.983406066894531
139,initial,pp,-8.339877128601074
140,initial,pp,-8.036140441894531
141,initial,pp,-7.485921859741211
142,initial,pp,-7.411508560180664
143,initial,pp,-7.320268154144287
144,initial,pp,-8.043244361877441
145,initial,pp,-6.353050708770752
146,initial,pp,-6.563445091247559
147,initial,pp,-7.784988880157471
148,initial,pp,-7.676061630249023
149,initial,pp,-7.295934677124023
150,initial,pp,-6.089143753051758
151,initial,pp,-7.848996162414551
152,initial,pp,-7.616426467895508
153,initial,pp,-7.551199913024902
154,initial,pp,-7.590246200561523
155,initial,pp,-7.121034145355225
156,initial,pp,-6.755593299865723
157,initial,pp,-6.263618469238281
158,initial,pp,-6.677734851837158
159,initial,pp,-7.513930320739746
160,initial,pp,-7.9409027099609375
161,initial,pp,-9.073559761047363
162,initial,pp,-8.119771957397461
163,initial,pp,-8.737311363220215
164,initial,pp,-7.137048244476318
165,initial,pp,-7.840145111083984
166,initial,pp,-5.774803638458252
167,initial,pp,-7.197230815887451
168,initial,pp,-8.977091789245605
169,initial,pp,-8.088720321655273
170,initial,pp,-7.448096752166748
171,initial,pp,-8.737311363220215
172,initial,pp,-6.2151923179626465
173,initial,pp,-6.512436389923096
174,initial,pp,-8.61740493774414
175,initial,pp,-7.7224884033203125
176,initial,pp,-7.840145111083984
177,initial,pp,-8.708043098449707
178,initial,pp,-8.993694305419922
179,initial,pp,-6.3302001953125
180,initial,pp,-8.668112754821777
181,initial,pp,-7.4820146560668945
182,initial,pp,-7.765438079833984
183,initial,pp,-6.553283214569092
184,initial,pp,-7.556326389312744
185,initial,pp,-6.802262783050537
186,initial,pp,-6.954497337341309
187,initial,pp,-5.980022430419922
188,initial,pp,-6.866254806518555
189,initial,pp,-7.043966770172119
190,initial,pp,-5.4170918464660645
191,initial,pp,-6.792212009429932
192,initial,pp,-6.446076393127441
193,initial,pp,-6.730313301086426
194,initial,pp,-6.882563591003418
195,initial,pp,-6.558778285980225
196,initial,pp,-6.4358110427856445
197,initial,pp,-8.101445198059082
198,initial,pp,-6.682577610015869
199,initial,pp,-6.09745454788208
200,initial,pp,-8.00267219543457
201,initial,pp,-5.977494239807129
202,initial,pp,-6.027804374694824
203,initial,pp,-8.779776573181152
204,initial,pp,-7.562435626983643
205,initial,pp,-7.921273231506348
206,initial,pp,-7.423098087310791
207,initial,pp,-7.575347900390625
208,initial,pp,-6.5392937660217285
209,initial,pp,-7.814308166503906
210,initial,pp,-7.037953853607178
211,initial,pp,-7.709640026092529
212,initial,pp,-6.744472026824951
213,initial,pp,-6.293923377990723
214,initial,pp,-7.6078362464904785
215,initial,pp,-7.204550266265869
216,initial,pp,-6.0770158767700195
217,initial,pp,-7.515824794769287
218,initial,pp,-7.636605262756348
219,initial,pp,-7.355023384094238
220,initial,pp,-7.085893154144287
221,initial,do,-8.312872886657715
222,initial,do,-8.026841163635254
223,initial,do,-7.883119106292725
224,initial,do,-7.261343002319336
225,initial,do,-8.27912712097168
226,initial,do,-7.674605369567871
227,initial,do,-8.196593284606934
228,initial,do,-8.7090425491333
229,initial,do,-9.009186744689941
230,initial,do,-8.37509822845459
231,initial,do,-8.047234535217285
232,initial,do,-8.124096870422363
233,initial,do,-8.46094036102295
234,initial,do,-8.7090425491333
235,initial,do,-6.899906158447266
236,initial,do,-8.120931625366211
237,initial,do,-7.818396091461182
238,initial,do,-7.921792030334473
239,initial,do,-8.296586990356445
240,initial,do,-8.081989288330078
241,initial,do,-8.46094036102295
242,initial,do,-8.205306053161621
243,initial,do,-8.816274642944336
244,initial,do,-7.921792030334473
245,initial,do,-8.672877311706543
246,initial,do,-6.868101119995117
247,initial,do,-8.252584457397461
248,initial,do,-8.213725090026855
249,initial,do,-7.81101131439209
250,initial,do,-7.435789585113525
251,initial,do,-7.895622730255127
252,initial,do,-7.120785236358643
253,initial,do,-8.40047550201416
254,initial,do,-8.758957862854004
255,initial,do,-8.208887100219727
256,initial,do,-8.202224731445312
257,initial,do,-7.120721817016602
258,initial,do,-8.758957862854004
259,initial,do,-6.659763336181641
260,initial,do,-7.895622730255127
261,initial,do,-7.435789585113525
262,initial,do,-6.688668727874756
263,initial,do,-8.138110160827637
264,initial,pp,-7.8973002433776855
265,initial,pp,-8.17602825164795
266,initial,pp,-7.803435325622559
267,initial,pp,-6.714498043060303
268,initial,pp,-7.613399982452393
269,initial,pp,-7.479946613311768
270,initial,pp,-7.6308183670043945
271,initial,pp,-8.691222190856934
272,initial,pp,-8.093843460083008
273,initial,pp,-7.777920246124268
274,initial,pp,-7.7789764404296875
275,initial,pp,-7.758519172668457
276,initial,pp,-8.08773422241211
277,initial,pp,-8.691222190856934
278,initial,pp,-6.405551433563232
279,initial,pp,-7.7319183349609375
280,initial,pp,-7.493791103363037
281,initial,pp,-7.617064952850342
282,initial,pp,-7.965734481811523
283,initial,pp,-7.579830646514893
284,initial,do,-7.838228702545166
285,initial,do,-7.033986568450928
286,initial,do,-8.451546669006348
287,initial,do,-7.870795249938965
288,initial,do,-8.025042533874512
289,initial,do,-6.957877159118652
290,initial,do,-6.989964008331299
291,initial,do,-8.407904624938965
292,initial,do,-8.025042533874512
293,initial,do,-8.04927921295166
294,initial,do,-6.8942551612854
295,initial,do,-7.709678649902344
296,initial,do,-6.724158763885498
297,initial,do,-8.233366966247559
298,initial,do,-7.682753562927246
299,initial,do,-7.68779993057251
300,initial,do,-8.229483604431152
301,initial,do,-7.070723056793213
302,initial,do,-7.503378868103027
303,initial,do,-7.978947162628174
304,initial,do,-7.049520015716553
305,initial,do,-6.989964008331299
306,initial,do,-8.053022384643555
307,initial,do,-7.1631598472595215
308,initial,do,-7.870795249938965
309,initial,do,-7.376354217529297
310,initial,do,-6.434200763702393
311,initial,do,-7.809298038482666
312,initial,do,-7.870795249938965
313,initial,do,-8.430272102355957
314,initial,do,-6.960221290588379
315,initial,do,-8.237289428710938
316,initial,do,-7.972224712371826
317,initial,do,-8.50439167022705
318,initial,do,-6.434200763702393
319,initial,do,-7.070723056793213
320,initial,do,-7.467920303344727
321,initial,do,-7.199059009552002
322,initial,do,-8.451547622680664
323,initial,do,-8.471049308776855
324,initial,do,-8.069353103637695
325,initial,do,-8.04677677154541
326,initial,do,-7.107555389404297
327,initial,pp,-8.090295791625977
328,initial,pp,-7.132619857788086
329,initial,pp,-8.456324577331543
330,initial,pp,-7.578631401062012
331,initial,pp,-7.703354835510254
332,initial,pp,-6.831075668334961
333,initial,pp,-6.7926926612854
334,initial,pp,-8.26954460144043
335,initial,pp,-7.703354835510254
336,initial,pp,-7.998842239379883
337,initial,pp,-6.734921455383301
338,initial,pp,-7.3977813720703125
339,initial,pp,-6.724895000457764
340,initial,pp,-7.75283145904541
341,initial,pp,-7.725653648376465
342,initial,pp,-7.636603355407715
343,initial,pp,-7.810477256774902
344,initial,pp,-6.924491882324219
345,initial,pp,-7.573312759399414
346,initial,pp,-7.8290557861328125
347,initial,do,-7.478246212005615
348,initial,do,-5.651744842529297
349,initial,do,-7.238353252410889
350,initial,do,-6.3974409103393555
351,initial,do,-7.231630325317383
352,initial,do,-7.416635990142822
353,initial,do,-7.574494361877441
354,initial,do,-7.227121829986572
355,initial,do,-7.422525405883789
356,initial,do,-7.291998863220215
357,initial,do,-7.659496784210205
358,initial,do,-6.88597297668457
359,initial,do,-6.40573263168335
360,initial,do,-7.560715675354004
361,initial,do,-7.421796798706055
362,initial,do,-7.116376876831055
363,initial,do,-7.576751708984375
364,initial,do,-7.579761028289795
365,initial,do,-7.105612754821777
366,initial,do,-6.278360366821289
367,initial,do,-6.782076358795166
368,initial,do,-6.901102542877197
369,initial,do,-7.231128215789795
370,initial,do,-6.443292617797852
371,initial,do,-7.393167972564697
372,initial,do,-7.866556167602539
373,initial,do,-7.035727500915527
374,initial,do,-6.845999717712402
375,initial,do,-5.4181227684021
376,initial,do,-7.40336275100708
377,initial,do,-7.033188819885254
378,initial,do,-7.758753299713135
379,initial,do,-7.135343074798584
380,initial,do,-7.197688579559326
381,initial,do,-6.997419834136963
382,initial,do,-7.429624080657959
383,initial,do,-6.96265172958374
384,initial,do,-7.393167972564697
385,initial,do,-6.947808742523193
386,initial,do,-7.0357279777526855
387,initial,do,-7.099624156951904
388,initial,do,-6.734766483306885
389,initial,do,-6.727270126342773
390,initial,pp,-7.482248783111572
391,initial,pp,-5.723109722137451
392,initial,pp,-7.1980390548706055
393,initial,pp,-6.271957874298096
394,initial,pp,-7.318432807922363
395,initial,pp,-7.568417549133301
396,initial,pp,-7.568434238433838
397,initial,pp,-7.466749668121338
398,initial,pp,-7.735365867614746
399,initial,pp,-7.215031623840332
400,initial,pp,-7.707211494445801
401,initial,pp,-7.124260902404785
402,initial,pp,-6.4518046379089355
403,initial,pp,-7.461489677429199
404,initial,pp,-7.557892799377441
405,initial,pp,-7.026339530944824
406,initial,pp,-7.791341304779053
407,initial,pp,-7.161786079406738
408,initial,pp,-7.146131992340088
409,initial,pp,-6.232376575469971
410,initial,do,-8.204416275024414
411,initial,do,-8.087201118469238
412,initial,do,-7.467909336090088
413,initial,do,-8.751379013061523
414,initial,do,-8.396146774291992
415,initial,do,-7.546030521392822
416,initial,do,-8.401405334472656
417,initial,do,-8.55921459197998
418,initial,do,-6.396770000457764
419,initial,do,-8.235750198364258
420,initial,do,-7.326117515563965
421,initial,do,-8.42933464050293
422,initial,do,-8.900391578674316
423,initial,do,-8.890387535095215
424,initial,do,-7.967160701751709
425,initial,do,-8.746074676513672
426,initial,do,-7.587290287017822
427,initial,do,-8.106374740600586
428,initial,do,-7.6907830238342285
429,initial,do,-8.619390487670898
430,initial,do,-8.784615516662598
431,initial,do,-6.9682793617248535
432,initial,do,-8.106374740600586
433,initial,do,-8.239470481872559
434,initial,do,-8.384013175964355
435,initial,do,-8.50485897064209
436,initial,do,-8.396180152893066
437,initial,do,-9.253695487976074
438,initial,do,-8.069746017456055
439,initial,do,-9.304946899414062
440,initial,do,-9.142621040344238
441,initial,do,-7.924141883850098
442,initial,do,-8.3301362991333
443,initial,do,-8.819353103637695
444,initial,do,-7.754225730895996
445,initial,do,-8.15009593963623
446,initial,do,-8.746074676513672
447,initial,do,-8.627588272094727
448,initial,do,-7.51773738861084
449,initial,do,-7.594898223876953
450,initial,do,-8.423245429992676
451,initial,do,-8.327849388122559
452,initial,do,-7.938717365264893
453,initial,pp,-8.058794021606445
454,initial,pp,-7.995739936828613
455,initial,pp,-7.536742210388184
456,initial,pp,-8.114495277404785
457,initial,pp,-7.687722682952881
458,initial,pp,-7.870284080505371
459,initial,pp,-8.311018943786621
460,initial,pp,-8.074431419372559
461,initial,pp,-6.325560092926025
462,initial,pp,-8.390069007873535
463,initial,pp,-7.4226555824279785
464,initial,pp,-8.649861335754395
465,initial,pp,-8.067544937133789
466,initial,pp,-8.57079029083252
467,initial,pp,-7.620991230010986
468,initial,pp,-8.999216079711914
469,initial,pp,-7.4135212898254395
470,initial,pp,-8.355341911315918
471,initial,pp,-8.172441482543945
472,initial,pp,-8.107268333435059
473,initial,pp,-7.616297245025635
474,initial,pp,-8.484554290771484
475,initial,pp,-7.739924907684326
476,initial,pp,-7.2366485595703125
477,initial,pp,-6.225146770477295
478,initial,pp,-7.886730670928955
479,initial,pp,-7.37717866897583
480,initial,pp,-6.423649787902832
481,initial,pp,-7.438562870025635
482,initial,pp,-7.832526206970215
483,initial,pp,-6.863542079925537
484,initial,pp,-8.579387664794922
485,initial,pp,-8.050950050354004
486,initial,pp,-6.536241054534912
487,initial,pp,-8.271923065185547
488,initial,pp,-6.8762311935424805
489,initial,pp,-6.956289291381836
490,initial,pp,-7.825490474700928
491,initial,pp,-7.497068405151367
492,initial,pp,-7.457205772399902
493,initial,do,-8.211348533630371
494,initial,do,-7.623076438903809
495,initial,do,-8.348998069763184
496,initial,do,-8.909173965454102
497,initial,do,-10.507122993469238
498,initial,do,-6.467191696166992
499,initial,do,-9.169276237487793
500,initial,do,-9.531569480895996
501,initial,do,-8.67318058013916
502,initial,do,-7.066342830657959
503,initial,do,-9.274853706359863
504,initial,do,-8.887312889099121
505,initial,do,-9.191500663757324
506,initial,do,-8.720897674560547
507,initial,do,-9.999042510986328
508,initial,do,-9.148895263671875
509,initial,do,-8.810083389282227
510,initial,do,-8.196531295776367
511,initial,do,-7.789035320281982
512,initial,do,-9.528434753417969
513,initial,do,-7.582869529724121
514,initial,do,-9.774928092956543
515,initial,do,-9.509580612182617
516,initial,do,-9.609118461608887
517,initial,do,-8.448148727416992
518,initial,do,-9.532763481140137
519,initial,do,-9.303906440734863
520,initial,do,-9.187786102294922
521,initial,do,-9.422414779663086
522,initial,do,-8.240228652954102
523,initial,do,-7.282398223876953
524,initial,do,-8.402912139892578
525,initial,do,-9.578084945678711
526,initial,do,-10.46127700805664
527,initial,do,-8.503657341003418
528,initial,do,-9.500102043151855
529,initial,do,-9.500102043151855
530,initial,do,-10.093469619750977
531,initial,do,-10.43002700805664
532,initial,do,-9.345245361328125
533,initial,do,-10.226297378540039
534,initial,do,-8.920573234558105
535,initial,do,-8.29584789276123
536,initial,pp,-7.835895538330078
537,initial,pp,-7.410023212432861
538,initial,pp,-8.063546180725098
539,initial,pp,-8.02048397064209
540,initial,pp,-9.97762393951416
541,initial,pp,-5.970324516296387
542,initial,pp,-8.435300827026367
543,initial,pp,-9.181424140930176
544,initial,pp,-8.059419631958008
545,initial,pp,-6.621235370635986
546,initial,pp,-8.351600646972656
547,initial,pp,-8.379820823669434
548,initial,pp,-8.77282428741455
549,initial,pp,-8.210583686828613
550,initial,pp,-9.605148315429688
551,initial,pp,-8.999220848083496
552,initial,pp,-7.877879619598389
553,initial,pp,-7.621492385864258
554,initial,pp,-7.403369903564453
555,initial,pp,-9.568926811218262
556,initial,do,-8.89284896850586
557,initial,do,-9.145750045776367
558,initial,do,-7.942656517028809
559,initial,do,-9.191439628601074
560,initial,do,-9.844823837280273
561,initial,do,-8.384869575500488
562,initial,do,-7.36934232711792
563,initial,do,-9.242146492004395
564,initial,do,-9.145750045776367
565,initial,do,-9.712160110473633
566,initial,do,-7.423881530761719
567,initial,do,-7.009006023406982
568,initial,do,-7.455783367156982
569,initial,do,-7.886584758758545
570,initial,do,-6.840018272399902
571,initial,do,-9.085935592651367
572,initial,do,-9.667549133300781
573,initial,do,-9.527620315551758
574,initial,do,-9.527620315551758
575,initial,do,-9.866662979125977
576,initial,do,-8.265518188476562
577,initial,do,-8.09294605255127
578,initial,do,-9.667549133300781
579,initial,do,-8.264628410339355
580,initial,do,-7.903710842132568
581,initial,do,-7.455783367156982
582,initial,do,-9.580188751220703
583,initial,do,-6.882313251495361
584,initial,do,-7.6879119873046875
585,initial,do,-9.487693786621094
586,initial,do,-8.322552680969238
587,initial,do,-8.174555778503418
588,initial,do,-6.882313251495361
589,initial,do,-8.076744079589844
590,initial,do,-8.666437149047852
591,initial,do,-9.356061935424805
592,initial,do,-9.307275772094727
593,initial,do,-9.356061935424805
594,initial,do,-9.783601760864258
595,initial,do,-7.942656517028809
596,initial,do,-9.597944259643555
597,initial,do,-7.455783367156982
598,initial,do,-9.712160110473633
599,initial,pp,-8.585829734802246
600,initial,pp,-9.146637916564941
601,initial,pp,-8.012899398803711
602,initial,pp,-9.660888671875
603,initial,pp,-9.498780250549316
604,initial,pp,-8.28529167175293
605,initial,pp,-7.043724060058594
606,initial,pp,-8.38483715057373
607,initial,pp,-9.146637916564941
608,initial,pp,-9.224995613098145
609,initial,pp,-7.2982611656188965
610,initial,pp,-6.94374418258667
611,initial,pp,-7.1634979248046875
612,initial,pp,-7.502336025238037
613,initial,pp,-6.894772529602051
614,initial,pp,-8.481101989746094
615,initial,pp,-9.548338890075684
616,initial,pp,-8.667353630065918
617,initial,pp,-8.667353630065918
618,initial,pp,-9.5729341506958
619,initial,do,-8.418275833129883
620,initial,do,-7.4728546142578125
621,initial,do,-7.947413921356201
622,initial,do,-8.532329559326172
623,initial,do,-9.196389198303223
624,initial,do,-8.240423202514648
625,initial,do,-8.461156845092773
626,initial,do,-8.119658470153809
627,initial,do,-8.707254409790039
628,initial,do,-9.12967586517334
629,initial,do,-7.694012641906738
630,initial,do,-5.890392303466797
631,initial,do,-6.871105670928955
632,initial,do,-7.120012283325195
633,initial,do,-6.406156539916992
634,initial,do,-8.519396781921387
635,initial,do,-7.175832271575928
636,initial,do,-8.825082778930664
637,initial,do,-6.871105670928955
638,initial,do,-8.70595645904541
639,initial,do,-8.56514835357666
640,initial,do,-8.55403995513916
641,initial,do,-7.825946807861328
642,initial,do,-8.7437744140625
643,initial,do,-8.747718811035156
644,initial,do,-6.769461154937744
645,initial,do,-9.360206604003906
646,initial,do,-7.78875207901001
647,initial,do,-8.615572929382324
648,initial,do,-9.025497436523438
649,initial,do,-8.227609634399414
650,initial,do,-9.14743709564209
651,initial,do,-8.883078575134277
652,initial,do,-8.781079292297363
653,initial,do,-8.370308876037598
654,initial,do,-8.246365547180176
655,initial,do,-7.514256954193115
656,initial,do,-8.658041000366211
657,initial,do,-7.712270259857178
658,initial,do,-6.871105670928955
659,initial,do,-8.660833358764648
660,initial,do,-9.16940975189209
661,initial,do,-7.181002616882324
662,initial,pp,-8.096900939941406
663,initial,pp,-7.0267205238342285
664,initial,pp,-7.814375877380371
665,initial,pp,-8.061233520507812
666,initial,pp,-8.809168815612793
667,initial,pp,-8.341226577758789
668,initial,pp,-8.044111251831055
669,initial,pp,-8.6355619430542
670,initial,pp,-8.534192085266113
671,initial,pp,-8.661201477050781
672,initial,pp,-7.584932804107666
673,initial,pp,-5.799928665161133
674,initial,pp,-6.81734561920166
675,initial,pp,-6.859412670135498
676,initial,pp,-6.191245079040527
677,initial,pp,-8.163615226745605
678,initial,pp,-6.841985702514648
679,initial,pp,-8.678674697875977
680,initial,pp,-6.81734561920166
681,initial,pp,-8.367887496948242
682,initial,do,-9.392346382141113
683,initial,do,-10.16555404663086
684,initial,do,-8.162078857421875
685,initial,do,-7.291255950927734
686,initial,do,-8.959228515625
687,initial,do,-8.827560424804688
688,initial,do,-10.037638664245605
689,initial,do,-10.488106727600098
690,initial,do,-7.624000549316406
691,initial,do,-9.341130256652832
692,initial,do,-7.401632785797119
693,initial,do,-9.36479377746582
694,initial,do,-7.406641483306885
695,initial,do,-8.727469444274902
696,initial,do,-8.875165939331055
697,initial,do,-8.249134063720703
698,initial,do,-8.299564361572266
699,initial,do,-8.345593452453613
700,initial,do,-9.119471549987793
701,initial,do,-8.097774505615234
702,initial,do,-9.630419731140137
703,initial,do,-9.634352684020996
704,initial,do,-9.426126480102539
705,initial,do,-9.2372407913208
706,initial,do,-9.218842506408691
707,initial,do,-9.777623176574707
708,initial,do,-8.063863754272461
709,initial,do,-8.464985847473145
710,initial,do,-10.079072952270508
711,initial,do,-9.13696002960205
712,initial,do,-8.94934368133545
713,initial,do,-10.353681564331055
714,initial,do,-9.493961334228516
715,initial,do,-9.338523864746094
716,initial,do,-10.083023071289062
717,initial,do,-10.323921203613281
718,initial,do,-10.095905303955078
719,initial,do,-10.031774520874023
720,initial,do,-7.7671332359313965
721,initial,do,-9.129244804382324
722,initial,do,-8.584696769714355
723,initial,do,-8.691794395446777
724,initial,do,-8.815157890319824
725,initial,pp,-9.6212797164917
726,initial,pp,-9.572409629821777
727,initial,pp,-7.380544185638428
728,initial,pp,-6.628995895385742
729,initial,pp,-8.777541160583496
730,initial,pp,-8.621049880981445
731,initial,pp,-10.189170837402344
732,initial,pp,-9.780877113342285
733,initial,pp,-7.38940954208374
734,initial,pp,-8.848371505737305
735,initial,pp,-7.341590881347656
736,initial,pp,-9.147066116333008
737,initial,pp,-7.21105432510376
738,initial,pp,-8.999902725219727
739,initial,pp,-9.44035816192627
740,initial,pp,-8.705007553100586
741,initial,pp,-8.21460247039795
742,initial,pp,-8.12867546081543
743,initial,pp,-9.253703117370605
744,initial,pp,-8.225419044494629
745,initial,pp,-7.451161861419678
746,initial,pp,-7.596307754516602
747,initial,pp,-7.963415145874023
748,initial,pp,-7.448038101196289
749,initial,pp,-8.878467559814453
750,initial,pp,-9.07058048248291
751,initial,pp,-8.876277923583984
752,initial,pp,-7.635660648345947
753,initial,pp,-7.43156099319458
754,initial,pp,-8.204432487487793
755,initial,pp,-6.398352146148682
756,initial,pp,-6.994627475738525
757,initial,pp,-8.173788070678711
758,initial,pp,-7.228531837463379
759,initial,pp,-7.835476398468018
760,initial,pp,-8.613037109375
761,initial,pp,-9.548844337463379
762,initial,pp,-8.919478416442871
763,initial,pp,-7.2114667892456055
764,initial,pp,-7.79238224029541
765,initial,pp,-8.029707908630371
766,initial,pp,-8.4610595703125
767,initial,pp,-8.40776252746582
768,initial,pp,-7.524301052093506
769,initial,pp,-8.491778373718262
770,initial,pp,-8.692008018493652
771,initial,pp,-8.302634239196777
772,initial,pp,-8.74958324432373
773,initial,pp,-7.715739727020264
774,initial,pp,-6.676587104797363
775,initial,pp,-8.269561767578125
776,initial,pp,-7.0912184715271
777,initial,pp,-7.41719388961792
778,initial,pp,-8.290518760681152
779,initial,pp,-8.700352668762207
780,initial,pp,-8.499773025512695
781,initial,pp,-8.67866039276123
782,initial,pp,-7.214813232421875
783,initial,pp,-8.96446418762207
784,initial,pp,-8.310514450073242
785,initial,do,-7.5243024826049805
786,initial,do,-6.216917037963867
787,initial,do,-6.308649063110352
788,initial,do,-6.474033832550049
789,initial,do,-7.4115447998046875
790,initial,do,-6.579641342163086
791,initial,do,-6.432410717010498
792,initial,do,-6.789827346801758
793,initial,do,-8.587896347045898
794,initial,do,-7.930354595184326
795,initial,do,-6.416317462921143
796,initial,do,-5.886665344238281
797,initial,do,-6.771754264831543
798,initial,do,-8.819613456726074
799,initial,do,-6.200352668762207
800,initial,do,-5.748001575469971
801,initial,do,-8.017958641052246
802,initial,do,-6.450153350830078
803,initial,do,-8.960466384887695
804,initial,do,-8.449748039245605
805,initial,do,-8.407462120056152
806,initial,do,-5.888710975646973
807,initial,do,-7.799740791320801
808,initial,do,-9.198659896850586
809,initial,do,-6.353267192840576
810,initial,do,-5.782790660858154
811,initial,do,-7.675265789031982
812,initial,do,-6.724722385406494
813,initial,do,-7.074499130249023
814,initial,do,-6.484546184539795
815,initial,do,-6.737869739532471
816,initial,do,-6.505922317504883
817,initial,do,-6.166409015655518
818,initial,do,-5.620095252990723
819,initial,do,-8.302560806274414
820,initial,do,-5.748001575469971
821,initial,do,-8.203658103942871
822,initial,do,-7.0206804275512695
823,initial,do,-6.754001140594482
824,initial,do,-8.418644905090332
825,initial,do,-7.551122188568115
826,initial,do,-7.221328258514404
827,initial,do,-8.202142715454102
828,initial,pp,-7.3965864181518555
829,initial,pp,-6.335071086883545
830,initial,pp,-6.56949520111084
831,initial,pp,-6.666524410247803
832,initial,pp,-7.428521156311035
833,initial,pp,-6.912393569946289
834,initial,pp,-6.591536045074463
835,initial,pp,-6.754370212554932
836,initial,pp,-8.52225399017334
837,initial,pp,-7.7144012451171875
838,initial,pp,-6.70501708984375
839,initial,pp,-6.208504676818848
840,initial,pp,-6.762833595275879
841,initial,pp,-8.041447639465332
842,initial,pp,-6.343511581420898
843,initial,pp,-5.604160308837891
844,initial,pp,-7.653036117553711
845,initial,pp,-6.604366302490234
846,initial,pp,-8.257736206054688
847,initial,pp,-7.931201934814453
848,initial,do,-6.670823097229004
849,initial,do,-6.94457483291626
850,initial,do,-7.005621910095215
851,initial,do,-8.990946769714355
852,initial,do,-6.341235637664795
853,initial,do,-8.339164733886719
854,initial,do,-7.505527019500732
855,initial,do,-6.160966396331787
856,initial,do,-6.7834930419921875
857,initial,do,-6.809729099273682
858,initial,do,-8.078532218933105
859,initial,do,-6.038910388946533
860,initial,do,-7.567159175872803
861,initial,do,-5.356326580047607
862,initial,do,-5.679688453674316
863,initial,do,-5.42210578918457
864,initial,do,-6.061678886413574
865,initial,do,-8.66381549835205
866,initial,do,-5.499596118927002
867,initial,do,-6.554008483886719
868,initial,do,-7.395512104034424
869,initial,do,-6.504837989807129
870,initial,do,-8.511407852172852
871,initial,do,-6.005955696105957
872,initial,do,-6.246279239654541
873,initial,do,-6.875982284545898
874,initial,do,-6.783492088317871
875,initial,do,-6.6475043296813965
876,initial,do,-6.523625373840332
877,initial,do,-7.720705986022949
878,initial,do,-6.74381685256958
879,initial,do,-5.667270183563232
880,initial,do,-8.603104591369629
881,initial,do,-7.78828763961792
882,initial,do,-6.5895562171936035
883,initial,do,-7.639361381530762
884,initial,do,-6.670823097229004
885,initial,do,-6.9221625328063965
886,initial,do,-6.348841667175293
887,initial,do,-7.840832233428955
888,initial,do,-8.390604972839355
889,initial,do,-8.086671829223633
890,initial,do,-6.4139299392700195
891,initial,pp,-6.767380714416504
892,initial,pp,-6.678349494934082
893,initial,pp,-7.038634777069092
894,initial,pp,-8.446675300598145
895,initial,pp,-6.429722785949707
896,initial,pp,-7.982585906982422
897,initial,pp,-7.160204887390137
898,initial,pp,-6.23675537109375
899,initial,pp,-6.720708847045898
900,initial,pp,-6.578089237213135
901,initial,pp,-7.759432315826416
902,initial,pp,-6.298605442047119
903,initial,pp,-7.52830696105957
904,initial,pp,-5.4220380783081055
905,initial,pp,-6.067298889160156
906,initial,pp,-5.809615135192871
907,initial,pp,-6.367377758026123
908,initial,pp,-8.118378639221191
909,initial,pp,-5.721773147583008
910,initial,pp,-6.451909065246582
911,initial,do,-7.1780219078063965
912,initial,do,-7.441347599029541
913,initial,do,-7.221598148345947
914,initial,do,-7.394089698791504
915,initial,do,-6.701905250549316
916,initial,do,-6.444363594055176
917,initial,do,-7.1297454833984375
918,initial,do,-8.561026573181152
919,initial,do,-7.318353652954102
920,initial,do,-7.55614709854126
921,initial,do,-6.892960071563721
922,initial,do,-6.356849670410156
923,initial,do,-8.101621627807617
924,initial,do,-7.043987274169922
925,initial,do,-6.4337077140808105
926,initial,do,-7.143720626831055
927,initial,do,-8.396923065185547
928,initial,do,-7.206718921661377
929,initial,do,-6.39421272277832
930,initial,do,-5.7113213539123535
931,initial,do,-7.117405414581299
932,initial,do,-6.591606140136719
933,initial,do,-7.258378028869629
934,initial,do,-6.197805881500244
935,initial,do,-6.9427170753479
936,initial,do,-7.761421203613281
937,initial,do,-6.159549236297607
938,initial,do,-6.300055027008057
939,initial,do,-8.55478572845459
940,initial,do,-6.6078104972839355
941,initial,do,-7.4471306800842285
942,initial,do,-7.95885705947876
943,initial,do,-6.9325761795043945
944,initial,do,-6.983480930328369
945,initial,do,-6.799337863922119
946,initial,do,-8.606175422668457
947,initial,do,-6.838851451873779
948,initial,do,-7.201663494110107
949,initial,do,-7.55614709854126
950,initial,do,-6.697664260864258
951,initial,do,-8.431126594543457
952,initial,do,-6.459794998168945
953,initial,do,-7.825873374938965
954,initial,pp,-6.99653434753418
955,initial,pp,-7.224050045013428
956,initial,pp,-7.087134838104248
957,initial,pp,-7.18485164642334
958,initial,pp,-6.77379035949707
959,initial,pp,-6.668996810913086
960,initial,pp,-7.251382827758789
961,initial,pp,-8.119123458862305
962,initial,pp,-7.242893218994141
963,initial,pp,-7.62917423248291
964,initial,pp,-6.940677642822266
965,initial,pp,-6.250808238983154
966,initial,pp,-7.888877868652344
967,initial,pp,-6.916658401489258
968,initial,pp,-6.621642589569092
969,initial,pp,-7.071394920349121
970,initial,pp,-7.800834655761719
971,initial,pp,-7.424577236175537
972,initial,pp,-6.530093669891357
973,initial,pp,-5.84722375869751
974,initial,do,-8.5466947555542
975,initial,do,-7.724376201629639
976,initial,do,-9.31227970123291
977,initial,do,-8.084200859069824
978,initial,do,-6.845034599304199
979,initial,do,-6.245306015014648
980,initial,do,-8.89901351928711
981,initial,do,-6.594239234924316
982,initial,do,-8.44606876373291
983,initial,do,-6.946147918701172
984,initial,do,-7.441952228546143
985,initial,do,-8.334465026855469
986,initial,do,-8.163899421691895
987,initial,do,-7.121865749359131
988,initial,do,-8.998048782348633
989,initial,do,-9.324198722839355
990,initial,do,-9.350497245788574
991,initial,do,-7.210018157958984
992,initial,do,-7.042231559753418
993,initial,do,-7.404783248901367
994,initial,do,-7.04010009765625
995,initial,do,-8.706381797790527
996,initial,do,-7.85683536529541
997,initial,do,-7.32106876373291
998,initial,do,-7.310713768005371
999,initial,do,-6.6624040603637695
1000,initial,do,-7.126745223999023
1001,initial,do,-6.069615840911865
1002,initial,do,-7.206513404846191
1003,initial,do,-7.404783248901367
1004,initial,do,-7.695779800415039
1005,initial,do,-6.742514133453369
1006,initial,do,-8.341238021850586
1007,initial,do,-7.384746074676514
1008,initial,do,-7.047328948974609
1009,initial,do,-6.422867298126221
1010,initial,do,-6.95551061630249
1011,initial,do,-8.613235473632812
1012,initial,do,-8.20826530456543
1013,initial,do,-8.446148872375488
1014,initial,do,-8.20826530456543
1015,initial,do,-6.332128524780273
1016,initial,do,-6.36155891418457
1017,initial,pp,-7.726305961608887
1018,initial,pp,-7.768532752990723
1019,initial,pp,-9.115619659423828
1020,initial,pp,-7.828161239624023
1021,initial,pp,-7.116513729095459
1022,initial,pp,-6.503814697265625
1023,initial,pp,-8.225510597229004
1024,initial,pp,-6.498800277709961
1025,initial,pp,-7.818460941314697
1026,initial,pp,-6.759835720062256
1027,initial,pp,-7.802290916442871
1028,initial,pp,-8.142718315124512
1029,initial,pp,-8.27097225189209
1030,initial,pp,-6.886179447174072
1031,initial,pp,-8.666837692260742
1032,initial,pp,-8.538420677185059
1033,initial,pp,-8.811580657958984
1034,initial,pp,-6.951026916503906
1035,initial,pp,-6.809887886047363
1036,initial,pp,-7.034574031829834
1037,initial,pp,-6.816873073577881
1038,initial,pp,-5.925310134887695
1039,initial,pp,-7.22918701171875
1040,initial,pp,-6.751794338226318
1041,initial,pp,-5.94463586807251
1042,initial,pp,-7.2680511474609375
1043,initial,pp,-8.353377342224121
1044,initial,pp,-5.490554332733154
1045,initial,pp,-7.373165607452393
1046,initial,pp,-6.440927028656006
1047,initial,pp,-8.508752822875977
1048,initial,pp,-5.993649482727051
1049,initial,pp,-6.269693374633789
1050,initial,pp,-5.560486793518066
1051,initial,pp,-5.800235271453857
1052,initial,pp,-7.149097919464111
1053,initial,pp,-7.19203519821167
1054,initial,pp,-6.846952438354492
1055,initial,pp,-5.275680065155029
1056,initial,pp,-6.134657859802246
1057,initial,pp,-6.625946044921875
1058,initial,pp,-6.333619117736816
1059,initial,pp,-7.456797122955322
1060,initial,pp,-5.856334209442139
1061,initial,pp,-6.697267532348633
1062,initial,pp,-7.037671089172363
1063,initial,pp,-5.851391315460205
1064,initial,pp,-6.78237247467041
1065,initial,pp,-6.470881938934326
1066,initial,pp,-6.837189674377441
1067,initial,pp,-7.412993431091309
1068,initial,pp,-6.000335693359375
1069,initial,pp,-6.352427959442139
1070,initial,pp,-6.48468017578125
1071,initial,pp,-6.295516490936279
1072,initial,pp,-6.596774578094482
1073,initial,pp,-6.572737693786621
1074,initial,pp,-6.658719062805176
1075,initial,pp,-6.2946672439575195
1076,initial,pp,-8.082100868225098
1077,initial,do,-8.827237129211426
1078,initial,do,-9.05324649810791
1079,initial,do,-8.848078727722168
1080,initial,do,-8.375157356262207
1081,initial,do,-8.016874313354492
1082,initial,do,-7.877996921539307
1083,initial,do,-8.77188777923584
1084,initial,do,-8.856998443603516
1085,initial,do,-8.144246101379395
1086,initial,do,-7.613156318664551
1087,initial,do,-8.684510231018066
1088,initial,do,-8.088421821594238
1089,initial,do,-8.432341575622559
1090,initial,do,-9.301692962646484
1091,initial,do,-8.85035514831543
1092,initial,do,-7.787919521331787
1093,initial,do,-8.306674003601074
1094,initial,do,-8.668680191040039
1095,initial,do,-7.051549911499023
1096,initial,do,-8.340434074401855
1097,initial,do,-8.685754776000977
1098,initial,do,-8.346799850463867
1099,initial,do,-9.173073768615723
1100,initial,do,-8.965417861938477
1101,initial,do,-8.461164474487305
1102,initial,do,-8.10502815246582
1103,initial,do,-8.252697944641113
1104,initial,do,-7.710418701171875
1105,initial,do,-8.226831436157227
1106,initial,do,-8.016934394836426
1107,initial,do,-8.346799850463867
1108,initial,do,-9.302252769470215
1109,initial,do,-7.042367458343506
1110,initial,do,-8.664270401000977
1111,initial,do,-7.2887959480285645
1112,initial,do,-7.997735500335693
1113,initial,do,-8.361444473266602
1114,initial,do,-7.9471659660339355
1115,initial,do,-8.577126502990723
1116,initial,do,-8.926618576049805
1117,initial,do,-8.753579139709473
1118,initial,do,-9.12189769744873
1119,initial,do,-7.192245960235596
1120,initial,pp,-7.823628902435303
1121,initial,pp,-8.639867782592773
1122,initial,pp,-8.435935020446777
1123,initial,pp,-7.3921966552734375
1124,initial,pp,-7.144167900085449
1125,initial,pp,-7.5092010498046875
1126,initial,pp,-7.486096382141113
1127,initial,pp,-8.056735038757324
1128,initial,pp,-7.508441925048828
1129,initial,pp,-7.063125133514404
1130,initial,pp,-7.797942161560059
1131,initial,pp,-7.4294586181640625
1132,initial,pp,-8.087782859802246
1133,initial,pp,-8.591559410095215
1134,initial,pp,-8.028576850891113
1135,initial,pp,-7.411038875579834
1136,initial,pp,-7.7408623695373535
1137,initial,pp,-7.904197692871094
1138,initial,pp,-6.6820173263549805
1139,initial,pp,-7.695211887359619
1140,initial,do,-8.585479736328125
1141,initial,do,-8.266580581665039
1142,initial,do,-6.636660099029541
1143,initial,do,-8.313339233398438
1144,initial,do,-7.1602396965026855
1145,initial,do,-8.209752082824707
1146,initial,do,-8.585479736328125
1147,initial,do,-9.342628479003906
1148,initial,do,-8.266633033752441
1149,initial,do,-7.825103282928467
1150,initial,do,-7.990678310394287
1151,initial,do,-9.326445579528809
1152,initial,do,-8.389470100402832
1153,initial,do,-8.548066139221191
1154,initial,do,-8.465836524963379
1155,initial,do,-7.01763391494751
1156,initial,do,-8.089534759521484
1157,initial,do,-6.895939826965332
1158,initial,do,-8.376193046569824
1159,initial,do,-8.517426490783691
1160,initial,do,-9.199442863464355
1161,initial,do,-6.999879360198975
1162,initial,do,-7.236151695251465
1163,initial,do,-6.961137771606445
1164,initial,do,-8.266580581665039
1165,initial,do,-7.493570327758789
1166,initial,do,-8.829623222351074
1167,initial,do,-7.931018829345703
1168,initial,do,-8.59636402130127
1169,initial,do,-8.105502128601074
1170,initial,do,-6.923116683959961
1171,initial,do,-8.078042030334473
1172,initial,do,-8.089534759521484
1173,initial,do,-8.316275596618652
1174,initial,do,-7.798126220703125
1175,initial,do,-7.798126220703125
1176,initial,do,-8.71284008026123
1177,initial,do,-8.988166809082031
1178,initial,do,-7.818113803863525
1179,initial,do,-7.01763391494751
1180,initial,do,-7.236151695251465
1181,initial,do,-8.431163787841797
1182,initial,do,-7.931018829345703
1183,initial,pp,-8.06446647644043
1184,initial,pp,-7.922309875488281
1185,initial,pp,-6.354970932006836
1186,initial,pp,-7.656081199645996
1187,initial,pp,-7.039836406707764
1188,initial,pp,-7.635590076446533
1189,initial,pp,-8.064467430114746
1190,initial,pp,-8.938820838928223
1191,initial,pp,-7.947650909423828
1192,initial,pp,-7.108719348907471
1193,initial,pp,-8.025557518005371
1194,initial,pp,-8.887070655822754
1195,initial,pp,-7.8710174560546875
1196,initial,pp,-8.169137954711914
1197,initial,pp,-7.680389881134033
1198,initial,pp,-6.775051116943359
1199,initial,pp,-7.872644901275635
1200,initial,pp,-6.687082767486572
1201,initial,pp,-8.141435623168945
1202,initial,pp,-7.7327752113342285
1203,initial,do,-8.307489395141602
1204,initial,do,-7.389452934265137
1205,initial,do,-8.397834777832031
1206,initial,do,-8.190324783325195
1207,initial,do,-7.850536346435547
1208,initial,do,-7.165496826171875
1209,initial,do,-7.856320858001709
1210,initial,do,-7.580329895019531
1211,initial,do,-6.95585823059082
1212,initial,do,-7.1861748695373535
1213,initial,do,-7.711452484130859
1214,initial,do,-7.059205055236816
1215,initial,do,-6.8272175788879395
1216,initial,do,-7.302762508392334
1217,initial,do,-8.052135467529297
1218,initial,do,-7.211992263793945
1219,initial,do,-7.8200836181640625
1220,initial,do,-8.050606727600098
1221,initial,do,-6.986947536468506
1222,initial,do,-6.597665309906006
1223,initial,do,-8.158758163452148
1224,initial,do,-8.621633529663086
1225,initial,do,-8.453598976135254
1226,initial,do,-7.8033318519592285
1227,initial,do,-8.579900741577148
1228,initial,do,-8.132987022399902
1229,initial,do,-7.831489086151123
1230,initial,do,-8.051182746887207
1231,initial,do,-7.84799337387085
1232,initial,do,-7.365333557128906
1233,initial,do,-7.905970096588135
1234,initial,do,-7.824942588806152
1235,initial,do,-7.004817962646484
1236,initial,do,-7.231349945068359
1237,initial,do,-7.772431373596191
1238,initial,do,-8.152204513549805
1239,initial,do,-6.2937493324279785
1240,initial,do,-8.177096366882324
1241,initial,do,-8.506842613220215
1242,initial,do,-6.185549259185791
1243,initial,do,-7.02060604095459
1244,initial,do,-8.589259147644043
1245,initial,do,-7.8841023445129395
1246,initial,pp,-8.16787338256836
1247,initial,pp,-6.756756782531738
1248,initial,pp,-8.137022018432617
1249,initial,pp,-7.591733932495117
1250,initial,pp,-7.574774742126465
1251,initial,pp,-6.406932353973389
1252,initial,pp,-7.712331771850586
1253,initial,pp,-7.1860198974609375
1254,initial,pp,-6.2594075202941895
1255,initial,pp,-6.83310079574585
1256,initial,pp,-7.605140686035156
1257,initial,pp,-6.745825290679932
1258,initial,pp,-6.536184787750244
1259,initial,pp,-7.062015056610107
1260,initial,pp,-7.586079120635986
1261,initial,pp,-6.639364719390869
1262,initial,pp,-7.308085918426514
1263,initial,pp,-7.462248802185059
1264,initial,pp,-6.904925346374512
1265,initial,pp,-6.361137390136719
1266,initial,do,-7.738381385803223
1267,initial,do,-7.778193473815918
1268,initial,do,-8.84369945526123
1269,initial,do,-8.575034141540527
1270,initial,do,-7.642140865325928
1271,initial,do,-9.048686027526855
1272,initial,do,-9.449745178222656
1273,initial,do,-9.748927116394043
1274,initial,do,-7.573315143585205
1275,initial,do,-9.515711784362793
1276,initial,do,-9.7346773147583
1277,initial,do,-7.698673248291016
1278,initial,do,-9.440705299377441
1279,initial,do,-8.491868019104004
1280,initial,do,-8.245221138000488
1281,initial,do,-9.644083976745605
1282,initial,do,-9.366617202758789
1283,initial,do,-8.555254936218262
1284,initial,do,-8.248099327087402
1285,initial,do,-9.043181419372559
1286,initial,do,-6.740286350250244
1287,initial,do,-8.736834526062012
1288,initial,do,-8.861252784729004
1289,initial,do,-9.036758422851562
1290,initial,do,-8.825945854187012
1291,initial,do,-8.293630599975586
1292,initial,do,-8.137299537658691
1293,initial,do,-9.463878631591797
1294,initial,do,-8.96654987335205
1295,initial,do,-8.460396766662598
1296,initial,do,-7.5474934577941895
1297,initial,do,-8.696520805358887
1298,initial,do,-8.318235397338867
1299,initial,do,-6.2584099769592285
1300,initial,do,-8.552886962890625
1301,initial,do,-9.962332725524902
1302,initial,do,-9.572957992553711
1303,initial,do,-7.369391441345215
1304,initial,do,-8.54322624206543
1305,initial,do,-9.506266593933105
1306,initial,do,-9.581864356994629
1307,initial,do,-7.664444446563721
1308,initial,do,-9.82156753540039
1309,initial,pp,-7.287853240966797
1310,initial,pp,-7.060826301574707
1311,initial,pp,-7.292646884918213
1312,initial,pp,-7.301191806793213
1313,initial,pp,-6.67885160446167
1314,initial,pp,-8.408170700073242
1315,initial,pp,-9.252761840820312
1316,initial,pp,-9.351272583007812
1317,initial,pp,-6.623318672180176
1318,initial,pp,-8.819779396057129
1319,initial,pp,-8.70307731628418
1320,initial,pp,-7.24550724029541
1321,initial,pp,-8.690696716308594
1322,initial,pp,-8.135717391967773
1323,initial,pp,-8.134248733520508
1324,initial,pp,-8.402656555175781
1325,initial,pp,-8.100671768188477
1326,initial,pp,-8.714003562927246
1327,initial,pp,-7.541271209716797
1328,initial,pp,-8.291132926940918
1329,initial,pp,-6.795804023742676
1330,initial,pp,-6.321058750152588
1331,initial,pp,-8.03819465637207
1332,initial,pp,-8.319098472595215
1333,initial,pp,-8.396195411682129
1334,initial,pp,-6.932648181915283
1335,initial,pp,-6.307610511779785
1336,initial,pp,-5.912222385406494
1337,initial,pp,-6.662208557128906
1338,initial,pp,-7.729772090911865
1339,initial,pp,-6.347512722015381
1340,initial,pp,-7.871195316314697
1341,initial,pp,-7.169995307922363
1342,initial,pp,-8.454833030700684
1343,initial,pp,-8.307473182678223
1344,initial,pp,-6.994470596313477
1345,initial,pp,-8.356990814208984
1346,initial,pp,-5.908769130706787
1347,initial,pp,-7.64138126373291
1348,initial,pp,-6.869040012359619
1349,initial,pp,-7.252981185913086
1350,initial,pp,-7.232585906982422
1351,initial,pp,-7.656309127807617
1352,initial,pp,-7.289284706115723
1353,initial,pp,-7.26332950592041
1354,initial,pp,-6.11281156539917
1355,initial,pp,-5.926026344299316
1356,initial,pp,-6.41301965713501
1357,initial,pp,-7.324884414672852
1358,initial,pp,-7.470232009887695
1359,initial,pp,-7.020286560058594
1360,initial,pp,-7.613987922668457
1361,initial,pp,-5.92959451675415
1362,initial,pp,-7.13961124420166
1363,initial,pp,-7.37537145614624
1364,initial,pp,-6.734367370605469
1365,initial,pp,-7.85616397857666
1366,initial,pp,-6.964867115020752
1367,initial,pp,-6.568389892578125
1368,initial,pp,-6.9752655029296875
1,final,pp,-5.563382625579834
2,final,pp,-5.594132900238037
3,final,pp,-5.163527965545654
4,final,pp,-5.725226879119873
5,final,pp,-5.5030059814453125
6,final,pp,-5.145471096038818
7,final,pp,-5.500951766967773
8,final,pp,-5.294095516204834
9,final,pp,-4.671566486358643
10,final,pp,-5.468836307525635
11,final,pp,-5.304413318634033
12,final,pp,-4.864617347717285
13,final,pp,-5.332264423370361
14,final,pp,-5.102488994598389
15,final,pp,-5.674366474151611
16,final,pp,-5.294095516204834
17,final,pp,-5.239975452423096
18,final,pp,-4.6985273361206055
19,final,pp,-5.429598331451416
20,final,pp,-4.594319820404053
21,final,pp,-5.124387264251709
22,final,pp,-5.287204742431641
23,final,pp,-5.2414021492004395
24,final,pp,-5.607043743133545
25,final,pp,-5.697471618652344
26,final,pp,-5.984507083892822
27,final,pp,-5.648718357086182
28,final,pp,-5.436481475830078
29,final,pp,-5.563748836517334
30,final,pp,-5.388097763061523
31,final,pp,-5.742824077606201
32,final,pp,-5.607043743133545
33,final,pp,-5.951633930206299
34,final,pp,-5.7132744789123535
35,final,pp,-4.970940113067627
36,final,pp,-5.023437976837158
37,final,pp,-5.563748836517334
38,final,pp,-4.532941818237305
39,final,pp,-5.5508856773376465
40,final,pp,-5.482912063598633
41,final,pp,-5.419065952301025
42,final,pp,-5.220306873321533
43,final,pp,-4.7472429275512695
44,final,pp,-5.6699066162109375
45,final,pp,-5.466578006744385
46,final,pp,-5.338385581970215
47,final,pp,-6.184048175811768
48,final,pp,-5.341634750366211
49,final,pp,-5.055994987487793
50,final,pp,-5.396937370300293
51,final,pp,-5.876523971557617
52,final,pp,-5.214198112487793
53,final,pp,-5.591917991638184
54,final,pp,-5.8882036209106445
55,final,pp,-5.335014343261719
56,final,pp,-4.549226760864258
57,final,pp,-5.184578895568848
58,final,pp,-5.960480213165283
59,final,pp,-5.212909698486328
60,final,pp,-5.633478164672852
61,final,pp,-5.422056674957275
62,final,pp,-5.235171318054199
63,final,pp,-5.957658290863037
64,final,pp,-5.60613489151001
65,final,pp,-6.115078926086426
66,final,pp,-6.050233840942383
67,final,pp,-5.2281389236450195
68,final,pp,-6.175173282623291
69,final,pp,-6.049906253814697
70,final,pp,-6.048763275146484
71,final,pp,-4.747785568237305
72,final,pp,-5.826992034912109
73,final,pp,-5.714956760406494
74,final,pp,-6.855990886688232
75,final,pp,-5.666429042816162
76,final,pp,-5.294633388519287
77,final,pp,-5.32067346572876
78,final,pp,-4.890937328338623
79,final,pp,-4.870439052581787
80,final,pp,-6.022302150726318
81,final,pp,-5.791469573974609
82,final,pp,-5.235948085784912
83,final,pp,-5.611937522888184
84,final,pp,-4.718871593475342
85,final,pp,-5.235948085784912
86,final,pp,-4.768641471862793
87,final,pp,-5.74481201171875
88,final,pp,-4.598570823669434
89,final,pp,-5.0466461181640625
90,final,pp,-4.728102684020996
91,final,pp,-4.443909645080566
92,final,pp,-6.793524742126465
93,final,pp,-4.887993812561035
94,final,pp,-4.935176372528076
95,final,pp,-4.635618686676025
96,final,pp,-5.114752292633057
97,final,pp,-6.236851215362549
98,final,pp,-6.542695045471191
99,final,pp,-5.516045093536377
100,final,pp,-6.257635116577148
101,final,pp,-5.039468765258789
102,final,pp,-4.977141380310059
103,final,pp,-4.645609378814697
104,final,pp,-4.961719989776611
105,final,pp,-5.08044958114624
106,final,pp,-4.710063457489014
107,final,pp,-4.409866809844971
108,final,pp,-5.387326717376709
109,final,pp,-5.162848949432373
110,final,pp,-5.252396106719971
111,final,pp,-5.271786689758301
112,final,pp,-4.892246246337891
113,final,pp,-5.1084065437316895
114,final,pp,-4.988554000854492
115,final,pp,-5.085681915283203
116,final,pp,-3.9935224056243896
117,final,pp,-5.408914089202881
118,final,pp,-5.427806854248047
119,final,pp,-4.9120683670043945
120,final,pp,-5.00729513168335
121,final,pp,-5.616584777832031
122,final,pp,-5.173770427703857
123,final,pp,-5.149942398071289
124,final,pp,-5.367306232452393
125,final,pp,-4.480523109436035
126,final,pp,-5.689247131347656
127,final,pp,-4.569974422454834
128,final,pp,-5.53407621383667
129,final,pp,-5.121800899505615
130,final,pp,-4.42427396774292
131,final,pp,-5.121800899505615
132,final,pp,-5.173770427703857
133,final,pp,-5.557104587554932
134,final,pp,-5.020599842071533
135,final,pp,-5.173770427703857
136,final,pp,-5.6892476081848145
137,final,pp,-4.986629962921143
138,final,pp,-4.901983737945557
139,final,pp,-5.49109411239624
140,final,pp,-5.099243640899658
141,final,pp,-5.4023590087890625
142,final,pp,-5.108353137969971
143,final,pp,-5.166399002075195
144,final,pp,-5.798639297485352
145,final,pp,-4.537173271179199
146,final,pp,-4.8293776512146
147,final,pp,-5.522656440734863
148,final,pp,-5.627510070800781
149,final,pp,-5.438302516937256
150,final,pp,-5.02268123626709
151,final,pp,-6.184000015258789
152,final,pp,-5.238900661468506
153,final,pp,-5.124715805053711
154,final,pp,-5.463959217071533
155,final,pp,-4.822275161743164
156,final,pp,-5.537491798400879
157,final,pp,-4.83534049987793
158,final,pp,-4.896520614624023
159,final,pp,-5.290190696716309
160,final,pp,-5.889977931976318
161,final,pp,-6.394563674926758
162,final,pp,-5.363796710968018
163,final,pp,-5.618824005126953
164,final,pp,-4.65757942199707
165,final,pp,-5.096364498138428
166,final,pp,-4.481396675109863
167,final,pp,-5.67514181137085
168,final,pp,-6.099886417388916
169,final,pp,-5.397843837738037
170,final,pp,-5.507162094116211
171,final,pp,-5.618824005126953
172,final,pp,-4.467240810394287
173,final,pp,-5.173045635223389
174,final,pp,-5.8175740242004395
175,final,pp,-4.797387599945068
176,final,pp,-5.096364498138428
177,final,pp,-5.779407501220703
178,final,pp,-6.204351425170898
179,final,pp,-4.245494842529297
180,final,pp,-6.375993251800537
181,final,pp,-5.305657863616943
182,final,pp,-5.499311447143555
183,final,pp,-5.01423978805542
184,final,pp,-5.94903039932251
185,final,pp,-5.037055015563965
186,final,pp,-5.260493755340576
187,final,pp,-5.140335559844971
188,final,pp,-4.735294818878174
189,final,pp,-4.890510082244873
190,final,pp,-4.463089942932129
191,final,pp,-5.167405128479004
192,final,pp,-5.123054027557373
193,final,pp,-4.99323844909668
194,final,pp,-5.131527900695801
195,final,pp,-4.635920524597168
196,final,pp,-4.387792110443115
197,final,pp,-5.83046817779541
198,final,pp,-4.953983306884766
199,final,pp,-5.203497886657715
200,final,pp,-5.640140056610107
201,final,pp,-4.2165913581848145
202,final,pp,-3.7875919342041016
203,final,pp,-6.033106327056885
204,final,pp,-5.167012691497803
205,final,pp,-5.299526691436768
206,final,pp,-4.860939979553223
207,final,pp,-5.096602439880371
208,final,pp,-5.284098148345947
209,final,pp,-4.949678897857666
210,final,pp,-4.320051670074463
211,final,pp,-4.8502631187438965
212,final,pp,-5.328744888305664
213,final,pp,-4.248010635375977
214,final,pp,-5.027925968170166
215,final,pp,-4.931696891784668
216,final,pp,-4.018715858459473
217,final,pp,-5.018523693084717
218,final,pp,-4.688958644866943
219,final,pp,-4.576394557952881
220,final,pp,-5.139801979064941
221,final,do,-6.586119174957275
222,final,do,-6.571799278259277
223,final,do,-5.950658321380615
224,final,do,-5.889863967895508
225,final,do,-6.210075855255127
226,final,do,-6.069695472717285
227,final,do,-6.170043468475342
228,final,do,-7.456498622894287
229,final,do,-7.127328395843506
230,final,do,-6.670769691467285
231,final,do,-6.328526973724365
232,final,do,-6.7166266441345215
233,final,do,-6.896803855895996
234,final,do,-7.456498622894287
235,final,do,-5.5372419357299805
236,final,do,-6.2669148445129395
237,final,do,-6.149045467376709
238,final,do,-6.043915271759033
239,final,do,-6.7375922203063965
240,final,do,-6.590060234069824
241,final,do,-6.896803855895996
242,final,do,-6.0277934074401855
243,final,do,-7.413176536560059
244,final,do,-6.043915271759033
245,final,do,-6.671734809875488
246,final,do,-6.004369258880615
247,final,do,-6.6728105545043945
248,final,do,-5.925724983215332
249,final,do,-5.946838855743408
250,final,do,-5.828838348388672
251,final,do,-6.164839267730713
252,final,do,-6.270705223083496
253,final,do,-7.199297904968262
254,final,do,-6.283668041229248
255,final,do,-6.608554363250732
256,final,do,-6.187191963195801
257,final,do,-6.32973051071167
258,final,do,-6.283668041229248
259,final,do,-5.9284491539001465
260,final,do,-6.164839267730713
261,final,do,-5.828838348388672
262,final,do,-5.863349914550781
263,final,do,-6.253528118133545
264,final,pp,-5.886247634887695
265,final,pp,-6.0906596183776855
266,final,pp,-5.343328952789307
267,final,pp,-5.030192852020264
268,final,pp,-5.653573036193848
269,final,pp,-5.538114070892334
270,final,pp,-5.612818241119385
271,final,pp,-6.874424934387207
272,final,pp,-6.125432968139648
273,final,pp,-5.598212718963623
274,final,pp,-5.708756923675537
275,final,pp,-6.203308582305908
276,final,pp,-6.042071342468262
277,final,pp,-6.874424934387207
278,final,pp,-4.7998223304748535
279,final,pp,-5.393924713134766
280,final,pp,-5.37026309967041
281,final,pp,-5.465057849884033
282,final,pp,-5.934911251068115
283,final,pp,-5.960001468658447
284,final,do,-6.102275371551514
285,final,do,-5.507845401763916
286,final,do,-6.947404384613037
287,final,do,-6.171204090118408
288,final,do,-6.189202308654785
289,final,do,-5.874023914337158
290,final,do,-5.761279582977295
291,final,do,-6.74994421005249
292,final,do,-6.189202308654785
293,final,do,-5.983979225158691
294,final,do,-5.833009243011475
295,final,do,-5.89324426651001
296,final,do,-5.620029926300049
297,final,do,-6.5245771408081055
298,final,do,-6.137546539306641
299,final,do,-5.900959014892578
300,final,do,-6.500031471252441
301,final,do,-6.074446201324463
302,final,do,-5.831116676330566
303,final,do,-6.742615699768066
304,final,do,-6.110649585723877
305,final,do,-5.761279582977295
306,final,do,-6.052299499511719
307,final,do,-5.981147289276123
308,final,do,-6.171204090118408
309,final,do,-6.044748783111572
310,final,do,-5.647420406341553
311,final,do,-6.191592693328857
312,final,do,-6.171204090118408
313,final,do,-6.882388591766357
314,final,do,-5.814703941345215
315,final,do,-6.667416095733643
316,final,do,-6.116203784942627
317,final,do,-7.2231645584106445
318,final,do,-5.647420406341553
319,final,do,-6.074446201324463
320,final,do,-6.188046932220459
321,final,do,-6.171496868133545
322,final,do,-6.947404384613037
323,final,do,-6.749547481536865
324,final,do,-6.435887813568115
325,final,do,-6.432343482971191
326,final,do,-6.323034286499023
327,final,pp,-5.64036226272583
328,final,pp,-4.738868236541748
329,final,pp,-6.421212196350098
330,final,pp,-5.524817943572998
331,final,pp,-5.176571846008301
332,final,pp,-5.098245620727539
333,final,pp,-4.903450012207031
334,final,pp,-6.000303745269775
335,final,pp,-5.176571846008301
336,final,pp,-5.405677795410156
337,final,pp,-4.87829065322876
338,final,pp,-5.284997940063477
339,final,pp,-4.961416244506836
340,final,pp,-5.44401216506958
341,final,pp,-5.36149787902832
342,final,pp,-5.125770568847656
343,final,pp,-5.546357154846191
344,final,pp,-5.111556529998779
345,final,pp,-5.377686977386475
346,final,pp,-6.0379719734191895
347,final,do,-6.366505146026611
348,final,do,-5.099079608917236
349,final,do,-6.060065746307373
350,final,do,-5.397618770599365
351,final,do,-6.192640781402588
352,final,do,-5.990655422210693
353,final,do,-6.320353031158447
354,final,do,-5.954453945159912
355,final,do,-6.346806526184082
356,final,do,-6.035436630249023
357,final,do,-6.402490139007568
358,final,do,-5.703399658203125
359,final,do,-5.753223419189453
360,final,do,-6.445018291473389
361,final,do,-6.190637588500977
362,final,do,-6.005849361419678
363,final,do,-6.373220443725586
364,final,do,-6.526605606079102
365,final,do,-5.87501859664917
366,final,do,-5.800698757171631
367,final,do,-5.741135597229004
368,final,do,-5.896785259246826
369,final,do,-6.119486331939697
370,final,do,-5.0951080322265625
371,final,do,-5.966569900512695
372,final,do,-6.869749069213867
373,final,do,-5.782911777496338
374,final,do,-5.674346923828125
375,final,do,-5.0299482345581055
376,final,do,-6.20468282699585
377,final,do,-6.157536029815674
378,final,do,-6.326475143432617
379,final,do,-5.906001567840576
380,final,do,-5.933840751647949
381,final,do,-6.403225898742676
382,final,do,-6.171194076538086
383,final,do,-6.006150722503662
384,final,do,-5.966569900512695
385,final,do,-5.583211898803711
386,final,do,-5.782912254333496
387,final,do,-5.739748477935791
388,final,do,-5.839951992034912
389,final,do,-6.048217296600342
390,final,pp,-5.871480941772461
391,final,pp,-4.8048014640808105
392,final,pp,-5.578639507293701
393,final,pp,-4.749795436859131
394,final,pp,-5.59958028793335
395,final,pp,-5.601752281188965
396,final,pp,-5.87882137298584
397,final,pp,-5.862900733947754
398,final,pp,-6.057652473449707
399,final,pp,-5.665348052978516
400,final,pp,-5.882579326629639
401,final,pp,-5.356400966644287
402,final,pp,-5.52902364730835
403,final,pp,-5.765307426452637
404,final,pp,-5.740103244781494
405,final,pp,-5.386641025543213
406,final,pp,-6.0931501388549805
407,final,pp,-5.435949802398682
408,final,pp,-5.332175254821777
409,final,pp,-5.227844715118408
410,final,do,-6.712008476257324
411,final,do,-5.70556640625
412,final,do,-5.70015811920166
413,final,do,-6.873870372772217
414,final,do,-6.735668182373047
415,final,do,-6.802581310272217
416,final,do,-6.684542179107666
417,final,do,-6.410079479217529
418,final,do,-5.807678699493408
419,final,do,-6.609545707702637
420,final,do,-6.713621139526367
421,final,do,-7.265189170837402
422,final,do,-6.5831170082092285
423,final,do,-6.933218955993652
424,final,do,-6.119317054748535
425,final,do,-6.875640869140625
426,final,do,-5.98539400100708
427,final,do,-6.791316032409668
428,final,do,-6.901226043701172
429,final,do,-6.861733436584473
430,final,do,-7.5291523933410645
431,final,do,-6.04302453994751
432,final,do,-6.791316032409668
433,final,do,-6.552584171295166
434,final,do,-7.087634563446045
435,final,do,-6.374703407287598
436,final,do,-6.479766368865967
437,final,do,-7.064889430999756
438,final,do,-6.536728382110596
439,final,do,-7.36625337600708
440,final,do,-7.280379772186279
441,final,do,-6.049072742462158
442,final,do,-6.369697570800781
443,final,do,-6.4707350730896
444,final,do,-6.567633152008057
445,final,do,-6.396195888519287
446,final,do,-6.875640869140625
447,final,do,-7.065765857696533
448,final,do,-6.006820201873779
449,final,do,-5.4462890625
450,final,do,-6.4255452156066895
451,final,do,-7.037877082824707
452,final,do,-6.108096122741699
453,final,pp,-5.648065567016602
454,final,pp,-5.636469841003418
455,final,pp,-5.51064395904541
456,final,pp,-6.401905059814453
457,final,pp,-5.62252140045166
458,final,pp,-5.987422943115234
459,final,pp,-6.400160312652588
460,final,pp,-6.065073490142822
461,final,pp,-5.125153541564941
462,final,pp,-6.3977179527282715
463,final,pp,-6.367363929748535
464,final,pp,-6.769828796386719
465,final,pp,-5.930230140686035
466,final,pp,-6.57135009765625
467,final,pp,-5.686176776885986
468,final,pp,-7.110005855560303
469,final,pp,-5.540469169616699
470,final,pp,-6.005133152008057
471,final,pp,-6.470314979553223
472,final,pp,-6.040672779083252
473,final,pp,-5.660539627075195
474,final,pp,-6.558427333831787
475,final,pp,-5.835390090942383
476,final,pp,-5.691688537597656
477,final,pp,-5.1873087882995605
478,final,pp,-5.962564468383789
479,final,pp,-5.278139591217041
480,final,pp,-5.389862537384033
481,final,pp,-5.617142677307129
482,final,pp,-5.678397178649902
483,final,pp,-5.128055095672607
484,final,pp,-6.6283745765686035
485,final,pp,-6.232239723205566
486,final,pp,-4.818877696990967
487,final,pp,-6.185206890106201
488,final,pp,-5.139575481414795
489,final,pp,-4.742393493652344
490,final,pp,-5.895568370819092
491,final,pp,-5.54374361038208
492,final,pp,-5.573877811431885
493,final,do,-7.047741413116455
494,final,do,-6.390716552734375
495,final,do,-5.8631591796875
496,final,do,-6.3075151443481445
497,final,do,-8.308418273925781
498,final,do,-5.394038677215576
499,final,do,-6.68784236907959
500,final,do,-6.7201247215271
501,final,do,-6.404088973999023
502,final,do,-5.867417335510254
503,final,do,-6.852446556091309
504,final,do,-6.352820873260498
505,final,do,-6.79952335357666
506,final,do,-6.550456523895264
507,final,do,-7.33071231842041
508,final,do,-6.099839687347412
509,final,do,-6.691714286804199
510,final,do,-6.76961088180542
511,final,do,-5.121635913848877
512,final,do,-7.236201286315918
513,final,do,-6.157347679138184
514,final,do,-6.666231632232666
515,final,do,-6.697245121002197
516,final,do,-6.551750183105469
517,final,do,-5.822730541229248
518,final,do,-6.683917045593262
519,final,do,-7.338003635406494
520,final,do,-6.200063228607178
521,final,do,-7.049481391906738
522,final,do,-6.003658294677734
523,final,do,-6.095516204833984
524,final,do,-5.873246669769287
525,final,do,-7.196189880371094
526,final,do,-7.794909477233887
527,final,do,-5.695114612579346
528,final,do,-7.006599426269531
529,final,do,-7.006599426269531
530,final,do,-6.666012763977051
531,final,do,-7.966555595397949
532,final,do,-6.61867618560791
533,final,do,-7.919233798980713
534,final,do,-6.962296962738037
535,final,do,-6.3050384521484375
536,final,pp,-6.242094039916992
537,final,pp,-6.095024585723877
538,final,pp,-5.0395894050598145
539,final,pp,-4.581413745880127
540,final,pp,-6.336381435394287
541,final,pp,-4.79833984375
542,final,pp,-5.03145170211792
543,final,pp,-6.111722469329834
544,final,pp,-5.731746196746826
545,final,pp,-5.059124946594238
546,final,pp,-5.050944805145264
547,final,pp,-5.707713603973389
548,final,pp,-5.966111660003662
549,final,pp,-5.72961950302124
550,final,pp,-6.4005584716796875
551,final,pp,-5.998277187347412
552,final,pp,-4.936852931976318
553,final,pp,-5.980206489562988
554,final,pp,-4.549836158752441
555,final,pp,-6.632254123687744
556,final,do,-6.556656360626221
557,final,do,-6.359633445739746
558,final,do,-6.790079593658447
559,final,do,-6.4215087890625
560,final,do,-7.670144557952881
561,final,do,-6.719635486602783
562,final,do,-6.2311530113220215
563,final,do,-6.8650665283203125
564,final,do,-6.359633445739746
565,final,do,-7.108299255371094
566,final,do,-5.533918857574463
567,final,do,-5.15956974029541
568,final,do,-6.231486797332764
569,final,do,-6.651500225067139
570,final,do,-5.829948425292969
571,final,do,-6.993298530578613
572,final,do,-6.5076422691345215
573,final,do,-7.080084323883057
574,final,do,-7.080084323883057
575,final,do,-7.329190254211426
576,final,do,-6.6727375984191895
577,final,do,-6.534180641174316
578,final,do,-6.5076422691345215
579,final,do,-6.13232421875
580,final,do,-5.216281414031982
581,final,do,-6.231486797332764
582,final,do,-7.360279083251953
583,final,do,-5.972485065460205
584,final,do,-5.494039535522461
585,final,do,-7.301092624664307
586,final,do,-5.889787197113037
587,final,do,-6.123908996582031
588,final,do,-5.972485065460205
589,final,do,-5.459968090057373
590,final,do,-7.010298252105713
591,final,do,-6.451914310455322
592,final,do,-6.946412563323975
593,final,do,-6.451914310455322
594,final,do,-7.261778354644775
595,final,do,-6.790079593658447
596,final,do,-7.302443504333496
597,final,do,-6.231486797332764
598,final,do,-7.108299255371094
599,final,pp,-5.669886112213135
600,final,pp,-5.7325119972229
601,final,pp,-6.347907543182373
602,final,pp,-5.580543518066406
603,final,pp,-6.391455173492432
604,final,pp,-5.979416370391846
605,final,pp,-5.758033752441406
606,final,pp,-4.9739089012146
607,final,pp,-5.7325119972229
608,final,pp,-6.371013641357422
609,final,pp,-4.860335350036621
610,final,pp,-4.524857997894287
611,final,pp,-5.339887619018555
612,final,pp,-6.0735650062561035
613,final,pp,-5.479099273681641
614,final,pp,-4.685451984405518
615,final,pp,-5.624870300292969
616,final,pp,-5.092611789703369
617,final,pp,-5.092611789703369
618,final,pp,-6.129842758178711
619,final,do,-7.1738200187683105
620,final,do,-5.461143970489502
621,final,do,-6.53588342666626
622,final,do,-7.151045799255371
623,final,do,-7.032148838043213
624,final,do,-6.197317600250244
625,final,do,-7.279767036437988
626,final,do,-6.682079315185547
627,final,do,-7.098036766052246
628,final,do,-7.622818470001221
629,final,do,-6.26539945602417
630,final,do,-5.138777732849121
631,final,do,-6.213122367858887
632,final,do,-5.609374046325684
633,final,do,-5.849864482879639
634,final,do,-6.98258113861084
635,final,do,-5.4868292808532715
636,final,do,-7.224578380584717
637,final,do,-6.213122367858887
638,final,do,-7.433834075927734
639,final,do,-6.4070563316345215
640,final,do,-6.627270221710205
641,final,do,-6.383918762207031
642,final,do,-7.1847968101501465
643,final,do,-6.866428375244141
644,final,do,-4.971510410308838
645,final,do,-7.481490612030029
646,final,do,-5.900100231170654
647,final,do,-7.156233787536621
648,final,do,-7.292610168457031
649,final,do,-7.1886396408081055
650,final,do,-7.440747261047363
651,final,do,-7.3889899253845215
652,final,do,-7.24710750579834
653,final,do,-6.8373212814331055
654,final,do,-6.45085334777832
655,final,do,-6.74696159362793
656,final,do,-6.79892635345459
657,final,do,-6.9420552253723145
658,final,do,-6.213122844696045
659,final,do,-7.25900411605835
660,final,do,-7.426100254058838
661,final,do,-5.714630126953125
662,final,pp,-6.088287830352783
663,final,pp,-4.764776706695557
664,final,pp,-5.486912727355957
665,final,pp,-6.1901021003723145
666,final,pp,-5.9408769607543945
667,final,pp,-5.468329906463623
668,final,pp,-6.065163612365723
669,final,pp,-6.080292224884033
670,final,pp,-6.71701192855835
671,final,pp,-6.998951435089111
672,final,pp,-5.36405611038208
673,final,pp,-4.729679584503174
674,final,pp,-5.782957553863525
675,final,pp,-5.110804557800293
676,final,pp,-4.694454193115234
677,final,pp,-6.528442859649658
678,final,pp,-5.018928050994873
679,final,pp,-6.125955104827881
680,final,pp,-5.782957553863525
681,final,pp,-6.194754600524902
682,final,do,-6.4085493087768555
683,final,do,-8.075970649719238
684,final,do,-5.220194339752197
685,final,do,-6.251697063446045
686,final,do,-6.440443515777588
687,final,do,-6.306903839111328
688,final,do,-7.3743181228637695
689,final,do,-7.209534645080566
690,final,do,-6.656913757324219
691,final,do,-7.283937931060791
692,final,do,-6.434882640838623
693,final,do,-7.318812370300293
694,final,do,-6.445784568786621
695,final,do,-6.571071624755859
696,final,do,-6.450752258300781
697,final,do,-5.827277660369873
698,final,do,-5.978471755981445
699,final,do,-6.090907573699951
700,final,do,-6.661136627197266
701,final,do,-6.0479044914245605
702,final,do,-6.714807510375977
703,final,do,-6.305078029632568
704,final,do,-7.043333530426025
705,final,do,-6.180971145629883
706,final,do,-6.055361270904541
707,final,do,-7.887701511383057
708,final,do,-7.049837589263916
709,final,do,-6.541435241699219
710,final,do,-7.579385280609131
711,final,do,-7.081614017486572
712,final,do,-7.1624298095703125
713,final,do,-7.868480682373047
714,final,do,-7.213608741760254
715,final,do,-7.575990200042725
716,final,do,-7.6168012619018555
717,final,do,-7.475892543792725
718,final,do,-7.364915370941162
719,final,do,-6.784976005554199
720,final,do,-5.5373663902282715
721,final,do,-5.866095542907715
722,final,do,-6.786251544952393
723,final,do,-5.811381816864014
724,final,do,-6.000794887542725
725,final,pp,-6.207261562347412
726,final,pp,-5.959503173828125
727,final,pp,-4.557945728302002
728,final,pp,-5.25996208190918
729,final,pp,-5.672953128814697
730,final,pp,-5.873913764953613
731,final,pp,-6.687761306762695
732,final,pp,-6.330310344696045
733,final,pp,-6.2080607414245605
734,final,pp,-6.288987159729004
735,final,pp,-5.781801223754883
736,final,pp,-7.589822769165039
737,final,pp,-6.170200347900391
738,final,pp,-6.443236351013184
739,final,pp,-6.584314823150635
740,final,pp,-5.649670600891113
741,final,pp,-5.566540241241455
742,final,pp,-5.438853740692139
743,final,pp,-5.679052829742432
744,final,pp,-5.567997932434082
745,final,pp,-5.88846492767334
746,final,pp,-5.704611778259277
747,final,pp,-6.37703800201416
748,final,pp,-5.43863582611084
749,final,pp,-7.117239952087402
750,final,pp,-6.572519779205322
751,final,pp,-6.401235580444336
752,final,pp,-5.328163146972656
753,final,pp,-6.582343578338623
754,final,pp,-6.4688215255737305
755,final,pp,-4.60299825668335
756,final,pp,-4.8422369956970215
757,final,pp,-6.213608264923096
758,final,pp,-5.131790637969971
759,final,pp,-5.854452133178711
760,final,pp,-6.314146518707275
761,final,pp,-6.852931976318359
762,final,pp,-6.315249443054199
763,final,pp,-6.300475597381592
764,final,pp,-5.76080846786499
765,final,pp,-4.843843936920166
766,final,pp,-5.681378364562988
767,final,pp,-5.998898029327393
768,final,pp,-5.393896102905273
769,final,pp,-5.364086627960205
770,final,pp,-6.004628658294678
771,final,pp,-5.636866569519043
772,final,pp,-5.682005882263184
773,final,pp,-5.4623517990112305
774,final,pp,-4.778249740600586
775,final,pp,-4.984794616699219
776,final,pp,-4.789187431335449
777,final,pp,-4.504727363586426
778,final,pp,-5.631205081939697
779,final,pp,-5.41286563873291
780,final,pp,-5.547501564025879
781,final,pp,-5.56465482711792
782,final,pp,-4.882067680358887
783,final,pp,-6.424834728240967
784,final,pp,-5.785446643829346
785,final,do,-5.951076507568359
786,final,do,-4.916350841522217
787,final,do,-4.998806476593018
788,final,do,-4.745471954345703
789,final,do,-5.678078651428223
790,final,do,-4.791416168212891
791,final,do,-5.747109889984131
792,final,do,-5.253474235534668
793,final,do,-6.731400489807129
794,final,do,-6.190311431884766
795,final,do,-4.8755927085876465
796,final,do,-4.316267013549805
797,final,do,-4.895077705383301
798,final,do,-6.651439189910889
799,final,do,-4.140442371368408
800,final,do,-4.965204238891602
801,final,do,-6.174954891204834
802,final,do,-5.01641321182251
803,final,do,-6.94497537612915
804,final,do,-6.550307273864746
805,final,do,-6.945647716522217
806,final,do,-4.574214935302734
807,final,do,-5.994505405426025
808,final,do,-7.239274501800537
809,final,do,-4.762486934661865
810,final,do,-5.067446708679199
811,final,do,-6.670694351196289
812,final,do,-5.109022617340088
813,final,do,-5.218935012817383
814,final,do,-5.112104415893555
815,final,do,-4.722456455230713
816,final,do,-5.0417704582214355
817,final,do,-4.996722221374512
818,final,do,-4.631568431854248
819,final,do,-6.343078136444092
820,final,do,-4.965204238891602
821,final,do,-6.426551342010498
822,final,do,-5.261415481567383
823,final,do,-5.166244029998779
824,final,do,-5.972287178039551
825,final,do,-5.990777015686035
826,final,do,-5.501492977142334
827,final,do,-6.525199890136719
828,final,pp,-6.035424709320068
829,final,pp,-5.3423566818237305
830,final,pp,-5.382933139801025
831,final,pp,-5.134710788726807
832,final,pp,-5.9500532150268555
833,final,pp,-5.26158332824707
834,final,pp,-6.098745346069336
835,final,pp,-5.383828639984131
836,final,pp,-7.019975185394287
837,final,pp,-6.495666027069092
838,final,pp,-5.335803985595703
839,final,pp,-4.650196075439453
840,final,pp,-5.06135892868042
841,final,pp,-6.192471981048584
842,final,pp,-4.545462608337402
843,final,pp,-4.845691204071045
844,final,pp,-5.516122817993164
845,final,pp,-5.441808223724365
846,final,pp,-6.202788352966309
847,final,pp,-6.2777628898620605
848,final,do,-5.344420909881592
849,final,do,-5.40058708190918
850,final,do,-5.587113857269287
851,final,do,-7.1336870193481445
852,final,do,-4.531103610992432
853,final,do,-6.233956336975098
854,final,do,-6.709009647369385
855,final,do,-5.533201694488525
856,final,do,-5.00740909576416
857,final,do,-5.34412145614624
858,final,do,-6.345401287078857
859,final,do,-5.471775531768799
860,final,do,-5.491538047790527
861,final,do,-4.5102386474609375
862,final,do,-4.632238864898682
863,final,do,-4.626577854156494
864,final,do,-4.905755043029785
865,final,do,-7.315718173980713
866,final,do,-4.520769119262695
867,final,do,-4.997079849243164
868,final,do,-6.19282865524292
869,final,do,-4.646866798400879
870,final,do,-6.803670406341553
871,final,do,-4.324799060821533
872,final,do,-4.521707534790039
873,final,do,-5.3800368309021
874,final,do,-5.007408142089844
875,final,do,-4.870906352996826
876,final,do,-4.852839946746826
877,final,do,-5.906098365783691
878,final,do,-5.438999176025391
879,final,do,-4.438729286193848
880,final,do,-7.031632423400879
881,final,do,-6.169356822967529
882,final,do,-5.144075393676758
883,final,do,-6.274375915527344
884,final,do,-5.34442138671875
885,final,do,-5.135275840759277
886,final,do,-5.200146198272705
887,final,do,-6.404727458953857
888,final,do,-6.504054546356201
889,final,do,-6.716296672821045
890,final,do,-4.581787109375
891,final,pp,-5.3228230476379395
892,final,pp,-5.2660064697265625
893,final,pp,-5.530466556549072
894,final,pp,-6.292672157287598
895,final,pp,-4.735052108764648
896,final,pp,-5.511968612670898
897,final,pp,-6.085575103759766
898,final,pp,-5.665987491607666
899,final,pp,-5.050553798675537
900,final,pp,-5.182416915893555
901,final,pp,-6.239526271820068
902,final,pp,-5.750278472900391
903,final,pp,-5.642828941345215
904,final,pp,-4.379471302032471
905,final,pp,-4.928677558898926
906,final,pp,-4.862423896789551
907,final,pp,-5.187894821166992
908,final,pp,-6.375988006591797
909,final,pp,-4.631109714508057
910,final,pp,-5.142449378967285
911,final,do,-5.827548980712891
912,final,do,-5.954478740692139
913,final,do,-5.640796184539795
914,final,do,-5.922697067260742
915,final,do,-5.484185218811035
916,final,do,-5.396649360656738
917,final,do,-5.998782157897949
918,final,do,-7.257252216339111
919,final,do,-5.62755012512207
920,final,do,-6.429973125457764
921,final,do,-5.6272196769714355
922,final,do,-5.662685394287109
923,final,do,-6.802984237670898
924,final,do,-5.4140753746032715
925,final,do,-5.358168125152588
926,final,do,-5.925882816314697
927,final,do,-6.825214862823486
928,final,do,-6.003303050994873
929,final,do,-5.771492004394531
930,final,do,-5.087563514709473
931,final,do,-5.842390060424805
932,final,do,-5.1951446533203125
933,final,do,-6.082029819488525
934,final,do,-4.989680290222168
935,final,do,-5.554816722869873
936,final,do,-6.114729881286621
937,final,do,-4.5535736083984375
938,final,do,-5.463088512420654
939,final,do,-7.32511043548584
940,final,do,-5.197216510772705
941,final,do,-5.799871921539307
942,final,do,-6.611902236938477
943,final,do,-5.274168968200684
944,final,do,-5.415260314941406
945,final,do,-5.226906776428223
946,final,do,-7.544214725494385
947,final,do,-5.459019184112549
948,final,do,-5.610228061676025
949,final,do,-6.429972171783447
950,final,do,-5.444220542907715
951,final,do,-7.181870460510254
952,final,do,-5.326799392700195
953,final,do,-6.233193397521973
954,final,pp,-5.816564083099365
955,final,pp,-5.994380950927734
956,final,pp,-5.666703701019287
957,final,pp,-6.070004463195801
958,final,pp,-5.578721046447754
959,final,pp,-5.823003768920898
960,final,pp,-6.285619735717773
961,final,pp,-6.406346797943115
962,final,pp,-5.947260856628418
963,final,pp,-6.577964782714844
964,final,pp,-5.781075954437256
965,final,pp,-5.365920543670654
966,final,pp,-6.332343101501465
967,final,pp,-5.54857063293457
968,final,pp,-5.861091136932373
969,final,pp,-5.387270450592041
970,final,pp,-5.961737155914307
971,final,pp,-6.537107467651367
972,final,pp,-6.067653179168701
973,final,pp,-5.224090576171875
974,final,do,-6.264187812805176
975,final,do,-6.221657752990723
976,final,do,-7.51906681060791
977,final,do,-6.319493293762207
978,final,do,-5.132099151611328
979,final,do,-4.683582305908203
980,final,do,-6.518218994140625
981,final,do,-4.759579658508301
982,final,do,-6.616498947143555
983,final,do,-5.390083312988281
984,final,do,-6.115259170532227
985,final,do,-6.174583435058594
986,final,do,-6.411772727966309
987,final,do,-5.424936294555664
988,final,do,-7.415471076965332
989,final,do,-7.2672319412231445
990,final,do,-7.397304058074951
991,final,do,-5.652026653289795
992,final,do,-5.47554349899292
993,final,do,-5.609190940856934
994,final,do,-5.0165696144104
995,final,do,-6.792013645172119
996,final,do,-6.165518760681152
997,final,do,-6.16986083984375
998,final,do,-6.122139930725098
999,final,do,-5.926178932189941
1000,final,do,-5.469751358032227
1001,final,do,-5.075738430023193
1002,final,do,-5.131994247436523
1003,final,do,-5.609190940856934
1004,final,do,-6.038126468658447
1005,final,do,-5.425843238830566
1006,final,do,-6.0879082679748535
1007,final,do,-5.770960807800293
1008,final,do,-4.949012279510498
1009,final,do,-4.478752613067627
1010,final,do,-5.432401180267334
1011,final,do,-7.034201145172119
1012,final,do,-6.247469425201416
1013,final,do,-6.648941516876221
1014,final,do,-6.247469425201416
1015,final,do,-4.761122226715088
1016,final,do,-4.339032173156738
1017,final,pp,-5.8483476638793945
1018,final,pp,-5.921933174133301
1019,final,pp,-7.777742385864258
1020,final,pp,-6.177841663360596
1021,final,pp,-5.471723556518555
1022,final,pp,-5.541156768798828
1023,final,pp,-5.728085041046143
1024,final,pp,-5.006551742553711
1025,final,pp,-6.044702529907227
1026,final,pp,-5.341653347015381
1027,final,pp,-6.645524501800537
1028,final,pp,-6.498960494995117
1029,final,pp,-6.59984827041626
1030,final,pp,-5.492673873901367
1031,final,pp,-7.163416385650635
1032,final,pp,-6.406497001647949
1033,final,pp,-7.126919269561768
1034,final,pp,-5.808124542236328
1035,final,pp,-5.535300254821777
1036,final,pp,-5.739548206329346
1037,final,pp,-5.758556365966797
1038,final,pp,-4.954316139221191
1039,final,pp,-6.2430572509765625
1040,final,pp,-5.664107799530029
1041,final,pp,-4.663121223449707
1042,final,pp,-6.244141101837158
1043,final,pp,-6.933558464050293
1044,final,pp,-4.342247486114502
1045,final,pp,-6.532964706420898
1046,final,pp,-5.33810567855835
1047,final,pp,-6.877362251281738
1048,final,pp,-4.956765651702881
1049,final,pp,-5.451159954071045
1050,final,pp,-4.7497968673706055
1051,final,pp,-4.789811134338379
1052,final,pp,-5.561582088470459
1053,final,pp,-6.134944438934326
1054,final,pp,-5.719296932220459
1055,final,pp,-4.771745681762695
1056,final,pp,-4.966439247131348
1057,final,pp,-5.233429908752441
1058,final,pp,-5.04179573059082
1059,final,pp,-5.870222568511963
1060,final,pp,-4.820814609527588
1061,final,pp,-5.4930620193481445
1062,final,pp,-5.349020004272461
1063,final,pp,-4.423584461212158
1064,final,pp,-5.490497589111328
1065,final,pp,-5.973406791687012
1066,final,pp,-5.431821346282959
1067,final,pp,-5.8136887550354
1068,final,pp,-4.7732696533203125
1069,final,pp,-5.356587886810303
1070,final,pp,-5.246373176574707
1071,final,pp,-5.045712471008301
1072,final,pp,-5.058932781219482
1073,final,pp,-4.899245262145996
1074,final,pp,-5.289463043212891
1075,final,pp,-4.92348575592041
1076,final,pp,-6.736446380615234
1077,final,do,-6.7774882316589355
1078,final,do,-6.4454193115234375
1079,final,do,-6.4552388191223145
1080,final,do,-5.74643087387085
1081,final,do,-5.258530139923096
1082,final,do,-5.450538635253906
1083,final,do,-6.120164394378662
1084,final,do,-6.345577239990234
1085,final,do,-5.537992477416992
1086,final,do,-5.806896686553955
1087,final,do,-6.311215877532959
1088,final,do,-4.909231185913086
1089,final,do,-6.079166889190674
1090,final,do,-6.573920726776123
1091,final,do,-6.053732395172119
1092,final,do,-5.014113426208496
1093,final,do,-6.109184265136719
1094,final,do,-5.961561679840088
1095,final,do,-5.87731409072876
1096,final,do,-5.822185516357422
1097,final,do,-5.8606438636779785
1098,final,do,-5.953866958618164
1099,final,do,-6.430498123168945
1100,final,do,-6.467134952545166
1101,final,do,-5.896965026855469
1102,final,do,-5.65392541885376
1103,final,do,-5.777402400970459
1104,final,do,-4.864823341369629
1105,final,do,-5.697505950927734
1106,final,do,-5.308475971221924
1107,final,do,-5.953866958618164
1108,final,do,-6.789584636688232
1109,final,do,-5.432806491851807
1110,final,do,-6.491166591644287
1111,final,do,-6.1395182609558105
1112,final,do,-5.720923900604248
1113,final,do,-6.061577320098877
1114,final,do,-5.557811260223389
1115,final,do,-5.890945911407471
1116,final,do,-6.348747730255127
1117,final,do,-5.996531009674072
1118,final,do,-6.623831272125244
1119,final,do,-5.177573204040527
1120,final,pp,-5.404163837432861
1121,final,pp,-5.801323890686035
1122,final,pp,-5.396753787994385
1123,final,pp,-4.997677326202393
1124,final,pp,-4.088221073150635
1125,final,pp,-4.75234842300415
1126,final,pp,-5.020836353302002
1127,final,pp,-5.103947639465332
1128,final,pp,-4.869924068450928
1129,final,pp,-4.994621753692627
1130,final,pp,-5.332269191741943
1131,final,pp,-4.419295310974121
1132,final,pp,-5.306379795074463
1133,final,pp,-6.306434631347656
1134,final,pp,-5.3254804611206055
1135,final,pp,-4.512597560882568
1136,final,pp,-4.989748477935791
1137,final,pp,-5.5459818840026855
1138,final,pp,-5.11706018447876
1139,final,pp,-4.977074146270752
1140,final,do,-5.947004795074463
1141,final,do,-5.495554447174072
1142,final,do,-5.603160858154297
1143,final,do,-5.773159503936768
1144,final,do,-5.590311050415039
1145,final,do,-5.448085784912109
1146,final,do,-5.947004795074463
1147,final,do,-7.100584506988525
1148,final,do,-6.075830936431885
1149,final,do,-5.934234619140625
1150,final,do,-5.864181995391846
1151,final,do,-7.364482402801514
1152,final,do,-5.895510196685791
1153,final,do,-6.005610942840576
1154,final,do,-6.096394062042236
1155,final,do,-4.796926498413086
1156,final,do,-6.35471773147583
1157,final,do,-5.877607345581055
1158,final,do,-6.026307582855225
1159,final,do,-5.880249500274658
1160,final,do,-6.69891357421875
1161,final,do,-4.847103118896484
1162,final,do,-6.144024848937988
1163,final,do,-5.920799732208252
1164,final,do,-5.495554447174072
1165,final,do,-5.61215353012085
1166,final,do,-6.485903263092041
1167,final,do,-6.080592155456543
1168,final,do,-5.988361358642578
1169,final,do,-6.242300987243652
1170,final,do,-5.16783332824707
1171,final,do,-5.447469234466553
1172,final,do,-6.35471773147583
1173,final,do,-6.112903118133545
1174,final,do,-5.396221160888672
1175,final,do,-5.396221160888672
1176,final,do,-6.151670932769775
1177,final,do,-6.468392848968506
1178,final,do,-5.189194202423096
1179,final,do,-4.796926498413086
1180,final,do,-6.144024848937988
1181,final,do,-6.3343987464904785
1182,final,do,-6.080592155456543
1183,final,pp,-5.017193794250488
1184,final,pp,-4.7346673011779785
1185,final,pp,-4.7117462158203125
1186,final,pp,-4.709197044372559
1187,final,pp,-4.7343220710754395
1188,final,pp,-4.29460334777832
1189,final,pp,-5.0171942710876465
1190,final,pp,-6.218259334564209
1191,final,pp,-4.63662052154541
1192,final,pp,-4.791581153869629
1193,final,pp,-5.075626850128174
1194,final,pp,-6.471386432647705
1195,final,pp,-4.820668697357178
1196,final,pp,-5.017408847808838
1197,final,pp,-4.807494163513184
1198,final,pp,-3.920713424682617
1199,final,pp,-5.507968902587891
1200,final,pp,-5.066391944885254
1201,final,pp,-5.294693946838379
1202,final,pp,-4.642782688140869
1203,final,do,-6.729588508605957
1204,final,do,-5.736248016357422
1205,final,do,-6.759794235229492
1206,final,do,-6.7009124755859375
1207,final,do,-6.324314117431641
1208,final,do,-6.2303338050842285
1209,final,do,-6.32381534576416
1210,final,do,-6.2550153732299805
1211,final,do,-5.589625358581543
1212,final,do,-6.3790788650512695
1213,final,do,-5.9347124099731445
1214,final,do,-5.948659420013428
1215,final,do,-5.503236770629883
1216,final,do,-5.713443279266357
1217,final,do,-6.599331378936768
1218,final,do,-5.388027191162109
1219,final,do,-6.228322982788086
1220,final,do,-6.428278923034668
1221,final,do,-6.432408809661865
1222,final,do,-5.823916435241699
1223,final,do,-6.768622398376465
1224,final,do,-7.06743860244751
1225,final,do,-7.154735088348389
1226,final,do,-6.169310569763184
1227,final,do,-6.993863582611084
1228,final,do,-6.769908428192139
1229,final,do,-6.166585922241211
1230,final,do,-6.458226203918457
1231,final,do,-6.262800216674805
1232,final,do,-5.92120361328125
1233,final,do,-6.176805019378662
1234,final,do,-6.110958576202393
1235,final,do,-6.202718257904053
1236,final,do,-5.449355125427246
1237,final,do,-6.20936918258667
1238,final,do,-6.540966510772705
1239,final,do,-5.164492130279541
1240,final,do,-6.29074764251709
1241,final,do,-6.579467296600342
1242,final,do,-5.44556188583374
1243,final,do,-5.2070231437683105
1244,final,do,-7.296095371246338
1245,final,do,-6.304687023162842
1246,final,pp,-5.882406234741211
1247,final,pp,-4.510194778442383
1248,final,pp,-6.007404327392578
1249,final,pp,-5.338489055633545
1250,final,pp,-5.635020732879639
1251,final,pp,-5.2473835945129395
1252,final,pp,-5.521245002746582
1253,final,pp,-5.176602363586426
1254,final,pp,-4.430708885192871
1255,final,pp,-5.763800621032715
1256,final,pp,-5.254857063293457
1257,final,pp,-5.001242160797119
1258,final,pp,-4.775954246520996
1259,final,pp,-4.911443710327148
1260,final,pp,-5.2138671875
1261,final,pp,-4.367864608764648
1262,final,pp,-5.191434860229492
1263,final,pp,-5.224702835083008
1264,final,pp,-5.740788459777832
1265,final,pp,-5.0900492668151855
1266,final,do,-5.702359199523926
1267,final,do,-5.658353328704834
1268,final,do,-6.531373977661133
1269,final,do,-5.339714050292969
1270,final,do,-5.46671724319458
1271,final,do,-6.816186904907227
1272,final,do,-6.989095211029053
1273,final,do,-7.762744426727295
1274,final,do,-5.582123756408691
1275,final,do,-6.745210647583008
1276,final,do,-6.692527770996094
1277,final,do,-5.551109790802002
1278,final,do,-6.432980060577393
1279,final,do,-5.954399108886719
1280,final,do,-6.502963542938232
1281,final,do,-6.7742180824279785
1282,final,do,-5.838114261627197
1283,final,do,-6.766398906707764
1284,final,do,-6.148886203765869
1285,final,do,-6.333023548126221
1286,final,do,-5.645328044891357
1287,final,do,-6.177972316741943
1288,final,do,-6.841857433319092
1289,final,do,-7.187462329864502
1290,final,do,-5.565998554229736
1291,final,do,-6.226387023925781
1292,final,do,-5.479045391082764
1293,final,do,-7.445919036865234
1294,final,do,-6.457778453826904
1295,final,do,-5.990652561187744
1296,final,do,-5.849210739135742
1297,final,do,-6.5390238761901855
1298,final,do,-6.290646076202393
1299,final,do,-5.384374618530273
1300,final,do,-6.641218662261963
1301,final,do,-7.177928447723389
1302,final,do,-7.085601806640625
1303,final,do,-6.426505088806152
1304,final,do,-5.549129009246826
1305,final,do,-6.772812366485596
1306,final,do,-6.670766830444336
1307,final,do,-6.390634536743164
1308,final,do,-7.557586669921875
1309,final,pp,-4.758119106292725
1310,final,pp,-4.68681001663208
1311,final,pp,-4.790837287902832
1312,final,pp,-4.0917863845825195
1313,final,pp,-4.675620079040527
1314,final,pp,-5.609642028808594
1315,final,pp,-6.618032932281494
1316,final,pp,-6.939032554626465
1317,final,pp,-4.56292200088501
1318,final,pp,-6.042627811431885
1319,final,pp,-5.414237022399902
1320,final,pp,-4.664566993713379
1321,final,pp,-5.624294281005859
1322,final,pp,-5.406264781951904
1323,final,pp,-5.192394733428955
1324,final,pp,-5.930592060089111
1325,final,pp,-5.058722019195557
1326,final,pp,-5.716750144958496
1327,final,pp,-5.0900983810424805
1328,final,pp,-5.432452201843262
1329,final,pp,-4.815639495849609
1330,final,pp,-4.232810974121094
1331,final,pp,-5.632569313049316
1332,final,pp,-6.100991249084473
1333,final,pp,-6.131013870239258
1334,final,pp,-5.0021562576293945
1335,final,pp,-4.565995216369629
1336,final,pp,-4.887334823608398
1337,final,pp,-4.986825466156006
1338,final,pp,-5.798341274261475
1339,final,pp,-4.616034507751465
1340,final,pp,-5.635036945343018
1341,final,pp,-5.176945209503174
1342,final,pp,-6.312139987945557
1343,final,pp,-6.080765724182129
1344,final,pp,-4.564811706542969
1345,final,pp,-6.30933952331543
1346,final,pp,-3.8671376705169678
1347,final,pp,-5.671262741088867
1348,final,pp,-5.616574287414551
1349,final,pp,-4.616127014160156
1350,final,pp,-4.7056403160095215
1351,final,pp,-5.274538516998291
1352,final,pp,-4.679477691650391
1353,final,pp,-4.658499717712402
1354,final,pp,-3.382701873779297
1355,final,pp,-3.8325817584991455
1356,final,pp,-5.063706398010254
1357,final,pp,-5.136144638061523
1358,final,pp,-5.229730606079102
1359,final,pp,-4.578974723815918
1360,final,pp,-4.768913269042969
1361,final,pp,-4.771575927734375
1362,final,pp,-4.850032806396484
1363,final,pp,-4.73406982421875
1364,final,pp,-4.3986053466796875
1365,final,pp,-5.916869640350342
1366,final,pp,-4.272234916687012
1367,final,pp,-4.336949825286865
1368,final,pp,-4.394575595855713
1,best,pp,-5.563382625579834
2,best,pp,-5.594132900238037
3,best,pp,-5.163527965545654
4,best,pp,-5.725226879119873
5,best,pp,-5.5030059814453125
6,best,pp,-5.145471096038818
7,best,pp,-5.500951766967773
8,best,pp,-5.294095516204834
9,best,pp,-4.671566486358643
10,best,pp,-5.468836307525635
11,best,pp,-5.304413318634033
12,best,pp,-4.864617347717285
13,best,pp,-5.332264423370361
14,best,pp,-5.102488994598389
15,best,pp,-5.674366474151611
16,best,pp,-5.294095516204834
17,best,pp,-5.239975452423096
18,best,pp,-4.6985273361206055
19,best,pp,-5.429598331451416
20,best,pp,-4.594319820404053
21,best,pp,-5.124387264251709
22,best,pp,-5.287204742431641
23,best,pp,-5.2414021492004395
24,best,pp,-5.607043743133545
25,best,pp,-5.697471618652344
26,best,pp,-5.984507083892822
27,best,pp,-5.648718357086182
28,best,pp,-5.436481475830078
29,best,pp,-5.563748836517334
30,best,pp,-5.388097763061523
31,best,pp,-5.742824077606201
32,best,pp,-5.607043743133545
33,best,pp,-5.951633930206299
34,best,pp,-5.7132744789123535
35,best,pp,-4.970940113067627
36,best,pp,-5.023437976837158
37,best,pp,-5.563748836517334
38,best,pp,-4.532941818237305
39,best,pp,-5.5508856773376465
40,best,pp,-5.482912063598633
41,best,pp,-5.419065952301025
42,best,pp,-5.220306873321533
43,best,pp,-4.7472429275512695
44,best,pp,-5.6699066162109375
45,best,pp,-5.466578006744385
46,best,pp,-5.338385581970215
47,best,pp,-6.184048175811768
48,best,pp,-5.341634750366211
49,best,pp,-5.055994987487793
50,best,pp,-5.396937370300293
51,best,pp,-5.876523971557617
52,best,pp,-5.214198112487793
53,best,pp,-5.591917991638184
54,best,pp,-5.8882036209106445
55,best,pp,-5.335014343261719
56,best,pp,-4.549226760864258
57,best,pp,-5.184578895568848
58,best,pp,-5.960480213165283
59,best,pp,-5.212909698486328
60,best,pp,-5.633478164672852
61,best,pp,-5.422056674957275
62,best,pp,-5.235171318054199
63,best,pp,-5.957658290863037
64,best,pp,-5.60613489151001
65,best,pp,-6.115078926086426
66,best,pp,-6.050233840942383
67,best,pp,-5.2281389236450195
68,best,pp,-6.175173282623291
69,best,pp,-6.049906253814697
70,best,pp,-6.048763275146484
71,best,pp,-4.747785568237305
72,best,pp,-5.826992034912109
73,best,pp,-5.714956760406494
74,best,pp,-6.855990886688232
75,best,pp,-5.666429042816162
76,best,pp,-5.294633388519287
77,best,pp,-5.32067346572876
78,best,pp,-4.890937328338623
79,best,pp,-4.870439052581787
80,best,pp,-6.022302150726318
81,best,pp,-5.791469573974609
82,best,pp,-5.235948085784912
83,best,pp,-5.611937522888184
84,best,pp,-4.718871593475342
85,best,pp,-5.235948085784912
86,best,pp,-4.768641471862793
87,best,pp,-5.74481201171875
88,best,pp,-4.598570823669434
89,best,pp,-5.0466461181640625
90,best,pp,-4.728102684020996
91,best,pp,-4.443909645080566
92,best,pp,-6.793524742126465
93,best,pp,-4.887993812561035
94,best,pp,-4.935176372528076
95,best,pp,-4.635618686676025
96,best,pp,-5.114752292633057
97,best,pp,-6.236851215362549
98,best,pp,-6.542695045471191
99,best,pp,-5.516045093536377
100,best,pp,-6.257635116577148
101,best,pp,-5.039468765258789
102,best,pp,-4.977141380310059
103,best,pp,-4.645609378814697
104,best,pp,-4.961719989776611
105,best,pp,-5.08044958114624
106,best,pp,-4.710063457489014
107,best,pp,-4.409866809844971
108,best,pp,-5.387326717376709
109,best,pp,-5.162848949432373
110,best,pp,-5.252396106719971
111,best,pp,-5.271786689758301
112,best,pp,-4.892246246337891
113,best,pp,-5.1084065437316895
114,best,pp,-4.988554000854492
115,best,pp,-5.085681915283203
116,best,pp,-3.9935224056243896
117,best,pp,-5.408914089202881
118,best,pp,-5.427806854248047
119,best,pp,-4.9120683670043945
120,best,pp,-5.00729513168335
121,best,pp,-5.616584777832031
122,best,pp,-5.173770427703857
123,best,pp,-5.149942398071289
124,best,pp,-5.367306232452393
125,best,pp,-4.480523109436035
126,best,pp,-5.689247131347656
127,best,pp,-4.569974422454834
128,best,pp,-5.53407621383667
129,best,pp,-5.121800899505615
130,best,pp,-4.42427396774292
131,best,pp,-5.121800899505615
132,best,pp,-5.173770427703857
133,best,pp,-5.557104587554932
134,best,pp,-5.020599842071533
135,best,pp,-5.173770427703857
136,best,pp,-5.6892476081848145
137,best,pp,-4.986629962921143
138,best,pp,-4.901983737945557
139,best,pp,-5.49109411239624
140,best,pp,-5.099243640899658
141,best,pp,-5.4023590087890625
142,best,pp,-5.108353137969971
143,best,pp,-5.166399002075195
144,best,pp,-5.798639297485352
145,best,pp,-4.537173271179199
146,best,pp,-4.8293776512146
147,best,pp,-5.522656440734863
148,best,pp,-5.627510070800781
149,best,pp,-5.438302516937256
150,best,pp,-5.02268123626709
151,best,pp,-6.184000015258789
152,best,pp,-5.238900661468506
153,best,pp,-5.124715805053711
154,best,pp,-5.463959217071533
155,best,pp,-4.822275161743164
156,best,pp,-5.537491798400879
157,best,pp,-4.83534049987793
158,best,pp,-4.896520614624023
159,best,pp,-5.290190696716309
160,best,pp,-5.889977931976318
161,best,pp,-6.394563674926758
162,best,pp,-5.363796710968018
163,best,pp,-5.618824005126953
164,best,pp,-4.65757942199707
165,best,pp,-5.096364498138428
166,best,pp,-4.481396675109863
167,best,pp,-5.67514181137085
168,best,pp,-6.099886417388916
169,best,pp,-5.397843837738037
170,best,pp,-5.507162094116211
171,best,pp,-5.618824005126953
172,best,pp,-4.467240810394287
173,best,pp,-5.173045635223389
174,best,pp,-5.8175740242004395
175,best,pp,-4.797387599945068
176,best,pp,-5.096364498138428
177,best,pp,-5.779407501220703
178,best,pp,-6.204351425170898
179,best,pp,-4.245494842529297
180,best,pp,-6.375993251800537
181,best,pp,-5.305657863616943
182,best,pp,-5.499311447143555
183,best,pp,-5.01423978805542
184,best,pp,-5.94903039932251
185,best,pp,-5.037055015563965
186,best,pp,-5.260493755340576
187,best,pp,-5.140335559844971
188,best,pp,-4.735294818878174
189,best,pp,-4.890510082244873
190,best,pp,-4.463089942932129
191,best,pp,-5.167405128479004
192,best,pp,-5.123054027557373
193,best,pp,-4.99323844909668
194,best,pp,-5.131527900695801
195,best,pp,-4.635920524597168
196,best,pp,-4.387792110443115
197,best,pp,-5.83046817779541
198,best,pp,-4.953983306884766
199,best,pp,-5.203497886657715
200,best,pp,-5.640140056610107
201,best,pp,-4.2165913581848145
202,best,pp,-3.7875919342041016
203,best,pp,-6.033106327056885
204,best,pp,-5.167012691497803
205,best,pp,-5.299526691436768
206,best,pp,-4.860939979553223
207,best,pp,-5.096602439880371
208,best,pp,-5.284098148345947
209,best,pp,-4.949678897857666
210,best,pp,-4.320051670074463
211,best,pp,-4.8502631187438965
212,best,pp,-5.328744888305664
213,best,pp,-4.248010635375977
214,best,pp,-5.027925968170166
215,best,pp,-4.931696891784668
216,best,pp,-4.018715858459473
217,best,pp,-5.018523693084717
218,best,pp,-4.688958644866943
219,best,pp,-4.576394557952881
220,best,pp,-5.139801979064941
221,best,do,-6.586119174957275
222,best,do,-6.571799278259277
223,best,do,-5.950658321380615
224,best,do,-5.889863967895508
225,best,do,-6.210075855255127
226,best,do,-6.069695472717285
227,best,do,-6.170043468475342
228,best,do,-7.456498622894287
229,best,do,-7.127328395843506
230,best,do,-6.670769691467285
231,best,do,-6.328526973724365
232,best,do,-6.7166266441345215
233,best,do,-6.896803855895996
234,best,do,-7.456498622894287
235,best,do,-5.5372419357299805
236,best,do,-6.2669148445129395
237,best,do,-6.149045467376709
238,best,do,-6.043915271759033
239,best,do,-6.7375922203063965
240,best,do,-6.590060234069824
241,best,do,-6.896803855895996
242,best,do,-6.0277934074401855
243,best,do,-7.413176536560059
244,best,do,-6.043915271759033
245,best,do,-6.671734809875488
246,best,do,-6.004369258880615
247,best,do,-6.6728105545043945
248,best,do,-5.925724983215332
249,best,do,-5.946838855743408
250,best,do,-5.828838348388672
251,best,do,-6.164839267730713
252,best,do,-6.270705223083496
253,best,do,-7.199297904968262
254,best,do,-6.283668041229248
255,best,do,-6.608554363250732
256,best,do,-6.187191963195801
257,best,do,-6.32973051071167
258,best,do,-6.283668041229248
259,best,do,-5.9284491539001465
260,best,do,-6.164839267730713
261,best,do,-5.828838348388672
262,best,do,-5.863349914550781
263,best,do,-6.253528118133545
264,best,pp,-5.886247634887695
265,best,pp,-6.0906596183776855
266,best,pp,-5.343328952789307
267,best,pp,-5.030192852020264
268,best,pp,-5.653573036193848
269,best,pp,-5.538114070892334
270,best,pp,-5.612818241119385
271,best,pp,-6.874424934387207
272,best,pp,-6.125432968139648
273,best,pp,-5.598212718963623
274,best,pp,-5.708756923675537
275,best,pp,-6.203308582305908
276,best,pp,-6.042071342468262
277,best,pp,-6.874424934387207
278,best,pp,-4.7998223304748535
279,best,pp,-5.393924713134766
280,best,pp,-5.37026309967041
281,best,pp,-5.465057849884033
282,best,pp,-5.934911251068115
283,best,pp,-5.960001468658447
284,best,do,-6.102275371551514
285,best,do,-5.507845401763916
286,best,do,-6.947404384613037
287,best,do,-6.171204090118408
288,best,do,-6.189202308654785
289,best,do,-5.874023914337158
290,best,do,-5.761279582977295
291,best,do,-6.74994421005249
292,best,do,-6.189202308654785
293,best,do,-5.983979225158691
294,best,do,-5.833009243011475
295,best,do,-5.89324426651001
296,best,do,-5.620029926300049
297,best,do,-6.5245771408081055
298,best,do,-6.137546539306641
299,best,do,-5.900959014892578
300,best,do,-6.500031471252441
301,best,do,-6.074446201324463
302,best,do,-5.831116676330566
303,best,do,-6.742615699768066
304,best,do,-6.110649585723877
305,best,do,-5.761279582977295
306,best,do,-6.052299499511719
307,best,do,-5.981147289276123
308,best,do,-6.171204090118408
309,best,do,-6.044748783111572
310,best,do,-5.647420406341553
311,best,do,-6.191592693328857
312,best,do,-6.171204090118408
313,best,do,-6.882388591766357
314,best,do,-5.814703941345215
315,best,do,-6.667416095733643
316,best,do,-6.116203784942627
317,best,do,-7.2231645584106445
318,best,do,-5.647420406341553
319,best,do,-6.074446201324463
320,best,do,-6.188046932220459
321,best,do,-6.171496868133545
322,best,do,-6.947404384613037
323,best,do,-6.749547481536865
324,best,do,-6.435887813568115
325,best,do,-6.432343482971191
326,best,do,-6.323034286499023
327,best,pp,-5.64036226272583
328,best,pp,-4.738868236541748
329,best,pp,-6.421212196350098
330,best,pp,-5.524817943572998
331,best,pp,-5.176571846008301
332,best,pp,-5.098245620727539
333,best,pp,-4.903450012207031
334,best,pp,-6.000303745269775
335,best,pp,-5.176571846008301
336,best,pp,-5.405677795410156
337,best,pp,-4.87829065322876
338,best,pp,-5.284997940063477
339,best,pp,-4.961416244506836
340,best,pp,-5.44401216506958
341,best,pp,-5.36149787902832
342,best,pp,-5.125770568847656
343,best,pp,-5.546357154846191
344,best,pp,-5.111556529998779
345,best,pp,-5.377686977386475
346,best,pp,-6.0379719734191895
347,best,do,-6.366505146026611
348,best,do,-5.099079608917236
349,best,do,-6.060065746307373
350,best,do,-5.397618770599365
351,best,do,-6.192640781402588
352,best,do,-5.990655422210693
353,best,do,-6.320353031158447
354,best,do,-5.954453945159912
355,best,do,-6.346806526184082
356,best,do,-6.035436630249023
357,best,do,-6.402490139007568
358,best,do,-5.703399658203125
359,best,do,-5.753223419189453
360,best,do,-6.445018291473389
361,best,do,-6.190637588500977
362,best,do,-6.005849361419678
363,best,do,-6.373220443725586
364,best,do,-6.526605606079102
365,best,do,-5.87501859664917
366,best,do,-5.800698757171631
367,best,do,-5.741135597229004
368,best,do,-5.896785259246826
369,best,do,-6.119486331939697
370,best,do,-5.0951080322265625
371,best,do,-5.966569900512695
372,best,do,-6.869749069213867
373,best,do,-5.782911777496338
374,best,do,-5.674346923828125
375,best,do,-5.0299482345581055
376,best,do,-6.20468282699585
377,best,do,-6.157536029815674
378,best,do,-6.326475143432617
379,best,do,-5.906001567840576
380,best,do,-5.933840751647949
381,best,do,-6.403225898742676
382,best,do,-6.171194076538086
383,best,do,-6.006150722503662
384,best,do,-5.966569900512695
385,best,do,-5.583211898803711
386,best,do,-5.782912254333496
387,best,do,-5.739748477935791
388,best,do,-5.839951992034912
389,best,do,-6.048217296600342
390,best,pp,-5.871480941772461
391,best,pp,-4.8048014640808105
392,best,pp,-5.578639507293701
393,best,pp,-4.749795436859131
394,best,pp,-5.59958028793335
395,best,pp,-5.601752281188965
396,best,pp,-5.87882137298584
397,best,pp,-5.862900733947754
398,best,pp,-6.057652473449707
399,best,pp,-5.665348052978516
400,best,pp,-5.882579326629639
401,best,pp,-5.356400966644287
402,best,pp,-5.52902364730835
403,best,pp,-5.765307426452637
404,best,pp,-5.740103244781494
405,best,pp,-5.386641025543213
406,best,pp,-6.0931501388549805
407,best,pp,-5.435949802398682
408,best,pp,-5.332175254821777
409,best,pp,-5.227844715118408
410,best,do,-6.712008476257324
411,best,do,-5.70556640625
412,best,do,-5.70015811920166
413,best,do,-6.873870372772217
414,best,do,-6.735668182373047
415,best,do,-6.802581310272217
416,best,do,-6.684542179107666
417,best,do,-6.410079479217529
418,best,do,-5.807678699493408
419,best,do,-6.609545707702637
420,best,do,-6.713621139526367
421,best,do,-7.265189170837402
422,best,do,-6.5831170082092285
423,best,do,-6.933218955993652
424,best,do,-6.119317054748535
425,best,do,-6.875640869140625
426,best,do,-5.98539400100708
427,best,do,-6.791316032409668
428,best,do,-6.901226043701172
429,best,do,-6.861733436584473
430,best,do,-7.5291523933410645
431,best,do,-6.04302453994751
432,best,do,-6.791316032409668
433,best,do,-6.552584171295166
434,best,do,-7.087634563446045
435,best,do,-6.374703407287598
436,best,do,-6.479766368865967
437,best,do,-7.064889430999756
438,best,do,-6.536728382110596
439,best,do,-7.36625337600708
440,best,do,-7.280379772186279
441,best,do,-6.049072742462158
442,best,do,-6.369697570800781
443,best,do,-6.4707350730896
444,best,do,-6.567633152008057
445,best,do,-6.396195888519287
446,best,do,-6.875640869140625
447,best,do,-7.065765857696533
448,best,do,-6.006820201873779
449,best,do,-5.4462890625
450,best,do,-6.4255452156066895
451,best,do,-7.037877082824707
452,best,do,-6.108096122741699
453,best,pp,-5.648065567016602
454,best,pp,-5.636469841003418
455,best,pp,-5.51064395904541
456,best,pp,-6.401905059814453
457,best,pp,-5.62252140045166
458,best,pp,-5.987422943115234
459,best,pp,-6.400160312652588
460,best,pp,-6.065073490142822
461,best,pp,-5.125153541564941
462,best,pp,-6.3977179527282715
463,best,pp,-6.367363929748535
464,best,pp,-6.769828796386719
465,best,pp,-5.930230140686035
466,best,pp,-6.57135009765625
467,best,pp,-5.686176776885986
468,best,pp,-7.110005855560303
469,best,pp,-5.540469169616699
470,best,pp,-6.005133152008057
471,best,pp,-6.470314979553223
472,best,pp,-6.040672779083252
473,best,pp,-5.660539627075195
474,best,pp,-6.558427333831787
475,best,pp,-5.835390090942383
476,best,pp,-5.691688537597656
477,best,pp,-5.1873087882995605
478,best,pp,-5.962564468383789
479,best,pp,-5.278139591217041
480,best,pp,-5.389862537384033
481,best,pp,-5.617142677307129
482,best,pp,-5.678397178649902
483,best,pp,-5.128055095672607
484,best,pp,-6.6283745765686035
485,best,pp,-6.232239723205566
486,best,pp,-4.818877696990967
487,best,pp,-6.185206890106201
488,best,pp,-5.139575481414795
489,best,pp,-4.742393493652344
490,best,pp,-5.895568370819092
491,best,pp,-5.54374361038208
492,best,pp,-5.573877811431885
493,best,do,-7.047741413116455
494,best,do,-6.390716552734375
495,best,do,-5.8631591796875
496,best,do,-6.3075151443481445
497,best,do,-8.308418273925781
498,best,do,-5.394038677215576
499,best,do,-6.68784236907959
500,best,do,-6.7201247215271
501,best,do,-6.404088973999023
502,best,do,-5.867417335510254
503,best,do,-6.852446556091309
504,best,do,-6.352820873260498
505,best,do,-6.79952335357666
506,best,do,-6.550456523895264
507,best,do,-7.33071231842041
508,best,do,-6.099839687347412
509,best,do,-6.691714286804199
510,best,do,-6.76961088180542
511,best,do,-5.121635913848877
512,best,do,-7.236201286315918
513,best,do,-6.157347679138184
514,best,do,-6.666231632232666
515,best,do,-6.697245121002197
516,best,do,-6.551750183105469
517,best,do,-5.822730541229248
518,best,do,-6.683917045593262
519,best,do,-7.338003635406494
520,best,do,-6.200063228607178
521,best,do,-7.049481391906738
522,best,do,-6.003658294677734
523,best,do,-6.095516204833984
524,best,do,-5.873246669769287
525,best,do,-7.196189880371094
526,best,do,-7.794909477233887
527,best,do,-5.695114612579346
528,best,do,-7.006599426269531
529,best,do,-7.006599426269531
530,best,do,-6.666012763977051
531,best,do,-7.966555595397949
532,best,do,-6.61867618560791
533,best,do,-7.919233798980713
534,best,do,-6.962296962738037
535,best,do,-6.3050384521484375
536,best,pp,-6.242094039916992
537,best,pp,-6.095024585723877
538,best,pp,-5.0395894050598145
539,best,pp,-4.581413745880127
540,best,pp,-6.336381435394287
541,best,pp,-4.79833984375
542,best,pp,-5.03145170211792
543,best,pp,-6.111722469329834
544,best,pp,-5.731746196746826
545,best,pp,-5.059124946594238
546,best,pp,-5.050944805145264
547,best,pp,-5.707713603973389
548,best,pp,-5.966111660003662
549,best,pp,-5.72961950302124
550,best,pp,-6.4005584716796875
551,best,pp,-5.998277187347412
552,best,pp,-4.936852931976318
553,best,pp,-5.980206489562988
554,best,pp,-4.549836158752441
555,best,pp,-6.632254123687744
556,best,do,-6.556656360626221
557,best,do,-6.359633445739746
558,best,do,-6.790079593658447
559,best,do,-6.4215087890625
560,best,do,-7.670144557952881
561,best,do,-6.719635486602783
562,best,do,-6.2311530113220215
563,best,do,-6.8650665283203125
564,best,do,-6.359633445739746
565,best,do,-7.108299255371094
566,best,do,-5.533918857574463
567,best,do,-5.15956974029541
568,best,do,-6.231486797332764
569,best,do,-6.651500225067139
570,best,do,-5.829948425292969
571,best,do,-6.993298530578613
572,best,do,-6.5076422691345215
573,best,do,-7.080084323883057
574,best,do,-7.080084323883057
575,best,do,-7.329190254211426
576,best,do,-6.6727375984191895
577,best,do,-6.534180641174316
578,best,do,-6.5076422691345215
579,best,do,-6.13232421875
580,best,do,-5.216281414031982
581,best,do,-6.231486797332764
582,best,do,-7.360279083251953
583,best,do,-5.972485065460205
584,best,do,-5.494039535522461
585,best,do,-7.301092624664307
586,best,do,-5.889787197113037
587,best,do,-6.123908996582031
588,best,do,-5.972485065460205
589,best,do,-5.459968090057373
590,best,do,-7.010298252105713
591,best,do,-6.451914310455322
592,best,do,-6.946412563323975
593,best,do,-6.451914310455322
594,best,do,-7.261778354644775
595,best,do,-6.790079593658447
596,best,do,-7.302443504333496
597,best,do,-6.231486797332764
598,best,do,-7.108299255371094
599,best,pp,-5.669886112213135
600,best,pp,-5.7325119972229
601,best,pp,-6.347907543182373
602,best,pp,-5.580543518066406
603,best,pp,-6.391455173492432
604,best,pp,-5.979416370391846
605,best,pp,-5.758033752441406
606,best,pp,-4.9739089012146
607,best,pp,-5.7325119972229
608,best,pp,-6.371013641357422
609,best,pp,-4.860335350036621
610,best,pp,-4.524857997894287
611,best,pp,-5.339887619018555
612,best,pp,-6.0735650062561035
613,best,pp,-5.479099273681641
614,best,pp,-4.685451984405518
615,best,pp,-5.624870300292969
616,best,pp,-5.092611789703369
617,best,pp,-5.092611789703369
618,best,pp,-6.129842758178711
619,best,do,-7.1738200187683105
620,best,do,-5.461143970489502
621,best,do,-6.53588342666626
622,best,do,-7.151045799255371
623,best,do,-7.032148838043213
624,best,do,-6.197317600250244
625,best,do,-7.279767036437988
626,best,do,-6.682079315185547
627,best,do,-7.098036766052246
628,best,do,-7.622818470001221
629,best,do,-6.26539945602417
630,best,do,-5.138777732849121
631,best,do,-6.213122367858887
632,best,do,-5.609374046325684
633,best,do,-5.849864482879639
634,best,do,-6.98258113861084
635,best,do,-5.4868292808532715
636,best,do,-7.224578380584717
637,best,do,-6.213122367858887
638,best,do,-7.433834075927734
639,best,do,-6.4070563316345215
640,best,do,-6.627270221710205
641,best,do,-6.383918762207031
642,best,do,-7.1847968101501465
643,best,do,-6.866428375244141
644,best,do,-4.971510410308838
645,best,do,-7.481490612030029
646,best,do,-5.900100231170654
647,best,do,-7.156233787536621
648,best,do,-7.292610168457031
649,best,do,-7.1886396408081055
650,best,do,-7.440747261047363
651,best,do,-7.3889899253845215
652,best,do,-7.24710750579834
653,best,do,-6.8373212814331055
654,best,do,-6.45085334777832
655,best,do,-6.74696159362793
656,best,do,-6.79892635345459
657,best,do,-6.9420552253723145
658,best,do,-6.213122844696045
659,best,do,-7.25900411605835
660,best,do,-7.426100254058838
661,best,do,-5.714630126953125
662,best,pp,-6.088287830352783
663,best,pp,-4.764776706695557
664,best,pp,-5.486912727355957
665,best,pp,-6.1901021003723145
666,best,pp,-5.9408769607543945
667,best,pp,-5.468329906463623
668,best,pp,-6.065163612365723
669,best,pp,-6.080292224884033
670,best,pp,-6.71701192855835
671,best,pp,-6.998951435089111
672,best,pp,-5.36405611038208
673,best,pp,-4.729679584503174
674,best,pp,-5.782957553863525
675,best,pp,-5.110804557800293
676,best,pp,-4.694454193115234
677,best,pp,-6.528442859649658
678,best,pp,-5.018928050994873
679,best,pp,-6.125955104827881
680,best,pp,-5.782957553863525
681,best,pp,-6.194754600524902
682,best,do,-6.4085493087768555
683,best,do,-8.075970649719238
684,best,do,-5.220194339752197
685,best,do,-6.251697063446045
686,best,do,-6.440443515777588
687,best,do,-6.306903839111328
688,best,do,-7.3743181228637695
689,best,do,-7.209534645080566
690,best,do,-6.656913757324219
691,best,do,-7.283937931060791
692,best,do,-6.434882640838623
693,best,do,-7.318812370300293
694,best,do,-6.445784568786621
695,best,do,-6.571071624755859
696,best,do,-6.450752258300781
697,best,do,-5.827277660369873
698,best,do,-5.978471755981445
699,best,do,-6.090907573699951
700,best,do,-6.661136627197266
701,best,do,-6.0479044914245605
702,best,do,-6.714807510375977
703,best,do,-6.305078029632568
704,best,do,-7.043333530426025
705,best,do,-6.180971145629883
706,best,do,-6.055361270904541
707,best,do,-7.887701511383057
708,best,do,-7.049837589263916
709,best,do,-6.541435241699219
710,best,do,-7.579385280609131
711,best,do,-7.081614017486572
712,best,do,-7.1624298095703125
713,best,do,-7.868480682373047
714,best,do,-7.213608741760254
715,best,do,-7.575990200042725
716,best,do,-7.6168012619018555
717,best,do,-7.475892543792725
718,best,do,-7.364915370941162
719,best,do,-6.784976005554199
720,best,do,-5.5373663902282715
721,best,do,-5.866095542907715
722,best,do,-6.786251544952393
723,best,do,-5.811381816864014
724,best,do,-6.000794887542725
725,best,pp,-6.207261562347412
726,best,pp,-5.959503173828125
727,best,pp,-4.557945728302002
728,best,pp,-5.25996208190918
729,best,pp,-5.672953128814697
730,best,pp,-5.873913764953613
731,best,pp,-6.687761306762695
732,best,pp,-6.330310344696045
733,best,pp,-6.2080607414245605
734,best,pp,-6.288987159729004
735,best,pp,-5.781801223754883
736,best,pp,-7.589822769165039
737,best,pp,-6.170200347900391
738,best,pp,-6.443236351013184
739,best,pp,-6.584314823150635
740,best,pp,-5.649670600891113
741,best,pp,-5.566540241241455
742,best,pp,-5.438853740692139
743,best,pp,-5.679052829742432
744,best,pp,-5.567997932434082
745,best,pp,-5.88846492767334
746,best,pp,-5.704611778259277
747,best,pp,-6.37703800201416
748,best,pp,-5.43863582611084
749,best,pp,-7.117239952087402
750,best,pp,-6.572519779205322
751,best,pp,-6.401235580444336
752,best,pp,-5.328163146972656
753,best,pp,-6.582343578338623
754,best,pp,-6.4688215255737305
755,best,pp,-4.60299825668335
756,best,pp,-4.8422369956970215
757,best,pp,-6.213608264923096
758,best,pp,-5.131790637969971
759,best,pp,-5.854452133178711
760,best,pp,-6.314146518707275
761,best,pp,-6.852931976318359
762,best,pp,-6.315249443054199
763,best,pp,-6.300475597381592
764,best,pp,-5.76080846786499
765,best,pp,-4.843843936920166
766,best,pp,-5.681378364562988
767,best,pp,-5.998898029327393
768,best,pp,-5.393896102905273
769,best,pp,-5.364086627960205
770,best,pp,-6.004628658294678
771,best,pp,-5.636866569519043
772,best,pp,-5.682005882263184
773,best,pp,-5.4623517990112305
774,best,pp,-4.778249740600586
775,best,pp,-4.984794616699219
776,best,pp,-4.789187431335449
777,best,pp,-4.504727363586426
778,best,pp,-5.631205081939697
779,best,pp,-5.41286563873291
780,best,pp,-5.547501564025879
781,best,pp,-5.56465482711792
782,best,pp,-4.882067680358887
783,best,pp,-6.424834728240967
784,best,pp,-5.785446643829346
785,best,do,-5.951076507568359
786,best,do,-4.916350841522217
787,best,do,-4.998806476593018
788,best,do,-4.745471954345703
789,best,do,-5.678078651428223
790,best,do,-4.791416168212891
791,best,do,-5.747109889984131
792,best,do,-5.253474235534668
793,best,do,-6.731400489807129
794,best,do,-6.190311431884766
795,best,do,-4.8755927085876465
796,best,do,-4.316267013549805
797,best,do,-4.895077705383301
798,best,do,-6.651439189910889
799,best,do,-4.140442371368408
800,best,do,-4.965204238891602
801,best,do,-6.174954891204834
802,best,do,-5.01641321182251
803,best,do,-6.94497537612915
804,best,do,-6.550307273864746
805,best,do,-6.945647716522217
806,best,do,-4.574214935302734
807,best,do,-5.994505405426025
808,best,do,-7.239274501800537
809,best,do,-4.762486934661865
810,best,do,-5.067446708679199
811,best,do,-6.670694351196289
812,best,do,-5.109022617340088
813,best,do,-5.218935012817383
814,best,do,-5.112104415893555
815,best,do,-4.722456455230713
816,best,do,-5.0417704582214355
817,best,do,-4.996722221374512
818,best,do,-4.631568431854248
819,best,do,-6.343078136444092
820,best,do,-4.965204238891602
821,best,do,-6.426551342010498
822,best,do,-5.261415481567383
823,best,do,-5.166244029998779
824,best,do,-5.972287178039551
825,best,do,-5.990777015686035
826,best,do,-5.501492977142334
827,best,do,-6.525199890136719
828,best,pp,-6.035424709320068
829,best,pp,-5.3423566818237305
830,best,pp,-5.382933139801025
831,best,pp,-5.134710788726807
832,best,pp,-5.9500532150268555
833,best,pp,-5.26158332824707
834,best,pp,-6.098745346069336
835,best,pp,-5.383828639984131
836,best,pp,-7.019975185394287
837,best,pp,-6.495666027069092
838,best,pp,-5.335803985595703
839,best,pp,-4.650196075439453
840,best,pp,-5.06135892868042
841,best,pp,-6.192471981048584
842,best,pp,-4.545462608337402
843,best,pp,-4.845691204071045
844,best,pp,-5.516122817993164
845,best,pp,-5.441808223724365
846,best,pp,-6.202788352966309
847,best,pp,-6.2777628898620605
848,best,do,-5.344420909881592
849,best,do,-5.40058708190918
850,best,do,-5.587113857269287
851,best,do,-7.1336870193481445
852,best,do,-4.531103610992432
853,best,do,-6.233956336975098
854,best,do,-6.709009647369385
855,best,do,-5.533201694488525
856,best,do,-5.00740909576416
857,best,do,-5.34412145614624
858,best,do,-6.345401287078857
859,best,do,-5.471775531768799
860,best,do,-5.491538047790527
861,best,do,-4.5102386474609375
862,best,do,-4.632238864898682
863,best,do,-4.626577854156494
864,best,do,-4.905755043029785
865,best,do,-7.315718173980713
866,best,do,-4.520769119262695
867,best,do,-4.997079849243164
868,best,do,-6.19282865524292
869,best,do,-4.646866798400879
870,best,do,-6.803670406341553
871,best,do,-4.324799060821533
872,best,do,-4.521707534790039
873,best,do,-5.3800368309021
874,best,do,-5.007408142089844
875,best,do,-4.870906352996826
876,best,do,-4.852839946746826
877,best,do,-5.906098365783691
878,best,do,-5.438999176025391
879,best,do,-4.438729286193848
880,best,do,-7.031632423400879
881,best,do,-6.169356822967529
882,best,do,-5.144075393676758
883,best,do,-6.274375915527344
884,best,do,-5.34442138671875
885,best,do,-5.135275840759277
886,best,do,-5.200146198272705
887,best,do,-6.404727458953857
888,best,do,-6.504054546356201
889,best,do,-6.716296672821045
890,best,do,-4.581787109375
891,best,pp,-5.3228230476379395
892,best,pp,-5.2660064697265625
893,best,pp,-5.530466556549072
894,best,pp,-6.292672157287598
895,best,pp,-4.735052108764648
896,best,pp,-5.511968612670898
897,best,pp,-6.085575103759766
898,best,pp,-5.665987491607666
899,best,pp,-5.050553798675537
900,best,pp,-5.182416915893555
901,best,pp,-6.239526271820068
902,best,pp,-5.750278472900391
903,best,pp,-5.642828941345215
904,best,pp,-4.379471302032471
905,best,pp,-4.928677558898926
906,best,pp,-4.862423896789551
907,best,pp,-5.187894821166992
908,best,pp,-6.375988006591797
909,best,pp,-4.631109714508057
910,best,pp,-5.142449378967285
911,best,do,-5.827548980712891
912,best,do,-5.954478740692139
913,best,do,-5.640796184539795
914,best,do,-5.922697067260742
915,best,do,-5.484185218811035
916,best,do,-5.396649360656738
917,best,do,-5.998782157897949
918,best,do,-7.257252216339111
919,best,do,-5.62755012512207
920,best,do,-6.429973125457764
921,best,do,-5.6272196769714355
922,best,do,-5.662685394287109
923,best,do,-6.802984237670898
924,best,do,-5.4140753746032715
925,best,do,-5.358168125152588
926,best,do,-5.925882816314697
927,best,do,-6.825214862823486
928,best,do,-6.003303050994873
929,best,do,-5.771492004394531
930,best,do,-5.087563514709473
931,best,do,-5.842390060424805
932,best,do,-5.1951446533203125
933,best,do,-6.082029819488525
934,best,do,-4.989680290222168
935,best,do,-5.554816722869873
936,best,do,-6.114729881286621
937,best,do,-4.5535736083984375
938,best,do,-5.463088512420654
939,best,do,-7.32511043548584
940,best,do,-5.197216510772705
941,best,do,-5.799871921539307
942,best,do,-6.611902236938477
943,best,do,-5.274168968200684
944,best,do,-5.415260314941406
945,best,do,-5.226906776428223
946,best,do,-7.544214725494385
947,best,do,-5.459019184112549
948,best,do,-5.610228061676025
949,best,do,-6.429972171783447
950,best,do,-5.444220542907715
951,best,do,-7.181870460510254
952,best,do,-5.326799392700195
953,best,do,-6.233193397521973
954,best,pp,-5.816564083099365
955,best,pp,-5.994380950927734
956,best,pp,-5.666703701019287
957,best,pp,-6.070004463195801
958,best,pp,-5.578721046447754
959,best,pp,-5.823003768920898
960,best,pp,-6.285619735717773
961,best,pp,-6.406346797943115
962,best,pp,-5.947260856628418
963,best,pp,-6.577964782714844
964,best,pp,-5.781075954437256
965,best,pp,-5.365920543670654
966,best,pp,-6.332343101501465
967,best,pp,-5.54857063293457
968,best,pp,-5.861091136932373
969,best,pp,-5.387270450592041
970,best,pp,-5.961737155914307
971,best,pp,-6.537107467651367
972,best,pp,-6.067653179168701
973,best,pp,-5.224090576171875
974,best,do,-6.264187812805176
975,best,do,-6.221657752990723
976,best,do,-7.51906681060791
977,best,do,-6.319493293762207
978,best,do,-5.132099151611328
979,best,do,-4.683582305908203
980,best,do,-6.518218994140625
981,best,do,-4.759579658508301
982,best,do,-6.616498947143555
983,best,do,-5.390083312988281
984,best,do,-6.115259170532227
985,best,do,-6.174583435058594
986,best,do,-6.411772727966309
987,best,do,-5.424936294555664
988,best,do,-7.415471076965332
989,best,do,-7.2672319412231445
990,best,do,-7.397304058074951
991,best,do,-5.652026653289795
992,best,do,-5.47554349899292
993,best,do,-5.609190940856934
994,best,do,-5.0165696144104
995,best,do,-6.792013645172119
996,best,do,-6.165518760681152
997,best,do,-6.16986083984375
998,best,do,-6.122139930725098
999,best,do,-5.926178932189941
1000,best,do,-5.469751358032227
1001,best,do,-5.075738430023193
1002,best,do,-5.131994247436523
1003,best,do,-5.609190940856934
1004,best,do,-6.038126468658447
1005,best,do,-5.425843238830566
1006,best,do,-6.0879082679748535
1007,best,do,-5.770960807800293
1008,best,do,-4.949012279510498
1009,best,do,-4.478752613067627
1010,best,do,-5.432401180267334
1011,best,do,-7.034201145172119
1012,best,do,-6.247469425201416
1013,best,do,-6.648941516876221
1014,best,do,-6.247469425201416
1015,best,do,-4.761122226715088
1016,best,do,-4.339032173156738
1017,best,pp,-5.8483476638793945
1018,best,pp,-5.921933174133301
1019,best,pp,-7.777742385864258
1020,best,pp,-6.177841663360596
1021,best,pp,-5.471723556518555
1022,best,pp,-5.541156768798828
1023,best,pp,-5.728085041046143
1024,best,pp,-5.006551742553711
1025,best,pp,-6.044702529907227
1026,best,pp,-5.341653347015381
1027,best,pp,-6.645524501800537
1028,best,pp,-6.498960494995117
1029,best,pp,-6.59984827041626
1030,best,pp,-5.492673873901367
1031,best,pp,-7.163416385650635
1032,best,pp,-6.406497001647949
1033,best,pp,-7.126919269561768
1034,best,pp,-5.808124542236328
1035,best,pp,-5.535300254821777
1036,best,pp,-5.739548206329346
1037,best,pp,-5.758556365966797
1038,best,pp,-4.954316139221191
1039,best,pp,-6.2430572509765625
1040,best,pp,-5.664107799530029
1041,best,pp,-4.663121223449707
1042,best,pp,-6.244141101837158
1043,best,pp,-6.933558464050293
1044,best,pp,-4.342247486114502
1045,best,pp,-6.532964706420898
1046,best,pp,-5.33810567855835
1047,best,pp,-6.877362251281738
1048,best,pp,-4.956765651702881
1049,best,pp,-5.451159954071045
1050,best,pp,-4.7497968673706055
1051,best,pp,-4.789811134338379
1052,best,pp,-5.561582088470459
1053,best,pp,-6.134944438934326
1054,best,pp,-5.719296932220459
1055,best,pp,-4.771745681762695
1056,best,pp,-4.966439247131348
1057,best,pp,-5.233429908752441
1058,best,pp,-5.04179573059082
1059,best,pp,-5.870222568511963
1060,best,pp,-4.820814609527588
1061,best,pp,-5.4930620193481445
1062,best,pp,-5.349020004272461
1063,best,pp,-4.423584461212158
1064,best,pp,-5.490497589111328
1065,best,pp,-5.973406791687012
1066,best,pp,-5.431821346282959
1067,best,pp,-5.8136887550354
1068,best,pp,-4.7732696533203125
1069,best,pp,-5.356587886810303
1070,best,pp,-5.246373176574707
1071,best,pp,-5.045712471008301
1072,best,pp,-5.058932781219482
1073,best,pp,-4.899245262145996
1074,best,pp,-5.289463043212891
1075,best,pp,-4.92348575592041
1076,best,pp,-6.736446380615234
1077,best,do,-6.7774882316589355
1078,best,do,-6.4454193115234375
1079,best,do,-6.4552388191223145
1080,best,do,-5.74643087387085
1081,best,do,-5.258530139923096
1082,best,do,-5.450538635253906
1083,best,do,-6.120164394378662
1084,best,do,-6.345577239990234
1085,best,do,-5.537992477416992
1086,best,do,-5.806896686553955
1087,best,do,-6.311215877532959
1088,best,do,-4.909231185913086
1089,best,do,-6.079166889190674
1090,best,do,-6.573920726776123
1091,best,do,-6.053732395172119
1092,best,do,-5.014113426208496
1093,best,do,-6.109184265136719
1094,best,do,-5.961561679840088
1095,best,do,-5.87731409072876
1096,best,do,-5.822185516357422
1097,best,do,-5.8606438636779785
1098,best,do,-5.953866958618164
1099,best,do,-6.430498123168945
1100,best,do,-6.467134952545166
1101,best,do,-5.896965026855469
1102,best,do,-5.65392541885376
1103,best,do,-5.777402400970459
1104,best,do,-4.864823341369629
1105,best,do,-5.697505950927734
1106,best,do,-5.308475971221924
1107,best,do,-5.953866958618164
1108,best,do,-6.789584636688232
1109,best,do,-5.432806491851807
1110,best,do,-6.491166591644287
1111,best,do,-6.1395182609558105
1112,best,do,-5.720923900604248
1113,best,do,-6.061577320098877
1114,best,do,-5.557811260223389
1115,best,do,-5.890945911407471
1116,best,do,-6.348747730255127
1117,best,do,-5.996531009674072
1118,best,do,-6.623831272125244
1119,best,do,-5.177573204040527
1120,best,pp,-5.404163837432861
1121,best,pp,-5.801323890686035
1122,best,pp,-5.396753787994385
1123,best,pp,-4.997677326202393
1124,best,pp,-4.088221073150635
1125,best,pp,-4.75234842300415
1126,best,pp,-5.020836353302002
1127,best,pp,-5.103947639465332
1128,best,pp,-4.869924068450928
1129,best,pp,-4.994621753692627
1130,best,pp,-5.332269191741943
1131,best,pp,-4.419295310974121
1132,best,pp,-5.306379795074463
1133,best,pp,-6.306434631347656
1134,best,pp,-5.3254804611206055
1135,best,pp,-4.512597560882568
1136,best,pp,-4.989748477935791
1137,best,pp,-5.5459818840026855
1138,best,pp,-5.11706018447876
1139,best,pp,-4.977074146270752
1140,best,do,-5.947004795074463
1141,best,do,-5.495554447174072
1142,best,do,-5.603160858154297
1143,best,do,-5.773159503936768
1144,best,do,-5.590311050415039
1145,best,do,-5.448085784912109
1146,best,do,-5.947004795074463
1147,best,do,-7.100584506988525
1148,best,do,-6.075830936431885
1149,best,do,-5.934234619140625
1150,best,do,-5.864181995391846
1151,best,do,-7.364482402801514
1152,best,do,-5.895510196685791
1153,best,do,-6.005610942840576
1154,best,do,-6.096394062042236
1155,best,do,-4.796926498413086
1156,best,do,-6.35471773147583
1157,best,do,-5.877607345581055
1158,best,do,-6.026307582855225
1159,best,do,-5.880249500274658
1160,best,do,-6.69891357421875
1161,best,do,-4.847103118896484
1162,best,do,-6.144024848937988
1163,best,do,-5.920799732208252
1164,best,do,-5.495554447174072
1165,best,do,-5.61215353012085
1166,best,do,-6.485903263092041
1167,best,do,-6.080592155456543
1168,best,do,-5.988361358642578
1169,best,do,-6.242300987243652
1170,best,do,-5.16783332824707
1171,best,do,-5.447469234466553
1172,best,do,-6.35471773147583
1173,best,do,-6.112903118133545
1174,best,do,-5.396221160888672
1175,best,do,-5.396221160888672
1176,best,do,-6.151670932769775
1177,best,do,-6.468392848968506
1178,best,do,-5.189194202423096
1179,best,do,-4.796926498413086
1180,best,do,-6.144024848937988
1181,best,do,-6.3343987464904785
1182,best,do,-6.080592155456543
1183,best,pp,-5.017193794250488
1184,best,pp,-4.7346673011779785
1185,best,pp,-4.7117462158203125
1186,best,pp,-4.709197044372559
1187,best,pp,-4.7343220710754395
1188,best,pp,-4.29460334777832
1189,best,pp,-5.0171942710876465
1190,best,pp,-6.218259334564209
1191,best,pp,-4.63662052154541
1192,best,pp,-4.791581153869629
1193,best,pp,-5.075626850128174
1194,best,pp,-6.471386432647705
1195,best,pp,-4.820668697357178
1196,best,pp,-5.017408847808838
1197,best,pp,-4.807494163513184
1198,best,pp,-3.920713424682617
1199,best,pp,-5.507968902587891
1200,best,pp,-5.066391944885254
1201,best,pp,-5.294693946838379
1202,best,pp,-4.642782688140869
1203,best,do,-6.729588508605957
1204,best,do,-5.736248016357422
1205,best,do,-6.759794235229492
1206,best,do,-6.7009124755859375
1207,best,do,-6.324314117431641
1208,best,do,-6.2303338050842285
1209,best,do,-6.32381534576416
1210,best,do,-6.2550153732299805
1211,best,do,-5.589625358581543
1212,best,do,-6.3790788650512695
1213,best,do,-5.9347124099731445
1214,best,do,-5.948659420013428
1215,best,do,-5.503236770629883
1216,best,do,-5.713443279266357
1217,best,do,-6.599331378936768
1218,best,do,-5.388027191162109
1219,best,do,-6.228322982788086
1220,best,do,-6.428278923034668
1221,best,do,-6.432408809661865
1222,best,do,-5.823916435241699
1223,best,do,-6.768622398376465
1224,best,do,-7.06743860244751
1225,best,do,-7.154735088348389
1226,best,do,-6.169310569763184
1227,best,do,-6.993863582611084
1228,best,do,-6.769908428192139
1229,best,do,-6.166585922241211
1230,best,do,-6.458226203918457
1231,best,do,-6.262800216674805
1232,best,do,-5.92120361328125
1233,best,do,-6.176805019378662
1234,best,do,-6.110958576202393
1235,best,do,-6.202718257904053
1236,best,do,-5.449355125427246
1237,best,do,-6.20936918258667
1238,best,do,-6.540966510772705
1239,best,do,-5.164492130279541
1240,best,do,-6.29074764251709
1241,best,do,-6.579467296600342
1242,best,do,-5.44556188583374
1243,best,do,-5.2070231437683105
1244,best,do,-7.296095371246338
1245,best,do,-6.304687023162842
1246,best,pp,-5.882406234741211
1247,best,pp,-4.510194778442383
1248,best,pp,-6.007404327392578
1249,best,pp,-5.338489055633545
1250,best,pp,-5.635020732879639
1251,best,pp,-5.2473835945129395
1252,best,pp,-5.521245002746582
1253,best,pp,-5.176602363586426
1254,best,pp,-4.430708885192871
1255,best,pp,-5.763800621032715
1256,best,pp,-5.254857063293457
1257,best,pp,-5.001242160797119
1258,best,pp,-4.775954246520996
1259,best,pp,-4.911443710327148
1260,best,pp,-5.2138671875
1261,best,pp,-4.367864608764648
1262,best,pp,-5.191434860229492
1263,best,pp,-5.224702835083008
1264,best,pp,-5.740788459777832
1265,best,pp,-5.0900492668151855
1266,best,do,-5.702359199523926
1267,best,do,-5.658353328704834
1268,best,do,-6.531373977661133
1269,best,do,-5.339714050292969
1270,best,do,-5.46671724319458
1271,best,do,-6.816186904907227
1272,best,do,-6.989095211029053
1273,best,do,-7.762744426727295
1274,best,do,-5.582123756408691
1275,best,do,-6.745210647583008
1276,best,do,-6.692527770996094
1277,best,do,-5.551109790802002
1278,best,do,-6.432980060577393
1279,best,do,-5.954399108886719
1280,best,do,-6.502963542938232
1281,best,do,-6.7742180824279785
1282,best,do,-5.838114261627197
1283,best,do,-6.766398906707764
1284,best,do,-6.148886203765869
1285,best,do,-6.333023548126221
1286,best,do,-5.645328044891357
1287,best,do,-6.177972316741943
1288,best,do,-6.841857433319092
1289,best,do,-7.187462329864502
1290,best,do,-5.565998554229736
1291,best,do,-6.226387023925781
1292,best,do,-5.479045391082764
1293,best,do,-7.445919036865234
1294,best,do,-6.457778453826904
1295,best,do,-5.990652561187744
1296,best,do,-5.849210739135742
1297,best,do,-6.5390238761901855
1298,best,do,-6.290646076202393
1299,best,do,-5.384374618530273
1300,best,do,-6.641218662261963
1301,best,do,-7.177928447723389
1302,best,do,-7.085601806640625
1303,best,do,-6.426505088806152
1304,best,do,-5.549129009246826
1305,best,do,-6.772812366485596
1306,best,do,-6.670766830444336
1307,best,do,-6.390634536743164
1308,best,do,-7.557586669921875
1309,best,pp,-4.758119106292725
1310,best,pp,-4.68681001663208
1311,best,pp,-4.790837287902832
1312,best,pp,-4.0917863845825195
1313,best,pp,-4.675620079040527
1314,best,pp,-5.609642028808594
1315,best,pp,-6.618032932281494
1316,best,pp,-6.939032554626465
1317,best,pp,-4.56292200088501
1318,best,pp,-6.042627811431885
1319,best,pp,-5.414237022399902
1320,best,pp,-4.664566993713379
1321,best,pp,-5.624294281005859
1322,best,pp,-5.406264781951904
1323,best,pp,-5.192394733428955
1324,best,pp,-5.930592060089111
1325,best,pp,-5.058722019195557
1326,best,pp,-5.716750144958496
1327,best,pp,-5.0900983810424805
1328,best,pp,-5.432452201843262
1329,best,pp,-4.815639495849609
1330,best,pp,-4.232810974121094
1331,best,pp,-5.632569313049316
1332,best,pp,-6.100991249084473
1333,best,pp,-6.131013870239258
1334,best,pp,-5.0021562576293945
1335,best,pp,-4.565995216369629
1336,best,pp,-4.887334823608398
1337,best,pp,-4.986825466156006
1338,best,pp,-5.798341274261475
1339,best,pp,-4.616034507751465
1340,best,pp,-5.635036945343018
1341,best,pp,-5.176945209503174
1342,best,pp,-6.312139987945557
1343,best,pp,-6.080765724182129
1344,best,pp,-4.564811706542969
1345,best,pp,-6.30933952331543
1346,best,pp,-3.8671376705169678
1347,best,pp,-5.671262741088867
1348,best,pp,-5.616574287414551
1349,best,pp,-4.616127014160156
1350,best,pp,-4.7056403160095215
1351,best,pp,-5.274538516998291
1352,best,pp,-4.679477691650391
1353,best,pp,-4.658499717712402
1354,best,pp,-3.382701873779297
1355,best,pp,-3.8325817584991455
1356,best,pp,-5.063706398010254
1357,best,pp,-5.136144638061523
1358,best,pp,-5.229730606079102
1359,best,pp,-4.578974723815918
1360,best,pp,-4.768913269042969
1361,best,pp,-4.771575927734375
1362,best,pp,-4.850032806396484
1363,best,pp,-4.73406982421875
1364,best,pp,-4.3986053466796875
1365,best,pp,-5.916869640350342
1366,best,pp,-4.272234916687012
1367,best,pp,-4.336949825286865
1368,best,pp,-4.394575595855713
