item_id,model_state,do,pp
0,initial,-8.091825485229492,-7.51177978515625
1,initial,-8.733322143554688,-8.338176727294922
2,initial,-7.700075149536133,-7.26300048828125
3,initial,-9.4589262008667,-8.798508644104004
4,initial,-8.02414321899414,-6.441703796386719
5,initial,-8.716821670532227,-7.9699387550354
6,initial,-9.771373748779297,-9.089932441711426
7,initial,-8.50683879852295,-7.757229328155518
8,initial,-7.857884883880615,-6.629923343658447
9,initial,-7.700075149536133,-7.26300048828125
10,initial,-9.65463638305664,-8.2139253616333
11,initial,-7.398928165435791,-6.921471118927002
12,initial,-8.459794998168945,-7.105170726776123
13,initial,-9.572927474975586,-8.229582786560059
14,initial,-7.857884883880615,-6.629923343658447
15,initial,-9.572381973266602,-8.53915786743164
16,initial,-7.617466926574707,-6.989902973175049
17,initial,-8.242463111877441,-7.916508197784424
18,initial,-9.833075523376465,-9.324397087097168
19,initial,-7.478842258453369,-7.0167083740234375
20,initial,-7.476757049560547,-7.328159809112549
21,initial,-8.280816078186035,-7.712710857391357
22,initial,-9.425104141235352,-8.545828819274902
23,initial,-7.928314208984375,-7.411914348602295
24,initial,-9.268176078796387,-8.43006420135498
25,initial,-7.928314208984375,-7.411914348602295
26,initial,-9.661905288696289,-8.86121654510498
27,initial,-9.382184982299805,-9.279753684997559
28,initial,-7.548628330230713,-7.554066181182861
29,initial,-9.706197738647461,-8.675742149353027
30,initial,-7.794597148895264,-7.636387825012207
31,initial,-8.878336906433105,-8.039240837097168
32,initial,-9.425104141235352,-8.545829772949219
33,initial,-8.878336906433105,-8.039240837097168
34,initial,-8.405801773071289,-8.10897159576416
35,initial,-9.248881340026855,-8.926944732666016
36,initial,-7.548629283905029,-7.5540666580200195
37,initial,-8.878336906433105,-8.039240837097168
38,initial,-7.602837085723877,-7.576569557189941
39,initial,-7.340953826904297,-6.958292484283447
40,initial,-7.767429351806641,-7.302486896514893
41,initial,-7.575942039489746,-6.82820987701416
42,initial,-7.334570407867432,-6.729791641235352
43,initial,-8.391205787658691,-8.106298446655273
44,initial,-8.443941116333008,-7.052156448364258
45,initial,-7.717421531677246,-7.221226215362549
46,initial,-8.173172950744629,-6.9761962890625
47,initial,-7.991794109344482,-7.301180362701416
48,initial,-8.978292465209961,-8.273797988891602
49,initial,-7.935214519500732,-7.071787357330322
50,initial,-8.2716703414917,-7.808250427246094
51,initial,-8.963151931762695,-8.08276653289795
52,initial,-8.121150970458984,-7.35933256149292
53,initial,-8.498297691345215,-7.815809726715088
54,initial,-8.067806243896484,-7.542724609375
55,initial,-7.975388526916504,-7.055464267730713
56,initial,-7.831736087799072,-6.845069885253906
57,initial,-6.8258137702941895,-6.498489856719971
58,initial,-8.025657653808594,-7.09986686706543
59,initial,-7.724791526794434,-6.704841136932373
60,initial,-8.628893852233887,-8.497960090637207
61,initial,-9.215240478515625,-8.194245338439941
62,initial,-10.862895011901855,-9.898272514343262
63,initial,-9.826690673828125,-9.171609878540039
64,initial,-8.42402172088623,-7.830359935760498
65,initial,-7.733676910400391,-7.927588939666748
66,initial,-8.101042747497559,-7.613549709320068
67,initial,-10.847925186157227,-10.251815795898438
68,initial,-8.680526733398438,-8.212011337280273
69,initial,-8.292886734008789,-7.794939041137695
70,initial,-8.481772422790527,-7.920751094818115
71,initial,-9.3445463180542,-9.33220386505127
72,initial,-7.147968769073486,-6.916306972503662
73,initial,-7.949184894561768,-7.84220552444458
74,initial,-7.253286838531494,-7.32330846786499
75,initial,-9.700333595275879,-8.822278022766113
76,initial,-8.466902732849121,-7.729625225067139
77,initial,-9.675980567932129,-9.145743370056152
78,initial,-7.837587833404541,-7.503124713897705
79,initial,-8.3204927444458,-7.509827613830566
80,initial,-6.187379837036133,-6.1228742599487305
81,initial,-6.115056037902832,-5.966655254364014
82,initial,-8.631963729858398,-7.709174156188965
83,initial,-7.215322017669678,-6.568118572235107
84,initial,-6.797102451324463,-6.728353977203369
85,initial,-8.64148235321045,-8.079285621643066
86,initial,-7.9936418533325195,-7.563381671905518
87,initial,-6.840766429901123,-6.728099346160889
88,initial,-7.186302661895752,-6.899109363555908
89,initial,-5.784951686859131,-5.8153486251831055
90,initial,-7.212067604064941,-6.2559919357299805
91,initial,-9.405473709106445,-8.826885223388672
92,initial,-6.398845195770264,-5.9195756912231445
93,initial,-7.210983753204346,-7.247640132904053
94,initial,-7.136968612670898,-7.140567302703857
95,initial,-7.022612571716309,-6.975504398345947
96,initial,-6.756951332092285,-6.363752841949463
97,initial,-7.2021331787109375,-6.5750579833984375
98,initial,-8.64188289642334,-8.438711166381836
99,initial,-6.897425174713135,-6.518666744232178
100,initial,-8.532221794128418,-7.280625820159912
101,initial,-7.9129180908203125,-6.930354595184326
102,initial,-8.979803085327148,-8.11708927154541
103,initial,-7.66766357421875,-6.586927890777588
104,initial,-7.66766357421875,-6.586927890777588
105,initial,-7.825860023498535,-6.932221412658691
106,initial,-8.595537185668945,-7.847707271575928
107,initial,-8.33869743347168,-7.386094570159912
108,initial,-7.084381103515625,-6.4228515625
109,initial,-9.523293495178223,-8.7137451171875
110,initial,-9.083746910095215,-8.11491584777832
111,initial,-7.918150901794434,-7.20596981048584
112,initial,-8.978777885437012,-7.9939446449279785
113,initial,-8.797709465026855,-7.86127233505249
114,initial,-7.5601959228515625,-6.994288921356201
115,initial,-8.144465446472168,-7.470091342926025
116,initial,-9.38200855255127,-8.192130088806152
117,initial,-9.045867919921875,-7.9093217849731445
118,initial,-8.595537185668945,-7.847707271575928
119,initial,-9.538301467895508,-8.205208778381348
120,initial,-8.108860969543457,-6.768683433532715
121,initial,-7.994124889373779,-6.614328861236572
122,initial,-8.697510719299316,-7.2229790687561035
123,initial,-8.003636360168457,-6.333876132965088
124,initial,-8.073951721191406,-7.280554294586182
125,initial,-10.225641250610352,-8.076340675354004
126,initial,-9.814867973327637,-8.657670974731445
127,initial,-9.447336196899414,-7.185703277587891
128,initial,-8.317041397094727,-6.917496681213379
129,initial,-10.075960159301758,-8.152247428894043
130,initial,-8.215555191040039,-6.642629146575928
131,initial,-7.503176212310791,-6.773640155792236
132,initial,-7.943443298339844,-7.0363874435424805
133,initial,-10.003119468688965,-8.096822738647461
134,initial,-10.075960159301758,-8.152247428894043
135,initial,-7.9775543212890625,-6.81225061416626
136,initial,-7.601137638092041,-6.579018592834473
137,initial,-7.9775543212890625,-6.81225061416626
138,initial,-10.225641250610352,-8.076338768005371
139,initial,-8.088812828063965,-6.961352348327637
140,initial,-7.2690229415893555,-6.7689032554626465
141,initial,-8.133596420288086,-7.042774677276611
142,initial,-7.780999183654785,-6.811789512634277
143,initial,-6.942614555358887,-6.09653377532959
144,initial,-8.686067581176758,-8.06275749206543
145,initial,-7.585391044616699,-6.427933216094971
146,initial,-8.88477897644043,-7.7429327964782715
147,initial,-9.050238609313965,-8.301051139831543
148,initial,-7.875473976135254,-6.782055854797363
149,initial,-7.679847240447998,-6.712105751037598
150,initial,-8.2587308883667,-7.471736431121826
151,initial,-8.345953941345215,-7.592922687530518
152,initial,-8.90560245513916,-7.571154594421387
153,initial,-8.502768516540527,-7.607501983642578
154,initial,-7.2690229415893555,-6.7689032554626465
155,initial,-8.88477897644043,-7.7429327964782715
156,initial,-8.988788604736328,-7.833718299865723
157,initial,-8.847148895263672,-7.651775360107422
158,initial,-7.684116840362549,-6.74099063873291
159,initial,-8.88477897644043,-7.7429327964782715
160,initial,-9.081809997558594,-8.135891914367676
161,initial,-8.686373710632324,-7.196322917938232
162,initial,-8.176279067993164,-7.875288486480713
163,initial,-9.633054733276367,-8.948409080505371
164,initial,-10.453579902648926,-9.324807167053223
165,initial,-7.314008712768555,-6.8773884773254395
166,initial,-8.539690971374512,-7.781238079071045
167,initial,-9.633054733276367,-8.948409080505371
168,initial,-8.776517868041992,-7.391563892364502
169,initial,-8.028617858886719,-7.550873756408691
170,initial,-9.972723007202148,-8.317212104797363
171,initial,-9.069640159606934,-7.897640228271484
172,initial,-7.999715328216553,-7.507873058319092
173,initial,-10.16494083404541,-9.219001770019531
174,initial,-9.8528470993042,-9.015030860900879
175,initial,-8.662639617919922,-7.935481548309326
176,initial,-10.090347290039062,-8.95255184173584
177,initial,-8.264646530151367,-7.40039587020874
178,initial,-8.11621379852295,-6.946094512939453
179,initial,-9.501212120056152,-7.53737211227417
180,initial,-7.221283912658691,-6.8522186279296875
181,initial,-6.111063003540039,-5.946335315704346
182,initial,-6.647515773773193,-6.4428324699401855
183,initial,-7.0746893882751465,-6.6235175132751465
184,initial,-7.053222179412842,-6.083376884460449
185,initial,-8.031007766723633,-7.630440711975098
186,initial,-7.429139614105225,-7.313028812408447
187,initial,-9.11573600769043,-8.057133674621582
188,initial,-6.436803340911865,-6.007103443145752
189,initial,-7.729062557220459,-7.014719486236572
190,initial,-8.091598510742188,-6.8687005043029785
191,initial,-7.221283912658691,-6.8522186279296875
192,initial,-7.512240886688232,-7.107807159423828
193,initial,-7.953529357910156,-7.456218242645264
194,initial,-7.338476657867432,-6.925709247589111
195,initial,-8.168207168579102,-7.609915256500244
196,initial,-7.692911148071289,-7.0598039627075195
197,initial,-8.119749069213867,-6.814004898071289
198,initial,-8.681923866271973,-8.10965347290039
199,initial,-7.193522930145264,-6.538858890533447
200,initial,-7.045771598815918,-6.255174160003662
201,initial,-8.571743965148926,-7.58266544342041
202,initial,-8.282425880432129,-7.056374549865723
203,initial,-7.955576419830322,-6.21218204498291
204,initial,-7.955576419830322,-6.21218204498291
205,initial,-7.918785095214844,-7.13451623916626
206,initial,-9.269073486328125,-8.179884910583496
207,initial,-9.530594825744629,-8.209183692932129
208,initial,-7.955576419830322,-6.21218204498291
209,initial,-7.918785095214844,-7.13451623916626
210,initial,-8.330790519714355,-7.5248260498046875
211,initial,-8.4782133102417,-6.694515228271484
212,initial,-8.4782133102417,-6.694515228271484
213,initial,-8.698604583740234,-7.401803016662598
214,initial,-8.330790519714355,-7.5248260498046875
215,initial,-8.653046607971191,-7.497684478759766
216,initial,-9.101540565490723,-7.746238708496094
217,initial,-9.458956718444824,-7.9629998207092285
218,initial,-8.13547420501709,-7.117735385894775
219,initial,-7.594520092010498,-6.441379547119141
220,initial,-7.190944194793701,-6.781617164611816
221,initial,-7.099867820739746,-7.0796895027160645
222,initial,-7.1719865798950195,-6.8396453857421875
223,initial,-7.317306995391846,-7.168678283691406
224,initial,-8.222051620483398,-7.864414691925049
225,initial,-7.560898780822754,-7.373219966888428
226,initial,-7.200057029724121,-6.974607467651367
227,initial,-7.221466064453125,-6.885019302368164
228,initial,-7.632291793823242,-7.30391263961792
229,initial,-7.560898780822754,-7.373219966888428
230,initial,-8.395127296447754,-7.788188934326172
231,initial,-6.962080001831055,-6.398478984832764
232,initial,-8.128440856933594,-7.345842361450195
233,initial,-8.950665473937988,-8.17321491241455
234,initial,-8.980628967285156,-7.950282096862793
235,initial,-7.501850128173828,-7.072131633758545
236,initial,-6.822705268859863,-6.591524124145508
237,initial,-6.997598171234131,-6.663881778717041
238,initial,-8.802057266235352,-8.093374252319336
239,initial,-7.288957118988037,-7.123407363891602
240,initial,-6.708591461181641,-6.690057754516602
241,initial,-7.853553771972656,-7.632238388061523
242,initial,-8.348361015319824,-7.940767765045166
243,initial,-7.1573100090026855,-7.108431339263916
244,initial,-8.094411849975586,-7.701249599456787
245,initial,-8.397542953491211,-8.142027854919434
246,initial,-7.509521961212158,-7.274453163146973
247,initial,-8.202189445495605,-8.149364471435547
248,initial,-8.335775375366211,-8.29621410369873
249,initial,-8.318778991699219,-7.9398417472839355
250,initial,-7.989817142486572,-7.773672103881836
251,initial,-6.78471040725708,-7.0343732833862305
252,initial,-6.903483867645264,-7.105475425720215
253,initial,-7.1518235206604,-7.217252731323242
254,initial,-6.685701370239258,-6.713002681732178
255,initial,-7.705268859863281,-7.477204322814941
256,initial,-8.591582298278809,-8.259039878845215
257,initial,-8.72170352935791,-8.239453315734863
258,initial,-6.939628601074219,-6.919496536254883
259,initial,-6.256540298461914,-6.265802383422852
260,initial,-7.0604939460754395,-7.0597357749938965
261,initial,-7.167601585388184,-7.097774505615234
262,initial,-6.6086249351501465,-6.485329627990723
263,initial,-7.490949630737305,-7.616339683532715
264,initial,-7.399650573730469,-7.447396278381348
265,initial,-6.832385063171387,-7.049083232879639
266,initial,-6.815545558929443,-6.733053684234619
267,initial,-6.555551528930664,-6.568899631500244
268,initial,-6.794585227966309,-7.0142669677734375
269,initial,-7.530781269073486,-7.308910369873047
270,initial,-6.843428134918213,-6.822261333465576
271,initial,-6.436193943023682,-6.4411516189575195
272,initial,-6.181649208068848,-6.219615459442139
273,initial,-6.735569477081299,-6.526181221008301
274,initial,-7.584742069244385,-7.623135566711426
275,initial,-6.217131614685059,-6.179001331329346
276,initial,-7.031318187713623,-6.748130798339844
277,initial,-6.615391254425049,-6.640399932861328
278,initial,-6.553563594818115,-6.9596781730651855
279,initial,-7.015231609344482,-6.989977836608887
280,initial,-9.631529808044434,-8.75982666015625
281,initial,-8.056985855102539,-8.143656730651855
282,initial,-8.049763679504395,-8.002087593078613
283,initial,-7.626402378082275,-7.586098670959473
284,initial,-7.2909255027771,-7.368921756744385
285,initial,-6.87936544418335,-7.1280517578125
286,initial,-8.741202354431152,-8.539294242858887
287,initial,-8.237115859985352,-7.8734540939331055
288,initial,-8.093611717224121,-7.863015174865723
289,initial,-6.458234786987305,-6.962918281555176
290,initial,-8.74682903289795,-8.592411041259766
291,initial,-8.897538185119629,-8.600892066955566
292,initial,-7.855061054229736,-8.010147094726562
293,initial,-8.840851783752441,-8.529014587402344
294,initial,-6.6297783851623535,-6.756292819976807
295,initial,-7.266903877258301,-7.390207290649414
296,initial,-7.939776420593262,-7.6830010414123535
297,initial,-9.897933006286621,-9.038784980773926
298,initial,-7.451063632965088,-7.567715167999268
299,initial,-8.959675788879395,-8.808639526367188
300,initial,-7.160895347595215,-6.813197612762451
301,initial,-7.223121643066406,-6.927385330200195
302,initial,-6.768798828125,-6.446439266204834
303,initial,-7.556173324584961,-7.276590824127197
304,initial,-6.860170364379883,-6.454948425292969
305,initial,-7.630518436431885,-7.525982856750488
306,initial,-9.082906723022461,-8.520011901855469
307,initial,-6.966663837432861,-6.603534698486328
308,initial,-7.159763336181641,-6.387537956237793
309,initial,-6.366473197937012,-6.309282302856445
310,initial,-7.982199192047119,-7.864346027374268
311,initial,-6.907034873962402,-6.867039680480957
312,initial,-7.241052150726318,-6.921308994293213
313,initial,-7.09852933883667,-6.7107319831848145
314,initial,-6.438676357269287,-6.254824161529541
315,initial,-6.514467239379883,-6.30595588684082
316,initial,-5.971144199371338,-5.686994552612305
317,initial,-7.543580532073975,-7.341982364654541
318,initial,-6.48562479019165,-6.203275203704834
319,initial,-7.938047409057617,-7.758249759674072
320,initial,-5.966346263885498,-5.692107200622559
321,initial,-7.320862293243408,-6.906283855438232
322,initial,-7.007429122924805,-6.972209930419922
323,initial,-7.06953239440918,-6.577917098999023
324,initial,-7.47255802154541,-7.18734073638916
325,initial,-6.9515557289123535,-6.6884660720825195
326,initial,-7.354384422302246,-7.385425090789795
327,initial,-8.12176513671875,-7.670723915100098
328,initial,-5.866423606872559,-5.9725165367126465
329,initial,-7.7508955001831055,-7.456502437591553
330,initial,-6.812127113342285,-6.577565670013428
331,initial,-7.57487678527832,-7.388119220733643
332,initial,-7.639560699462891,-7.666664123535156
333,initial,-6.920865535736084,-6.7511749267578125
334,initial,-6.956894397735596,-6.567873954772949
335,initial,-6.843355655670166,-6.527989864349365
336,initial,-7.266001224517822,-7.374393463134766
337,initial,-6.992499828338623,-6.656278133392334
338,initial,-6.000974178314209,-5.8840484619140625
339,initial,-7.327683448791504,-7.109810829162598
340,initial,-7.287867546081543,-6.206308364868164
341,initial,-10.413508415222168,-9.629305839538574
342,initial,-9.936114311218262,-9.064103126525879
343,initial,-9.978780746459961,-9.352387428283691
344,initial,-8.185111999511719,-7.54362154006958
345,initial,-8.132658004760742,-7.06896448135376
346,initial,-10.11775016784668,-8.408848762512207
347,initial,-7.6650800704956055,-7.575252056121826
348,initial,-10.292543411254883,-9.283166885375977
349,initial,-8.303605079650879,-7.424712181091309
350,initial,-8.39130973815918,-8.746955871582031
351,initial,-10.53643798828125,-10.229405403137207
352,initial,-8.838484764099121,-7.749506950378418
353,initial,-10.257165908813477,-9.305511474609375
354,initial,-8.428214073181152,-7.697657108306885
355,initial,-8.881492614746094,-8.653279304504395
356,initial,-10.776008605957031,-10.34256362915039
357,initial,-10.415985107421875,-9.674670219421387
358,initial,-8.384001731872559,-7.247610569000244
359,initial,-8.714957237243652,-7.7955193519592285
360,initial,-7.999022006988525,-7.560329437255859
361,initial,-9.923254013061523,-9.079691886901855
362,initial,-7.973785400390625,-7.568872928619385
363,initial,-7.779969692230225,-7.866654396057129
364,initial,-8.11878776550293,-8.286502838134766
365,initial,-7.849225044250488,-7.879080295562744
366,initial,-7.767033576965332,-8.309706687927246
367,initial,-9.278039932250977,-8.404629707336426
368,initial,-9.775604248046875,-8.60729694366455
369,initial,-10.848795890808105,-10.699999809265137
370,initial,-7.800668239593506,-7.744270324707031
371,initial,-10.415237426757812,-10.393928527832031
372,initial,-9.325051307678223,-8.761248588562012
373,initial,-10.635690689086914,-10.525236129760742
374,initial,-8.672233581542969,-8.645160675048828
375,initial,-6.943321228027344,-6.474480628967285
376,initial,-8.411665916442871,-8.662556648254395
377,initial,-9.923254013061523,-9.079691886901855
378,initial,-7.779969692230225,-7.866654396057129
379,initial,-8.3684720993042,-8.306317329406738
380,initial,-7.560378074645996,-7.641806602478027
381,initial,-9.235475540161133,-8.204319953918457
382,initial,-7.372684478759766,-7.081111431121826
383,initial,-8.72061538696289,-8.916741371154785
384,initial,-6.811948776245117,-6.272879123687744
385,initial,-8.316207885742188,-8.183158874511719
386,initial,-8.3704195022583,-7.759969711303711
387,initial,-8.675535202026367,-8.491052627563477
388,initial,-7.899792194366455,-7.779746055603027
389,initial,-7.67500638961792,-7.800854682922363
390,initial,-7.712047100067139,-8.102957725524902
391,initial,-7.781224250793457,-7.166242599487305
392,initial,-7.874911308288574,-7.607767105102539
393,initial,-8.761785507202148,-8.394187927246094
394,initial,-7.496359825134277,-7.815149784088135
395,initial,-9.171002388000488,-9.302719116210938
396,initial,-8.546429634094238,-8.217700004577637
397,initial,-7.1427321434021,-7.298492908477783
398,initial,-7.339723587036133,-7.654680252075195
399,initial,-7.153488636016846,-6.7948408126831055
400,initial,-8.303439140319824,-7.8538923263549805
401,initial,-9.608061790466309,-9.280132293701172
402,initial,-10.522448539733887,-10.703988075256348
403,initial,-7.14813756942749,-7.078474044799805
404,initial,-9.07292366027832,-8.121768951416016
405,initial,-9.144160270690918,-8.189583778381348
406,initial,-8.795747756958008,-8.48270034790039
407,initial,-8.32766342163086,-8.596957206726074
408,initial,-7.1935601234436035,-7.141417980194092
409,initial,-8.834860801696777,-7.8593010902404785
410,initial,-8.087372779846191,-7.752101421356201
411,initial,-8.926328659057617,-8.724818229675293
412,initial,-8.859591484069824,-8.754844665527344
413,initial,-7.79934549331665,-7.7405595779418945
414,initial,-9.141831398010254,-8.90841007232666
415,initial,-9.607412338256836,-9.036370277404785
416,initial,-10.189821243286133,-9.145547866821289
417,initial,-9.557887077331543,-9.239663124084473
418,initial,-8.950288772583008,-8.062219619750977
419,initial,-7.148138523101807,-7.078474044799805
420,initial,-8.125121116638184,-7.262882709503174
421,initial,-6.297513008117676,-6.4379377365112305
422,initial,-7.331300258636475,-6.940090656280518
423,initial,-7.426183223724365,-7.074668884277344
424,initial,-6.9176836013793945,-6.698448657989502
425,initial,-8.663346290588379,-8.123875617980957
426,initial,-8.798897743225098,-8.518367767333984
427,initial,-9.460729598999023,-9.044212341308594
428,initial,-8.325525283813477,-8.01461410522461
429,initial,-6.567011833190918,-6.480220317840576
430,initial,-9.545201301574707,-9.59097671508789
431,initial,-7.203057289123535,-7.092349052429199
432,initial,-6.9665207862854,-7.02805757522583
433,initial,-8.794781684875488,-7.752696990966797
434,initial,-7.901400566101074,-7.67496395111084
435,initial,-6.80986213684082,-6.405057430267334
436,initial,-6.956308841705322,-6.875959873199463
437,initial,-6.688390731811523,-6.452716827392578
438,initial,-6.9682769775390625,-6.750640869140625
439,initial,-7.190943241119385,-6.936436176300049
440,initial,-8.37311840057373,-7.612213134765625
441,initial,-6.358335018157959,-5.691354274749756
442,initial,-8.451247215270996,-7.70294189453125
443,initial,-7.54266881942749,-7.201075553894043
444,initial,-7.826198577880859,-7.085879802703857
445,initial,-8.172903060913086,-7.427103042602539
446,initial,-9.21241283416748,-8.818135261535645
447,initial,-9.37814998626709,-8.621349334716797
448,initial,-8.508320808410645,-7.563912391662598
449,initial,-7.13766622543335,-6.845708847045898
450,initial,-8.517505645751953,-7.772881507873535
451,initial,-8.176713943481445,-7.288843631744385
452,initial,-8.814685821533203,-7.554384708404541
453,initial,-8.295628547668457,-7.040423393249512
454,initial,-7.856150150299072,-7.310999870300293
455,initial,-7.5255913734436035,-6.978115558624268
456,initial,-7.459719181060791,-6.869067668914795
457,initial,-7.542839527130127,-7.060462474822998
458,initial,-8.093817710876465,-7.466917514801025
459,initial,-7.484066486358643,-7.2902374267578125
460,initial,-8.520918846130371,-7.868717670440674
461,initial,-6.454617500305176,-6.070227146148682
462,initial,-6.453391075134277,-6.292936325073242
463,initial,-7.7085161209106445,-7.34669303894043
464,initial,-7.469522953033447,-7.337212562561035
465,initial,-7.1333184242248535,-7.089682579040527
466,initial,-6.6040191650390625,-6.571630477905273
467,initial,-6.906862735748291,-6.665621280670166
468,initial,-7.736782073974609,-7.392595291137695
469,initial,-7.454890727996826,-7.152318477630615
470,initial,-7.2759928703308105,-7.082054615020752
471,initial,-8.96242618560791,-8.209335327148438
472,initial,-7.49622106552124,-7.185849189758301
473,initial,-7.382002830505371,-6.850546360015869
474,initial,-7.085402011871338,-6.954703330993652
475,initial,-7.324447154998779,-7.050802230834961
476,initial,-6.317720413208008,-6.274402618408203
477,initial,-7.277207374572754,-7.007549285888672
478,initial,-6.578588485717773,-6.216041564941406
479,initial,-6.591681003570557,-6.465168476104736
480,initial,-6.451936721801758,-6.40905237197876
481,initial,-7.219167709350586,-6.842292785644531
482,initial,-7.7671661376953125,-7.318075180053711
483,initial,-6.506614685058594,-6.183074951171875
484,initial,-5.97048282623291,-5.54057502746582
485,initial,-6.49181604385376,-6.557891845703125
486,initial,-6.49181604385376,-6.557891845703125
487,initial,-7.307373046875,-7.2407331466674805
488,initial,-6.403388023376465,-6.039005756378174
489,initial,-7.249110698699951,-7.162652969360352
490,initial,-7.930756568908691,-7.507122993469238
491,initial,-9.231907844543457,-8.469420433044434
492,initial,-6.49181604385376,-6.557891845703125
493,initial,-6.3599348068237305,-6.019028186798096
494,initial,-7.015110969543457,-6.458491802215576
495,initial,-7.413166522979736,-7.149820804595947
496,initial,-6.4799699783325195,-6.518509864807129
497,initial,-6.590510845184326,-6.114108085632324
498,initial,-6.3599348068237305,-6.019028186798096
499,initial,-7.427504062652588,-7.268621444702148
500,initial,-6.049473285675049,-6.435999870300293
501,initial,-6.410431385040283,-6.50330114364624
502,initial,-6.628239631652832,-6.549615859985352
503,initial,-8.018680572509766,-7.929618835449219
504,initial,-6.55682373046875,-6.4293131828308105
505,initial,-6.4615912437438965,-6.616171360015869
506,initial,-6.438736915588379,-6.747138500213623
507,initial,-8.272446632385254,-8.28011703491211
508,initial,-6.988734722137451,-6.8887619972229
509,initial,-6.529013156890869,-6.473840713500977
510,initial,-8.167346954345703,-7.727486610412598
511,initial,-7.679299354553223,-7.469507694244385
512,initial,-6.610625743865967,-6.514291763305664
513,initial,-6.719052314758301,-6.61173677444458
514,initial,-6.992515563964844,-7.063690185546875
515,initial,-6.910975456237793,-6.702977180480957
516,initial,-6.861217498779297,-6.935449123382568
517,initial,-5.43406343460083,-5.359909534454346
518,initial,-7.360254287719727,-7.319584369659424
519,initial,-8.25700855255127,-8.39413833618164
520,initial,-7.603115081787109,-7.471659183502197
521,initial,-7.353068828582764,-7.2715020179748535
522,initial,-8.556553840637207,-8.06796932220459
523,initial,-7.480197429656982,-7.415841579437256
524,initial,-6.508720397949219,-6.681981563568115
525,initial,-8.103079795837402,-8.09400749206543
526,initial,-6.2994866371154785,-6.103256702423096
527,initial,-5.679499626159668,-5.963364124298096
528,initial,-8.750594139099121,-8.169239044189453
529,initial,-7.588414192199707,-7.690584659576416
530,initial,-7.374561786651611,-7.224306583404541
531,initial,-8.58016300201416,-8.550053596496582
532,initial,-9.001489639282227,-8.352872848510742
533,initial,-7.477169513702393,-7.493449687957764
534,initial,-8.0850830078125,-7.804643630981445
535,initial,-6.592642307281494,-6.640284538269043
536,initial,-6.129977226257324,-6.727426052093506
537,initial,-8.58016300201416,-8.550053596496582
538,initial,-6.32910680770874,-6.303158283233643
539,initial,-6.903329372406006,-6.795962333679199
540,initial,-5.702647686004639,-5.905940532684326
541,initial,-5.717625141143799,-5.695202350616455
542,initial,-6.549675464630127,-6.3582634925842285
543,initial,-5.854729652404785,-5.94809627532959
544,initial,-6.0079193115234375,-5.955723762512207
545,initial,-6.242274761199951,-6.194117546081543
546,initial,-6.386603832244873,-6.4201154708862305
547,initial,-6.538079738616943,-6.638395309448242
548,initial,-5.896179676055908,-5.700284004211426
549,initial,-6.082122802734375,-5.972788333892822
550,initial,-6.5842437744140625,-6.3423919677734375
551,initial,-7.120913982391357,-6.995751857757568
552,initial,-6.363192081451416,-6.276133060455322
553,initial,-7.613084316253662,-7.031454563140869
554,initial,-7.60523796081543,-7.614012241363525
555,initial,-7.502406120300293,-6.9919047355651855
556,initial,-5.499532699584961,-6.045846939086914
557,initial,-6.793585300445557,-6.443338394165039
558,initial,-6.097242832183838,-5.811999797821045
559,initial,-6.1697163581848145,-6.00014591217041
560,initial,-7.385887145996094,-6.739925384521484
561,initial,-7.559715270996094,-6.6293158531188965
562,initial,-7.9716901779174805,-7.553565979003906
563,initial,-6.675395488739014,-6.41740083694458
564,initial,-8.09715461730957,-7.414778709411621
565,initial,-6.280236721038818,-5.647946834564209
566,initial,-6.7218475341796875,-6.265408515930176
567,initial,-7.465945720672607,-6.7554030418396
568,initial,-6.871582508087158,-6.916053771972656
569,initial,-7.354513168334961,-6.87313985824585
570,initial,-7.904538154602051,-7.362563133239746
571,initial,-7.1131792068481445,-6.457959175109863
572,initial,-6.839121341705322,-6.7549567222595215
573,initial,-8.305607795715332,-7.682746887207031
574,initial,-6.561438083648682,-6.2704176902771
575,initial,-6.406000137329102,-6.031289577484131
576,initial,-6.5342583656311035,-6.147982120513916
577,initial,-5.825805187225342,-5.53204345703125
578,initial,-6.0113372802734375,-5.95070219039917
579,initial,-6.378524303436279,-5.994238376617432
580,initial,-7.626893043518066,-7.298763275146484
581,initial,-8.46867847442627,-7.687775135040283
582,initial,-7.130709171295166,-6.498226165771484
583,initial,-8.864699363708496,-7.701130390167236
584,initial,-8.321163177490234,-7.910181522369385
585,initial,-6.838050365447998,-6.313050270080566
586,initial,-7.180211544036865,-6.736965179443359
587,initial,-8.721037864685059,-7.844487190246582
588,initial,-8.060386657714844,-7.42040491104126
589,initial,-8.132832527160645,-7.2041754722595215
590,initial,-8.49845027923584,-7.5514349937438965
591,initial,-8.739036560058594,-7.869217395782471
592,initial,-8.685393333435059,-7.7796478271484375
593,initial,-7.680727481842041,-7.238773345947266
594,initial,-6.78920316696167,-6.131495952606201
595,initial,-8.76835823059082,-7.709580898284912
596,initial,-6.572476387023926,-6.076203346252441
597,initial,-7.9109883308410645,-7.28460693359375
598,initial,-9.421377182006836,-8.17029857635498
599,initial,-8.387581825256348,-7.771294593811035
600,initial,-7.57248067855835,-7.50484561920166
601,initial,-9.113692283630371,-8.079635620117188
602,initial,-9.241253852844238,-8.228846549987793
603,initial,-8.77124309539795,-8.043864250183105
604,initial,-7.57248067855835,-7.50484561920166
605,initial,-7.5385966300964355,-7.300906181335449
606,initial,-8.819828033447266,-7.959146976470947
607,initial,-7.935951232910156,-7.471996784210205
608,initial,-8.46685791015625,-7.65161657333374
609,initial,-8.856223106384277,-8.20565128326416
610,initial,-7.661006450653076,-7.176513671875
611,initial,-9.241253852844238,-8.228845596313477
612,initial,-7.0963568687438965,-6.617236137390137
613,initial,-7.890487194061279,-7.38601016998291
614,initial,-7.217662811279297,-6.9029364585876465
615,initial,-7.76781702041626,-7.531175136566162
616,initial,-7.333576202392578,-6.804510116577148
617,initial,-8.438621520996094,-7.683030128479004
618,initial,-7.462248802185059,-7.0029778480529785
619,initial,-8.768664360046387,-7.9612579345703125
620,initial,-7.2859344482421875,-7.081021308898926
621,initial,-7.865136623382568,-7.626936912536621
622,initial,-8.509092330932617,-8.24223804473877
623,initial,-7.006074905395508,-6.900559902191162
624,initial,-7.316097736358643,-7.006297588348389
625,initial,-7.228034019470215,-7.319636344909668
626,initial,-8.200905799865723,-8.061330795288086
627,initial,-6.491049766540527,-6.359582424163818
628,initial,-7.233833312988281,-6.689200401306152
629,initial,-8.558834075927734,-7.939864158630371
630,initial,-7.945370674133301,-7.307552814483643
631,initial,-7.672003746032715,-7.069283485412598
632,initial,-6.507363796234131,-6.594795227050781
633,initial,-6.390167236328125,-6.309663772583008
634,initial,-7.5124359130859375,-7.201395034790039
635,initial,-6.002482891082764,-6.0005669593811035
636,initial,-7.351346015930176,-7.369096755981445
637,initial,-6.517704963684082,-6.4032745361328125
638,initial,-7.683628082275391,-7.61248254776001
639,initial,-6.6241936683654785,-6.154175281524658
640,initial,-8.228317260742188,-7.351809024810791
641,initial,-7.609797954559326,-8.00909423828125
642,initial,-7.181029796600342,-6.912243843078613
643,initial,-8.828097343444824,-8.213808059692383
644,initial,-8.0845365524292,-8.331260681152344
645,initial,-8.286499977111816,-7.874292373657227
646,initial,-9.329144477844238,-9.081364631652832
647,initial,-8.074224472045898,-7.155104160308838
648,initial,-9.999604225158691,-8.6467924118042
649,initial,-8.355386734008789,-8.104302406311035
650,initial,-8.070351600646973,-8.108230590820312
651,initial,-7.485102653503418,-7.354015827178955
652,initial,-7.5744099617004395,-7.067012786865234
653,initial,-7.9620890617370605,-7.199310302734375
654,initial,-7.982572078704834,-7.875744342803955
655,initial,-9.190581321716309,-8.666748046875
656,initial,-9.070870399475098,-8.507606506347656
657,initial,-9.588936805725098,-8.867913246154785
658,initial,-8.961800575256348,-8.368371963500977
659,initial,-8.5565185546875,-7.78603458404541
660,initial,-7.9542155265808105,-7.292359352111816
661,initial,-5.916979789733887,-5.660840034484863
662,initial,-8.117997169494629,-7.525871276855469
663,initial,-7.441274166107178,-7.486636161804199
664,initial,-6.587820529937744,-6.3779401779174805
665,initial,-6.541761875152588,-6.535801410675049
666,initial,-5.947587966918945,-5.938837051391602
667,initial,-7.064012050628662,-6.726766586303711
668,initial,-6.381101608276367,-6.325390338897705
669,initial,-5.676089286804199,-5.910052299499512
670,initial,-8.252006530761719,-7.945492267608643
671,initial,-6.750115871429443,-6.579464912414551
672,initial,-7.820497989654541,-7.333811283111572
673,initial,-6.408747673034668,-6.29359769821167
674,initial,-8.252005577087402,-7.945492267608643
675,initial,-7.113368034362793,-7.026405334472656
676,initial,-8.455293655395508,-7.8471808433532715
677,initial,-7.058777809143066,-6.607661247253418
678,initial,-7.191122531890869,-7.114194869995117
679,initial,-7.3979291915893555,-7.407604694366455
680,initial,-7.524589538574219,-6.579106330871582
681,initial,-7.407134532928467,-6.715048789978027
682,initial,-7.175317287445068,-6.54789924621582
683,initial,-8.260629653930664,-7.709249496459961
684,initial,-7.477134704589844,-6.706879615783691
685,initial,-6.372944355010986,-5.9717607498168945
686,initial,-7.275049686431885,-6.820268154144287
687,initial,-6.858065605163574,-6.56699275970459
688,initial,-7.282404899597168,-6.488049030303955
689,initial,-7.816760540008545,-7.318944931030273
690,initial,-7.059797763824463,-6.63353157043457
691,initial,-6.755466461181641,-6.46546745300293
692,initial,-7.382899284362793,-7.225857734680176
693,initial,-7.36057186126709,-6.738375186920166
694,initial,-7.245488166809082,-7.292150020599365
695,initial,-7.811289310455322,-7.651234149932861
696,initial,-8.682940483093262,-7.911163330078125
697,initial,-7.24746036529541,-6.516419410705566
698,initial,-7.378178119659424,-6.998068809509277
699,initial,-6.980954170227051,-6.360376358032227
0,final,-5.015797138214111,-3.98262619972229
1,final,-4.911054611206055,-4.4595866203308105
2,final,-3.573063611984253,-3.039415121078491
3,final,-6.072981834411621,-5.133900165557861
4,final,-4.960501670837402,-3.7787258625030518
5,final,-4.641770362854004,-3.9634482860565186
6,final,-5.9676995277404785,-4.683263301849365
7,final,-5.162478446960449,-3.8021411895751953
8,final,-3.6836044788360596,-2.4888076782226562
9,final,-3.573063611984253,-3.039415121078491
10,final,-6.462092399597168,-4.683250904083252
11,final,-3.4847047328948975,-2.942905902862549
12,final,-4.697328567504883,-3.566103219985962
13,final,-5.302224159240723,-4.133544921875
14,final,-3.6836044788360596,-2.4888076782226562
15,final,-5.561833381652832,-4.162593841552734
16,final,-4.69284200668335,-3.606222152709961
17,final,-4.721717357635498,-3.941110849380493
18,final,-6.501346588134766,-5.7346930503845215
19,final,-5.108964443206787,-4.269985198974609
20,final,-4.036031723022461,-3.4776015281677246
21,final,-4.978365421295166,-3.857334613800049
22,final,-6.448727607727051,-5.452377796173096
23,final,-4.039137363433838,-3.088426351547241
24,final,-5.2361955642700195,-4.193658351898193
25,final,-4.039137363433838,-3.088426351547241
26,final,-6.202747821807861,-5.040681838989258
27,final,-5.83154821395874,-4.963992595672607
28,final,-4.454554080963135,-4.295360088348389
29,final,-6.57068395614624,-5.112852573394775
30,final,-4.1062703132629395,-3.602947235107422
31,final,-4.684836387634277,-3.7741832733154297
32,final,-6.448728084564209,-5.4523773193359375
33,final,-4.684834957122803,-3.774182081222534
34,final,-4.892888069152832,-4.50875997543335
35,final,-6.573044776916504,-5.808477401733398
36,final,-4.454554557800293,-4.2953596115112305
37,final,-4.684834957122803,-3.774182081222534
38,final,-3.9409656524658203,-3.518385171890259
39,final,-4.718940734863281,-3.8716607093811035
40,final,-5.189924716949463,-4.205853462219238
41,final,-5.5543437004089355,-4.388967037200928
42,final,-5.370710372924805,-4.21870231628418
43,final,-7.2991204261779785,-5.934789180755615
44,final,-5.951462268829346,-4.692459583282471
45,final,-5.425316333770752,-4.50439977645874
46,final,-5.831965923309326,-4.486480712890625
47,final,-5.800947189331055,-4.936723232269287
48,final,-7.445987224578857,-6.12624979019165
49,final,-5.506254196166992,-4.6001129150390625
50,final,-6.819858074188232,-5.319431304931641
51,final,-7.432187557220459,-5.787431716918945
52,final,-6.03226900100708,-4.911188125610352
53,final,-6.327953338623047,-5.295195579528809
54,final,-6.573431968688965,-5.312483310699463
55,final,-5.70412540435791,-4.532099723815918
56,final,-5.511964321136475,-4.271758079528809
57,final,-4.61171293258667,-3.476435422897339
58,final,-5.9070515632629395,-4.266826629638672
59,final,-5.530615329742432,-4.404062271118164
60,final,-5.862105846405029,-4.86545991897583
61,final,-6.967808723449707,-5.040979385375977
62,final,-8.882386207580566,-7.176202297210693
63,final,-7.092799186706543,-4.999396800994873
64,final,-5.965225696563721,-4.948208332061768
65,final,-5.262475490570068,-4.11562442779541
66,final,-5.034757614135742,-3.6342239379882812
67,final,-9.366541862487793,-7.5372772216796875
68,final,-6.348995208740234,-5.158562183380127
69,final,-5.594858646392822,-4.685855388641357
70,final,-6.924559116363525,-4.993603229522705
71,final,-7.605660438537598,-6.244103908538818
72,final,-5.6790852546691895,-4.205540657043457
73,final,-5.884063243865967,-4.73866605758667
74,final,-5.6451239585876465,-4.260303497314453
75,final,-6.4991559982299805,-4.620326995849609
76,final,-5.492645263671875,-3.866873264312744
77,final,-6.5779709815979,-5.010120391845703
78,final,-5.21261739730835,-4.492426872253418
79,final,-5.471670150756836,-4.282556056976318
80,final,-4.175106048583984,-3.562840223312378
81,final,-3.9247236251831055,-2.9703097343444824
82,final,-6.327339172363281,-4.840690612792969
83,final,-5.192461967468262,-4.49137544631958
84,final,-5.460883140563965,-4.4525275230407715
85,final,-6.735724449157715,-5.378161907196045
86,final,-5.53334903717041,-4.578181266784668
87,final,-5.66197395324707,-4.6563920974731445
88,final,-5.798529624938965,-4.685105800628662
89,final,-4.1913604736328125,-3.4749133586883545
90,final,-5.894914627075195,-4.780439853668213
91,final,-8.10562515258789,-6.54673433303833
92,final,-4.488460063934326,-3.5067996978759766
93,final,-5.053121566772461,-3.9280896186828613
94,final,-5.174610614776611,-4.052194595336914
95,final,-5.846432209014893,-4.781572341918945
96,final,-4.506851673126221,-3.647108316421509
97,final,-5.350600242614746,-4.45619535446167
98,final,-6.583918571472168,-5.201809406280518
99,final,-5.0293755531311035,-4.239858150482178
100,final,-5.381835460662842,-4.207508087158203
101,final,-5.248486042022705,-4.0879034996032715
102,final,-7.3138041496276855,-5.855599403381348
103,final,-4.831774711608887,-3.803075075149536
104,final,-4.831774711608887,-3.803075075149536
105,final,-5.277602195739746,-4.415164470672607
106,final,-6.100480556488037,-5.015312671661377
107,final,-5.596839904785156,-4.557205677032471
108,final,-3.7132186889648438,-3.2640199661254883
109,final,-6.849102020263672,-6.038671016693115
110,final,-6.19295072555542,-4.955698490142822
111,final,-4.064107418060303,-3.343184471130371
112,final,-6.751767635345459,-5.2790069580078125
113,final,-6.0873260498046875,-4.643090724945068
114,final,-4.695698261260986,-3.7668569087982178
115,final,-5.17110538482666,-4.607091903686523
116,final,-6.39288854598999,-5.111903667449951
117,final,-5.45701789855957,-4.710103511810303
118,final,-6.100480556488037,-5.015312671661377
119,final,-6.614403247833252,-5.142265796661377
120,final,-3.2480862140655518,-2.2726504802703857
121,final,-3.3008289337158203,-2.242377996444702
122,final,-4.48887825012207,-3.343858480453491
123,final,-4.051204204559326,-2.883141279220581
124,final,-3.7959136962890625,-2.8499698638916016
125,final,-5.1192755699157715,-3.5562679767608643
126,final,-5.892838478088379,-4.750020503997803
127,final,-4.908294200897217,-3.414077043533325
128,final,-3.4363880157470703,-2.424633026123047
129,final,-6.47677755355835,-4.734670639038086
130,final,-4.145432472229004,-3.084027051925659
131,final,-4.458235740661621,-3.484785318374634
132,final,-3.1999778747558594,-2.511948823928833
133,final,-6.187597751617432,-4.465342998504639
134,final,-6.47677755355835,-4.734670639038086
135,final,-3.9699416160583496,-2.7008907794952393
136,final,-4.0043463706970215,-2.9899260997772217
137,final,-3.9699416160583496,-2.7008907794952393
138,final,-5.119275093078613,-3.5562679767608643
139,final,-3.9901115894317627,-3.1403815746307373
140,final,-4.3256731033325195,-3.250825881958008
141,final,-5.578982353210449,-4.350383281707764
142,final,-5.20118522644043,-4.071457862854004
143,final,-3.9437222480773926,-2.7220373153686523
144,final,-7.051686763763428,-5.296796798706055
145,final,-5.704365253448486,-4.415356636047363
146,final,-6.7474493980407715,-5.3574419021606445
147,final,-7.398205280303955,-5.814650535583496
148,final,-5.186018466949463,-3.9834773540496826
149,final,-5.159878730773926,-3.8410542011260986
150,final,-5.741949558258057,-4.50228214263916
151,final,-6.4569172859191895,-5.132991790771484
152,final,-6.210634708404541,-4.70057487487793
153,final,-6.692749977111816,-5.258903980255127
154,final,-4.3256731033325195,-3.250825881958008
155,final,-6.7474493980407715,-5.3574419021606445
156,final,-7.169905662536621,-5.447023868560791
157,final,-6.94353723526001,-5.3776092529296875
158,final,-4.513577461242676,-3.303508758544922
159,final,-6.7474493980407715,-5.3574419021606445
160,final,-6.795182704925537,-4.7269697189331055
161,final,-6.216696739196777,-4.121135711669922
162,final,-6.103522777557373,-4.258397102355957
163,final,-7.006030082702637,-5.29522705078125
164,final,-7.961886405944824,-5.976007461547852
165,final,-4.009461879730225,-2.696828603744507
166,final,-4.982883930206299,-3.385399341583252
167,final,-7.006030082702637,-5.29522705078125
168,final,-5.46729850769043,-3.800119638442993
169,final,-4.690984725952148,-3.326063394546509
170,final,-6.700014591217041,-4.517725467681885
171,final,-5.867585182189941,-3.8189141750335693
172,final,-4.647050380706787,-3.329204559326172
173,final,-7.607699394226074,-5.745020389556885
174,final,-6.394805431365967,-4.725254058837891
175,final,-5.185396671295166,-3.5359551906585693
176,final,-6.444753170013428,-4.500694751739502
177,final,-5.0273003578186035,-3.7102465629577637
178,final,-5.0823140144348145,-3.554368734359741
179,final,-6.5451202392578125,-4.337406158447266
180,final,-5.4462480545043945,-4.147233963012695
181,final,-3.762331962585449,-2.7795536518096924
182,final,-4.343928337097168,-3.5742318630218506
183,final,-5.572594165802002,-4.30109167098999
184,final,-5.386758804321289,-4.399918556213379
185,final,-5.50875186920166,-4.176842212677002
186,final,-5.568423748016357,-4.425503730773926
187,final,-7.009937763214111,-5.2668962478637695
188,final,-4.333461284637451,-3.170077323913574
189,final,-5.823431015014648,-4.83546257019043
190,final,-4.242114067077637,-3.1885104179382324
191,final,-5.4462480545043945,-4.147233963012695
192,final,-5.86538553237915,-4.987588405609131
193,final,-6.010581016540527,-4.701400279998779
194,final,-4.952277660369873,-4.319695949554443
195,final,-5.71613883972168,-4.804318904876709
196,final,-5.639111042022705,-4.801224231719971
197,final,-5.101650714874268,-3.822096824645996
198,final,-7.208297252655029,-5.6372599601745605
199,final,-5.115301609039307,-4.152425765991211
200,final,-3.23870587348938,-2.565272808074951
201,final,-4.910269737243652,-3.986117362976074
202,final,-4.939851760864258,-3.759758472442627
203,final,-5.004667282104492,-3.57767915725708
204,final,-5.004667282104492,-3.57767915725708
205,final,-3.7447316646575928,-2.9735498428344727
206,final,-6.879814147949219,-5.354525089263916
207,final,-6.635868072509766,-5.2431864738464355
208,final,-5.004667282104492,-3.57767915725708
209,final,-3.7447316646575928,-2.9735498428344727
210,final,-6.562965393066406,-4.794953346252441
211,final,-5.76423454284668,-4.38045597076416
212,final,-5.76423454284668,-4.38045597076416
213,final,-5.663625717163086,-4.219391345977783
214,final,-6.562965393066406,-4.794953346252441
215,final,-6.053707122802734,-4.745430946350098
216,final,-5.41027307510376,-4.2277512550354
217,final,-6.1314616203308105,-4.7792840003967285
218,final,-3.8050405979156494,-3.076204538345337
219,final,-4.9111008644104,-3.2064061164855957
220,final,-4.977574348449707,-4.340421676635742
221,final,-4.887813568115234,-4.2796406745910645
222,final,-5.624043941497803,-5.1164703369140625
223,final,-5.597043514251709,-5.105930805206299
224,final,-6.492115020751953,-5.7335333824157715
225,final,-4.959324836730957,-4.474857807159424
226,final,-4.975146770477295,-4.585240840911865
227,final,-4.472314834594727,-4.012105941772461
228,final,-5.07666015625,-4.310097694396973
229,final,-4.959324836730957,-4.474857807159424
230,final,-5.610047817230225,-4.9183430671691895
231,final,-4.060293197631836,-3.4647321701049805
232,final,-5.848349094390869,-4.835493087768555
233,final,-6.777781009674072,-5.738598823547363
234,final,-5.864182949066162,-5.006821632385254
235,final,-5.0141921043396,-4.372372150421143
236,final,-4.069360733032227,-3.672889232635498
237,final,-4.034717559814453,-3.7297542095184326
238,final,-6.450481414794922,-5.34069299697876
239,final,-4.865856170654297,-4.354937553405762
240,final,-4.092222213745117,-3.713879108428955
241,final,-5.095516681671143,-4.971490383148193
242,final,-6.7409281730651855,-6.227890968322754
243,final,-5.1569108963012695,-4.690427303314209
244,final,-5.982165336608887,-5.463698863983154
245,final,-6.976240634918213,-6.533306121826172
246,final,-5.417293548583984,-4.717198371887207
247,final,-6.020889759063721,-5.483063697814941
248,final,-6.100343227386475,-5.619457244873047
249,final,-5.6338887214660645,-5.3512067794799805
250,final,-5.761559963226318,-5.13522481918335
251,final,-5.0754170417785645,-4.759066581726074
252,final,-4.782580375671387,-4.480578899383545
253,final,-4.990527153015137,-4.5224199295043945
254,final,-4.603333950042725,-4.271121501922607
255,final,-5.607633590698242,-5.0682244300842285
256,final,-5.7765302658081055,-5.341531753540039
257,final,-6.7094035148620605,-6.399603843688965
258,final,-4.6548662185668945,-4.1429762840271
259,final,-3.5611300468444824,-3.3055670261383057
260,final,-5.568879127502441,-5.021693706512451
261,final,-6.299533843994141,-5.49544620513916
262,final,-5.289304256439209,-4.743546485900879
263,final,-5.893491744995117,-5.2969560623168945
264,final,-5.757734298706055,-5.350915431976318
265,final,-5.601841926574707,-4.9333577156066895
266,final,-5.257491111755371,-4.734728813171387
267,final,-5.118803024291992,-4.600767135620117
268,final,-5.869470596313477,-5.38234281539917
269,final,-7.162160396575928,-5.8254075050354
270,final,-5.231571197509766,-4.837577819824219
271,final,-5.371152877807617,-4.2383246421813965
272,final,-4.811736583709717,-4.242848873138428
273,final,-5.4535017013549805,-4.833406925201416
274,final,-7.0360260009765625,-6.2669196128845215
275,final,-4.0885233879089355,-3.568307638168335
276,final,-5.624216556549072,-4.570282936096191
277,final,-5.090800762176514,-4.569836616516113
278,final,-5.269953727722168,-4.821889877319336
279,final,-5.414483547210693,-4.981333255767822
280,final,-7.33682107925415,-6.199446678161621
281,final,-5.978213787078857,-5.489327907562256
282,final,-6.306591033935547,-5.680217742919922
283,final,-5.926473617553711,-5.318556308746338
284,final,-5.088827133178711,-4.210911750793457
285,final,-5.864755630493164,-4.896979331970215
286,final,-7.953971862792969,-7.086544513702393
287,final,-7.309440612792969,-6.26710319519043
288,final,-6.371205806732178,-5.590381622314453
289,final,-5.024517059326172,-4.164712429046631
290,final,-7.892796993255615,-7.168491840362549
291,final,-6.60902738571167,-5.957033634185791
292,final,-6.500908374786377,-5.674427032470703
293,final,-7.663818359375,-6.714387893676758
294,final,-4.596862316131592,-4.09324312210083
295,final,-5.368437767028809,-4.832489967346191
296,final,-6.01669979095459,-5.2234578132629395
297,final,-7.246847629547119,-6.243658065795898
298,final,-5.981198787689209,-5.259008884429932
299,final,-7.784394264221191,-6.926921367645264
300,final,-6.3849334716796875,-5.467958450317383
301,final,-5.579056739807129,-4.861730575561523
302,final,-5.087817668914795,-4.577575206756592
303,final,-6.0138750076293945,-5.332159996032715
304,final,-5.48509407043457,-5.2059102058410645
305,final,-6.287538051605225,-5.700818061828613
306,final,-8.24608325958252,-7.054523468017578
307,final,-5.37451696395874,-4.916164398193359
308,final,-4.4676971435546875,-3.7138891220092773
309,final,-5.181402683258057,-4.042137622833252
310,final,-6.763328552246094,-5.877718925476074
311,final,-5.76561164855957,-4.911400318145752
312,final,-5.549118995666504,-5.079712390899658
313,final,-5.508890628814697,-5.069314956665039
314,final,-4.919830799102783,-4.199633598327637
315,final,-4.775754451751709,-4.181377410888672
316,final,-4.158545970916748,-3.722104072570801
317,final,-6.326555252075195,-5.9690728187561035
318,final,-4.59837532043457,-4.070490837097168
319,final,-6.677296161651611,-6.058981418609619
320,final,-4.171170711517334,-3.4888691902160645
321,final,-5.896479606628418,-5.360071182250977
322,final,-4.976176738739014,-4.86367130279541
323,final,-5.018162250518799,-4.220084190368652
324,final,-5.219089984893799,-4.749340057373047
325,final,-4.811122894287109,-4.283633232116699
326,final,-5.272071838378906,-4.972981929779053
327,final,-6.5760416984558105,-6.268446445465088
328,final,-3.6736505031585693,-3.6080117225646973
329,final,-5.396551132202148,-4.87877082824707
330,final,-4.678092956542969,-4.198387145996094
331,final,-6.74461555480957,-5.9217610359191895
332,final,-6.6370134353637695,-5.813986778259277
333,final,-5.331659317016602,-4.641765594482422
334,final,-3.9611902236938477,-3.520233631134033
335,final,-4.040468215942383,-3.8137497901916504
336,final,-5.561374187469482,-4.773777961730957
337,final,-4.950682163238525,-4.612358093261719
338,final,-3.991464853286743,-3.4565958976745605
339,final,-6.4160895347595215,-5.464243412017822
340,final,-4.089095115661621,-3.8247294425964355
341,final,-7.497602939605713,-6.279216766357422
342,final,-7.376674652099609,-6.318290710449219
343,final,-7.406503200531006,-6.426136493682861
344,final,-5.13012170791626,-4.6607818603515625
345,final,-5.011524200439453,-4.03989315032959
346,final,-7.596366882324219,-6.002601623535156
347,final,-5.536659240722656,-4.938963413238525
348,final,-8.192261695861816,-6.477840900421143
349,final,-4.336839199066162,-4.126676082611084
350,final,-6.128485202789307,-5.685207366943359
351,final,-7.775140285491943,-6.627170085906982
352,final,-5.901858806610107,-4.839849948883057
353,final,-7.580431938171387,-6.684234619140625
354,final,-4.5647358894348145,-3.840418577194214
355,final,-5.624393939971924,-5.1795477867126465
356,final,-8.157612800598145,-7.309375762939453
357,final,-7.0021772384643555,-6.38891077041626
358,final,-5.374155044555664,-4.32844877243042
359,final,-5.741914749145508,-4.7180070877075195
360,final,-4.5608229637146,-4.151819229125977
361,final,-6.222878932952881,-5.213985919952393
362,final,-4.335139751434326,-3.9203853607177734
363,final,-4.355405807495117,-4.279336452484131
364,final,-4.863589286804199,-4.558287620544434
365,final,-4.99981689453125,-4.482569217681885
366,final,-5.551384925842285,-5.5695414543151855
367,final,-6.002199649810791,-5.175516605377197
368,final,-6.80277156829834,-5.75849723815918
369,final,-7.127768516540527,-6.22430944442749
370,final,-5.380988597869873,-4.741599082946777
371,final,-7.48434591293335,-6.861770153045654
372,final,-7.036595344543457,-6.242039203643799
373,final,-8.189020156860352,-7.34400749206543
374,final,-5.138363361358643,-5.239603042602539
375,final,-4.8696160316467285,-4.4389543533325195
376,final,-5.096438407897949,-5.000569820404053
377,final,-6.222878932952881,-5.213985919952393
378,final,-4.355405807495117,-4.279336452484131
379,final,-5.505914211273193,-5.087240695953369
380,final,-5.259965896606445,-5.161381244659424
381,final,-6.83445405960083,-6.008997440338135
382,final,-4.931392669677734,-4.5255126953125
383,final,-6.666988849639893,-6.229445457458496
384,final,-4.529903888702393,-4.472304344177246
385,final,-6.025593280792236,-5.6388654708862305
386,final,-6.197059631347656,-5.712215423583984
387,final,-8.188252449035645,-6.682929992675781
388,final,-5.656144618988037,-5.463160991668701
389,final,-5.938593864440918,-5.258815765380859
390,final,-5.271632671356201,-5.459046840667725
391,final,-5.960678577423096,-5.216165065765381
392,final,-6.484523296356201,-5.851819038391113
393,final,-7.824881553649902,-6.704767227172852
394,final,-5.2285051345825195,-4.657692909240723
395,final,-8.227717399597168,-7.51123046875
396,final,-6.308726787567139,-5.638184547424316
397,final,-5.592144966125488,-5.006565093994141
398,final,-5.376637935638428,-4.861876010894775
399,final,-5.422208309173584,-4.350953578948975
400,final,-6.454214572906494,-5.7568793296813965
401,final,-9.180374145507812,-7.233615875244141
402,final,-8.943881034851074,-8.571159362792969
403,final,-5.851969242095947,-4.5834527015686035
404,final,-7.221976280212402,-5.88824462890625
405,final,-6.945579528808594,-6.05750036239624
406,final,-6.169943332672119,-5.331092834472656
407,final,-6.166059970855713,-5.700991153717041
408,final,-5.866859436035156,-5.0321149826049805
409,final,-7.302831649780273,-6.310181617736816
410,final,-6.2585906982421875,-5.031030178070068
411,final,-6.803807735443115,-6.185448169708252
412,final,-6.3034281730651855,-5.99638557434082
413,final,-5.318347454071045,-4.79861307144165
414,final,-6.110996723175049,-5.4604949951171875
415,final,-8.385591506958008,-7.257760524749756
416,final,-7.79495096206665,-6.817018032073975
417,final,-8.832704544067383,-7.186882495880127
418,final,-6.053407192230225,-5.042331218719482
419,final,-5.851967811584473,-4.5834527015686035
420,final,-5.279727458953857,-4.577184677124023
421,final,-5.559920310974121,-5.265686988830566
422,final,-5.4900102615356445,-4.9664106369018555
423,final,-5.803445816040039,-5.352862358093262
424,final,-5.78049373626709,-5.466106414794922
425,final,-7.654238224029541,-6.759335994720459
426,final,-6.988830089569092,-6.361865043640137
427,final,-8.161870956420898,-7.316900253295898
428,final,-6.762521743774414,-5.763615131378174
429,final,-5.115601062774658,-5.079574108123779
430,final,-8.142865180969238,-6.885684490203857
431,final,-5.965970039367676,-5.315149307250977
432,final,-5.006105422973633,-4.474322319030762
433,final,-6.758419990539551,-5.857481479644775
434,final,-7.060688018798828,-6.503633499145508
435,final,-4.934466361999512,-4.4921650886535645
436,final,-5.103862285614014,-4.850315570831299
437,final,-4.580069065093994,-3.687648057937622
438,final,-5.946765899658203,-5.091897487640381
439,final,-5.829708099365234,-5.380486011505127
440,final,-6.280956745147705,-5.549745082855225
441,final,-3.761198043823242,-3.6682803630828857
442,final,-5.791153430938721,-5.005370616912842
443,final,-5.387895107269287,-4.7036919593811035
444,final,-5.180072784423828,-4.607673168182373
445,final,-5.7857184410095215,-4.932242393493652
446,final,-7.098395824432373,-6.564906120300293
447,final,-6.689250946044922,-5.534065246582031
448,final,-4.9247002601623535,-4.204313278198242
449,final,-4.5463480949401855,-4.0434889793396
450,final,-6.625999450683594,-5.816752910614014
451,final,-5.017601013183594,-4.249339580535889
452,final,-6.277446269989014,-5.33408260345459
453,final,-4.292865753173828,-3.6100587844848633
454,final,-4.201558589935303,-3.9598965644836426
455,final,-5.719747066497803,-4.709295272827148
456,final,-5.321176052093506,-4.721979141235352
457,final,-4.879481792449951,-4.432713031768799
458,final,-5.177343845367432,-4.4260759353637695
459,final,-5.605429172515869,-5.1716084480285645
460,final,-5.88885498046875,-5.092264652252197
461,final,-3.4659295082092285,-3.743049383163452
462,final,-3.387463092803955,-3.5742006301879883
463,final,-4.89859676361084,-4.758815765380859
464,final,-4.382771968841553,-4.47174072265625
465,final,-4.481387615203857,-4.823622703552246
466,final,-4.182248115539551,-4.137388229370117
467,final,-3.6814491748809814,-3.9059362411499023
468,final,-4.179486274719238,-4.394017696380615
469,final,-5.07944917678833,-5.527424335479736
470,final,-5.289734840393066,-5.0923943519592285
471,final,-6.726443290710449,-5.694015026092529
472,final,-5.200578689575195,-5.526741981506348
473,final,-4.9564690589904785,-5.090195655822754
474,final,-4.9262189865112305,-5.160547733306885
475,final,-3.9874565601348877,-4.377520561218262
476,final,-4.2078046798706055,-4.542387962341309
477,final,-4.516927719116211,-4.715292930603027
478,final,-3.678494691848755,-3.900301456451416
479,final,-3.4513697624206543,-3.8188767433166504
480,final,-4.043800354003906,-4.142838478088379
481,final,-5.030465126037598,-5.389894485473633
482,final,-5.211695194244385,-5.016700744628906
483,final,-3.5961620807647705,-3.7715256214141846
484,final,-2.9691286087036133,-3.189134120941162
485,final,-4.001511573791504,-4.320933818817139
486,final,-4.001511573791504,-4.320933818817139
487,final,-4.52265739440918,-4.727936744689941
488,final,-3.457301616668701,-3.848313331604004
489,final,-5.08278226852417,-4.599987030029297
490,final,-5.2201828956604,-5.3399658203125
491,final,-6.837210655212402,-6.670423984527588
492,final,-4.001511573791504,-4.320933818817139
493,final,-3.39715313911438,-3.7046632766723633
494,final,-3.9163122177124023,-4.09428596496582
495,final,-4.16744327545166,-3.5876502990722656
496,final,-3.822266101837158,-4.269155979156494
497,final,-3.908921957015991,-3.913496732711792
498,final,-3.39715313911438,-3.7046632766723633
499,final,-4.000838279724121,-3.3948287963867188
500,final,-3.9936459064483643,-4.117118835449219
501,final,-4.460975170135498,-4.734229564666748
502,final,-4.1551513671875,-4.34258508682251
503,final,-6.254123687744141,-6.559638977050781
504,final,-4.498173236846924,-4.592427730560303
505,final,-4.200282096862793,-4.608953475952148
506,final,-4.617388725280762,-3.685587167739868
507,final,-5.913062572479248,-5.977972984313965
508,final,-4.950116157531738,-5.036463737487793
509,final,-4.442675590515137,-4.541162967681885
510,final,-6.383227348327637,-5.692616939544678
511,final,-5.874304294586182,-5.939051151275635
512,final,-4.430236339569092,-4.732683181762695
513,final,-4.837742328643799,-4.704892635345459
514,final,-5.0771684646606445,-5.048573017120361
515,final,-5.277540683746338,-4.587133407592773
516,final,-5.157039642333984,-5.174701690673828
517,final,-3.0278890132904053,-3.3506662845611572
518,final,-5.2278361320495605,-5.354370594024658
519,final,-6.067936897277832,-6.334813594818115
520,final,-5.502259731292725,-5.207485675811768
521,final,-5.691405296325684,-5.6878790855407715
522,final,-6.16782808303833,-5.525093078613281
523,final,-4.947322368621826,-4.8684210777282715
524,final,-4.298980712890625,-4.393164157867432
525,final,-5.8105149269104,-5.842569828033447
526,final,-3.8267860412597656,-3.9523611068725586
527,final,-4.294901371002197,-4.1195387840271
528,final,-6.747409343719482,-6.2498297691345215
529,final,-5.254332065582275,-4.700538158416748
530,final,-5.017001152038574,-5.023587226867676
531,final,-6.571552276611328,-6.243238925933838
532,final,-6.2253522872924805,-5.065655708312988
533,final,-5.609350204467773,-5.14521598815918
534,final,-5.4829792976379395,-4.252184867858887
535,final,-4.161912441253662,-4.24962854385376
536,final,-4.523921489715576,-4.60588264465332
537,final,-6.571552276611328,-6.243238925933838
538,final,-3.809802293777466,-3.946652412414551
539,final,-4.477622032165527,-4.665229797363281
540,final,-4.413229942321777,-4.500296592712402
541,final,-4.187705039978027,-3.6913235187530518
542,final,-5.08306360244751,-4.9506120681762695
543,final,-4.4268879890441895,-4.287453651428223
544,final,-4.536211967468262,-4.565065383911133
545,final,-5.047865390777588,-4.6444830894470215
546,final,-4.953313827514648,-4.661721229553223
547,final,-5.149242401123047,-5.099066257476807
548,final,-4.54725980758667,-4.0759806632995605
549,final,-4.77493953704834,-4.289897918701172
550,final,-4.9676995277404785,-4.895456314086914
551,final,-6.208082675933838,-5.980279922485352
552,final,-5.125136375427246,-4.910869121551514
553,final,-5.2486748695373535,-5.155506134033203
554,final,-5.9132184982299805,-5.592824459075928
555,final,-5.0369157791137695,-5.074560165405273
556,final,-4.150789260864258,-3.675025701522827
557,final,-5.1997904777526855,-5.248850345611572
558,final,-4.576805114746094,-4.14327335357666
559,final,-4.509706020355225,-4.808481693267822
560,final,-5.439252853393555,-5.285342216491699
561,final,-4.610360622406006,-4.468665599822998
562,final,-5.8092803955078125,-5.668798446655273
563,final,-4.3911566734313965,-4.384986877441406
564,final,-5.90562105178833,-5.93909215927124
565,final,-3.8960378170013428,-3.7516424655914307
566,final,-5.013097763061523,-4.991157531738281
567,final,-4.889709949493408,-4.727475166320801
568,final,-4.534810543060303,-4.034938335418701
569,final,-4.746335506439209,-4.857357978820801
570,final,-5.2505269050598145,-5.200806140899658
571,final,-4.997008323669434,-4.87492561340332
572,final,-4.566604137420654,-3.9962105751037598
573,final,-6.394282817840576,-6.194546699523926
574,final,-4.469311237335205,-4.577456474304199
575,final,-4.160739421844482,-4.005800724029541
576,final,-3.9950947761535645,-4.20265007019043
577,final,-3.2335867881774902,-3.495885133743286
578,final,-3.494032382965088,-3.784722089767456
579,final,-4.156122207641602,-4.104102611541748
580,final,-3.362980365753174,-2.91257905960083
581,final,-5.544357776641846,-4.847016334533691
582,final,-3.699695587158203,-3.189581871032715
583,final,-6.0409064292907715,-4.5902018547058105
584,final,-4.315744400024414,-3.743065357208252
585,final,-3.784980058670044,-3.1367294788360596
586,final,-3.691638469696045,-3.01387357711792
587,final,-6.053029537200928,-5.238090991973877
588,final,-4.959054946899414,-4.193264961242676
589,final,-4.290370941162109,-3.8930015563964844
590,final,-6.123531818389893,-5.203402996063232
591,final,-6.265429973602295,-5.172980785369873
592,final,-4.625061988830566,-3.8442704677581787
593,final,-3.9966933727264404,-3.5828394889831543
594,final,-2.954070568084717,-2.2511367797851562
595,final,-6.100517272949219,-5.019127368927002
596,final,-3.6082823276519775,-2.9396772384643555
597,final,-4.6556782722473145,-3.8999645709991455
598,final,-5.463132858276367,-4.401024341583252
599,final,-4.455766201019287,-3.6717591285705566
600,final,-4.84946346282959,-4.053159236907959
601,final,-6.406200408935547,-5.599870204925537
602,final,-6.264118194580078,-5.3868560791015625
603,final,-6.298844814300537,-5.5689263343811035
604,final,-4.84946346282959,-4.053159236907959
605,final,-3.905989408493042,-3.5530993938446045
606,final,-6.083244323730469,-5.198925018310547
607,final,-3.848057985305786,-3.310629367828369
608,final,-5.734873294830322,-5.022013187408447
609,final,-5.4261088371276855,-4.785929203033447
610,final,-3.5172617435455322,-3.077989101409912
611,final,-6.264118194580078,-5.3868560791015625
612,final,-3.7141776084899902,-3.1657497882843018
613,final,-3.995145797729492,-3.758246898651123
614,final,-3.7882184982299805,-3.3421456813812256
615,final,-4.211480140686035,-3.7261452674865723
616,final,-4.586728096008301,-3.816922903060913
617,final,-4.675869464874268,-4.011792182922363
618,final,-4.784623146057129,-3.882758617401123
619,final,-4.978963375091553,-4.333428382873535
620,final,-4.983741283416748,-3.95867657661438
621,final,-5.96901798248291,-4.986055374145508
622,final,-6.436009407043457,-5.262721538543701
623,final,-3.8675973415374756,-3.405668258666992
624,final,-4.991765975952148,-4.218475341796875
625,final,-5.229157447814941,-4.611752510070801
626,final,-6.479657173156738,-5.425919532775879
627,final,-4.614565849304199,-3.4983811378479004
628,final,-5.139492988586426,-4.200989246368408
629,final,-6.149448394775391,-5.022911071777344
630,final,-5.823845863342285,-4.46680212020874
631,final,-6.388210296630859,-5.298762798309326
632,final,-3.9968905448913574,-3.3669707775115967
633,final,-3.845736503601074,-3.2414803504943848
634,final,-5.132634162902832,-4.196363925933838
635,final,-3.9620847702026367,-3.2188868522644043
636,final,-5.195931911468506,-4.394932270050049
637,final,-4.239177703857422,-3.6553196907043457
638,final,-5.316497325897217,-4.320216178894043
639,final,-4.2505083084106445,-3.1595261096954346
640,final,-5.657425403594971,-4.281863212585449
641,final,-4.946532726287842,-4.090049743652344
642,final,-5.244168758392334,-4.131798267364502
643,final,-5.994241237640381,-5.03680419921875
644,final,-5.3483405113220215,-4.709506034851074
645,final,-5.257869720458984,-4.214178085327148
646,final,-7.529979705810547,-6.446813106536865
647,final,-5.170038223266602,-4.117464065551758
648,final,-7.69683837890625,-6.050120830535889
649,final,-5.780523777008057,-5.213343143463135
650,final,-5.356813907623291,-4.517627716064453
651,final,-5.006906986236572,-4.15643310546875
652,final,-4.4962029457092285,-3.748109817504883
653,final,-6.52664041519165,-5.14027738571167
654,final,-5.175553798675537,-4.623295307159424
655,final,-7.615231990814209,-6.073899745941162
656,final,-5.680141448974609,-4.6553497314453125
657,final,-5.903958797454834,-4.6923065185546875
658,final,-7.897667407989502,-6.497962951660156
659,final,-5.5018134117126465,-4.420260429382324
660,final,-6.331025123596191,-5.140794277191162
661,final,-4.742105007171631,-3.797358274459839
662,final,-6.227367877960205,-4.788693904876709
663,final,-5.519534111022949,-4.778773307800293
664,final,-4.805168151855469,-4.369290828704834
665,final,-4.653510570526123,-3.7031731605529785
666,final,-4.153855323791504,-3.2324881553649902
667,final,-5.008940696716309,-4.068601131439209
668,final,-4.5487060546875,-4.203516960144043
669,final,-3.9548306465148926,-3.232743978500366
670,final,-6.0611572265625,-4.874726295471191
671,final,-5.105247974395752,-4.004430294036865
672,final,-5.7450737953186035,-4.9433512687683105
673,final,-4.7689900398254395,-4.240333557128906
674,final,-6.0611572265625,-4.874726295471191
675,final,-5.610110282897949,-4.826618671417236
676,final,-6.822031021118164,-5.274286270141602
677,final,-5.9624433517456055,-5.302184581756592
678,final,-6.072731018066406,-5.35831356048584
679,final,-6.117868423461914,-5.45966911315918
680,final,-5.166995525360107,-4.190716743469238
681,final,-5.241921424865723,-4.200840950012207
682,final,-4.833766460418701,-3.8975656032562256
683,final,-5.460081577301025,-4.487104892730713
684,final,-5.152377605438232,-4.142612457275391
685,final,-4.163865089416504,-3.541194438934326
686,final,-5.732089519500732,-4.708890914916992
687,final,-3.8150453567504883,-3.38686466217041
688,final,-5.443687438964844,-4.285499095916748
689,final,-6.002688407897949,-5.051877975463867
690,final,-4.614535808563232,-4.0359392166137695
691,final,-3.7964320182800293,-3.0716335773468018
692,final,-5.1247711181640625,-4.152727127075195
693,final,-4.863066673278809,-3.972459316253662
694,final,-4.9516777992248535,-4.270481586456299
695,final,-4.744069576263428,-4.291391849517822
696,final,-5.733804225921631,-4.854546546936035
697,final,-5.000020503997803,-4.044581413269043
698,final,-4.141262054443359,-3.7681071758270264
699,final,-4.371787071228027,-3.448667287826538
0,best,-4.902917385101318,-3.7109463214874268
1,best,-4.586890697479248,-3.927584409713745
2,best,-3.3180484771728516,-2.828737258911133
3,best,-5.600232124328613,-4.690463542938232
4,best,-4.7292375564575195,-3.474940299987793
5,best,-4.24117374420166,-3.555344343185425
6,best,-5.899043560028076,-4.381862163543701
7,best,-4.672247886657715,-3.590712785720825
8,best,-3.2925472259521484,-2.344590663909912
9,best,-3.3180484771728516,-2.828737258911133
10,best,-5.956872463226318,-4.476234436035156
11,best,-3.2270748615264893,-2.7748160362243652
12,best,-4.141587734222412,-3.0460281372070312
13,best,-4.676970481872559,-3.634723424911499
14,best,-3.2925472259521484,-2.344590663909912
15,best,-5.455216407775879,-4.147830486297607
16,best,-4.191817283630371,-3.3703157901763916
17,best,-4.301413536071777,-3.4672820568084717
18,best,-6.1335039138793945,-5.11772346496582
19,best,-4.935765266418457,-4.0000433921813965
20,best,-3.8232052326202393,-3.27113676071167
21,best,-4.631799221038818,-3.541379928588867
22,best,-6.058952808380127,-5.106475353240967
23,best,-3.9288203716278076,-3.0482630729675293
24,best,-4.8111252784729,-3.811418294906616
25,best,-3.9288203716278076,-3.0482630729675293
26,best,-5.816770076751709,-4.608733654022217
27,best,-5.783205986022949,-4.829061031341553
28,best,-4.204593658447266,-3.9776713848114014
29,best,-6.210787296295166,-4.823754787445068
30,best,-4.081003189086914,-3.5342957973480225
31,best,-4.326394557952881,-3.378627061843872
32,best,-6.058953285217285,-5.106475353240967
33,best,-4.326393127441406,-3.3786277770996094
34,best,-4.6139235496521,-4.117082118988037
35,best,-6.250787734985352,-5.426040172576904
36,best,-4.20459508895874,-3.9776718616485596
37,best,-4.326393127441406,-3.3786277770996094
38,best,-3.837409257888794,-3.3054046630859375
39,best,-4.2143402099609375,-3.4772250652313232
40,best,-5.239377021789551,-3.9319889545440674
41,best,-5.3428874015808105,-4.079202651977539
42,best,-5.137209415435791,-3.840407371520996
43,best,-6.904491424560547,-5.498956680297852
44,best,-5.768168926239014,-4.1890363693237305
45,best,-5.210132122039795,-4.006877899169922
46,best,-5.450642108917236,-3.9263410568237305
47,best,-5.571967601776123,-4.470653057098389
48,best,-6.824706077575684,-5.260498046875
49,best,-5.312397480010986,-4.072885990142822
50,best,-6.540275573730469,-4.849885940551758
51,best,-6.830992221832275,-4.958444595336914
52,best,-5.84607458114624,-4.496785640716553
53,best,-5.926727294921875,-4.496049880981445
54,best,-6.395555019378662,-4.9172210693359375
55,best,-5.277543544769287,-3.930502414703369
56,best,-5.177628993988037,-3.7690234184265137
57,best,-4.595753192901611,-3.2467408180236816
58,best,-5.4443535804748535,-3.7646970748901367
59,best,-5.230614185333252,-3.8703184127807617
60,best,-5.639522552490234,-4.5602593421936035
61,best,-6.869917392730713,-4.765484809875488
62,best,-8.58984088897705,-6.620031833648682
63,best,-7.249818325042725,-4.878260612487793
64,best,-5.72270393371582,-4.4886579513549805
65,best,-4.948708534240723,-3.7744386196136475
66,best,-4.93330717086792,-3.534123659133911
67,best,-9.002084732055664,-7.044888973236084
68,best,-6.381572723388672,-4.95786714553833
69,best,-5.504535675048828,-4.4958271980285645
70,best,-6.872739315032959,-4.676966667175293
71,best,-7.232199192047119,-5.577198028564453
72,best,-5.660769939422607,-4.158115863800049
73,best,-5.834506511688232,-4.475399017333984
74,best,-5.518467426300049,-4.159949779510498
75,best,-6.582845211029053,-4.467156887054443
76,best,-5.498651504516602,-3.8541033267974854
77,best,-6.484633445739746,-4.832967758178711
78,best,-5.106480121612549,-4.2451491355896
79,best,-5.263505935668945,-3.9213905334472656
80,best,-4.080366611480713,-3.498410224914551
81,best,-3.683387279510498,-2.746098041534424
82,best,-5.906975269317627,-4.4258713722229
83,best,-5.018155097961426,-4.281280040740967
84,best,-4.982169151306152,-4.127065181732178
85,best,-6.405409336090088,-5.0132317543029785
86,best,-5.33027458190918,-4.243763446807861
87,best,-5.357206344604492,-4.446343421936035
88,best,-5.3198418617248535,-4.264595985412598
89,best,-3.8806440830230713,-3.3074138164520264
90,best,-5.742822647094727,-4.697062015533447
91,best,-7.582632541656494,-6.189680099487305
92,best,-4.057363510131836,-3.1848504543304443
93,best,-4.952970504760742,-3.655407428741455
94,best,-5.0157270431518555,-3.860457181930542
95,best,-5.415432929992676,-4.456380844116211
96,best,-4.439131736755371,-3.5222837924957275
97,best,-5.07217264175415,-4.20347785949707
98,best,-6.459397315979004,-5.09142541885376
99,best,-4.829632759094238,-4.084297180175781
100,best,-5.170952320098877,-4.1187872886657715
101,best,-4.874829292297363,-3.781679153442383
102,best,-6.8064093589782715,-5.17085599899292
103,best,-4.518115520477295,-3.5310463905334473
104,best,-4.518115520477295,-3.5310463905334473
105,best,-4.963808536529541,-3.804645299911499
106,best,-5.798574447631836,-4.532902240753174
107,best,-5.381202220916748,-4.4137444496154785
108,best,-3.683746337890625,-3.1048288345336914
109,best,-6.558002471923828,-5.493208885192871
110,best,-5.844638824462891,-4.474769592285156
111,best,-4.0251665115356445,-3.257227897644043
112,best,-6.520334720611572,-4.917056083679199
113,best,-5.792766094207764,-4.194118976593018
114,best,-4.3780717849731445,-3.4583468437194824
115,best,-4.965194225311279,-4.202824592590332
116,best,-6.034799098968506,-4.6761298179626465
117,best,-5.1583075523376465,-4.323786735534668
118,best,-5.798574447631836,-4.532902240753174
119,best,-6.374030590057373,-4.9158430099487305
120,best,-3.0835940837860107,-2.1825273036956787
121,best,-3.069478988647461,-2.1005380153656006
122,best,-3.970026969909668,-3.051180601119995
123,best,-3.9080734252929688,-2.7379491329193115
124,best,-3.3872902393341064,-2.5034115314483643
125,best,-5.033509254455566,-3.523076295852661
126,best,-5.6211748123168945,-4.422674655914307
127,best,-4.5350494384765625,-3.1603333950042725
128,best,-3.3535373210906982,-2.415731191635132
129,best,-5.973361015319824,-4.384446620941162
130,best,-4.00385856628418,-2.774463653564453
131,best,-4.358222484588623,-3.302858352661133
132,best,-2.9877395629882812,-2.273538827896118
133,best,-5.8912177085876465,-4.2716193199157715
134,best,-5.973361015319824,-4.384446620941162
135,best,-3.606707811355591,-2.4180092811584473
136,best,-3.500105619430542,-2.457460641860962
137,best,-3.606707811355591,-2.4180092811584473
138,best,-5.033509254455566,-3.5230767726898193
139,best,-3.6623141765594482,-2.8932290077209473
140,best,-4.380643367767334,-3.0793638229370117
141,best,-5.198182106018066,-3.7859630584716797
142,best,-4.890471458435059,-3.793595552444458
143,best,-3.9178876876831055,-2.4944653511047363
144,best,-6.766611576080322,-4.967817306518555
145,best,-5.5456929206848145,-4.105381965637207
146,best,-6.12021541595459,-4.797774314880371
147,best,-6.605889320373535,-5.2414326667785645
148,best,-5.004460334777832,-3.7629153728485107
149,best,-4.845841407775879,-3.4423844814300537
150,best,-5.477398872375488,-4.145624160766602
151,best,-6.008878231048584,-4.564373970031738
152,best,-5.746742248535156,-4.123501777648926
153,best,-6.245577812194824,-4.618730545043945
154,best,-4.380643367767334,-3.0793638229370117
155,best,-6.12021541595459,-4.797774314880371
156,best,-6.635212421417236,-4.766324520111084
157,best,-6.369019985198975,-4.67185640335083
158,best,-4.486832618713379,-3.100600242614746
159,best,-6.12021541595459,-4.797774314880371
160,best,-6.656258583068848,-4.45015287399292
161,best,-6.111704349517822,-3.936723470687866
162,best,-6.3631815910339355,-4.342931270599365
163,best,-6.795645713806152,-4.949238300323486
164,best,-7.679638862609863,-5.623579502105713
165,best,-4.069398880004883,-2.5819249153137207
166,best,-4.967336654663086,-3.3268208503723145
167,best,-6.795645713806152,-4.949238300323486
168,best,-5.42785120010376,-3.659698486328125
169,best,-4.674967288970947,-3.178037643432617
170,best,-6.421685218811035,-4.249645709991455
171,best,-5.623365879058838,-3.545646905899048
172,best,-4.57268762588501,-3.0941007137298584
173,best,-7.355924129486084,-5.38463020324707
174,best,-6.463011264801025,-4.644113540649414
175,best,-5.313827991485596,-3.4935271739959717
176,best,-6.555306911468506,-4.385749816894531
177,best,-4.8236918449401855,-3.41503643989563
178,best,-4.925032138824463,-3.2951252460479736
179,best,-6.715132713317871,-4.243934154510498
180,best,-5.030771255493164,-3.787609577178955
181,best,-3.5861637592315674,-2.557669162750244
182,best,-4.344130039215088,-3.446406602859497
183,best,-5.131133079528809,-4.01435661315918
184,best,-5.305438995361328,-4.289842128753662
185,best,-5.315154075622559,-3.922435760498047
186,best,-5.322537422180176,-4.108450412750244
187,best,-6.3952765464782715,-4.837611675262451
188,best,-3.9716968536376953,-2.8965628147125244
189,best,-5.471917629241943,-4.556291103363037
190,best,-4.314399242401123,-3.0441722869873047
191,best,-5.030771255493164,-3.787609577178955
192,best,-5.532093048095703,-4.723410606384277
193,best,-5.586677551269531,-4.307204723358154
194,best,-4.829042911529541,-4.1031036376953125
195,best,-5.675290584564209,-4.701961517333984
196,best,-5.331020355224609,-4.544939994812012
197,best,-4.966782569885254,-3.6175787448883057
198,best,-6.757663249969482,-5.31859016418457
199,best,-4.881251811981201,-3.9180965423583984
200,best,-3.2815463542938232,-2.4664430618286133
201,best,-4.7024149894714355,-3.7864737510681152
202,best,-4.699601650238037,-3.533334732055664
203,best,-4.982215404510498,-3.4558236598968506
204,best,-4.982215404510498,-3.4558236598968506
205,best,-3.756380081176758,-2.924149513244629
206,best,-6.557941913604736,-5.045798301696777
207,best,-6.271704196929932,-4.841502666473389
208,best,-4.982215404510498,-3.4558236598968506
209,best,-3.756380081176758,-2.924149513244629
210,best,-6.0040740966796875,-4.287059307098389
211,best,-5.6884074211120605,-4.235912799835205
212,best,-5.6884074211120605,-4.235912799835205
213,best,-5.429323673248291,-3.9459052085876465
214,best,-6.0040740966796875,-4.287059307098389
215,best,-5.75234842300415,-4.406667232513428
216,best,-5.111728191375732,-4.024485111236572
217,best,-5.880842685699463,-4.565670967102051
218,best,-3.818232297897339,-3.0365829467773438
219,best,-4.357591152191162,-2.7040154933929443
220,best,-4.673320770263672,-4.0186872482299805
221,best,-4.383436679840088,-3.877790927886963
222,best,-5.246403694152832,-4.672961711883545
223,best,-5.370529651641846,-4.7440314292907715
224,best,-5.635806083679199,-5.023571968078613
225,best,-4.507762908935547,-4.179033279418945
226,best,-4.397980690002441,-4.04908561706543
227,best,-4.230669975280762,-3.8320889472961426
228,best,-4.590795516967773,-4.0585832595825195
229,best,-4.507762908935547,-4.179033279418945
230,best,-5.329570293426514,-4.648961067199707
231,best,-3.577115058898926,-3.264662027359009
232,best,-5.159472942352295,-4.371909141540527
233,best,-5.9091362953186035,-5.179608345031738
234,best,-5.58730411529541,-4.886776447296143
235,best,-4.467525959014893,-4.083177089691162
236,best,-3.843118190765381,-3.4470787048339844
237,best,-3.8069510459899902,-3.55778169631958
238,best,-5.635247230529785,-4.890591621398926
239,best,-4.342263221740723,-3.9238314628601074
240,best,-3.9506492614746094,-3.63740873336792
241,best,-4.660163402557373,-4.415837287902832
242,best,-6.153489589691162,-5.566056728363037
243,best,-4.633792400360107,-4.249312877655029
244,best,-5.579814434051514,-4.961853981018066
245,best,-6.403624057769775,-5.823874473571777
246,best,-5.04527473449707,-4.405377388000488
247,best,-5.479128360748291,-4.9409027099609375
248,best,-5.636069297790527,-5.131130695343018
249,best,-5.307625770568848,-4.788050651550293
250,best,-5.326411724090576,-4.756507396697998
251,best,-4.871160984039307,-4.48015832901001
252,best,-4.488577365875244,-4.153258323669434
253,best,-4.666775703430176,-4.199851036071777
254,best,-4.109378337860107,-3.846397876739502
255,best,-5.18612003326416,-4.66455078125
256,best,-5.689029693603516,-5.207639217376709
257,best,-6.358406066894531,-5.750601768493652
258,best,-4.201743125915527,-3.800075054168701
259,best,-3.3472847938537598,-3.174530506134033
260,best,-5.290964603424072,-4.734048366546631
261,best,-5.5828375816345215,-4.9579010009765625
262,best,-4.802640914916992,-4.231558799743652
263,best,-5.740916728973389,-5.064810752868652
264,best,-5.238325119018555,-4.814479351043701
265,best,-5.1996331214904785,-4.562682151794434
266,best,-4.856070518493652,-4.335127353668213
267,best,-4.71464204788208,-4.1577043533325195
268,best,-5.335757732391357,-4.793858528137207
269,best,-6.5023393630981445,-5.278437614440918
270,best,-4.893063068389893,-4.467050552368164
271,best,-4.862936019897461,-3.7876904010772705
272,best,-4.395229339599609,-3.855686902999878
273,best,-5.142114639282227,-4.477843284606934
274,best,-6.285673141479492,-5.600781440734863
275,best,-3.931384325027466,-3.4461426734924316
276,best,-5.23834753036499,-4.208008766174316
277,best,-4.614002704620361,-4.163049697875977
278,best,-4.799515724182129,-4.4029998779296875
279,best,-4.976706504821777,-4.500843048095703
280,best,-7.364323139190674,-5.99852180480957
281,best,-5.506983757019043,-5.161257743835449
282,best,-5.96088171005249,-5.189659118652344
283,best,-5.4777750968933105,-4.912857532501221
284,best,-5.026730537414551,-4.1649322509765625
285,best,-5.6595458984375,-4.721852779388428
286,best,-7.1347761154174805,-6.379758834838867
287,best,-6.853695869445801,-5.903720855712891
288,best,-6.510547161102295,-5.356627941131592
289,best,-5.005738258361816,-4.191944122314453
290,best,-7.2437310218811035,-6.498508453369141
291,best,-6.461849689483643,-5.8048272132873535
292,best,-6.150294780731201,-5.318236827850342
293,best,-6.918861389160156,-6.1268205642700195
294,best,-4.374357223510742,-3.947943687438965
295,best,-5.016795635223389,-4.547215461730957
296,best,-6.037505149841309,-4.990287780761719
297,best,-7.314414978027344,-6.141564846038818
298,best,-5.606599807739258,-4.87006139755249
299,best,-7.210167407989502,-6.319186687469482
300,best,-5.880777835845947,-4.884778022766113
301,best,-5.3838653564453125,-4.506301403045654
302,best,-4.756828308105469,-4.200387001037598
303,best,-5.849376201629639,-5.124295711517334
304,best,-5.348659992218018,-4.878576755523682
305,best,-6.193047523498535,-5.41791296005249
306,best,-7.81061315536499,-6.407373905181885
307,best,-5.013345241546631,-4.413888454437256
308,best,-4.485950469970703,-3.680588722229004
309,best,-5.031894683837891,-3.9443628787994385
310,best,-6.486111640930176,-5.418997764587402
311,best,-5.300954341888428,-4.4760050773620605
312,best,-5.407703876495361,-4.855249881744385
313,best,-5.214172840118408,-4.565135955810547
314,best,-4.600611686706543,-3.8578574657440186
315,best,-4.7014384269714355,-4.1616597175598145
316,best,-4.0271196365356445,-3.5728955268859863
317,best,-5.996889114379883,-5.531269550323486
318,best,-4.443904876708984,-3.983720064163208
319,best,-6.4572834968566895,-5.705085754394531
320,best,-3.988785743713379,-3.2443149089813232
321,best,-5.683286666870117,-5.1209282875061035
322,best,-4.7295379638671875,-4.519636631011963
323,best,-4.710484504699707,-3.8486955165863037
324,best,-5.054891586303711,-4.523153305053711
325,best,-4.641852378845215,-3.9794209003448486
326,best,-4.928014755249023,-4.5766401290893555
327,best,-6.01270866394043,-5.543002128601074
328,best,-3.6046557426452637,-3.4062085151672363
329,best,-5.056512832641602,-4.536798477172852
330,best,-4.386202335357666,-3.9387924671173096
331,best,-6.242501735687256,-5.324666500091553
332,best,-6.147923946380615,-5.278276443481445
333,best,-4.91860818862915,-4.192716121673584
334,best,-3.8829541206359863,-3.442786455154419
335,best,-3.965399742126465,-3.698347806930542
336,best,-5.327891826629639,-4.485791206359863
337,best,-4.686523914337158,-4.339871406555176
338,best,-3.889810800552368,-3.2750327587127686
339,best,-5.950761318206787,-4.868029594421387
340,best,-4.188719272613525,-3.6817736625671387
341,best,-6.810798645019531,-5.9418044090271
342,best,-6.9763383865356445,-5.909924030303955
343,best,-7.207860469818115,-6.258411407470703
344,best,-4.650543212890625,-4.124803066253662
345,best,-4.778290271759033,-3.7150511741638184
346,best,-7.025321960449219,-5.823161602020264
347,best,-5.344515323638916,-4.736941814422607
348,best,-7.608404636383057,-6.239111423492432
349,best,-4.281365871429443,-3.9052162170410156
350,best,-6.078239440917969,-5.518257141113281
351,best,-7.335984230041504,-6.304421901702881
352,best,-5.52996826171875,-4.3783793449401855
353,best,-7.19126033782959,-6.194529056549072
354,best,-4.373249530792236,-3.6388003826141357
355,best,-5.358729839324951,-4.8283209800720215
356,best,-7.735821723937988,-6.823699474334717
357,best,-6.565197944641113,-6.015990734100342
358,best,-5.082823753356934,-4.212575435638428
359,best,-5.249043941497803,-4.475811958312988
360,best,-4.438926696777344,-4.025424480438232
361,best,-6.061558723449707,-5.279324054718018
362,best,-4.232077121734619,-4.026779651641846
363,best,-4.217496395111084,-4.165428638458252
364,best,-4.412893772125244,-4.366552352905273
365,best,-4.832008361816406,-4.419832706451416
366,best,-5.3998613357543945,-5.404569149017334
367,best,-5.641353130340576,-4.953812122344971
368,best,-6.362265586853027,-5.452020645141602
369,best,-7.156106472015381,-6.26507043838501
370,best,-5.240602016448975,-4.587683200836182
371,best,-7.2533674240112305,-6.48229455947876
372,best,-6.592001914978027,-5.923511028289795
373,best,-7.8796586990356445,-7.025484561920166
374,best,-4.83355712890625,-4.991252422332764
375,best,-4.611320972442627,-4.141214370727539
376,best,-4.742033958435059,-4.705986976623535
377,best,-6.061558723449707,-5.279324054718018
378,best,-4.217496395111084,-4.165428638458252
379,best,-5.199044704437256,-4.860579013824463
380,best,-5.166406154632568,-4.835312843322754
381,best,-6.41519832611084,-5.350306510925293
382,best,-4.969141006469727,-4.229264259338379
383,best,-6.443700313568115,-5.970191955566406
384,best,-4.740326881408691,-4.288603782653809
385,best,-5.602612495422363,-5.1435546875
386,best,-5.814154624938965,-5.071328163146973
387,best,-7.858663082122803,-6.319150924682617
388,best,-5.396707534790039,-5.138006210327148
389,best,-5.486930847167969,-4.930262088775635
390,best,-4.97164249420166,-5.033779144287109
391,best,-5.654524326324463,-4.905523300170898
392,best,-6.083770751953125,-5.242783546447754
393,best,-7.521368980407715,-6.179081916809082
394,best,-5.310481071472168,-4.508315563201904
395,best,-7.536955833435059,-6.846789836883545
396,best,-6.2324066162109375,-5.334785461425781
397,best,-5.463248252868652,-4.738058090209961
398,best,-5.443950653076172,-4.728724956512451
399,best,-5.284521579742432,-4.060507297515869
400,best,-6.654500484466553,-5.851078987121582
401,best,-8.944676399230957,-7.141965866088867
402,best,-8.899045944213867,-8.376769065856934
403,best,-5.878130912780762,-4.601656913757324
404,best,-7.071651458740234,-5.7210869789123535
405,best,-6.87725830078125,-5.76033353805542
406,best,-5.962287425994873,-5.1144280433654785
407,best,-6.13828706741333,-5.491844177246094
408,best,-5.933614253997803,-4.9966864585876465
409,best,-7.569112777709961,-6.267714977264404
410,best,-6.112919330596924,-4.883743762969971
411,best,-6.853697299957275,-5.981342315673828
412,best,-6.04202127456665,-5.5487446784973145
413,best,-5.213599681854248,-4.52992582321167
414,best,-6.244298458099365,-5.49823522567749
415,best,-8.019871711730957,-7.128119945526123
416,best,-8.02200984954834,-6.517943859100342
417,best,-8.561772346496582,-6.845029354095459
418,best,-5.822747707366943,-4.80092191696167
419,best,-5.87813138961792,-4.601656913757324
420,best,-5.377590179443359,-4.459249973297119
421,best,-5.3068132400512695,-4.992198944091797
422,best,-5.1100006103515625,-4.606860637664795
423,best,-5.417296409606934,-5.229811668395996
424,best,-5.458371162414551,-5.287725925445557
425,best,-7.281945705413818,-6.531192302703857
426,best,-6.565791130065918,-6.1497907638549805
427,best,-7.65531063079834,-7.064044952392578
428,best,-6.426135540008545,-5.576677322387695
429,best,-5.027736186981201,-4.9599528312683105
430,best,-7.606311321258545,-6.593401908874512
431,best,-5.844827651977539,-5.280304908752441
432,best,-5.0257744789123535,-4.503724575042725
433,best,-6.218532562255859,-5.368629455566406
434,best,-6.892127513885498,-6.23234748840332
435,best,-4.94863748550415,-4.363114356994629
436,best,-4.9837517738342285,-4.786445617675781
437,best,-4.465614318847656,-3.6190013885498047
438,best,-5.46491003036499,-5.001729965209961
439,best,-5.751446723937988,-5.426018238067627
440,best,-6.2696990966796875,-5.319180965423584
441,best,-4.066661357879639,-3.633967876434326
442,best,-5.5192108154296875,-4.760764122009277
443,best,-5.03769063949585,-4.370732307434082
444,best,-5.125386714935303,-4.446285247802734
445,best,-5.663729667663574,-4.77732515335083
446,best,-6.64523458480835,-6.199309825897217
447,best,-6.64637565612793,-5.451531887054443
448,best,-5.066667079925537,-4.2245988845825195
449,best,-4.441550254821777,-3.8772923946380615
450,best,-6.197132110595703,-5.330756187438965
451,best,-4.864727973937988,-3.9616026878356934
452,best,-5.971409320831299,-5.047452449798584
453,best,-4.3843770027160645,-3.5915884971618652
454,best,-4.187281131744385,-4.015125751495361
455,best,-5.477677345275879,-4.490829944610596
456,best,-4.939342021942139,-4.322568416595459
457,best,-4.80780029296875,-4.3128981590271
458,best,-4.963189601898193,-4.187049388885498
459,best,-5.380782604217529,-4.837039947509766
460,best,-5.19567346572876,-4.459554672241211
461,best,-3.4617488384246826,-3.6710410118103027
462,best,-3.3250842094421387,-3.5296475887298584
463,best,-4.639843463897705,-4.546019554138184
464,best,-4.287701606750488,-4.366415977478027
465,best,-4.216204643249512,-4.45014762878418
466,best,-3.7166991233825684,-3.7398061752319336
467,best,-3.583655834197998,-3.6407690048217773
468,best,-4.004419326782227,-4.164472579956055
469,best,-4.655266761779785,-5.027400016784668
470,best,-5.1409430503845215,-4.92487907409668
471,best,-5.832252025604248,-5.065972328186035
472,best,-4.861534118652344,-5.060546875
473,best,-4.607553005218506,-4.674632549285889
474,best,-4.776163101196289,-4.8589863777160645
475,best,-3.8365368843078613,-4.032398223876953
476,best,-4.042694091796875,-4.2425408363342285
477,best,-4.0877180099487305,-4.339802265167236
478,best,-3.3495843410491943,-3.5013554096221924
479,best,-3.500962734222412,-3.6836740970611572
480,best,-3.9470889568328857,-4.040085792541504
481,best,-4.818154335021973,-5.043574810028076
482,best,-5.062163829803467,-4.886940002441406
483,best,-3.532719850540161,-3.682577610015869
484,best,-2.7901954650878906,-2.9576239585876465
485,best,-3.9194507598876953,-4.131716728210449
486,best,-3.9194507598876953,-4.131716728210449
487,best,-4.527060031890869,-4.602391719818115
488,best,-3.3723130226135254,-3.657935380935669
489,best,-4.966499328613281,-4.347158908843994
490,best,-4.892334938049316,-5.0289716720581055
491,best,-6.514067649841309,-6.316219806671143
492,best,-3.9194507598876953,-4.131716728210449
493,best,-3.3144538402557373,-3.567826271057129
494,best,-3.7669830322265625,-3.934544086456299
495,best,-4.055912971496582,-3.557650327682495
496,best,-3.544851541519165,-3.952049732208252
497,best,-3.600386619567871,-3.599961042404175
498,best,-3.3144538402557373,-3.567826271057129
499,best,-3.801156520843506,-3.3250131607055664
500,best,-3.994464635848999,-4.003368377685547
501,best,-4.12620735168457,-4.31354284286499
502,best,-4.089762210845947,-4.117870807647705
503,best,-5.706048488616943,-6.07316255569458
504,best,-4.235372543334961,-4.253161430358887
505,best,-4.1856489181518555,-4.389060974121094
506,best,-4.4868011474609375,-3.6202316284179688
507,best,-5.7982635498046875,-5.785836219787598
508,best,-4.569648265838623,-4.623171806335449
509,best,-4.148618698120117,-4.20210599899292
510,best,-6.079645156860352,-5.347393989562988
511,best,-5.476373195648193,-5.457258701324463
512,best,-4.20973539352417,-4.518721103668213
513,best,-4.56323766708374,-4.338161468505859
514,best,-4.712362289428711,-4.815781593322754
515,best,-5.04481315612793,-4.382077693939209
516,best,-4.854338645935059,-4.884160041809082
517,best,-2.968398094177246,-3.0777177810668945
518,best,-5.100575923919678,-5.226541996002197
519,best,-5.805355548858643,-6.09689998626709
520,best,-5.474146842956543,-5.026320457458496
521,best,-5.389734268188477,-5.252950191497803
522,best,-5.806819915771484,-5.097062110900879
523,best,-5.011994361877441,-4.748478889465332
524,best,-4.0328826904296875,-3.932040214538574
525,best,-5.734772682189941,-5.6479082107543945
526,best,-3.82940673828125,-3.8134515285491943
527,best,-4.168103218078613,-3.8542282581329346
528,best,-6.382815837860107,-5.69540548324585
529,best,-4.952301979064941,-4.468165874481201
530,best,-4.724451065063477,-4.70469856262207
531,best,-6.466185569763184,-6.026600360870361
532,best,-6.130441188812256,-4.710177898406982
533,best,-5.445842742919922,-4.90364933013916
534,best,-5.548590183258057,-4.233851432800293
535,best,-4.1046881675720215,-4.168849468231201
536,best,-4.250030040740967,-4.105474948883057
537,best,-6.466185569763184,-6.026600360870361
538,best,-3.9150168895721436,-3.8784677982330322
539,best,-4.403270721435547,-4.456197738647461
540,best,-4.187355995178223,-4.256821632385254
541,best,-3.949652671813965,-3.6445789337158203
542,best,-4.962738990783691,-4.831160068511963
543,best,-4.337307453155518,-4.193694114685059
544,best,-4.364953517913818,-4.374160289764404
545,best,-4.694650173187256,-4.401834487915039
546,best,-4.7000226974487305,-4.453554153442383
547,best,-5.1232590675354,-4.801825046539307
548,best,-4.11343240737915,-3.8676092624664307
549,best,-4.527909278869629,-4.06587553024292
550,best,-4.831875324249268,-4.657151222229004
551,best,-5.900755405426025,-5.613381862640381
552,best,-4.823561191558838,-4.551499366760254
553,best,-5.048299789428711,-4.8164896965026855
554,best,-5.750341415405273,-5.379098415374756
555,best,-4.937301158905029,-4.783657550811768
556,best,-3.892479181289673,-3.484358549118042
557,best,-4.997989654541016,-4.98332405090332
558,best,-4.163488388061523,-3.947462797164917
559,best,-4.316348552703857,-4.4517822265625
560,best,-5.146718502044678,-4.895222187042236
561,best,-4.519556045532227,-4.2767438888549805
562,best,-5.4799909591674805,-5.361874580383301
563,best,-4.16584587097168,-4.108163833618164
564,best,-5.568302631378174,-5.445086479187012
565,best,-3.9456863403320312,-3.719263792037964
566,best,-4.68267822265625,-4.441524028778076
567,best,-4.599457740783691,-4.414820194244385
568,best,-4.281760215759277,-3.5824673175811768
569,best,-4.52847957611084,-4.521996974945068
570,best,-4.871182441711426,-4.82881498336792
571,best,-4.773341178894043,-4.516967296600342
572,best,-4.21138858795166,-3.775953769683838
573,best,-6.056217193603516,-5.8968071937561035
574,best,-4.112763404846191,-4.077010154724121
575,best,-3.9307172298431396,-3.7803001403808594
576,best,-3.808060884475708,-3.8469676971435547
577,best,-3.209571123123169,-3.358124017715454
578,best,-3.5007479190826416,-3.726907730102539
579,best,-3.8203155994415283,-3.7867841720581055
580,best,-3.0651185512542725,-2.612056255340576
581,best,-4.965867519378662,-4.360835075378418
582,best,-3.2777998447418213,-2.874429702758789
583,best,-5.201798439025879,-4.186531066894531
584,best,-3.7827975749969482,-3.2810466289520264
585,best,-3.2520673274993896,-2.7032949924468994
586,best,-3.3472824096679688,-2.7151312828063965
587,best,-5.3966240882873535,-4.759122371673584
588,best,-4.384219646453857,-3.731090545654297
589,best,-3.90185809135437,-3.4720776081085205
590,best,-5.373376369476318,-4.51595401763916
591,best,-5.524303913116455,-4.712024211883545
592,best,-4.423722743988037,-3.677603006362915
593,best,-3.5226452350616455,-3.2508468627929688
594,best,-2.7058942317962646,-2.0752885341644287
595,best,-5.393495559692383,-4.568607807159424
596,best,-3.0674705505371094,-2.4613089561462402
597,best,-4.074792385101318,-3.5028092861175537
598,best,-5.211318492889404,-4.329459190368652
599,best,-3.766300916671753,-3.264543056488037
600,best,-4.673280239105225,-3.9125351905822754
601,best,-6.0093770027160645,-5.2531657218933105
602,best,-6.0036234855651855,-5.182667255401611
603,best,-5.8546905517578125,-5.134230136871338
604,best,-4.673280239105225,-3.9125351905822754
605,best,-3.5239760875701904,-3.164928913116455
606,best,-5.733071804046631,-4.907022953033447
607,best,-3.732423782348633,-3.232999801635742
608,best,-5.274007797241211,-4.569736480712891
609,best,-5.033155918121338,-4.374025344848633
610,best,-3.38895583152771,-3.0007190704345703
611,best,-6.0036234855651855,-5.182667255401611
612,best,-3.4725723266601562,-2.997084140777588
613,best,-3.6951122283935547,-3.362388849258423
614,best,-3.443384885787964,-2.9351882934570312
615,best,-3.751964569091797,-3.281482458114624
616,best,-4.031214237213135,-3.4107656478881836
617,best,-4.654393672943115,-3.862297296524048
618,best,-4.286673069000244,-3.572915554046631
619,best,-4.5425896644592285,-3.945680856704712
620,best,-4.595646858215332,-3.540065050125122
621,best,-5.629987716674805,-4.584961891174316
622,best,-5.981472492218018,-4.789625644683838
623,best,-3.814646005630493,-3.282998561859131
624,best,-4.58665132522583,-3.789078950881958
625,best,-4.842851161956787,-4.243807792663574
626,best,-5.859146595001221,-4.907987594604492
627,best,-4.35020637512207,-3.183262348175049
628,best,-4.661337375640869,-3.675581216812134
629,best,-6.18720817565918,-4.943446159362793
630,best,-5.735702991485596,-4.209497451782227
631,best,-5.88075065612793,-4.739513874053955
632,best,-3.76601243019104,-3.1639668941497803
633,best,-3.6708831787109375,-3.0149593353271484
634,best,-4.777202606201172,-3.7757458686828613
635,best,-3.845623016357422,-2.985172748565674
636,best,-4.714599609375,-3.9408602714538574
637,best,-4.094205379486084,-3.4422008991241455
638,best,-4.801544189453125,-3.854583740234375
639,best,-4.193917274475098,-3.046064853668213
640,best,-5.739593029022217,-4.09002161026001
641,best,-4.813014507293701,-3.9809913635253906
642,best,-5.1238203048706055,-3.870292901992798
643,best,-5.648184299468994,-4.690282344818115
644,best,-5.175696849822998,-4.447905540466309
645,best,-5.368427753448486,-4.189828872680664
646,best,-6.981472015380859,-6.051640510559082
647,best,-5.020845413208008,-3.8842694759368896
648,best,-7.409814834594727,-5.667623996734619
649,best,-5.500560760498047,-4.779728412628174
650,best,-5.121878147125244,-4.1411638259887695
651,best,-4.527938365936279,-3.6443090438842773
652,best,-4.226113319396973,-3.451359987258911
653,best,-5.8950934410095215,-4.6061882972717285
654,best,-4.991086006164551,-4.320789813995361
655,best,-7.020568370819092,-5.5034308433532715
656,best,-5.639822006225586,-4.516933917999268
657,best,-5.781605243682861,-4.378981590270996
658,best,-7.1784844398498535,-5.928764820098877
659,best,-5.010692119598389,-3.9806342124938965
660,best,-5.826836585998535,-4.6249680519104
661,best,-4.40009069442749,-3.569492816925049
662,best,-5.656643390655518,-4.44052791595459
663,best,-5.214094161987305,-4.503265857696533
664,best,-4.664397239685059,-4.189518928527832
665,best,-4.297595024108887,-3.4380476474761963
666,best,-3.978283643722534,-3.1048760414123535
667,best,-4.769110202789307,-3.8817062377929688
668,best,-4.418971061706543,-3.9878509044647217
669,best,-3.5482115745544434,-2.9836912155151367
670,best,-5.670425891876221,-4.47236442565918
671,best,-4.71583366394043,-3.74005389213562
672,best,-5.238200664520264,-4.514113426208496
673,best,-4.348961353302002,-3.8508460521698
674,best,-5.670426368713379,-4.472363471984863
675,best,-5.2654948234558105,-4.490161418914795
676,best,-6.146738529205322,-4.874778747558594
677,best,-5.368812561035156,-4.85723352432251
678,best,-5.667584419250488,-4.950027942657471
679,best,-5.826231002807617,-5.071931838989258
680,best,-5.002313137054443,-4.024479389190674
681,best,-4.841034889221191,-3.7101550102233887
682,best,-4.590142250061035,-3.705944061279297
683,best,-5.1747660636901855,-4.1702680587768555
684,best,-4.6639018058776855,-3.6689796447753906
685,best,-3.8671011924743652,-3.2774910926818848
686,best,-5.195669651031494,-4.088731288909912
687,best,-3.5957956314086914,-3.19734525680542
688,best,-5.2525835037231445,-4.047273635864258
689,best,-5.62036657333374,-4.535998344421387
690,best,-4.283409118652344,-3.7583889961242676
691,best,-3.6377038955688477,-2.869157075881958
692,best,-4.8836822509765625,-3.9398109912872314
693,best,-4.459275245666504,-3.6681876182556152
694,best,-4.596198081970215,-3.9587717056274414
695,best,-4.582432746887207,-4.159587383270264
696,best,-5.575382709503174,-4.831803321838379
697,best,-4.567879676818848,-3.571354389190674
698,best,-4.0867791175842285,-3.785787343978882
699,best,-4.015298843383789,-3.0953853130340576
