item_id,model_state,do,pp
0,initial,-7.541354179382324,-6.661287307739258
1,initial,-7.444693565368652,-7.006263732910156
2,initial,-6.544836044311523,-6.305713653564453
3,initial,-8.393705368041992,-8.112894058227539
4,initial,-7.467315673828125,-5.912487506866455
5,initial,-7.175006866455078,-6.650633335113525
6,initial,-9.301382064819336,-8.093663215637207
7,initial,-7.545034885406494,-6.278034687042236
8,initial,-7.5839009284973145,-6.372528076171875
9,initial,-6.544836044311523,-6.305713653564453
10,initial,-9.187467575073242,-7.755009174346924
11,initial,-6.573544979095459,-6.263846397399902
12,initial,-7.520857810974121,-6.396538257598877
13,initial,-9.271533012390137,-7.389003276824951
14,initial,-7.5839009284973145,-6.372528076171875
15,initial,-9.260698318481445,-7.868556499481201
16,initial,-7.259965419769287,-6.4988694190979
17,initial,-7.939704895019531,-7.265844821929932
18,initial,-9.357528686523438,-8.668880462646484
19,initial,-7.003352165222168,-6.144871234893799
20,initial,-7.244562149047852,-6.967799186706543
21,initial,-7.6129469871521,-6.9403977394104
22,initial,-8.878843307495117,-8.217131614685059
23,initial,-7.677786350250244,-6.886905193328857
24,initial,-9.111236572265625,-7.93059778213501
25,initial,-7.677786350250244,-6.886905193328857
26,initial,-9.627900123596191,-8.213591575622559
27,initial,-9.28929328918457,-8.535409927368164
28,initial,-7.374391555786133,-7.499685764312744
29,initial,-9.38252067565918,-8.210814476013184
30,initial,-7.655349254608154,-7.351254463195801
31,initial,-7.881826877593994,-6.765520095825195
32,initial,-8.878843307495117,-8.217133522033691
33,initial,-7.881827354431152,-6.765519618988037
34,initial,-7.362847805023193,-6.9570536613464355
35,initial,-9.045269966125488,-8.685420989990234
36,initial,-7.374391555786133,-7.499684810638428
37,initial,-7.881827354431152,-6.765519618988037
38,initial,-7.085984706878662,-7.130405902862549
39,initial,-7.442504405975342,-6.918961048126221
40,initial,-7.164894104003906,-7.117428302764893
41,initial,-6.812680244445801,-6.482778072357178
42,initial,-6.926507949829102,-6.822325706481934
43,initial,-8.0167818069458,-7.534277439117432
44,initial,-8.011643409729004,-6.801614761352539
45,initial,-7.123035907745361,-6.805538177490234
46,initial,-7.031344413757324,-6.604559898376465
47,initial,-7.609869003295898,-7.457544803619385
48,initial,-8.548774719238281,-8.070884704589844
49,initial,-6.929131031036377,-6.952256679534912
50,initial,-7.453727722167969,-7.302648544311523
51,initial,-8.01143741607666,-7.731198787689209
52,initial,-7.530111312866211,-7.545068740844727
53,initial,-7.798031330108643,-7.498958110809326
54,initial,-7.117126941680908,-7.04221248626709
55,initial,-7.441547393798828,-6.816400051116943
56,initial,-7.267192363739014,-6.884812831878662
57,initial,-5.8655900955200195,-5.727242469787598
58,initial,-7.283453464508057,-6.648159027099609
59,initial,-7.470173358917236,-6.298684597015381
60,initial,-8.378050804138184,-7.22036075592041
61,initial,-8.716754913330078,-7.508045673370361
62,initial,-10.739605903625488,-9.365986824035645
63,initial,-9.995203018188477,-8.587641716003418
64,initial,-8.135571479797363,-7.662410736083984
65,initial,-8.495692253112793,-7.621528148651123
66,initial,-7.625307559967041,-7.082656383514404
67,initial,-10.631747245788574,-9.219656944274902
68,initial,-9.261892318725586,-7.684808254241943
69,initial,-8.699609756469727,-7.109708309173584
70,initial,-8.478962898254395,-7.086929798126221
71,initial,-10.219884872436523,-8.996929168701172
72,initial,-7.317793369293213,-5.7528228759765625
73,initial,-7.999144077301025,-6.555565357208252
74,initial,-7.232417583465576,-6.282926559448242
75,initial,-9.337438583374023,-8.208091735839844
76,initial,-8.276144981384277,-7.039979457855225
77,initial,-10.242773056030273,-8.909049034118652
78,initial,-7.679407119750977,-7.006163597106934
79,initial,-7.986915588378906,-7.5162529945373535
80,initial,-5.981699466705322,-5.441181659698486
81,initial,-6.6268720626831055,-5.665484428405762
82,initial,-8.03992748260498,-7.36214542388916
83,initial,-7.103735446929932,-6.507513523101807
84,initial,-7.021010875701904,-6.336601257324219
85,initial,-8.071566581726074,-7.611375331878662
86,initial,-7.572473049163818,-7.22289514541626
87,initial,-7.373605251312256,-6.566819190979004
88,initial,-7.605609893798828,-6.7795023918151855
89,initial,-6.437921524047852,-5.8518524169921875
90,initial,-6.951401710510254,-5.8264055252075195
91,initial,-9.09073543548584,-8.572541236877441
92,initial,-6.414344787597656,-5.6283135414123535
93,initial,-6.828144073486328,-6.617836952209473
94,initial,-6.758726119995117,-6.447449684143066
95,initial,-7.636874198913574,-6.892035007476807
96,initial,-6.532628059387207,-5.804958820343018
97,initial,-7.406382083892822,-6.490266799926758
98,initial,-8.338032722473145,-7.8325910568237305
99,initial,-6.339137077331543,-5.466218948364258
100,initial,-7.576900959014893,-6.672779560089111
101,initial,-7.155518531799316,-6.74126672744751
102,initial,-8.409186363220215,-7.838283538818359
103,initial,-7.3630523681640625,-6.138855934143066
104,initial,-7.3630523681640625,-6.138855934143066
105,initial,-6.7517523765563965,-6.792145729064941
106,initial,-8.27404499053955,-7.58703088760376
107,initial,-8.299601554870605,-7.0712738037109375
108,initial,-6.864993572235107,-6.4497504234313965
109,initial,-9.570306777954102,-8.406278610229492
110,initial,-8.400138854980469,-7.560649871826172
111,initial,-6.940830230712891,-6.288390159606934
112,initial,-8.19816780090332,-7.545200347900391
113,initial,-8.811711311340332,-7.750577449798584
114,initial,-6.72249698638916,-6.110597610473633
115,initial,-7.723990440368652,-7.184689521789551
116,initial,-8.605427742004395,-7.785258769989014
117,initial,-7.7644500732421875,-6.737673282623291
118,initial,-8.27404499053955,-7.58703088760376
119,initial,-8.494391441345215,-7.4796295166015625
120,initial,-7.714867115020752,-6.50538969039917
121,initial,-7.693870544433594,-6.479515075683594
122,initial,-8.295600891113281,-6.845840930938721
123,initial,-7.801769256591797,-6.131776809692383
124,initial,-7.300528049468994,-6.500868320465088
125,initial,-9.666382789611816,-7.97710657119751
126,initial,-9.163742065429688,-8.435406684875488
127,initial,-9.151050567626953,-7.240513324737549
128,initial,-8.042967796325684,-6.83474063873291
129,initial,-10.050627708435059,-8.19859504699707
130,initial,-7.117166042327881,-5.945470809936523
131,initial,-7.129812717437744,-6.415914535522461
132,initial,-7.157684803009033,-6.689788818359375
133,initial,-9.649086952209473,-7.960226535797119
134,initial,-10.050627708435059,-8.19859504699707
135,initial,-7.541060447692871,-6.073818683624268
136,initial,-7.233343124389648,-6.403698444366455
137,initial,-7.541060447692871,-6.073818683624268
138,initial,-9.666382789611816,-7.977105617523193
139,initial,-7.919216632843018,-7.165337085723877
140,initial,-6.699498176574707,-6.475345134735107
141,initial,-7.455754280090332,-7.131447792053223
142,initial,-7.51946496963501,-7.037448406219482
143,initial,-6.22170352935791,-5.869783401489258
144,initial,-8.318259239196777,-8.005111694335938
145,initial,-7.2105393409729,-6.176301002502441
146,initial,-8.486270904541016,-8.084897994995117
147,initial,-8.327699661254883,-8.01646900177002
148,initial,-7.535651206970215,-7.126814842224121
149,initial,-7.149173259735107,-6.72465181350708
150,initial,-7.87643575668335,-7.010066509246826
151,initial,-7.606094837188721,-7.545118808746338
152,initial,-7.834452152252197,-7.402942657470703
153,initial,-7.799774169921875,-7.6351823806762695
154,initial,-6.699498176574707,-6.475345134735107
155,initial,-8.486270904541016,-8.084897994995117
156,initial,-8.165753364562988,-7.848037242889404
157,initial,-8.242528915405273,-7.862788677215576
158,initial,-6.675989151000977,-6.311781406402588
159,initial,-8.486270904541016,-8.084897994995117
160,initial,-9.275732040405273,-8.125798225402832
161,initial,-9.05958366394043,-6.785197734832764
162,initial,-8.938389778137207,-7.96331787109375
163,initial,-10.399785995483398,-8.435535430908203
164,initial,-9.931251525878906,-8.65819263458252
165,initial,-7.07679557800293,-6.517670631408691
166,initial,-8.66364574432373,-7.418821811676025
167,initial,-10.399785995483398,-8.435535430908203
168,initial,-8.394760131835938,-7.575837135314941
169,initial,-7.484503269195557,-7.255667686462402
170,initial,-10.374732971191406,-8.34505844116211
171,initial,-9.032991409301758,-7.0229339599609375
172,initial,-7.401493072509766,-6.89066219329834
173,initial,-10.55541706085205,-8.619111061096191
174,initial,-10.310240745544434,-8.985569953918457
175,initial,-8.48165225982666,-7.4677414894104
176,initial,-10.340713500976562,-8.911151885986328
177,initial,-8.117186546325684,-6.96694803237915
178,initial,-8.04125690460205,-7.13532018661499
179,initial,-8.823358535766602,-6.978736400604248
180,initial,-7.208151817321777,-6.866763114929199
181,initial,-6.243297100067139,-5.6711931228637695
182,initial,-6.4230546951293945,-6.168255805969238
183,initial,-7.248070240020752,-6.637093544006348
184,initial,-6.673783302307129,-6.018219947814941
185,initial,-7.893205165863037,-7.240593910217285
186,initial,-7.158215045928955,-6.818814754486084
187,initial,-8.778124809265137,-8.243614196777344
188,initial,-6.040836811065674,-5.415680885314941
189,initial,-7.53241491317749,-7.216866493225098
190,initial,-7.350095748901367,-6.8788604736328125
191,initial,-7.208151817321777,-6.866763114929199
192,initial,-7.103700160980225,-6.791646480560303
193,initial,-8.019722938537598,-7.506602764129639
194,initial,-6.980307579040527,-6.441586017608643
195,initial,-7.841960430145264,-7.41476583480835
196,initial,-7.297915935516357,-6.948935508728027
197,initial,-7.86123514175415,-6.83728551864624
198,initial,-8.436063766479492,-7.890532493591309
199,initial,-6.65898323059082,-6.083968162536621
200,initial,-6.828585624694824,-6.13738489151001
201,initial,-7.746180057525635,-6.774957656860352
202,initial,-8.019669532775879,-7.138082027435303
203,initial,-7.479150295257568,-6.150611400604248
204,initial,-7.479150295257568,-6.150611400604248
205,initial,-7.208026885986328,-6.499854564666748
206,initial,-9.054099082946777,-8.21023178100586
207,initial,-9.000609397888184,-8.115724563598633
208,initial,-7.479150295257568,-6.150611400604248
209,initial,-7.208026885986328,-6.499854564666748
210,initial,-8.174493789672852,-7.450039863586426
211,initial,-7.5913543701171875,-6.472660064697266
212,initial,-7.5913543701171875,-6.472660064697266
213,initial,-8.359296798706055,-7.356151103973389
214,initial,-8.174493789672852,-7.450039863586426
215,initial,-8.675488471984863,-7.775345802307129
216,initial,-8.398541450500488,-7.38142728805542
217,initial,-8.84054946899414,-7.987274169921875
218,initial,-7.3030314445495605,-6.516398906707764
219,initial,-7.16010046005249,-5.849330902099609
220,initial,-6.627709865570068,-6.320611476898193
221,initial,-6.728589057922363,-6.656006813049316
222,initial,-6.775779724121094,-6.82004451751709
223,initial,-6.714692115783691,-6.660365581512451
224,initial,-7.689055442810059,-7.061470985412598
225,initial,-7.382346153259277,-7.038232803344727
226,initial,-7.262617111206055,-6.9275946617126465
227,initial,-6.9837446212768555,-6.718533515930176
228,initial,-7.758151531219482,-6.955630779266357
229,initial,-7.382346153259277,-7.038232803344727
230,initial,-7.961764812469482,-7.2271575927734375
231,initial,-7.185328483581543,-6.437863826751709
232,initial,-8.416483879089355,-7.264452934265137
233,initial,-8.73741626739502,-7.662351131439209
234,initial,-8.684589385986328,-7.673209190368652
235,initial,-7.69791316986084,-6.825723648071289
236,initial,-6.592720031738281,-6.228455066680908
237,initial,-6.944204330444336,-6.557240962982178
238,initial,-8.355722427368164,-7.455597877502441
239,initial,-7.063058853149414,-6.761645317077637
240,initial,-6.2376708984375,-6.100978374481201
241,initial,-7.548893451690674,-7.264373779296875
242,initial,-8.2067289352417,-7.517826557159424
243,initial,-7.328932762145996,-7.196149826049805
244,initial,-8.125215530395508,-7.277480602264404
245,initial,-8.403014183044434,-7.741589546203613
246,initial,-7.235997200012207,-7.030485153198242
247,initial,-8.367138862609863,-7.497711181640625
248,initial,-8.057339668273926,-7.506881237030029
249,initial,-8.175532341003418,-7.657668113708496
250,initial,-7.835431098937988,-7.153437614440918
251,initial,-6.429847717285156,-6.554121017456055
252,initial,-6.846132755279541,-6.800781726837158
253,initial,-7.0349531173706055,-6.909350872039795
254,initial,-6.9656982421875,-6.6078901290893555
255,initial,-7.7063069343566895,-7.5324249267578125
256,initial,-8.379523277282715,-7.784765243530273
257,initial,-8.562695503234863,-7.8585052490234375
258,initial,-6.845444202423096,-6.569285869598389
259,initial,-5.985774040222168,-5.823620319366455
260,initial,-6.907931327819824,-7.032675743103027
261,initial,-6.12252140045166,-6.556363582611084
262,initial,-6.492004871368408,-6.027910232543945
263,initial,-6.745115280151367,-6.801128387451172
264,initial,-7.020754337310791,-6.677576541900635
265,initial,-6.770967960357666,-6.703516960144043
266,initial,-6.4306321144104,-6.428474426269531
267,initial,-6.668210029602051,-6.33304500579834
268,initial,-6.9460673332214355,-6.535180568695068
269,initial,-6.7996039390563965,-6.906569480895996
270,initial,-6.7492780685424805,-6.7801899909973145
271,initial,-5.3692450523376465,-5.696195125579834
272,initial,-6.094456195831299,-5.932008266448975
273,initial,-6.918202877044678,-6.251996040344238
274,initial,-7.316051959991455,-7.141626834869385
275,initial,-5.434744834899902,-5.667619705200195
276,initial,-6.010339736938477,-6.036606788635254
277,initial,-6.278604507446289,-6.525506496429443
278,initial,-6.602611541748047,-6.636839389801025
279,initial,-6.592546463012695,-6.395938873291016
280,initial,-9.106539726257324,-8.499338150024414
281,initial,-8.236852645874023,-7.872669219970703
282,initial,-7.991961479187012,-7.421263217926025
283,initial,-7.393776893615723,-7.485540390014648
284,initial,-7.059629440307617,-6.453271865844727
285,initial,-6.976082801818848,-6.47807502746582
286,initial,-8.89815616607666,-8.265741348266602
287,initial,-8.35541820526123,-7.632737159729004
288,initial,-8.073681831359863,-7.279258728027344
289,initial,-6.724784851074219,-6.094229221343994
290,initial,-8.302019119262695,-7.750560760498047
291,initial,-8.797318458557129,-8.307355880737305
292,initial,-8.319414138793945,-7.841314315795898
293,initial,-8.606780052185059,-8.120109558105469
294,initial,-7.312473297119141,-6.540563106536865
295,initial,-7.738903999328613,-7.388537883758545
296,initial,-7.385063648223877,-6.775835037231445
297,initial,-8.905064582824707,-8.30648136138916
298,initial,-7.8205180168151855,-7.48032808303833
299,initial,-8.24166202545166,-7.763237476348877
300,initial,-7.27236795425415,-6.493573188781738
301,initial,-7.337775230407715,-7.207769870758057
302,initial,-6.299261093139648,-5.873323440551758
303,initial,-7.702652454376221,-7.252604007720947
304,initial,-6.885684013366699,-6.284083843231201
305,initial,-7.167878150939941,-6.959221839904785
306,initial,-9.129815101623535,-8.185674667358398
307,initial,-6.569336414337158,-6.072326183319092
308,initial,-6.239628791809082,-6.234838962554932
309,initial,-6.326092720031738,-6.101376056671143
310,initial,-8.419105529785156,-8.043144226074219
311,initial,-6.83168888092041,-6.34987211227417
312,initial,-7.065713405609131,-6.7485575675964355
313,initial,-6.704433917999268,-6.368081569671631
314,initial,-6.544734001159668,-6.158199787139893
315,initial,-6.66839599609375,-6.285921573638916
316,initial,-5.968931674957275,-5.344849109649658
317,initial,-7.294076442718506,-6.937225818634033
318,initial,-6.289661884307861,-5.975959777832031
319,initial,-8.08710765838623,-7.4994049072265625
320,initial,-5.847787857055664,-5.497674942016602
321,initial,-7.23129415512085,-6.682012557983398
322,initial,-7.3623833656311035,-7.0581793785095215
323,initial,-7.3838701248168945,-6.567851543426514
324,initial,-6.991837024688721,-6.77791690826416
325,initial,-6.679601192474365,-6.574685573577881
326,initial,-7.297606945037842,-6.776829242706299
327,initial,-8.055366516113281,-7.558005332946777
328,initial,-6.145596504211426,-5.960023403167725
329,initial,-7.604827880859375,-7.181400775909424
330,initial,-6.469182968139648,-6.025514125823975
331,initial,-7.8016157150268555,-7.204349994659424
332,initial,-7.761449337005615,-6.961142539978027
333,initial,-6.828140735626221,-6.478943824768066
334,initial,-6.06327486038208,-5.947993278503418
335,initial,-6.691451549530029,-6.300057888031006
336,initial,-7.43928337097168,-7.111424446105957
337,initial,-6.989635944366455,-6.560689926147461
338,initial,-5.652005195617676,-5.5475287437438965
339,initial,-7.1687188148498535,-6.695019245147705
340,initial,-6.567637920379639,-6.463095188140869
341,initial,-9.70174789428711,-9.423050880432129
342,initial,-9.058423042297363,-9.038802146911621
343,initial,-9.530742645263672,-9.572833061218262
344,initial,-7.691577911376953,-7.453091144561768
345,initial,-7.0921950340271,-7.2532219886779785
346,initial,-9.81328010559082,-8.88013744354248
347,initial,-7.461474418640137,-7.690279006958008
348,initial,-10.08039665222168,-9.563539505004883
349,initial,-7.689298629760742,-7.24257755279541
350,initial,-8.266962051391602,-8.38415813446045
351,initial,-10.19922161102295,-9.524696350097656
352,initial,-8.298759460449219,-7.868192195892334
353,initial,-9.216432571411133,-8.793473243713379
354,initial,-6.967834949493408,-7.15047025680542
355,initial,-8.591670989990234,-8.494946479797363
356,initial,-9.916272163391113,-9.24040699005127
357,initial,-9.585633277893066,-9.61470890045166
358,initial,-8.157771110534668,-7.8730621337890625
359,initial,-8.614326477050781,-8.2228422164917
360,initial,-7.668821811676025,-7.2733612060546875
361,initial,-9.55656909942627,-9.542767524719238
362,initial,-7.455250263214111,-7.4095001220703125
363,initial,-7.218147277832031,-7.7423095703125
364,initial,-7.106051445007324,-7.4653706550598145
365,initial,-7.324950218200684,-7.435580730438232
366,initial,-7.490645408630371,-8.262748718261719
367,initial,-7.940781593322754,-8.315560340881348
368,initial,-9.3905668258667,-9.572896003723145
369,initial,-10.227946281433105,-9.898697853088379
370,initial,-7.612908840179443,-7.862673282623291
371,initial,-9.927674293518066,-9.813151359558105
372,initial,-9.117986679077148,-8.934975624084473
373,initial,-9.936529159545898,-9.652195930480957
374,initial,-7.744070529937744,-8.36521053314209
375,initial,-6.94545841217041,-6.825472354888916
376,initial,-7.531146049499512,-8.296586990356445
377,initial,-9.55656909942627,-9.542767524719238
378,initial,-7.218147277832031,-7.7423095703125
379,initial,-7.9194793701171875,-8.257801055908203
380,initial,-6.603508949279785,-7.37824821472168
381,initial,-7.8050923347473145,-8.10896110534668
382,initial,-6.773611068725586,-6.912890434265137
383,initial,-8.690020561218262,-8.950182914733887
384,initial,-6.468843460083008,-6.516819953918457
385,initial,-6.9914631843566895,-7.841795444488525
386,initial,-7.320162296295166,-7.861141204833984
387,initial,-8.318212509155273,-8.582449913024902
388,initial,-7.308265686035156,-7.5076775550842285
389,initial,-7.3449883460998535,-7.61968994140625
390,initial,-6.651317119598389,-7.781228065490723
391,initial,-7.592184066772461,-7.539713382720947
392,initial,-6.943863868713379,-7.4936017990112305
393,initial,-8.16365909576416,-8.58560848236084
394,initial,-7.561445236206055,-7.633472919464111
395,initial,-8.342947006225586,-9.113900184631348
396,initial,-7.910025119781494,-8.405896186828613
397,initial,-6.72782039642334,-7.077857494354248
398,initial,-6.855227470397949,-7.578944683074951
399,initial,-6.558243751525879,-7.048112392425537
400,initial,-9.062691688537598,-8.813745498657227
401,initial,-9.767141342163086,-9.042524337768555
402,initial,-9.835070610046387,-9.983373641967773
403,initial,-7.329368591308594,-7.2490925788879395
404,initial,-9.374737739562988,-8.111159324645996
405,initial,-9.217599868774414,-8.500832557678223
406,initial,-8.098546028137207,-7.82828426361084
407,initial,-7.829164981842041,-7.988892555236816
408,initial,-7.953212738037109,-7.415230751037598
409,initial,-7.7004523277282715,-7.648197174072266
410,initial,-7.708292007446289,-7.0078606605529785
411,initial,-9.52801513671875,-8.458085060119629
412,initial,-9.046613693237305,-8.613746643066406
413,initial,-7.8092803955078125,-7.5281243324279785
414,initial,-8.604168891906738,-8.678786277770996
415,initial,-9.663667678833008,-8.920308113098145
416,initial,-9.315756797790527,-8.327465057373047
417,initial,-9.197690963745117,-9.600314140319824
418,initial,-8.611366271972656,-8.05355167388916
419,initial,-7.329367637634277,-7.2490925788879395
420,initial,-7.664365768432617,-7.778163433074951
421,initial,-7.1174445152282715,-6.858089447021484
422,initial,-7.051840782165527,-6.984214782714844
423,initial,-7.244298934936523,-7.105581760406494
424,initial,-6.516362190246582,-6.581100940704346
425,initial,-8.599830627441406,-8.884673118591309
426,initial,-8.725497245788574,-8.713492393493652
427,initial,-9.652555465698242,-9.552292823791504
428,initial,-8.514884948730469,-8.222087860107422
429,initial,-6.173386573791504,-6.261839389801025
430,initial,-9.556475639343262,-9.365479469299316
431,initial,-6.775752544403076,-6.792311191558838
432,initial,-6.806307315826416,-6.975244045257568
433,initial,-8.442721366882324,-8.559326171875
434,initial,-7.937603950500488,-7.731083393096924
435,initial,-7.086571216583252,-6.798398494720459
436,initial,-6.903966426849365,-6.709084987640381
437,initial,-6.597605228424072,-6.395702838897705
438,initial,-7.287301063537598,-6.9728522300720215
439,initial,-7.210473537445068,-7.353471755981445
440,initial,-7.6966423988342285,-7.214112281799316
441,initial,-6.236212253570557,-6.111219882965088
442,initial,-7.496490001678467,-7.455721378326416
443,initial,-7.534629821777344,-7.367473602294922
444,initial,-7.927806854248047,-7.102395057678223
445,initial,-7.970893859863281,-7.506239891052246
446,initial,-8.525385856628418,-8.062525749206543
447,initial,-9.729477882385254,-9.222976684570312
448,initial,-7.965278148651123,-7.678786754608154
449,initial,-6.704953670501709,-6.760809898376465
450,initial,-7.8991875648498535,-7.656376838684082
451,initial,-8.082413673400879,-7.774855136871338
452,initial,-8.74432373046875,-8.300400733947754
453,initial,-7.446600914001465,-7.333425045013428
454,initial,-7.4052934646606445,-7.053949356079102
455,initial,-7.256999492645264,-6.917901992797852
456,initial,-7.003525733947754,-7.436657428741455
457,initial,-7.429846286773682,-6.8734893798828125
458,initial,-8.2628812789917,-7.21863317489624
459,initial,-7.670699596405029,-7.549454689025879
460,initial,-8.30740737915039,-7.205625057220459
461,initial,-6.082500457763672,-6.166630268096924
462,initial,-6.183062553405762,-6.1328043937683105
463,initial,-7.9867658615112305,-7.328496932983398
464,initial,-7.0509490966796875,-6.656553745269775
465,initial,-6.681484699249268,-6.503052711486816
466,initial,-6.919439315795898,-6.548239707946777
467,initial,-6.625557899475098,-6.115589618682861
468,initial,-7.674857139587402,-7.149999141693115
469,initial,-6.874612808227539,-6.495828151702881
470,initial,-7.2505645751953125,-7.024138450622559
471,initial,-9.612347602844238,-8.219176292419434
472,initial,-7.163858890533447,-6.658750057220459
473,initial,-7.131322860717773,-6.888696193695068
474,initial,-6.542962551116943,-6.500327110290527
475,initial,-7.073925018310547,-6.757894992828369
476,initial,-5.7006988525390625,-5.718562126159668
477,initial,-6.792959213256836,-6.252655029296875
478,initial,-6.291903972625732,-6.177472114562988
479,initial,-6.13965368270874,-6.207366466522217
480,initial,-5.92382287979126,-5.875479698181152
481,initial,-6.632523059844971,-6.218267917633057
482,initial,-7.401599407196045,-7.32187032699585
483,initial,-5.948836326599121,-6.059243679046631
484,initial,-5.742398738861084,-5.942877769470215
485,initial,-6.0723724365234375,-6.083558559417725
486,initial,-6.0723724365234375,-6.083558559417725
487,initial,-6.8139448165893555,-6.546948432922363
488,initial,-5.603991508483887,-5.535675048828125
489,initial,-6.999019145965576,-7.078551292419434
490,initial,-7.673217296600342,-7.282157897949219
491,initial,-8.976584434509277,-8.483698844909668
492,initial,-6.0723724365234375,-6.083558559417725
493,initial,-5.669781684875488,-5.661928176879883
494,initial,-6.470956802368164,-6.290411949157715
495,initial,-7.284906387329102,-6.890742778778076
496,initial,-5.734869003295898,-5.769785404205322
497,initial,-6.231048107147217,-6.212939739227295
498,initial,-5.669781684875488,-5.661928176879883
499,initial,-7.021806716918945,-6.732363224029541
500,initial,-5.65543794631958,-6.100229263305664
501,initial,-5.617897987365723,-5.677088260650635
502,initial,-6.585114479064941,-6.59002685546875
503,initial,-8.511358261108398,-7.993794918060303
504,initial,-6.247050762176514,-5.9084601402282715
505,initial,-6.350164413452148,-6.5125956535339355
506,initial,-5.920895576477051,-6.132765293121338
507,initial,-7.9064812660217285,-7.994330406188965
508,initial,-6.361172199249268,-6.398265838623047
509,initial,-6.4484357833862305,-6.109089374542236
510,initial,-7.55442476272583,-7.751538276672363
511,initial,-7.455174922943115,-7.389861106872559
512,initial,-6.411375045776367,-6.4925689697265625
513,initial,-6.582319736480713,-6.587536334991455
514,initial,-6.3860368728637695,-6.333500385284424
515,initial,-6.611819744110107,-6.5863213539123535
516,initial,-7.46433162689209,-6.770183086395264
517,initial,-5.543792724609375,-5.681790828704834
518,initial,-7.145147323608398,-7.215407848358154
519,initial,-8.827078819274902,-8.46674633026123
520,initial,-7.93170166015625,-7.283188819885254
521,initial,-7.931859970092773,-7.27325963973999
522,initial,-8.737404823303223,-7.952047348022461
523,initial,-6.968000411987305,-6.742650508880615
524,initial,-6.796912670135498,-6.2334723472595215
525,initial,-7.919366836547852,-7.278104305267334
526,initial,-5.759188175201416,-5.712871074676514
527,initial,-6.2791571617126465,-5.9716596603393555
528,initial,-9.192927360534668,-8.347185134887695
529,initial,-7.763810157775879,-7.081906318664551
530,initial,-7.123437881469727,-6.473612308502197
531,initial,-8.97844123840332,-7.994082450866699
532,initial,-8.717155456542969,-7.723901748657227
533,initial,-7.6080708503723145,-6.835503578186035
534,initial,-8.042844772338867,-7.308845520019531
535,initial,-6.525191307067871,-6.3105149269104
536,initial,-7.059418201446533,-6.454368591308594
537,initial,-8.97844123840332,-7.994082450866699
538,initial,-6.0051774978637695,-6.1463165283203125
539,initial,-6.290884494781494,-6.405723571777344
540,initial,-5.276752948760986,-5.482424736022949
541,initial,-5.743438720703125,-5.648404598236084
542,initial,-6.3631591796875,-6.494361877441406
543,initial,-5.82476806640625,-5.961013317108154
544,initial,-5.651610374450684,-5.647752285003662
545,initial,-6.243701457977295,-6.536651134490967
546,initial,-6.020394802093506,-6.0951337814331055
547,initial,-6.239898204803467,-6.240222454071045
548,initial,-5.448099136352539,-5.272061347961426
549,initial,-6.127134323120117,-6.066293239593506
550,initial,-6.021034240722656,-6.036736011505127
551,initial,-6.930851459503174,-6.918935775756836
552,initial,-6.168054103851318,-6.234018325805664
553,initial,-7.4969329833984375,-7.3060994148254395
554,initial,-7.315464496612549,-7.094070911407471
555,initial,-7.323034763336182,-7.116041660308838
556,initial,-6.031737804412842,-5.894443035125732
557,initial,-6.025552272796631,-6.088846206665039
558,initial,-6.006835460662842,-5.730318069458008
559,initial,-5.716328144073486,-6.067286968231201
560,initial,-7.379945755004883,-7.188213348388672
561,initial,-7.220711708068848,-6.644357204437256
562,initial,-7.6809797286987305,-7.296627521514893
563,initial,-6.444633960723877,-6.110485076904297
564,initial,-7.778153419494629,-7.3004937171936035
565,initial,-5.706454753875732,-5.869815349578857
566,initial,-6.929720401763916,-6.697338104248047
567,initial,-7.45835018157959,-6.8714094161987305
568,initial,-6.466182231903076,-6.452433109283447
569,initial,-6.766230583190918,-6.338702201843262
570,initial,-7.395601749420166,-6.985145568847656
571,initial,-6.956626892089844,-6.542735576629639
572,initial,-7.054577350616455,-6.487017631530762
573,initial,-8.391363143920898,-7.8229193687438965
574,initial,-5.656696319580078,-5.3831610679626465
575,initial,-5.9740800857543945,-5.835920333862305
576,initial,-6.40971565246582,-5.87836217880249
577,initial,-5.155205249786377,-5.205191135406494
578,initial,-5.734008312225342,-5.842773914337158
579,initial,-6.05126953125,-5.592159748077393
580,initial,-6.803978443145752,-6.374166011810303
581,initial,-8.16878604888916,-7.344771862030029
582,initial,-6.807895660400391,-6.4483513832092285
583,initial,-8.615447998046875,-7.2620320320129395
584,initial,-7.199963092803955,-6.569951057434082
585,initial,-6.703945636749268,-6.25859260559082
586,initial,-6.678614616394043,-6.076517105102539
587,initial,-8.450440406799316,-7.557729244232178
588,initial,-7.689212799072266,-7.350015163421631
589,initial,-7.786537170410156,-6.997859954833984
590,initial,-7.973846912384033,-7.090068340301514
591,initial,-9.08726978302002,-7.813167572021484
592,initial,-8.7410888671875,-7.673673152923584
593,initial,-6.856220722198486,-6.531187534332275
594,initial,-6.4040045738220215,-5.851876735687256
595,initial,-8.996170997619629,-7.387958526611328
596,initial,-6.427828311920166,-5.87697696685791
597,initial,-8.207296371459961,-6.9832353591918945
598,initial,-9.150614738464355,-7.6938934326171875
599,initial,-7.510673522949219,-6.176704406738281
600,initial,-6.8015055656433105,-6.79727840423584
601,initial,-9.009587287902832,-8.133848190307617
602,initial,-9.004351615905762,-8.353320121765137
603,initial,-8.831631660461426,-7.965829372406006
604,initial,-6.8015055656433105,-6.79727840423584
605,initial,-7.437920093536377,-7.022801876068115
606,initial,-8.585896492004395,-7.853481769561768
607,initial,-7.388926982879639,-6.8946533203125
608,initial,-8.1371488571167,-7.469058513641357
609,initial,-8.566788673400879,-7.4132819175720215
610,initial,-6.983597755432129,-6.3445024490356445
611,initial,-9.004350662231445,-8.353320121765137
612,initial,-6.861417293548584,-6.4117889404296875
613,initial,-7.432474136352539,-6.82095193862915
614,initial,-6.695007801055908,-6.465629577636719
615,initial,-6.931194305419922,-6.7535929679870605
616,initial,-6.978139400482178,-6.581063270568848
617,initial,-8.399818420410156,-7.596991539001465
618,initial,-7.5276384353637695,-6.871091365814209
619,initial,-8.182910919189453,-7.442751407623291
620,initial,-6.3658366203308105,-6.340436935424805
621,initial,-7.89431095123291,-7.590692520141602
622,initial,-7.3769636154174805,-7.331025123596191
623,initial,-6.517886161804199,-6.421259880065918
624,initial,-6.713694095611572,-6.425387859344482
625,initial,-7.941908836364746,-7.21578311920166
626,initial,-7.652660846710205,-7.52561616897583
627,initial,-6.036925315856934,-6.112802982330322
628,initial,-7.021481513977051,-6.405972480773926
629,initial,-8.02462387084961,-7.802656173706055
630,initial,-7.366872787475586,-7.275473594665527
631,initial,-7.327927112579346,-7.280050277709961
632,initial,-6.557152271270752,-6.457291603088379
633,initial,-6.033980369567871,-5.776413917541504
634,initial,-6.714119911193848,-6.573413372039795
635,initial,-5.821484565734863,-5.875986099243164
636,initial,-7.0453596115112305,-6.8863630294799805
637,initial,-6.544565200805664,-6.39288330078125
638,initial,-7.267079830169678,-7.052794456481934
639,initial,-6.119401931762695,-6.220845699310303
640,initial,-7.9545135498046875,-6.699267864227295
641,initial,-7.417456150054932,-6.798182964324951
642,initial,-7.6599249839782715,-6.331016540527344
643,initial,-8.582152366638184,-7.427317142486572
644,initial,-8.1305513381958,-7.1509881019592285
645,initial,-8.209092140197754,-7.352860450744629
646,initial,-9.668444633483887,-8.447664260864258
647,initial,-7.536888599395752,-6.353579998016357
648,initial,-9.357583045959473,-8.08218765258789
649,initial,-8.274029731750488,-8.05211067199707
650,initial,-8.083372116088867,-7.257589340209961
651,initial,-7.384986877441406,-6.557915210723877
652,initial,-7.025202751159668,-6.405786514282227
653,initial,-8.092061042785645,-7.243721961975098
654,initial,-7.942586421966553,-6.95697546005249
655,initial,-8.353293418884277,-7.609804630279541
656,initial,-8.892509460449219,-7.870433330535889
657,initial,-8.685282707214355,-7.581837177276611
658,initial,-8.671915054321289,-7.6867289543151855
659,initial,-8.28276538848877,-7.011998176574707
660,initial,-7.767091751098633,-7.268518924713135
661,initial,-6.111238479614258,-5.404024600982666
662,initial,-7.711506366729736,-7.3491034507751465
663,initial,-7.4781670570373535,-7.427555084228516
664,initial,-6.22875452041626,-5.781251430511475
665,initial,-6.4187331199646,-6.03840970993042
666,initial,-6.060182094573975,-5.727793216705322
667,initial,-7.1920881271362305,-6.893875598907471
668,initial,-6.0305891036987305,-5.622093677520752
669,initial,-5.637117385864258,-5.707763195037842
670,initial,-7.26271915435791,-7.000472068786621
671,initial,-6.575403213500977,-6.482494354248047
672,initial,-7.607866287231445,-7.0826897621154785
673,initial,-6.027532577514648,-5.749721527099609
674,initial,-7.262718677520752,-7.000471115112305
675,initial,-6.9157891273498535,-6.698273181915283
676,initial,-8.217519760131836,-7.789957523345947
677,initial,-6.706221580505371,-6.386950969696045
678,initial,-6.9735846519470215,-6.566571235656738
679,initial,-7.4684739112854,-6.9531941413879395
680,initial,-7.105417728424072,-6.158522129058838
681,initial,-7.3452534675598145,-6.34013032913208
682,initial,-6.588915824890137,-6.026236057281494
683,initial,-7.892134189605713,-7.2069244384765625
684,initial,-7.35058069229126,-6.744467735290527
685,initial,-6.79142427444458,-6.002438545227051
686,initial,-7.219488620758057,-6.658878326416016
687,initial,-5.94386625289917,-5.913592338562012
688,initial,-7.075801372528076,-6.062330722808838
689,initial,-8.217032432556152,-7.496507167816162
690,initial,-6.678286552429199,-6.369250774383545
691,initial,-6.293424606323242,-5.826132297515869
692,initial,-7.017652988433838,-6.440025329589844
693,initial,-7.139464378356934,-6.346218585968018
694,initial,-7.230875015258789,-6.906467437744141
695,initial,-8.152910232543945,-7.602790832519531
696,initial,-8.351491928100586,-7.6804585456848145
697,initial,-6.806654930114746,-6.048070907592773
698,initial,-6.752768516540527,-6.465272903442383
699,initial,-6.504040718078613,-5.908119201660156
0,final,-7.526040554046631,-6.6051859855651855
1,final,-7.192540168762207,-8.19659423828125
2,final,-6.1243133544921875,-6.219278812408447
3,final,-9.369508743286133,-8.441298484802246
4,final,-11.19914722442627,-8.770668029785156
5,final,-7.163399696350098,-7.298671722412109
6,final,-8.196584701538086,-7.067406177520752
7,final,-7.797989845275879,-6.626871585845947
8,final,-6.059083461761475,-4.8584184646606445
9,final,-6.1243133544921875,-6.219278812408447
10,final,-8.570427894592285,-7.286928176879883
11,final,-4.622715473175049,-5.3609185218811035
12,final,-6.94303035736084,-5.514822483062744
13,final,-8.739837646484375,-6.942096710205078
14,final,-6.059083461761475,-4.8584184646606445
15,final,-8.098772048950195,-6.464277744293213
16,final,-6.509051322937012,-5.521678924560547
17,final,-6.340118408203125,-6.577341556549072
18,final,-10.030553817749023,-9.556742668151855
19,final,-10.29261589050293,-9.094305992126465
20,final,-5.2455525398254395,-7.458576679229736
21,final,-6.980140686035156,-7.446103096008301
22,final,-8.245030403137207,-7.526505947113037
23,final,-8.116631507873535,-8.612488746643066
24,final,-8.503610610961914,-8.67796516418457
25,final,-8.116631507873535,-8.612488746643066
26,final,-10.249137878417969,-9.29870891571045
27,final,-8.532347679138184,-9.268860816955566
28,final,-5.747730255126953,-6.553608417510986
29,final,-9.139505386352539,-8.214909553527832
30,final,-8.031743049621582,-9.253279685974121
31,final,-8.208630561828613,-9.146334648132324
32,final,-8.245030403137207,-7.526504993438721
33,final,-8.208630561828613,-9.14633560180664
34,final,-7.782167911529541,-9.1391019821167
35,final,-8.560575485229492,-8.272004127502441
36,final,-5.7477288246154785,-6.55360746383667
37,final,-8.208630561828613,-9.14633560180664
38,final,-6.655498504638672,-8.296080589294434
39,final,-6.694236755371094,-8.248724937438965
40,final,-7.625280380249023,-7.19003963470459
41,final,-6.528362274169922,-5.595080852508545
42,final,-5.276528358459473,-4.9211835861206055
43,final,-9.238572120666504,-7.299665451049805
44,final,-5.683318138122559,-5.819031238555908
45,final,-6.089122295379639,-5.694584369659424
46,final,-7.219254970550537,-6.835117340087891
47,final,-7.212341785430908,-6.245041847229004
48,final,-9.508386611938477,-7.900073528289795
49,final,-4.963287830352783,-4.89444637298584
50,final,-7.556577205657959,-6.806778430938721
51,final,-8.103235244750977,-6.51658821105957
52,final,-6.372480392456055,-5.633266925811768
53,final,-7.120537281036377,-6.644425868988037
54,final,-7.013999938964844,-6.321567058563232
55,final,-9.948330879211426,-7.94492244720459
56,final,-6.330384254455566,-6.104917049407959
57,final,-6.950922012329102,-5.978966236114502
58,final,-8.949477195739746,-6.695527076721191
59,final,-7.191100120544434,-5.97463846206665
60,final,-6.529458522796631,-6.425098896026611
61,final,-7.0704851150512695,-6.560695648193359
62,final,-8.356863021850586,-7.755238056182861
63,final,-8.584135055541992,-7.0067362785339355
64,final,-6.035827159881592,-5.85806131362915
65,final,-7.113208770751953,-6.515347480773926
66,final,-9.602045059204102,-7.539886474609375
67,final,-9.36885929107666,-8.70620059967041
68,final,-7.504769325256348,-7.353946685791016
69,final,-7.671727180480957,-6.475764751434326
70,final,-10.38153076171875,-8.807950973510742
71,final,-10.439961433410645,-9.334813117980957
72,final,-8.259562492370605,-7.243660926818848
73,final,-11.252620697021484,-9.072206497192383
74,final,-7.9949116706848145,-7.201504230499268
75,final,-8.541947364807129,-6.660711765289307
76,final,-8.604270935058594,-7.50919246673584
77,final,-9.220037460327148,-7.420293807983398
78,final,-5.022087097167969,-4.694371700286865
79,final,-7.557915210723877,-5.602473735809326
80,final,-5.290928840637207,-5.330718994140625
81,final,-6.701979637145996,-5.597643852233887
82,final,-10.416783332824707,-8.9574613571167
83,final,-6.753204345703125,-6.08174467086792
84,final,-7.885526180267334,-7.104188919067383
85,final,-7.887101173400879,-7.330071926116943
86,final,-7.243630886077881,-7.163107872009277
87,final,-7.8470964431762695,-6.672763824462891
88,final,-7.705196857452393,-6.614144802093506
89,final,-6.19749641418457,-5.253172874450684
90,final,-10.093920707702637,-9.169687271118164
91,final,-9.452341079711914,-7.912173271179199
92,final,-7.2167816162109375,-6.304656505584717
93,final,-6.7092413902282715,-6.331204891204834
94,final,-6.697330474853516,-6.416444301605225
95,final,-7.865679740905762,-7.252862930297852
96,final,-6.765554904937744,-6.007444381713867
97,final,-7.827761650085449,-7.320834159851074
98,final,-7.515580177307129,-7.031540393829346
99,final,-7.010528087615967,-6.698973655700684
100,final,-7.151779651641846,-7.552813529968262
101,final,-7.481252193450928,-7.090297698974609
102,final,-7.699121952056885,-7.2595295906066895
103,final,-5.802722454071045,-5.184772491455078
104,final,-5.802722454071045,-5.184772491455078
105,final,-5.535350322723389,-5.161330699920654
106,final,-8.15346622467041,-6.9066691398620605
107,final,-7.9792304039001465,-7.745502948760986
108,final,-5.470694541931152,-5.155717372894287
109,final,-10.584159851074219,-9.779516220092773
110,final,-9.011513710021973,-8.367356300354004
111,final,-7.865644931793213,-7.274741172790527
112,final,-8.591484069824219,-7.7081685066223145
113,final,-9.358405113220215,-8.378981590270996
114,final,-6.427570819854736,-5.575647354125977
115,final,-6.547669410705566,-6.002379894256592
116,final,-8.026761054992676,-7.674010753631592
117,final,-7.907755374908447,-8.616533279418945
118,final,-8.15346622467041,-6.9066691398620605
119,final,-8.662349700927734,-7.743731498718262
120,final,-9.361115455627441,-5.631195068359375
121,final,-7.949533939361572,-4.526941776275635
122,final,-9.13771915435791,-6.01841402053833
123,final,-9.693005561828613,-5.883358001708984
124,final,-10.242280006408691,-7.43313455581665
125,final,-11.4065523147583,-6.632119655609131
126,final,-9.864900588989258,-7.61072301864624
127,final,-9.954782485961914,-6.5553202629089355
128,final,-10.445160865783691,-6.92084264755249
129,final,-10.637712478637695,-6.7135396003723145
130,final,-9.384208679199219,-5.895534038543701
131,final,-12.760859489440918,-9.275558471679688
132,final,-7.162555694580078,-5.140586853027344
133,final,-10.369959831237793,-7.159057140350342
134,final,-10.637712478637695,-6.7135396003723145
135,final,-10.84210205078125,-6.616268634796143
136,final,-8.567914009094238,-5.27948522567749
137,final,-10.84210205078125,-6.616268634796143
138,final,-11.4065523147583,-6.632119655609131
139,final,-7.223915100097656,-5.2832136154174805
140,final,-8.65394401550293,-6.347538948059082
141,final,-8.85401439666748,-6.18283224105835
142,final,-8.743138313293457,-6.2972002029418945
143,final,-7.466289520263672,-5.092157363891602
144,final,-9.967561721801758,-7.154660224914551
145,final,-10.665971755981445,-7.795412540435791
146,final,-11.843149185180664,-8.354615211486816
147,final,-10.938925743103027,-7.572591781616211
148,final,-7.855588436126709,-5.527515888214111
149,final,-7.863234519958496,-5.650961399078369
150,final,-8.26439094543457,-6.068613529205322
151,final,-8.860618591308594,-6.553721904754639
152,final,-8.952581405639648,-6.545223712921143
153,final,-8.873958587646484,-6.175712585449219
154,final,-8.65394401550293,-6.347538948059082
155,final,-11.843149185180664,-8.354615211486816
156,final,-8.874433517456055,-6.422424793243408
157,final,-10.872474670410156,-7.536241054534912
158,final,-6.834242820739746,-4.677774429321289
159,final,-11.843149185180664,-8.354615211486816
160,final,-10.041372299194336,-6.97636079788208
161,final,-13.697469711303711,-9.516945838928223
162,final,-11.540458679199219,-7.68582820892334
163,final,-10.595087051391602,-8.001272201538086
164,final,-12.03906536102295,-8.905596733093262
165,final,-9.050470352172852,-5.494559288024902
166,final,-11.421477317810059,-7.667731285095215
167,final,-10.595087051391602,-8.001272201538086
168,final,-7.567942142486572,-5.720133304595947
169,final,-10.908641815185547,-7.370495319366455
170,final,-11.435554504394531,-7.526983261108398
171,final,-11.461979866027832,-7.347762584686279
172,final,-8.81728744506836,-5.213967323303223
173,final,-10.24769401550293,-7.692541122436523
174,final,-10.334444046020508,-7.247442722320557
175,final,-9.979992866516113,-7.671534061431885
176,final,-11.449610710144043,-7.295997619628906
177,final,-8.894160270690918,-5.867603778839111
178,final,-8.332183837890625,-5.180180072784424
179,final,-12.127182006835938,-9.90864372253418
180,final,-7.622475624084473,-6.2234110832214355
181,final,-7.302052974700928,-5.377311706542969
182,final,-7.782021999359131,-6.559567451477051
183,final,-8.448137283325195,-6.484463691711426
184,final,-11.075738906860352,-8.958542823791504
185,final,-8.498290061950684,-6.949830055236816
186,final,-7.242040157318115,-6.239430904388428
187,final,-9.393373489379883,-7.542599678039551
188,final,-9.498373031616211,-6.903565883636475
189,final,-9.641522407531738,-8.09691333770752
190,final,-7.822883605957031,-6.033308982849121
191,final,-7.622475624084473,-6.2234110832214355
192,final,-7.987984657287598,-6.57726526260376
193,final,-9.599662780761719,-7.7509026527404785
194,final,-8.304256439208984,-6.838600158691406
195,final,-9.241534233093262,-7.3836989402771
196,final,-9.71176528930664,-7.960118293762207
197,final,-8.826659202575684,-6.929080009460449
198,final,-8.603246688842773,-7.283442497253418
199,final,-9.35141658782959,-7.648895263671875
200,final,-6.693694591522217,-4.387012004852295
201,final,-8.384748458862305,-7.266012668609619
202,final,-8.593029022216797,-6.3777337074279785
203,final,-10.993929862976074,-8.524552345275879
204,final,-10.993929862976074,-8.524552345275879
205,final,-8.835369110107422,-7.147378921508789
206,final,-9.381312370300293,-7.531120777130127
207,final,-9.4061861038208,-7.171453952789307
208,final,-10.993929862976074,-8.524552345275879
209,final,-8.835369110107422,-7.147378921508789
210,final,-8.565316200256348,-6.791856288909912
211,final,-11.930706977844238,-9.479761123657227
212,final,-11.930706977844238,-9.479761123657227
213,final,-8.238579750061035,-6.497615337371826
214,final,-8.565316200256348,-6.791856288909912
215,final,-8.607359886169434,-6.486147403717041
216,final,-9.244122505187988,-7.468644142150879
217,final,-10.895756721496582,-8.955103874206543
218,final,-7.573790073394775,-5.918271064758301
219,final,-9.433606147766113,-6.78106689453125
220,final,-6.219286918640137,-5.855693817138672
221,final,-5.117905616760254,-5.027336597442627
222,final,-10.11662483215332,-9.296858787536621
223,final,-8.620996475219727,-8.297348022460938
224,final,-7.076300621032715,-7.157264709472656
225,final,-5.644262790679932,-6.762264728546143
226,final,-6.417562484741211,-6.427863597869873
227,final,-8.472749710083008,-9.258655548095703
228,final,-5.689451217651367,-6.268998622894287
229,final,-5.644262790679932,-6.762264728546143
230,final,-7.658553600311279,-7.152167320251465
231,final,-7.773342132568359,-8.190670013427734
232,final,-7.239675998687744,-6.785938262939453
233,final,-7.4828338623046875,-7.287491798400879
234,final,-7.282927513122559,-6.807855606079102
235,final,-6.200777530670166,-6.4709601402282715
236,final,-8.103017807006836,-7.812685489654541
237,final,-8.206437110900879,-8.90956974029541
238,final,-8.702587127685547,-7.9379801750183105
239,final,-6.012723445892334,-7.079688549041748
240,final,-6.366888999938965,-7.430684566497803
241,final,-8.822203636169434,-10.752766609191895
242,final,-6.937780857086182,-8.248692512512207
243,final,-6.708249568939209,-7.91046142578125
244,final,-8.11426067352295,-8.761436462402344
245,final,-7.158095359802246,-8.628158569335938
246,final,-5.997736930847168,-7.129971027374268
247,final,-8.731925964355469,-9.736429214477539
248,final,-8.088407516479492,-8.821380615234375
249,final,-7.353142738342285,-8.940424919128418
250,final,-7.779569149017334,-8.21882152557373
251,final,-8.221120834350586,-9.179672241210938
252,final,-7.374843120574951,-9.000328063964844
253,final,-5.965213298797607,-7.9558868408203125
254,final,-6.681720733642578,-8.24166202545166
255,final,-7.080428123474121,-8.526476860046387
256,final,-7.187201499938965,-8.392107009887695
257,final,-7.808281421661377,-8.893739700317383
258,final,-5.747491836547852,-6.91047477722168
259,final,-5.137383937835693,-6.902302265167236
260,final,-7.917572975158691,-7.339163780212402
261,final,-7.020486831665039,-6.46108341217041
262,final,-6.115815162658691,-5.7095465660095215
263,final,-6.08865213394165,-6.041590690612793
264,final,-8.208781242370605,-7.9559125900268555
265,final,-5.623610496520996,-5.712620735168457
266,final,-6.431128025054932,-6.405711650848389
267,final,-6.413103103637695,-6.111234188079834
268,final,-6.720466136932373,-6.535630226135254
269,final,-6.428641319274902,-5.9754109382629395
270,final,-5.946260929107666,-6.236975193023682
271,final,-6.69410514831543,-6.126612663269043
272,final,-5.104717254638672,-5.17111349105835
273,final,-6.508486270904541,-6.277399063110352
274,final,-7.870147705078125,-7.41656494140625
275,final,-5.1729326248168945,-5.510805130004883
276,final,-6.9323601722717285,-6.4075517654418945
277,final,-6.253207683563232,-5.895369529724121
278,final,-5.965674877166748,-6.038066387176514
279,final,-8.239296913146973,-7.874144077301025
280,final,-8.45654582977295,-7.987204551696777
281,final,-6.136275291442871,-5.986172199249268
282,final,-8.229292869567871,-7.788618564605713
283,final,-6.9224395751953125,-7.002707481384277
284,final,-5.8330583572387695,-5.610304355621338
285,final,-7.306859970092773,-6.2603044509887695
286,final,-8.044808387756348,-7.459162712097168
287,final,-9.439652442932129,-8.089995384216309
288,final,-7.39420747756958,-7.31784725189209
289,final,-6.565918922424316,-7.244126319885254
290,final,-6.857161521911621,-6.682220458984375
291,final,-7.638285160064697,-7.160879135131836
292,final,-7.623485088348389,-7.412271499633789
293,final,-7.594013690948486,-7.013524055480957
294,final,-6.062772750854492,-5.979391098022461
295,final,-5.4163970947265625,-5.4496307373046875
296,final,-6.486442565917969,-6.472452163696289
297,final,-7.9586968421936035,-7.556163787841797
298,final,-7.098931312561035,-7.027015686035156
299,final,-6.916191101074219,-6.658783912658691
300,final,-7.677703857421875,-7.312919616699219
301,final,-7.373713493347168,-7.112530708312988
302,final,-7.687217712402344,-8.114978790283203
303,final,-7.844005107879639,-7.472329616546631
304,final,-10.6796875,-10.3739595413208
305,final,-8.392563819885254,-8.484452247619629
306,final,-9.86746597290039,-9.318094253540039
307,final,-8.709486961364746,-8.873723030090332
308,final,-5.4913177490234375,-5.909337043762207
309,final,-6.118422508239746,-5.937312126159668
310,final,-9.077131271362305,-8.540593147277832
311,final,-7.3162713050842285,-7.241635322570801
312,final,-7.8649749755859375,-7.300856113433838
313,final,-8.950031280517578,-9.392385482788086
314,final,-6.544283866882324,-6.054887294769287
315,final,-7.60988187789917,-7.435042858123779
316,final,-6.337769031524658,-6.018265724182129
317,final,-7.5260515213012695,-7.660089492797852
318,final,-6.918910503387451,-7.019270896911621
319,final,-11.030865669250488,-10.849597930908203
320,final,-5.696883201599121,-5.825260639190674
321,final,-6.942358493804932,-6.456566333770752
322,final,-7.862679481506348,-7.431353569030762
323,final,-8.19422435760498,-8.568065643310547
324,final,-6.390957832336426,-6.9198102951049805
325,final,-5.738880157470703,-5.513097763061523
326,final,-6.773059844970703,-6.34733247756958
327,final,-8.695499420166016,-8.631363868713379
328,final,-7.424501419067383,-7.319716453552246
329,final,-5.509634971618652,-6.327822208404541
330,final,-5.0705718994140625,-4.810085296630859
331,final,-6.538811683654785,-6.500703811645508
332,final,-7.287104606628418,-7.353732585906982
333,final,-6.26553201675415,-5.89676570892334
334,final,-5.146478176116943,-5.16587495803833
335,final,-8.162742614746094,-7.8325300216674805
336,final,-7.3899688720703125,-7.412718772888184
337,final,-7.657490253448486,-7.76676082611084
338,final,-6.363411903381348,-5.719629764556885
339,final,-7.018344879150391,-6.198030948638916
340,final,-8.430814743041992,-8.695423126220703
341,final,-11.401262283325195,-9.823863983154297
342,final,-8.280328750610352,-6.952185153961182
343,final,-9.733638763427734,-8.422558784484863
344,final,-7.159038543701172,-8.23209285736084
345,final,-7.476276397705078,-6.114444255828857
346,final,-8.939655303955078,-7.353919982910156
347,final,-10.644293785095215,-9.302685737609863
348,final,-9.420218467712402,-7.928131103515625
349,final,-8.215954780578613,-9.02530288696289
350,final,-12.079195022583008,-10.232136726379395
351,final,-11.607091903686523,-9.962993621826172
352,final,-7.365777492523193,-6.124804973602295
353,final,-8.223501205444336,-6.732819080352783
354,final,-6.876413345336914,-5.9216485023498535
355,final,-7.7173638343811035,-6.899575233459473
356,final,-9.318292617797852,-7.634551525115967
357,final,-11.030672073364258,-10.092562675476074
358,final,-7.882218360900879,-7.356089115142822
359,final,-7.530006408691406,-6.728503704071045
360,final,-8.297049522399902,-9.693819999694824
361,final,-8.730241775512695,-9.334010124206543
362,final,-7.627435207366943,-8.723371505737305
363,final,-7.60537576675415,-9.004789352416992
364,final,-7.762751579284668,-9.800479888916016
365,final,-7.024615287780762,-8.82101821899414
366,final,-11.505450248718262,-12.049023628234863
367,final,-8.656740188598633,-9.978116035461426
368,final,-9.084012031555176,-9.680724143981934
369,final,-9.878735542297363,-9.808531761169434
370,final,-7.961365699768066,-9.874762535095215
371,final,-11.33541202545166,-10.35605239868164
372,final,-9.071905136108398,-9.287321090698242
373,final,-9.23750114440918,-8.77042293548584
374,final,-8.966825485229492,-10.489809036254883
375,final,-8.12734317779541,-9.44367790222168
376,final,-9.25474739074707,-10.548142433166504
377,final,-8.730241775512695,-9.334010124206543
378,final,-7.60537576675415,-9.004789352416992
379,final,-7.8348236083984375,-8.832417488098145
380,final,-7.500638961791992,-6.901800632476807
381,final,-8.058431625366211,-6.670351028442383
382,final,-8.77733039855957,-7.693113327026367
383,final,-9.332390785217285,-8.414010047912598
384,final,-11.129344940185547,-8.905414581298828
385,final,-7.966900825500488,-7.613637447357178
386,final,-7.069322109222412,-6.36320686340332
387,final,-9.912904739379883,-7.1562113761901855
388,final,-7.022365570068359,-6.666284561157227
389,final,-9.575026512145996,-8.554349899291992
390,final,-7.585639953613281,-7.467041492462158
391,final,-7.7296342849731445,-6.545894145965576
392,final,-7.741058349609375,-7.186383247375488
393,final,-8.71278190612793,-7.649811744689941
394,final,-9.95091724395752,-8.094873428344727
395,final,-8.385805130004883,-7.636510848999023
396,final,-7.0350260734558105,-6.517756938934326
397,final,-6.447311878204346,-5.958416938781738
398,final,-8.131664276123047,-6.603304386138916
399,final,-7.469028472900391,-6.098278522491455
400,final,-9.465925216674805,-8.151642799377441
401,final,-9.314841270446777,-8.32608699798584
402,final,-10.476049423217773,-9.364664077758789
403,final,-10.564447402954102,-8.737265586853027
404,final,-11.843663215637207,-9.841578483581543
405,final,-8.404617309570312,-6.785539627075195
406,final,-6.474242687225342,-6.628006935119629
407,final,-6.046321868896484,-5.989698886871338
408,final,-8.57724666595459,-9.023900985717773
409,final,-9.875622749328613,-7.164908409118652
410,final,-9.702346801757812,-8.529622077941895
411,final,-8.327611923217773,-7.792712688446045
412,final,-9.407354354858398,-8.19765567779541
413,final,-8.423744201660156,-7.17133092880249
414,final,-10.103694915771484,-8.640894889831543
415,final,-7.727604866027832,-7.932559490203857
416,final,-12.490485191345215,-10.97314739227295
417,final,-9.576830863952637,-7.715450763702393
418,final,-7.279484272003174,-5.884496212005615
419,final,-10.564447402954102,-8.737265586853027
420,final,-9.395547866821289,-8.666820526123047
421,final,-9.596019744873047,-8.784377098083496
422,final,-6.762074947357178,-6.083794116973877
423,final,-7.394176959991455,-7.840717315673828
424,final,-9.199831008911133,-8.50118350982666
425,final,-8.844108581542969,-8.096696853637695
426,final,-9.316216468811035,-8.786442756652832
427,final,-10.243611335754395,-8.457406997680664
428,final,-8.586599349975586,-7.549513816833496
429,final,-10.095869064331055,-10.670448303222656
430,final,-9.251765251159668,-8.848451614379883
431,final,-10.141885757446289,-8.96302604675293
432,final,-8.079318046569824,-7.526239395141602
433,final,-9.301573753356934,-8.465874671936035
434,final,-8.629721641540527,-8.2528715133667
435,final,-7.267083168029785,-6.998011112213135
436,final,-7.865487098693848,-7.939721584320068
437,final,-8.246580123901367,-7.8138837814331055
438,final,-7.330375671386719,-6.692965984344482
439,final,-9.262068748474121,-8.540225982666016
440,final,-9.843748092651367,-8.688329696655273
441,final,-8.762350082397461,-8.193326950073242
442,final,-8.131409645080566,-8.239630699157715
443,final,-6.9077277183532715,-6.192869186401367
444,final,-7.731184005737305,-6.09706449508667
445,final,-7.795023441314697,-6.731747150421143
446,final,-7.746673583984375,-7.6754865646362305
447,final,-8.894522666931152,-8.020263671875
448,final,-7.803936004638672,-6.91489315032959
449,final,-7.788843631744385,-7.201845645904541
450,final,-8.952204704284668,-8.06693172454834
451,final,-6.915810585021973,-6.214735984802246
452,final,-9.261102676391602,-8.262596130371094
453,final,-6.404113292694092,-5.8004655838012695
454,final,-6.535140514373779,-6.81846809387207
455,final,-5.797641277313232,-5.583268165588379
456,final,-6.6559319496154785,-6.544186592102051
457,final,-6.899088382720947,-6.462593078613281
458,final,-6.143409729003906,-6.38307523727417
459,final,-7.798105716705322,-7.053611755371094
460,final,-8.764542579650879,-7.807300090789795
461,final,-6.225190162658691,-6.058676242828369
462,final,-6.466353416442871,-6.453372478485107
463,final,-8.717283248901367,-8.194540023803711
464,final,-7.625184059143066,-7.431621551513672
465,final,-7.627280235290527,-6.945975303649902
466,final,-6.469353675842285,-6.19245719909668
467,final,-7.322509765625,-6.509878635406494
468,final,-9.337632179260254,-8.733372688293457
469,final,-6.6009345054626465,-6.6377387046813965
470,final,-10.77795124053955,-10.13261890411377
471,final,-8.576299667358398,-7.519437313079834
472,final,-6.821316242218018,-6.433419227600098
473,final,-8.413148880004883,-8.246294021606445
474,final,-6.807345867156982,-6.7403388023376465
475,final,-8.224421501159668,-7.629001140594482
476,final,-8.891510963439941,-8.45776081085205
477,final,-6.7424468994140625,-6.327470779418945
478,final,-6.503740310668945,-6.978355407714844
479,final,-7.961677551269531,-7.778990268707275
480,final,-7.099576473236084,-7.934945583343506
481,final,-6.542685031890869,-6.660118103027344
482,final,-8.737763404846191,-9.467696189880371
483,final,-5.868878364562988,-7.146887302398682
484,final,-5.517185211181641,-6.390130519866943
485,final,-6.239652633666992,-7.011968612670898
486,final,-6.239652633666992,-7.011968612670898
487,final,-7.470955848693848,-8.605154991149902
488,final,-6.074860095977783,-6.6519060134887695
489,final,-9.384041786193848,-9.861437797546387
490,final,-7.559987545013428,-7.876206874847412
491,final,-9.629030227661133,-9.880598068237305
492,final,-6.239652633666992,-7.011968612670898
493,final,-4.882540702819824,-6.105780124664307
494,final,-6.496847629547119,-6.653951644897461
495,final,-8.499048233032227,-8.857736587524414
496,final,-7.217442989349365,-8.214163780212402
497,final,-6.947840690612793,-7.447892189025879
498,final,-4.882540702819824,-6.105780124664307
499,final,-6.064089775085449,-7.268190383911133
500,final,-7.0932936668396,-7.276444435119629
501,final,-7.193066596984863,-6.675981521606445
502,final,-7.176868438720703,-6.5046706199646
503,final,-10.707498550415039,-9.753804206848145
504,final,-6.728353977203369,-6.288605213165283
505,final,-7.052136421203613,-6.644550800323486
506,final,-7.311365604400635,-6.818044662475586
507,final,-8.19180679321289,-8.060094833374023
508,final,-6.252164840698242,-6.283750057220459
509,final,-8.283105850219727,-6.984943866729736
510,final,-8.872295379638672,-7.819311618804932
511,final,-8.707369804382324,-8.629858016967773
512,final,-6.802917003631592,-6.695773124694824
513,final,-5.573993682861328,-5.581568717956543
514,final,-8.651848793029785,-7.633615970611572
515,final,-6.981818199157715,-6.158693313598633
516,final,-7.2041521072387695,-6.550572395324707
517,final,-5.976728916168213,-5.638736724853516
518,final,-7.833648681640625,-7.661386489868164
519,final,-9.951155662536621,-9.001280784606934
520,final,-7.208785533905029,-6.81401252746582
521,final,-8.351415634155273,-7.023340225219727
522,final,-10.013236999511719,-9.31199836730957
523,final,-8.029747009277344,-7.259217739105225
524,final,-8.329586029052734,-7.372365951538086
525,final,-7.719376564025879,-7.224600791931152
526,final,-6.77938175201416,-6.2570481300354
527,final,-7.52353048324585,-7.577213764190674
528,final,-10.567441940307617,-9.958209991455078
529,final,-6.565016746520996,-5.884730339050293
530,final,-7.434506893157959,-6.840519905090332
531,final,-9.097675323486328,-8.873428344726562
532,final,-9.215950965881348,-8.263007164001465
533,final,-6.3942413330078125,-6.54780912399292
534,final,-9.03444766998291,-8.426727294921875
535,final,-8.202070236206055,-7.558355331420898
536,final,-8.717095375061035,-8.094861030578613
537,final,-9.097675323486328,-8.873428344726562
538,final,-7.691600799560547,-7.229742050170898
539,final,-6.624574184417725,-6.376582622528076
540,final,-5.953289031982422,-6.29970121383667
541,final,-7.8493123054504395,-7.913268566131592
542,final,-7.356475353240967,-7.008159637451172
543,final,-7.787845611572266,-7.93505859375
544,final,-6.3954877853393555,-6.26832914352417
545,final,-8.412842750549316,-7.558529853820801
546,final,-7.915981292724609,-6.9991559982299805
547,final,-9.948328018188477,-8.991898536682129
548,final,-7.945411682128906,-7.754269123077393
549,final,-6.792405605316162,-6.127652645111084
550,final,-6.2630133628845215,-5.938383102416992
551,final,-6.8858489990234375,-7.007317066192627
552,final,-7.211080551147461,-7.930665016174316
553,final,-8.183938980102539,-8.419254302978516
554,final,-8.466973304748535,-7.827487468719482
555,final,-7.457841396331787,-7.589278697967529
556,final,-6.7783613204956055,-5.831040859222412
557,final,-8.035332679748535,-7.360940456390381
558,final,-8.42158317565918,-8.329547882080078
559,final,-6.5198798179626465,-6.869869709014893
560,final,-8.141011238098145,-8.16362190246582
561,final,-6.630466461181641,-6.3990478515625
562,final,-7.543439865112305,-7.390126705169678
563,final,-6.681127548217773,-7.134545803070068
564,final,-9.417515754699707,-9.309128761291504
565,final,-6.862550735473633,-6.275691509246826
566,final,-7.161020755767822,-7.238821506500244
567,final,-7.67400598526001,-7.651816368103027
568,final,-7.402156352996826,-7.0696234703063965
569,final,-6.270737648010254,-6.752526760101318
570,final,-9.303383827209473,-9.615872383117676
571,final,-8.086454391479492,-7.8812336921691895
572,final,-6.695660591125488,-6.286155700683594
573,final,-8.415133476257324,-8.135458946228027
574,final,-7.208441257476807,-7.083763122558594
575,final,-6.907404899597168,-6.968017578125
576,final,-7.1347174644470215,-5.908674716949463
577,final,-5.241022109985352,-5.146474838256836
578,final,-6.928027153015137,-6.731456756591797
579,final,-6.462660312652588,-6.008169651031494
580,final,-7.976743221282959,-6.911938190460205
581,final,-7.4549384117126465,-6.979053497314453
582,final,-4.8245625495910645,-4.76043701171875
583,final,-9.50819206237793,-8.188308715820312
584,final,-8.773015975952148,-6.961740970611572
585,final,-5.806939125061035,-6.025626182556152
586,final,-6.5919342041015625,-5.761001110076904
587,final,-7.562402725219727,-7.250446319580078
588,final,-7.487527847290039,-6.720339298248291
589,final,-7.151732921600342,-6.700089454650879
590,final,-7.476711273193359,-6.3848700523376465
591,final,-7.356871128082275,-6.566426753997803
592,final,-7.704060077667236,-6.655130863189697
593,final,-5.292873382568359,-4.9605937004089355
594,final,-4.743537902832031,-4.398370265960693
595,final,-7.556000232696533,-6.908902645111084
596,final,-5.898359775543213,-5.362748146057129
597,final,-9.532938957214355,-8.20746898651123
598,final,-7.889343738555908,-6.761727333068848
599,final,-8.116092681884766,-6.566678524017334
600,final,-10.555562019348145,-10.38475513458252
601,final,-8.412056922912598,-7.994002819061279
602,final,-8.646143913269043,-8.450121879577637
603,final,-7.442979335784912,-7.735888957977295
604,final,-10.555562019348145,-10.38475513458252
605,final,-7.796258449554443,-8.813215255737305
606,final,-7.929955959320068,-7.733961582183838
607,final,-8.756970405578613,-9.018256187438965
608,final,-8.095342636108398,-8.175015449523926
609,final,-9.059996604919434,-8.931561470031738
610,final,-7.412411212921143,-8.019120216369629
611,final,-8.646143913269043,-8.450121879577637
612,final,-7.796385765075684,-8.290806770324707
613,final,-7.7643890380859375,-8.680941581726074
614,final,-7.008350849151611,-8.027661323547363
615,final,-8.447190284729004,-9.288844108581543
616,final,-6.608464241027832,-7.281563758850098
617,final,-7.475637912750244,-7.955563068389893
618,final,-7.380501747131348,-8.599823951721191
619,final,-8.207074165344238,-8.831877708435059
620,final,-8.820643424987793,-6.685762882232666
621,final,-8.957513809204102,-7.568077087402344
622,final,-9.746188163757324,-7.848259925842285
623,final,-5.643118858337402,-4.985522270202637
624,final,-7.4154229164123535,-6.311574935913086
625,final,-7.464765548706055,-6.966744422912598
626,final,-9.549123764038086,-7.4925994873046875
627,final,-7.519013404846191,-6.48108434677124
628,final,-7.0725603103637695,-5.948180675506592
629,final,-8.628288269042969,-7.270133972167969
630,final,-6.787015438079834,-6.128641605377197
631,final,-6.971248626708984,-5.980925559997559
632,final,-8.594867706298828,-7.312262535095215
633,final,-5.981081008911133,-5.602524757385254
634,final,-8.578556060791016,-6.89373254776001
635,final,-5.969003200531006,-5.301424026489258
636,final,-10.619288444519043,-8.240772247314453
637,final,-8.63150405883789,-7.091230869293213
638,final,-10.736968994140625,-8.080692291259766
639,final,-5.478653430938721,-4.658471584320068
640,final,-6.967376708984375,-6.418550968170166
641,final,-8.134881019592285,-7.195007801055908
642,final,-11.016977310180664,-8.136518478393555
643,final,-8.190420150756836,-7.239954948425293
644,final,-8.57640266418457,-6.991306304931641
645,final,-9.487677574157715,-8.93484878540039
646,final,-8.99362850189209,-8.104620933532715
647,final,-10.622414588928223,-7.82965087890625
648,final,-8.672808647155762,-8.034436225891113
649,final,-8.826436042785645,-7.190920352935791
650,final,-8.248627662658691,-7.184137344360352
651,final,-6.695918560028076,-5.727917671203613
652,final,-5.517127990722656,-4.469167232513428
653,final,-7.958944797515869,-6.874171733856201
654,final,-7.29928731918335,-6.290701389312744
655,final,-9.90959358215332,-8.633208274841309
656,final,-9.879923820495605,-7.434577465057373
657,final,-9.357338905334473,-8.223881721496582
658,final,-8.530515670776367,-7.880564212799072
659,final,-7.618635654449463,-6.348011493682861
660,final,-7.682459354400635,-7.105190753936768
661,final,-9.578397750854492,-7.799805641174316
662,final,-9.204975128173828,-8.428869247436523
663,final,-7.736793518066406,-6.793208122253418
664,final,-7.514769077301025,-7.475383281707764
665,final,-7.759297847747803,-6.743481159210205
666,final,-8.172955513000488,-7.516718864440918
667,final,-7.491182804107666,-6.7487030029296875
668,final,-7.741110324859619,-6.740756034851074
669,final,-6.798714637756348,-6.114743232727051
670,final,-7.949513912200928,-7.415581703186035
671,final,-6.8026275634765625,-7.0503082275390625
672,final,-10.199116706848145,-8.935355186462402
673,final,-6.1379170417785645,-5.539480209350586
674,final,-7.949512958526611,-7.415581703186035
675,final,-7.429688930511475,-7.288179397583008
676,final,-8.467988967895508,-7.981687545776367
677,final,-7.202790260314941,-6.378912448883057
678,final,-7.056004524230957,-6.635690689086914
679,final,-7.917359828948975,-7.4599995613098145
680,final,-6.816397190093994,-6.789425849914551
681,final,-8.712812423706055,-8.055673599243164
682,final,-5.463218688964844,-5.248753070831299
683,final,-7.9787445068359375,-6.811792373657227
684,final,-10.061711311340332,-8.010623931884766
685,final,-7.126536846160889,-5.566687107086182
686,final,-7.1579179763793945,-6.2402873039245605
687,final,-5.859646320343018,-5.6833062171936035
688,final,-9.911102294921875,-9.390933990478516
689,final,-7.804007530212402,-7.176144599914551
690,final,-6.743829250335693,-6.395527362823486
691,final,-7.563904762268066,-6.463891506195068
692,final,-7.964462757110596,-6.922834873199463
693,final,-6.8252105712890625,-6.1292314529418945
694,final,-7.508266448974609,-6.585921287536621
695,final,-7.710398197174072,-7.035926818847656
696,final,-8.611371994018555,-7.909820556640625
697,final,-7.037665843963623,-6.661120414733887
698,final,-7.883395195007324,-7.458701133728027
699,final,-6.003908634185791,-5.590656757354736
0,best,-5.620486259460449,-4.237888813018799
1,best,-5.357650279998779,-4.866024017333984
2,best,-4.529319763183594,-4.443268299102783
3,best,-7.281163215637207,-6.508067607879639
4,best,-7.3178534507751465,-5.142818927764893
5,best,-5.564244270324707,-4.901917934417725
6,best,-6.7045440673828125,-5.184594631195068
7,best,-5.753848552703857,-4.6435112953186035
8,best,-4.7432427406311035,-3.638068437576294
9,best,-4.529319763183594,-4.443268299102783
10,best,-6.558925628662109,-5.149792194366455
11,best,-3.8847713470458984,-3.9736366271972656
12,best,-4.477437973022461,-2.9752814769744873
13,best,-6.9191575050354,-4.97456693649292
14,best,-4.7432427406311035,-3.638068437576294
15,best,-6.708989143371582,-5.115540504455566
16,best,-3.915391445159912,-3.4295742511749268
17,best,-4.1516852378845215,-3.9538064002990723
18,best,-7.605175971984863,-6.82712984085083
19,best,-6.570548057556152,-5.711981296539307
20,best,-4.7584228515625,-4.554294109344482
21,best,-5.177767276763916,-4.449325084686279
22,best,-6.571390628814697,-5.360606670379639
23,best,-5.946254730224609,-5.162768840789795
24,best,-7.038804531097412,-5.471691131591797
25,best,-5.946254730224609,-5.162768840789795
26,best,-8.466952323913574,-6.600553035736084
27,best,-7.037693023681641,-5.95127534866333
28,best,-4.442513942718506,-4.107182502746582
29,best,-7.323605537414551,-5.8107733726501465
30,best,-5.671897888183594,-5.5302348136901855
31,best,-6.708507537841797,-5.055716037750244
32,best,-6.571389198303223,-5.360607147216797
33,best,-6.7085089683532715,-5.055716514587402
34,best,-5.982989311218262,-5.088088512420654
35,best,-6.681097507476807,-5.39078950881958
36,best,-4.4425129890441895,-4.107182025909424
37,best,-6.7085089683532715,-5.055716514587402
38,best,-5.301548957824707,-5.1223859786987305
39,best,-5.577333927154541,-5.1114678382873535
40,best,-6.118671417236328,-5.086482524871826
41,best,-5.919401168823242,-4.903979778289795
42,best,-4.8172101974487305,-4.297243118286133
43,best,-7.26474666595459,-5.9831743240356445
44,best,-4.870396614074707,-3.9458658695220947
45,best,-4.949404239654541,-4.1957526206970215
46,best,-4.660708427429199,-3.6624608039855957
47,best,-5.828115463256836,-4.748117446899414
48,best,-7.0717387199401855,-5.65603494644165
49,best,-4.568293571472168,-3.908726930618286
50,best,-6.344976902008057,-5.321468353271484
51,best,-6.8504958152771,-5.336928367614746
52,best,-5.921464443206787,-4.847933292388916
53,best,-6.073723793029785,-4.955149173736572
54,best,-5.715601921081543,-5.017070770263672
55,best,-5.3744683265686035,-4.042492389678955
56,best,-5.486827373504639,-4.47918176651001
57,best,-4.839505195617676,-4.239211082458496
58,best,-5.99800968170166,-4.262272834777832
59,best,-4.630849361419678,-3.7894349098205566
60,best,-5.180244445800781,-4.867498874664307
61,best,-4.755033016204834,-4.354165077209473
62,best,-7.888805389404297,-6.598002910614014
63,best,-7.504169464111328,-5.803693771362305
64,best,-5.580921173095703,-4.7194600105285645
65,best,-5.528838634490967,-4.348138809204102
66,best,-6.509223937988281,-5.046170711517334
67,best,-7.941224098205566,-6.237970352172852
68,best,-6.69427490234375,-5.492227077484131
69,best,-5.7915143966674805,-4.653486251831055
70,best,-7.4730048179626465,-6.021819114685059
71,best,-8.484626770019531,-6.791860103607178
72,best,-5.0796051025390625,-4.714402675628662
73,best,-6.025547027587891,-5.072268962860107
74,best,-4.574402332305908,-4.53504753112793
75,best,-7.167028903961182,-5.021068572998047
76,best,-6.317529201507568,-5.359104633331299
77,best,-7.978755950927734,-5.675734043121338
78,best,-4.748716831207275,-4.238490104675293
79,best,-6.135797023773193,-4.498433589935303
80,best,-4.879930019378662,-4.444479465484619
81,best,-5.58873176574707,-4.508197784423828
82,best,-6.1851725578308105,-5.256857872009277
83,best,-5.673811912536621,-4.689497470855713
84,best,-6.671368598937988,-5.834282875061035
85,best,-6.879732608795166,-6.0752716064453125
86,best,-5.847379684448242,-5.60954475402832
87,best,-6.413923263549805,-5.593197822570801
88,best,-6.2270917892456055,-5.055517196655273
89,best,-4.947347164154053,-4.393935680389404
90,best,-7.153684139251709,-6.292588233947754
91,best,-7.611149311065674,-6.45860481262207
92,best,-5.9592132568359375,-5.185837268829346
93,best,-6.113669395446777,-5.220245838165283
94,best,-6.087174892425537,-5.478317737579346
95,best,-6.623587608337402,-5.725687503814697
96,best,-6.017186641693115,-4.97859001159668
97,best,-6.568852424621582,-5.386303424835205
98,best,-6.823780536651611,-6.018819332122803
99,best,-6.319238662719727,-5.373380661010742
100,best,-6.508403301239014,-5.433383464813232
101,best,-6.290114402770996,-5.3517255783081055
102,best,-6.834125518798828,-5.88114595413208
103,best,-4.2305684089660645,-3.5485854148864746
104,best,-4.2305684089660645,-3.5485854148864746
105,best,-4.5617852210998535,-4.021358489990234
106,best,-6.833475112915039,-5.099376201629639
107,best,-6.448709964752197,-5.311171054840088
108,best,-5.063517093658447,-3.966020107269287
109,best,-8.594498634338379,-7.28641939163208
110,best,-7.917949199676514,-6.690548896789551
111,best,-6.989945888519287,-5.624857425689697
112,best,-7.492529392242432,-6.320827960968018
113,best,-8.012138366699219,-6.5123677253723145
114,best,-4.636716365814209,-3.949002981185913
115,best,-5.35955810546875,-4.4829182624816895
116,best,-7.2212910652160645,-6.127996921539307
117,best,-7.094344615936279,-5.9528069496154785
118,best,-6.833475112915039,-5.099376201629639
119,best,-7.648544788360596,-6.273049354553223
120,best,-5.659384250640869,-3.881885528564453
121,best,-5.0119709968566895,-3.4539103507995605
122,best,-5.02971887588501,-3.7360851764678955
123,best,-5.581910133361816,-3.9282448291778564
124,best,-4.3203253746032715,-3.4437198638916016
125,best,-7.135566711425781,-4.843906402587891
126,best,-6.4300856590271,-5.310885906219482
127,best,-6.1056928634643555,-4.673121929168701
128,best,-6.136482238769531,-4.258212089538574
129,best,-6.764120578765869,-5.153482437133789
130,best,-5.675795555114746,-3.8513948917388916
131,best,-6.842177391052246,-5.3977532386779785
132,best,-4.605897426605225,-3.614379644393921
133,best,-6.431802272796631,-4.978369235992432
134,best,-6.764120578765869,-5.153482437133789
135,best,-4.557374954223633,-3.1381845474243164
136,best,-5.787721633911133,-3.898951292037964
137,best,-4.557374954223633,-3.1381845474243164
138,best,-7.135565757751465,-4.843906402587891
139,best,-4.343885898590088,-3.4091126918792725
140,best,-6.323053359985352,-4.376411437988281
141,best,-6.611171245574951,-4.690967559814453
142,best,-6.772855758666992,-4.396402835845947
143,best,-5.759382247924805,-3.467045783996582
144,best,-8.252921104431152,-5.766830921173096
145,best,-7.5910797119140625,-5.338025093078613
146,best,-9.224020004272461,-6.480185031890869
147,best,-8.251241683959961,-5.700995445251465
148,best,-6.756589412689209,-4.495867729187012
149,best,-6.549833297729492,-4.498298168182373
150,best,-6.835183143615723,-4.57191801071167
151,best,-6.180186748504639,-4.762756824493408
152,best,-7.250493049621582,-5.093839168548584
153,best,-6.3604416847229,-4.923779487609863
154,best,-6.323053359985352,-4.376411437988281
155,best,-9.224020004272461,-6.480185031890869
156,best,-7.305016040802002,-5.18619441986084
157,best,-7.768261909484863,-5.2841715812683105
158,best,-6.053375244140625,-3.919398069381714
159,best,-9.224020004272461,-6.480185031890869
160,best,-6.700477600097656,-4.715468883514404
161,best,-8.288280487060547,-6.136022567749023
162,best,-7.559952259063721,-5.419055461883545
163,best,-7.919164180755615,-6.112292766571045
164,best,-8.842397689819336,-6.693910598754883
165,best,-6.020698547363281,-3.7451248168945312
166,best,-7.48270845413208,-5.149003028869629
167,best,-7.919164180755615,-6.112292766571045
168,best,-5.235851764678955,-3.845768690109253
169,best,-6.8036885261535645,-4.775399208068848
170,best,-7.854123115539551,-5.75044059753418
171,best,-7.466346740722656,-5.377260684967041
172,best,-5.840272426605225,-4.130248069763184
173,best,-7.48101282119751,-5.816243648529053
174,best,-7.601637840270996,-5.390778064727783
175,best,-6.758791446685791,-4.901859283447266
176,best,-8.005912780761719,-5.5869669914245605
177,best,-5.529917240142822,-3.634233236312866
178,best,-5.32933235168457,-3.6552093029022217
179,best,-7.673970699310303,-6.062601089477539
180,best,-7.214977264404297,-5.370448589324951
181,best,-5.853235721588135,-4.333423614501953
182,best,-6.558184623718262,-5.071409225463867
183,best,-6.0978498458862305,-4.9826531410217285
184,best,-7.621709823608398,-5.979809761047363
185,best,-6.873511791229248,-5.234611511230469
186,best,-6.400732040405273,-4.810544490814209
187,best,-7.1384124755859375,-5.869653701782227
188,best,-6.3319010734558105,-4.807464122772217
189,best,-7.566377639770508,-6.210186958312988
190,best,-6.896399021148682,-5.077096939086914
191,best,-7.214977264404297,-5.370448589324951
192,best,-7.007358074188232,-5.4449591636657715
193,best,-7.551152229309082,-5.851818561553955
194,best,-7.031030178070068,-5.281792163848877
195,best,-7.529504776000977,-5.842759132385254
196,best,-8.290898323059082,-6.541360378265381
197,best,-6.982470512390137,-5.415680885314941
198,best,-7.17327880859375,-5.7034592628479
199,best,-6.556066513061523,-5.3493757247924805
200,best,-4.639761447906494,-3.6755590438842773
201,best,-6.861561298370361,-5.200719833374023
202,best,-6.106372356414795,-4.986655235290527
203,best,-7.322396755218506,-5.702887058258057
204,best,-7.322396755218506,-5.702887058258057
205,best,-7.685100078582764,-5.435027122497559
206,best,-7.409997463226318,-5.814643859863281
207,best,-7.529388904571533,-6.115987300872803
208,best,-7.322396755218506,-5.702887058258057
209,best,-7.685100078582764,-5.435027122497559
210,best,-6.893594264984131,-5.124836444854736
211,best,-7.7792487144470215,-5.95082426071167
212,best,-7.7792487144470215,-5.95082426071167
213,best,-6.564659118652344,-4.929642677307129
214,best,-6.893594264984131,-5.124836444854736
215,best,-6.341958999633789,-5.341315269470215
216,best,-7.583314895629883,-6.055980205535889
217,best,-8.70594310760498,-7.147839069366455
218,best,-6.995315074920654,-4.903469562530518
219,best,-5.301065921783447,-3.6238229274749756
220,best,-5.04052734375,-4.741304874420166
221,best,-3.36155104637146,-3.466522216796875
222,best,-6.525290489196777,-6.188558101654053
223,best,-6.279862880706787,-6.077866554260254
224,best,-5.329649925231934,-5.339028358459473
225,best,-5.021194934844971,-5.26124382019043
226,best,-4.2579145431518555,-4.379032135009766
227,best,-5.369141578674316,-5.58231782913208
228,best,-5.002885341644287,-5.120851993560791
229,best,-5.021194934844971,-5.26124382019043
230,best,-5.709079265594482,-5.435598850250244
231,best,-4.825571060180664,-5.083775520324707
232,best,-5.665871620178223,-5.580330848693848
233,best,-5.528529644012451,-5.844516754150391
234,best,-5.930859088897705,-5.724287033081055
235,best,-4.844098091125488,-4.914855003356934
236,best,-4.902715682983398,-4.778497219085693
237,best,-5.003077983856201,-5.214409351348877
238,best,-6.725956439971924,-6.335991859436035
239,best,-4.812231063842773,-5.202291965484619
240,best,-4.508827209472656,-4.832393646240234
241,best,-6.394733905792236,-6.493860721588135
242,best,-6.3043646812438965,-6.084204196929932
243,best,-4.7058186531066895,-4.891623497009277
244,best,-6.9342474937438965,-6.496983051300049
245,best,-6.623579978942871,-6.600142478942871
246,best,-4.765472888946533,-4.895140171051025
247,best,-6.856875896453857,-6.644021511077881
248,best,-6.693747043609619,-6.539669513702393
249,best,-6.417632579803467,-6.553342819213867
250,best,-6.424732685089111,-6.038628578186035
251,best,-5.695372104644775,-5.737607955932617
252,best,-5.0108256340026855,-5.395943641662598
253,best,-5.432727813720703,-5.788151741027832
254,best,-5.021964073181152,-5.258084774017334
255,best,-5.359553337097168,-5.522602558135986
256,best,-6.188647747039795,-6.101615905761719
257,best,-6.597254276275635,-6.618756294250488
258,best,-4.89341926574707,-4.940871238708496
259,best,-3.891828775405884,-4.321887016296387
260,best,-5.981106281280518,-5.813992977142334
261,best,-5.047554016113281,-5.048134803771973
262,best,-5.2228217124938965,-4.768803596496582
263,best,-5.458298683166504,-5.183093070983887
264,best,-6.062348365783691,-5.671394348144531
265,best,-4.5309038162231445,-4.649248123168945
266,best,-5.221042633056641,-4.825018882751465
267,best,-3.8317697048187256,-3.7987701892852783
268,best,-5.809070587158203,-5.685348987579346
269,best,-5.816751003265381,-5.172082901000977
270,best,-5.117835998535156,-4.769914627075195
271,best,-3.946221351623535,-3.602858781814575
272,best,-4.003706455230713,-3.8278539180755615
273,best,-4.49388313293457,-4.411054611206055
274,best,-6.160696983337402,-5.720658779144287
275,best,-4.133664131164551,-4.160776138305664
276,best,-4.61744499206543,-4.015672206878662
277,best,-3.693150043487549,-3.743534564971924
278,best,-4.29282283782959,-4.3553547859191895
279,best,-4.885004997253418,-4.61978006362915
280,best,-7.19744873046875,-6.922900676727295
281,best,-4.21457576751709,-4.304139137268066
282,best,-6.257907390594482,-6.139988899230957
283,best,-4.9138336181640625,-5.058088302612305
284,best,-5.297210693359375,-5.211775779724121
285,best,-3.6157217025756836,-3.8620691299438477
286,best,-7.002587795257568,-6.494866847991943
287,best,-6.472544193267822,-6.126368522644043
288,best,-5.806255340576172,-6.231305122375488
289,best,-5.220914840698242,-5.790175914764404
290,best,-6.207289218902588,-6.182143211364746
291,best,-6.488034725189209,-6.071090221405029
292,best,-5.56028413772583,-5.80987548828125
293,best,-6.443836212158203,-5.927159309387207
294,best,-4.6783127784729,-4.669182777404785
295,best,-4.765481472015381,-4.623830795288086
296,best,-4.69551420211792,-4.982173919677734
297,best,-6.614523887634277,-6.394913673400879
298,best,-4.828202724456787,-5.160619258880615
299,best,-6.074706554412842,-6.065637111663818
300,best,-6.209000110626221,-5.876153469085693
301,best,-5.462887763977051,-5.402656555175781
302,best,-5.9247212409973145,-5.344308853149414
303,best,-6.883355617523193,-6.425337314605713
304,best,-7.587608337402344,-6.559928894042969
305,best,-6.9454450607299805,-6.467614650726318
306,best,-7.975161075592041,-7.334348201751709
307,best,-6.478956699371338,-5.818279266357422
308,best,-5.2130560874938965,-5.231657028198242
309,best,-5.6111907958984375,-5.209921360015869
310,best,-6.808672904968262,-6.373964309692383
311,best,-6.261382579803467,-5.858996868133545
312,best,-6.852884292602539,-6.351644039154053
313,best,-6.791891098022461,-6.2584147453308105
314,best,-5.246792316436768,-4.838342666625977
315,best,-6.066810607910156,-5.634720325469971
316,best,-5.153350353240967,-4.468494892120361
317,best,-6.564001083374023,-6.373802661895752
318,best,-5.876176834106445,-5.491525650024414
319,best,-7.729348182678223,-7.0794830322265625
320,best,-4.59633731842041,-4.108577251434326
321,best,-5.682076930999756,-5.365255355834961
322,best,-5.921846389770508,-5.438150405883789
323,best,-5.306235313415527,-4.978126525878906
324,best,-5.8150739669799805,-5.71523904800415
325,best,-4.427891731262207,-4.461496829986572
326,best,-5.592470645904541,-5.308976650238037
327,best,-6.9333271980285645,-6.707059860229492
328,best,-4.987865447998047,-4.748114585876465
329,best,-4.509068965911865,-4.705698013305664
330,best,-4.439919948577881,-4.27938175201416
331,best,-6.12811803817749,-5.634375095367432
332,best,-5.966057777404785,-5.412515640258789
333,best,-4.7135539054870605,-4.317162990570068
334,best,-4.983027458190918,-4.701005458831787
335,best,-5.5591654777526855,-5.190329074859619
336,best,-6.490987300872803,-6.0239667892456055
337,best,-5.877725124359131,-5.643096923828125
338,best,-4.588102340698242,-4.163917064666748
339,best,-5.757098197937012,-5.016594886779785
340,best,-4.922393798828125,-4.980772018432617
341,best,-8.891162872314453,-7.466680526733398
342,best,-6.304130554199219,-5.378533840179443
343,best,-7.632005214691162,-6.468044757843018
344,best,-5.62672233581543,-5.401946067810059
345,best,-5.206600666046143,-4.216169834136963
346,best,-6.252535820007324,-5.4062581062316895
347,best,-6.5332932472229,-5.677731037139893
348,best,-6.589561462402344,-6.022579193115234
349,best,-5.592828750610352,-5.408453464508057
350,best,-7.576429843902588,-6.413163661956787
351,best,-8.631449699401855,-7.251577377319336
352,best,-5.078200817108154,-4.002325534820557
353,best,-7.080471992492676,-5.509348392486572
354,best,-5.126401424407959,-4.2884521484375
355,best,-5.06826114654541,-4.6257758140563965
356,best,-7.402307987213135,-5.855996608734131
357,best,-8.701481819152832,-7.695263385772705
358,best,-5.390936374664307,-5.138828754425049
359,best,-4.8717803955078125,-4.393701076507568
360,best,-5.905857086181641,-5.92289400100708
361,best,-7.301332950592041,-6.263190746307373
362,best,-4.958299160003662,-5.253015995025635
363,best,-6.126908779144287,-5.984437465667725
364,best,-3.844460964202881,-4.140188694000244
365,best,-4.935034275054932,-5.135934829711914
366,best,-8.044233322143555,-7.167781352996826
367,best,-6.717720031738281,-6.256809234619141
368,best,-7.312899112701416,-6.722745418548584
369,best,-7.695664882659912,-6.823007106781006
370,best,-6.019210338592529,-5.955120086669922
371,best,-8.67642593383789,-7.6964802742004395
372,best,-7.3144025802612305,-6.405008316040039
373,best,-7.620383262634277,-6.604715347290039
374,best,-7.184516906738281,-6.4117960929870605
375,best,-5.130064964294434,-5.11295747756958
376,best,-5.488883972167969,-5.2331061363220215
377,best,-7.301332950592041,-6.263190746307373
378,best,-6.126908779144287,-5.984437465667725
379,best,-5.737281322479248,-5.482264518737793
380,best,-6.488342761993408,-5.49613618850708
381,best,-6.885434627532959,-5.554865837097168
382,best,-5.668652534484863,-5.023402690887451
383,best,-7.59752893447876,-6.664774417877197
384,best,-6.952905654907227,-5.352150917053223
385,best,-5.293540954589844,-4.730772495269775
386,best,-6.038604259490967,-5.188763618469238
387,best,-7.530272960662842,-5.84800386428833
388,best,-5.659587383270264,-5.184101581573486
389,best,-5.680491924285889,-4.700314044952393
390,best,-5.097412586212158,-4.8615803718566895
391,best,-5.76624059677124,-4.968031883239746
392,best,-6.273361682891846,-5.562261581420898
393,best,-7.598587512969971,-6.316400527954102
394,best,-6.352646827697754,-5.324191570281982
395,best,-7.779913425445557,-6.782390594482422
396,best,-6.3227667808532715,-5.40723991394043
397,best,-5.415978908538818,-4.709846496582031
398,best,-6.61173152923584,-5.29762077331543
399,best,-5.7734575271606445,-4.734053611755371
400,best,-6.677758693695068,-6.082598686218262
401,best,-7.416667938232422,-6.492833614349365
402,best,-8.336398124694824,-7.46002197265625
403,best,-6.025928974151611,-5.4018378257751465
404,best,-8.089181900024414,-6.54394006729126
405,best,-5.726525783538818,-4.7109055519104
406,best,-4.826320171356201,-4.7078328132629395
407,best,-5.390689849853516,-4.9461236000061035
408,best,-5.640711307525635,-5.470454692840576
409,best,-5.589694976806641,-5.27036714553833
410,best,-4.653048992156982,-4.145342826843262
411,best,-6.578164577484131,-5.6991705894470215
412,best,-6.602699279785156,-6.224146366119385
413,best,-6.192731857299805,-5.3244404792785645
414,best,-7.045637130737305,-6.139338493347168
415,best,-6.446099281311035,-6.171271800994873
416,best,-7.8167290687561035,-7.11298131942749
417,best,-6.792229652404785,-5.865825176239014
418,best,-5.127892017364502,-4.200690269470215
419,best,-6.0259294509887695,-5.4018378257751465
420,best,-6.9851579666137695,-6.241586685180664
421,best,-6.578804969787598,-5.789523124694824
422,best,-5.819146156311035,-5.000431537628174
423,best,-6.39117431640625,-5.719642162322998
424,best,-6.785747528076172,-6.156702041625977
425,best,-7.275722980499268,-6.41009521484375
426,best,-7.32173490524292,-6.564892768859863
427,best,-8.149357795715332,-6.98446798324585
428,best,-6.757516860961914,-5.784918308258057
429,best,-6.7102370262146,-6.095363140106201
430,best,-8.200654029846191,-7.099676132202148
431,best,-7.711356163024902,-6.35027551651001
432,best,-6.548382759094238,-5.756256580352783
433,best,-7.777359485626221,-6.945741653442383
434,best,-6.931877613067627,-6.160072326660156
435,best,-6.444501876831055,-5.288718223571777
436,best,-6.148202896118164,-5.45548152923584
437,best,-6.182775974273682,-5.2803778648376465
438,best,-5.7980475425720215,-5.164484977722168
439,best,-6.871130466461182,-6.114722728729248
440,best,-7.9440226554870605,-6.071946144104004
441,best,-6.004753112792969,-5.062924861907959
442,best,-5.516319274902344,-4.688525676727295
443,best,-6.591502666473389,-5.0457763671875
444,best,-6.482675075531006,-4.86013650894165
445,best,-5.784987449645996,-5.1066436767578125
446,best,-6.865042209625244,-6.3744072914123535
447,best,-7.85734748840332,-6.681262493133545
448,best,-7.156668186187744,-5.48548698425293
449,best,-5.105305194854736,-4.6424760818481445
450,best,-7.031099319458008,-6.302927494049072
451,best,-5.195549964904785,-4.623312950134277
452,best,-7.59595251083374,-6.571346282958984
453,best,-6.078848361968994,-5.039646148681641
454,best,-6.149796485900879,-5.300161361694336
455,best,-5.044187068939209,-4.40914249420166
456,best,-5.923454284667969,-5.379592418670654
457,best,-5.378360748291016,-4.486914157867432
458,best,-4.444250583648682,-4.012086391448975
459,best,-5.993640899658203,-4.973195552825928
460,best,-7.362114429473877,-6.321919918060303
461,best,-4.813433647155762,-4.880669593811035
462,best,-4.983359336853027,-5.283578395843506
463,best,-5.773720741271973,-5.809250831604004
464,best,-6.038175582885742,-5.996143341064453
465,best,-6.19049072265625,-6.034193515777588
466,best,-5.321958065032959,-5.285797595977783
467,best,-5.3617401123046875,-4.919771194458008
468,best,-5.846800327301025,-5.940163612365723
469,best,-5.287028789520264,-5.453293800354004
470,best,-6.719028949737549,-6.449838638305664
471,best,-7.060538291931152,-6.4382171630859375
472,best,-6.296331405639648,-5.729022979736328
473,best,-6.461029052734375,-6.288819313049316
474,best,-5.744222164154053,-5.711837291717529
475,best,-5.519186019897461,-5.602670192718506
476,best,-6.429553985595703,-6.196610450744629
477,best,-5.7263503074646,-5.643150329589844
478,best,-4.640244960784912,-5.008147239685059
479,best,-5.673203468322754,-5.740734577178955
480,best,-5.743698596954346,-6.044972896575928
481,best,-5.526256084442139,-5.657721519470215
482,best,-6.091369152069092,-6.212306022644043
483,best,-4.945614814758301,-5.512217998504639
484,best,-4.669875621795654,-4.617687702178955
485,best,-5.018430233001709,-5.487411022186279
486,best,-5.018430233001709,-5.487411022186279
487,best,-6.147573947906494,-6.335968971252441
488,best,-5.228499412536621,-5.558726787567139
489,best,-6.991491794586182,-6.512544631958008
490,best,-6.156421661376953,-5.955504417419434
491,best,-7.471477031707764,-7.127349853515625
492,best,-5.018430233001709,-5.487411022186279
493,best,-4.261662483215332,-4.597177505493164
494,best,-5.529772758483887,-5.4520039558410645
495,best,-6.143745422363281,-5.916234016418457
496,best,-5.174657821655273,-5.32827615737915
497,best,-4.942267894744873,-5.050022125244141
498,best,-4.261662483215332,-4.597177505493164
499,best,-5.68765926361084,-5.505285263061523
500,best,-5.32072639465332,-5.650842666625977
501,best,-5.236164093017578,-5.376459121704102
502,best,-5.143158435821533,-5.152975559234619
503,best,-7.885765075683594,-7.501916408538818
504,best,-4.942727565765381,-5.164150714874268
505,best,-5.732039928436279,-5.388342380523682
506,best,-5.29212760925293,-4.983456134796143
507,best,-6.43986177444458,-6.337037563323975
508,best,-5.246729850769043,-5.1607561111450195
509,best,-4.7726545333862305,-5.284412860870361
510,best,-6.508049011230469,-6.240876197814941
511,best,-6.691057205200195,-6.572528839111328
512,best,-5.154970169067383,-5.3869829177856445
513,best,-5.081125736236572,-5.050968647003174
514,best,-6.391002178192139,-6.234852313995361
515,best,-5.915621280670166,-5.258285999298096
516,best,-5.6009955406188965,-5.4919915199279785
517,best,-4.436225414276123,-4.40195894241333
518,best,-5.923611164093018,-6.102382183074951
519,best,-7.271891117095947,-7.124500274658203
520,best,-6.2897467613220215,-5.981457233428955
521,best,-6.185268402099609,-6.01365852355957
522,best,-5.858998775482178,-5.838827610015869
523,best,-6.0923004150390625,-5.933876991271973
524,best,-4.826361179351807,-4.951127529144287
525,best,-6.71174955368042,-6.322525978088379
526,best,-5.085353851318359,-5.350759506225586
527,best,-4.700479507446289,-5.420569896697998
528,best,-7.8124284744262695,-7.247138977050781
529,best,-5.704100608825684,-5.384548187255859
530,best,-5.355632305145264,-5.7015380859375
531,best,-6.631805419921875,-6.6342973709106445
532,best,-5.994568347930908,-5.579931259155273
533,best,-5.306573867797852,-5.380643844604492
534,best,-6.599132061004639,-6.165607929229736
535,best,-5.999024391174316,-6.345305919647217
536,best,-4.654845237731934,-5.0953474044799805
537,best,-6.631805419921875,-6.6342973709106445
538,best,-5.458106994628906,-5.862690448760986
539,best,-5.313096046447754,-5.536315441131592
540,best,-4.9281110763549805,-5.088406562805176
541,best,-5.549807071685791,-5.7636399269104
542,best,-6.214338779449463,-5.737147808074951
543,best,-5.669360160827637,-5.7889275550842285
544,best,-5.324121952056885,-5.0431904792785645
545,best,-5.805731296539307,-5.944425582885742
546,best,-5.854320049285889,-6.102892875671387
547,best,-7.369668483734131,-6.455733776092529
548,best,-5.536600589752197,-5.5894598960876465
549,best,-5.649110317230225,-5.239555835723877
550,best,-5.867136001586914,-5.446162223815918
551,best,-6.541825771331787,-6.206615924835205
552,best,-5.8829193115234375,-5.746331214904785
553,best,-6.6038498878479,-6.691987991333008
554,best,-6.684527397155762,-6.490841388702393
555,best,-6.162259101867676,-6.056517124176025
556,best,-5.488006114959717,-5.046270847320557
557,best,-6.493585109710693,-5.967830181121826
558,best,-5.302764415740967,-5.098211288452148
559,best,-5.9063801765441895,-5.681455135345459
560,best,-6.606534481048584,-6.508353233337402
561,best,-5.737932205200195,-5.136397361755371
562,best,-6.541396141052246,-6.215925216674805
563,best,-5.190410137176514,-5.558543682098389
564,best,-7.484294891357422,-7.099660873413086
565,best,-4.967886447906494,-4.738685607910156
566,best,-5.927557945251465,-5.704183578491211
567,best,-6.164272785186768,-6.089362144470215
568,best,-5.90653133392334,-5.270956993103027
569,best,-5.281494140625,-5.223573207855225
570,best,-6.222451686859131,-5.993279457092285
571,best,-6.465089321136475,-6.072415351867676
572,best,-5.544890403747559,-5.20346212387085
573,best,-6.810551643371582,-6.667275428771973
574,best,-5.411377429962158,-5.353454113006592
575,best,-5.613396644592285,-5.8552703857421875
576,best,-5.585012912750244,-5.181275844573975
577,best,-4.393178939819336,-4.201591491699219
578,best,-5.483020305633545,-5.722787380218506
579,best,-5.294766902923584,-5.248010158538818
580,best,-6.0861077308654785,-5.512706756591797
581,best,-5.4202728271484375,-5.14547872543335
582,best,-3.708254098892212,-3.628354072570801
583,best,-7.277091979980469,-6.020492076873779
584,best,-6.55444860458374,-5.517555236816406
585,best,-4.310630798339844,-4.25770902633667
586,best,-5.407516956329346,-4.610252857208252
587,best,-5.492156982421875,-5.097774028778076
588,best,-4.440466403961182,-4.110393047332764
589,best,-5.3664326667785645,-5.0236687660217285
590,best,-6.05167818069458,-4.970890522003174
591,best,-5.865715503692627,-5.315062046051025
592,best,-6.465601444244385,-5.466917514801025
593,best,-4.331210613250732,-3.8794522285461426
594,best,-3.9780235290527344,-3.6351823806762695
595,best,-5.219505786895752,-4.936108112335205
596,best,-4.327300548553467,-3.87247371673584
597,best,-4.8661112785339355,-4.526520252227783
598,best,-6.248983860015869,-5.378785133361816
599,best,-5.558624267578125,-4.834349632263184
600,best,-7.5090765953063965,-6.864494323730469
601,best,-6.803094387054443,-6.254208564758301
602,best,-6.98082160949707,-6.4245429039001465
603,best,-6.504990100860596,-5.787392616271973
604,best,-7.5090765953063965,-6.864494323730469
605,best,-4.9977803230285645,-4.533957481384277
606,best,-6.270763397216797,-5.657176971435547
607,best,-6.362107276916504,-6.1642537117004395
608,best,-6.598327159881592,-5.619251728057861
609,best,-7.490346431732178,-6.407555103302002
610,best,-5.460427761077881,-5.1104607582092285
611,best,-6.98082160949707,-6.424543857574463
612,best,-5.283908843994141,-4.8251190185546875
613,best,-6.385847568511963,-5.526810646057129
614,best,-4.007115840911865,-3.658299684524536
615,best,-5.532415390014648,-5.187563419342041
616,best,-4.603981018066406,-4.118072986602783
617,best,-6.1952691078186035,-5.443140506744385
618,best,-6.042055606842041,-5.709383010864258
619,best,-6.844676971435547,-6.186065673828125
620,best,-5.59072732925415,-4.538055896759033
621,best,-6.731728553771973,-5.752492904663086
622,best,-7.621018409729004,-6.459227085113525
623,best,-5.374796390533447,-4.549036502838135
624,best,-5.633660793304443,-4.850374698638916
625,best,-5.772502422332764,-5.138995170593262
626,best,-7.032535552978516,-6.012120723724365
627,best,-5.312013149261475,-4.473409652709961
628,best,-5.599574089050293,-4.743961811065674
629,best,-6.925449371337891,-5.742292404174805
630,best,-5.776816368103027,-5.11353063583374
631,best,-5.944234848022461,-4.923746109008789
632,best,-5.812013149261475,-5.149100303649902
633,best,-4.947751998901367,-4.2680583000183105
634,best,-5.927106857299805,-4.94747257232666
635,best,-5.091596603393555,-4.349228858947754
636,best,-6.377257823944092,-5.3021111488342285
637,best,-5.462503910064697,-4.838384628295898
638,best,-7.272310256958008,-5.927101135253906
639,best,-4.974195957183838,-4.293492317199707
640,best,-4.959347248077393,-4.650210380554199
641,best,-6.0219902992248535,-5.282736778259277
642,best,-6.0219292640686035,-5.342822074890137
643,best,-6.298821926116943,-5.782552242279053
644,best,-6.818622589111328,-6.306893348693848
645,best,-6.686683654785156,-6.171536922454834
646,best,-7.469544887542725,-6.4992499351501465
647,best,-6.481269836425781,-5.260891914367676
648,best,-6.5412373542785645,-5.8719024658203125
649,best,-5.48254919052124,-5.038637638092041
650,best,-6.112717151641846,-5.6039509773254395
651,best,-5.521962642669678,-4.964599609375
652,best,-4.445237159729004,-3.733729600906372
653,best,-5.8779826164245605,-4.913492679595947
654,best,-5.868749141693115,-5.3568034172058105
655,best,-7.599789142608643,-6.512200832366943
656,best,-7.378889560699463,-6.011472225189209
657,best,-7.351437091827393,-6.554950714111328
658,best,-6.727926731109619,-5.939156532287598
659,best,-5.99885892868042,-4.910887718200684
660,best,-6.897158622741699,-5.769717216491699
661,best,-6.672877788543701,-5.1374006271362305
662,best,-7.830948829650879,-6.840305328369141
663,best,-6.300015926361084,-5.5430684089660645
664,best,-6.444291114807129,-5.043428421020508
665,best,-6.156040191650391,-5.331830978393555
666,best,-6.20072078704834,-5.4932780265808105
667,best,-5.784711837768555,-5.181097030639648
668,best,-6.700942039489746,-5.298845291137695
669,best,-5.559264183044434,-5.084657192230225
670,best,-7.159321308135986,-6.28064489364624
671,best,-6.177590370178223,-5.280647277832031
672,best,-5.956599235534668,-5.434103012084961
673,best,-5.16695499420166,-4.33511209487915
674,best,-7.159321308135986,-6.28064489364624
675,best,-6.690898895263672,-5.904417514801025
676,best,-7.508087158203125,-6.664388179779053
677,best,-6.070651054382324,-5.260779857635498
678,best,-6.297176361083984,-5.5887227058410645
679,best,-6.956445217132568,-6.039909362792969
680,best,-5.724740028381348,-4.5883989334106445
681,best,-6.218346118927002,-5.097286701202393
682,best,-4.8488898277282715,-3.8920652866363525
683,best,-6.62258243560791,-5.530760765075684
684,best,-5.339962005615234,-4.247541904449463
685,best,-5.096137523651123,-4.115216255187988
686,best,-5.699403285980225,-4.761938095092773
687,best,-5.627742767333984,-4.942327499389648
688,best,-6.8161773681640625,-5.593470573425293
689,best,-6.818811893463135,-5.793713569641113
690,best,-6.730396747589111,-5.607302665710449
691,best,-5.447761535644531,-4.548122882843018
692,best,-6.4061360359191895,-5.381146430969238
693,best,-5.682690143585205,-4.656161785125732
694,best,-5.6408514976501465,-4.9111504554748535
695,best,-7.081656455993652,-6.038136005401611
696,best,-7.248110294342041,-6.173751354217529
697,best,-5.491981029510498,-4.432905197143555
698,best,-6.738613605499268,-5.697774410247803
699,best,-5.345167636871338,-4.579963684082031
