item_id,model_state,do,pp
0,initial,-7.983368873596191,-6.472432613372803
1,initial,-7.690818786621094,-7.030484676361084
2,initial,-7.288168430328369,-6.384869575500488
3,initial,-9.155512809753418,-7.979452610015869
4,initial,-8.025728225708008,-5.7358245849609375
5,initial,-7.267655372619629,-6.704473972320557
6,initial,-9.240204811096191,-7.697418689727783
7,initial,-7.597046852111816,-6.518667697906494
8,initial,-7.412190914154053,-6.188266277313232
9,initial,-7.288168430328369,-6.384869575500488
10,initial,-8.568828582763672,-7.355727672576904
11,initial,-6.813577175140381,-6.192198753356934
12,initial,-8.201878547668457,-6.530986785888672
13,initial,-8.410188674926758,-6.533275127410889
14,initial,-7.412190914154053,-6.188266277313232
15,initial,-8.709085464477539,-7.47641134262085
16,initial,-7.607873439788818,-6.823266506195068
17,initial,-7.952661514282227,-6.88195276260376
18,initial,-10.044744491577148,-8.570874214172363
19,initial,-7.093829154968262,-6.67660665512085
20,initial,-7.16746711730957,-6.615457057952881
21,initial,-7.769249439239502,-6.832480430603027
22,initial,-8.900925636291504,-7.704008102416992
23,initial,-7.857460021972656,-7.112948894500732
24,initial,-8.367493629455566,-6.871248722076416
25,initial,-7.857460021972656,-7.112948894500732
26,initial,-9.430932998657227,-8.417710304260254
27,initial,-9.29488468170166,-8.069185256958008
28,initial,-7.443694591522217,-6.886099815368652
29,initial,-8.91159725189209,-7.733090877532959
30,initial,-7.991446018218994,-7.26387882232666
31,initial,-7.6631598472595215,-6.6672043800354
32,initial,-8.900925636291504,-7.70400857925415
33,initial,-7.6631622314453125,-6.667205810546875
34,initial,-7.437721252441406,-6.948904514312744
35,initial,-8.862462043762207,-7.851948261260986
36,initial,-7.443695545196533,-6.886100769042969
37,initial,-7.6631622314453125,-6.667205810546875
38,initial,-7.50100564956665,-6.724640846252441
39,initial,-7.434068202972412,-6.698765277862549
40,initial,-7.3378424644470215,-6.900082111358643
41,initial,-7.25568151473999,-6.597333908081055
42,initial,-6.940227508544922,-6.507078170776367
43,initial,-8.701918601989746,-7.817922592163086
44,initial,-8.396258354187012,-6.994805335998535
45,initial,-7.597222328186035,-6.650888442993164
46,initial,-7.534480571746826,-6.539308547973633
47,initial,-7.711714744567871,-7.0459113121032715
48,initial,-8.666876792907715,-8.088296890258789
49,initial,-6.763597011566162,-6.612097263336182
50,initial,-8.15263843536377,-6.980134010314941
51,initial,-8.205649375915527,-7.781134605407715
52,initial,-7.70556640625,-7.053595542907715
53,initial,-7.370002746582031,-6.7696075439453125
54,initial,-7.807733058929443,-6.99489688873291
55,initial,-8.050058364868164,-6.900704383850098
56,initial,-6.883423328399658,-6.504342079162598
57,initial,-6.425502777099609,-6.068146705627441
58,initial,-8.317506790161133,-6.715952396392822
59,initial,-8.134941101074219,-6.954566478729248
60,initial,-8.745048522949219,-7.4008283615112305
61,initial,-9.666923522949219,-7.98030424118042
62,initial,-10.569314956665039,-9.246572494506836
63,initial,-10.241975784301758,-8.213080406188965
64,initial,-8.216116905212402,-7.340755462646484
65,initial,-7.99770975112915,-7.234400272369385
66,initial,-8.114960670471191,-7.465598106384277
67,initial,-10.970576286315918,-9.192814826965332
68,initial,-9.276814460754395,-7.602331638336182
69,initial,-8.862173080444336,-7.057833194732666
70,initial,-7.839223861694336,-7.667137145996094
71,initial,-9.395685195922852,-8.9489164352417
72,initial,-7.170167922973633,-6.296680927276611
73,initial,-7.738917827606201,-7.027976036071777
74,initial,-6.997565746307373,-6.536942005157471
75,initial,-9.477301597595215,-7.644501209259033
76,initial,-8.715872764587402,-7.224599361419678
77,initial,-9.482487678527832,-8.159967422485352
78,initial,-8.024542808532715,-6.942313194274902
79,initial,-8.024781227111816,-7.068211078643799
80,initial,-6.087986946105957,-5.435007095336914
81,initial,-6.189703941345215,-5.314116477966309
82,initial,-8.293540954589844,-7.223208427429199
83,initial,-6.935615539550781,-6.324096202850342
84,initial,-6.827502727508545,-6.03682279586792
85,initial,-8.14936351776123,-6.829268455505371
86,initial,-8.23948860168457,-7.119170188903809
87,initial,-7.07333517074585,-6.100070476531982
88,initial,-7.056889533996582,-6.008689880371094
89,initial,-5.8741888999938965,-5.193292140960693
90,initial,-6.99532413482666,-5.84617280960083
91,initial,-9.443618774414062,-8.116900444030762
92,initial,-6.260948181152344,-5.332766532897949
93,initial,-6.791317462921143,-6.564424991607666
94,initial,-7.026158332824707,-6.33836030960083
95,initial,-7.174103736877441,-6.211284637451172
96,initial,-6.3698835372924805,-5.830131530761719
97,initial,-6.909890174865723,-6.140348434448242
98,initial,-8.206923484802246,-7.235322952270508
99,initial,-6.260506629943848,-5.323765754699707
100,initial,-7.584685802459717,-6.035407066345215
101,initial,-7.59094762802124,-6.36585807800293
102,initial,-8.719322204589844,-7.430469036102295
103,initial,-7.868348598480225,-6.373925685882568
104,initial,-7.868348598480225,-6.373925685882568
105,initial,-7.20456600189209,-6.165879726409912
106,initial,-8.336363792419434,-7.015643119812012
107,initial,-7.936948299407959,-6.491912841796875
108,initial,-6.59982967376709,-5.919800758361816
109,initial,-9.283230781555176,-8.258101463317871
110,initial,-8.775691032409668,-7.719673156738281
111,initial,-7.315937519073486,-6.226658344268799
112,initial,-8.98497486114502,-7.469629764556885
113,initial,-8.745051383972168,-7.35003137588501
114,initial,-7.248803615570068,-6.238925457000732
115,initial,-7.658755779266357,-6.757652759552002
116,initial,-8.598422050476074,-6.933558464050293
117,initial,-7.798856258392334,-6.481725215911865
118,initial,-8.336363792419434,-7.015643119812012
119,initial,-8.599832534790039,-7.063976764678955
120,initial,-7.755746364593506,-6.432633399963379
121,initial,-7.504976749420166,-6.123276233673096
122,initial,-7.94600248336792,-6.838638782501221
123,initial,-7.488105773925781,-5.904794692993164
124,initial,-7.523621559143066,-6.5216522216796875
125,initial,-9.324795722961426,-8.171975135803223
126,initial,-8.970870018005371,-8.00733470916748
127,initial,-8.449981689453125,-7.046245098114014
128,initial,-8.218833923339844,-6.71223783493042
129,initial,-9.843317031860352,-8.00546646118164
130,initial,-7.7472429275512695,-5.809225559234619
131,initial,-7.18532657623291,-6.3639092445373535
132,initial,-7.429758548736572,-6.397035121917725
133,initial,-9.077814102172852,-7.762762546539307
134,initial,-9.843317031860352,-8.00546646118164
135,initial,-7.540297508239746,-6.327246189117432
136,initial,-7.662161350250244,-6.278054237365723
137,initial,-7.540297508239746,-6.327246189117432
138,initial,-9.324795722961426,-8.171975135803223
139,initial,-7.729231357574463,-6.82589864730835
140,initial,-7.054693698883057,-6.371942520141602
141,initial,-7.71566104888916,-6.619879722595215
142,initial,-7.591032028198242,-6.977556228637695
143,initial,-6.819779396057129,-6.0176849365234375
144,initial,-8.580205917358398,-7.765384674072266
145,initial,-7.802088737487793,-6.206685543060303
146,initial,-9.23444652557373,-8.279986381530762
147,initial,-9.010405540466309,-8.0986328125
148,initial,-7.630801200866699,-6.947607040405273
149,initial,-7.115782260894775,-6.4318976402282715
150,initial,-8.086692810058594,-7.131495952606201
151,initial,-8.058043479919434,-7.127162933349609
152,initial,-8.038372993469238,-6.983341217041016
153,initial,-8.327838897705078,-7.615556716918945
154,initial,-7.054693698883057,-6.371942520141602
155,initial,-9.23444652557373,-8.279986381530762
156,initial,-8.321084022521973,-7.765707492828369
157,initial,-8.65514087677002,-8.05129623413086
158,initial,-7.335850715637207,-6.338080406188965
159,initial,-9.23444652557373,-8.279986381530762
160,initial,-8.520770072937012,-7.464334964752197
161,initial,-8.578084945678711,-6.692984104156494
162,initial,-9.088934898376465,-8.090856552124023
163,initial,-10.817596435546875,-8.29122543334961
164,initial,-11.222686767578125,-9.020308494567871
165,initial,-7.393754959106445,-6.242560386657715
166,initial,-8.824671745300293,-7.367664813995361
167,initial,-10.817596435546875,-8.29122543334961
168,initial,-8.662293434143066,-7.422588348388672
169,initial,-8.14114761352539,-7.409546852111816
170,initial,-9.847021102905273,-7.7599711418151855
171,initial,-8.547626495361328,-6.855790615081787
172,initial,-7.967479705810547,-7.044851779937744
173,initial,-10.118868827819824,-8.609173774719238
174,initial,-10.334763526916504,-8.943538665771484
175,initial,-8.864439010620117,-7.4939045906066895
176,initial,-10.743120193481445,-8.992656707763672
177,initial,-8.156988143920898,-6.779069423675537
178,initial,-7.9008917808532715,-6.741947174072266
179,initial,-9.469943046569824,-7.226940155029297
180,initial,-7.153079032897949,-6.519100666046143
181,initial,-5.835714340209961,-5.2531890869140625
182,initial,-6.428873538970947,-6.15103006362915
183,initial,-6.722707271575928,-6.070079326629639
184,initial,-6.740542888641357,-5.603058815002441
185,initial,-8.171456336975098,-7.405304908752441
186,initial,-7.143802165985107,-6.680113315582275
187,initial,-8.702980995178223,-7.718512535095215
188,initial,-6.101503372192383,-5.30367374420166
189,initial,-7.34999418258667,-7.006813049316406
190,initial,-7.718432426452637,-6.557851314544678
191,initial,-7.153079032897949,-6.519100666046143
192,initial,-6.995939254760742,-6.428003787994385
193,initial,-8.062173843383789,-7.472416400909424
194,initial,-6.480039119720459,-6.332326889038086
195,initial,-7.640915870666504,-7.150437831878662
196,initial,-7.021587371826172,-6.821922302246094
197,initial,-7.7862091064453125,-6.231569290161133
198,initial,-8.348430633544922,-7.512561321258545
199,initial,-6.684499740600586,-5.855057716369629
200,initial,-6.740325450897217,-5.646829605102539
201,initial,-7.746895790100098,-6.844186782836914
202,initial,-7.717935085296631,-6.521918296813965
203,initial,-7.233283519744873,-5.767609596252441
204,initial,-7.233283519744873,-5.767609596252441
205,initial,-7.221707820892334,-6.322050094604492
206,initial,-8.803452491760254,-7.665553569793701
207,initial,-8.812891960144043,-7.760960102081299
208,initial,-7.233283519744873,-5.767609596252441
209,initial,-7.221707820892334,-6.322050094604492
210,initial,-8.149080276489258,-6.864356994628906
211,initial,-7.600605010986328,-6.250367164611816
212,initial,-7.600605010986328,-6.250367164611816
213,initial,-7.988009929656982,-6.677554607391357
214,initial,-8.149080276489258,-6.864356994628906
215,initial,-8.335987091064453,-7.427084922790527
216,initial,-8.191682815551758,-6.8968939781188965
217,initial,-9.128670692443848,-7.879018306732178
218,initial,-7.6662421226501465,-6.311397075653076
219,initial,-7.405074596405029,-5.714127540588379
220,initial,-7.141762733459473,-6.679279327392578
221,initial,-7.242663383483887,-6.9720048904418945
222,initial,-7.433068752288818,-6.837752342224121
223,initial,-7.369198799133301,-7.011349678039551
224,initial,-7.964391231536865,-7.355764389038086
225,initial,-7.3784332275390625,-6.977258205413818
226,initial,-7.470226764678955,-6.9667534828186035
227,initial,-7.489049911499023,-6.928823471069336
228,initial,-7.469668388366699,-7.036445617675781
229,initial,-7.3784332275390625,-6.977258205413818
230,initial,-7.705420017242432,-7.034456729888916
231,initial,-7.285761833190918,-6.471689224243164
232,initial,-7.463561534881592,-7.069429397583008
233,initial,-8.319310188293457,-7.439992904663086
234,initial,-7.771615028381348,-7.143482685089111
235,initial,-7.583880424499512,-7.061419486999512
236,initial,-6.931474685668945,-6.3161301612854
237,initial,-7.0551886558532715,-6.512979984283447
238,initial,-8.486215591430664,-7.469746112823486
239,initial,-6.9782915115356445,-6.507266044616699
240,initial,-6.317433834075928,-6.236509323120117
241,initial,-7.574488162994385,-7.364980697631836
242,initial,-8.215182304382324,-7.616884708404541
243,initial,-7.618057727813721,-7.200009822845459
244,initial,-8.384233474731445,-7.809452056884766
245,initial,-8.221636772155762,-7.829632759094238
246,initial,-7.2870259284973145,-7.164928913116455
247,initial,-8.481773376464844,-7.782609939575195
248,initial,-8.15512752532959,-7.709386825561523
249,initial,-7.74735164642334,-7.434574604034424
250,initial,-7.928709983825684,-7.273942947387695
251,initial,-6.812081336975098,-6.722041606903076
252,initial,-6.883183479309082,-6.585703372955322
253,initial,-6.992640495300293,-7.006921291351318
254,initial,-6.929405689239502,-6.544584274291992
255,initial,-8.015223503112793,-7.625460147857666
256,initial,-8.256054878234863,-7.577146053314209
257,initial,-8.694045066833496,-8.276357650756836
258,initial,-6.53873348236084,-6.325031280517578
259,initial,-6.235974311828613,-6.077159404754639
260,initial,-6.770731449127197,-7.023493766784668
261,initial,-6.610649585723877,-6.949777126312256
262,initial,-6.222477912902832,-5.738039493560791
263,initial,-6.588412761688232,-6.540060520172119
264,initial,-7.2120795249938965,-6.786812782287598
265,initial,-6.634528160095215,-6.870745658874512
266,initial,-6.5329132080078125,-6.4012451171875
267,initial,-7.1980462074279785,-6.630970001220703
268,initial,-6.725194454193115,-6.545286655426025
269,initial,-7.009157180786133,-6.744162082672119
270,initial,-6.665109157562256,-6.4419660568237305
271,initial,-6.267457962036133,-6.272433280944824
272,initial,-6.191707134246826,-5.831428050994873
273,initial,-7.61346960067749,-7.0955376625061035
274,initial,-7.350796222686768,-6.98543643951416
275,initial,-6.0324320793151855,-6.533770561218262
276,initial,-7.037409782409668,-6.424996376037598
277,initial,-6.551172733306885,-7.116235256195068
278,initial,-6.4825544357299805,-6.837908744812012
279,initial,-7.26287841796875,-6.803450584411621
280,initial,-9.280360221862793,-8.385737419128418
281,initial,-8.362439155578613,-7.839529037475586
282,initial,-7.8438496589660645,-7.525424957275391
283,initial,-7.475909233093262,-7.658254623413086
284,initial,-7.584193229675293,-7.221883296966553
285,initial,-6.713921546936035,-6.909313201904297
286,initial,-8.738591194152832,-8.290778160095215
287,initial,-8.40344524383545,-7.812046051025391
288,initial,-8.65977668762207,-8.00277328491211
289,initial,-6.814823150634766,-6.909842491149902
290,initial,-8.858506202697754,-8.20608139038086
291,initial,-8.376843452453613,-7.767436981201172
292,initial,-8.479477882385254,-8.150548934936523
293,initial,-8.496014595031738,-7.720152854919434
294,initial,-7.147039890289307,-6.807129383087158
295,initial,-7.269093036651611,-6.868688106536865
296,initial,-8.163468360900879,-7.083368301391602
297,initial,-9.13680362701416,-8.051863670349121
298,initial,-8.055367469787598,-7.552766799926758
299,initial,-8.632566452026367,-7.765555381774902
300,initial,-7.130214691162109,-6.704047679901123
301,initial,-7.522028923034668,-7.1020827293396
302,initial,-6.464263916015625,-6.047793865203857
303,initial,-7.127894401550293,-6.873505115509033
304,initial,-6.531710624694824,-6.1429595947265625
305,initial,-7.328908920288086,-6.888767242431641
306,initial,-9.099788665771484,-8.790010452270508
307,initial,-6.2656779289245605,-5.980305194854736
308,initial,-6.658935546875,-6.6292033195495605
309,initial,-6.109521389007568,-5.792335510253906
310,initial,-8.245256423950195,-8.331849098205566
311,initial,-6.561625003814697,-6.279392719268799
312,initial,-6.827346324920654,-6.5571770668029785
313,initial,-6.4951090812683105,-6.37158727645874
314,initial,-6.249333381652832,-6.019694805145264
315,initial,-6.176321029663086,-5.984570026397705
316,initial,-5.766668319702148,-5.50278377532959
317,initial,-7.068378925323486,-6.892097473144531
318,initial,-5.950912952423096,-5.658735275268555
319,initial,-8.040831565856934,-7.6142168045043945
320,initial,-6.345805644989014,-6.007339954376221
321,initial,-7.272090911865234,-6.909617900848389
322,initial,-7.270617961883545,-7.109483242034912
323,initial,-7.419591903686523,-6.76014518737793
324,initial,-7.278595924377441,-6.863436698913574
325,initial,-6.687610626220703,-6.308023929595947
326,initial,-6.60233736038208,-6.425654888153076
327,initial,-7.895931720733643,-7.591485977172852
328,initial,-6.299665451049805,-6.068423271179199
329,initial,-7.595942497253418,-7.1764092445373535
330,initial,-6.511626243591309,-6.385777473449707
331,initial,-7.775656223297119,-7.375707149505615
332,initial,-7.799372673034668,-7.108154296875
333,initial,-6.791608810424805,-6.680722236633301
334,initial,-6.502315998077393,-6.363869667053223
335,initial,-6.680466651916504,-6.243157863616943
336,initial,-7.32534122467041,-7.259377479553223
337,initial,-6.805490493774414,-6.56678581237793
338,initial,-5.683648109436035,-5.361976623535156
339,initial,-6.908714771270752,-6.52690315246582
340,initial,-6.922357082366943,-6.344153881072998
341,initial,-9.530437469482422,-9.006893157958984
342,initial,-9.805647850036621,-8.753350257873535
343,initial,-9.866186141967773,-9.226630210876465
344,initial,-8.078655242919922,-7.340163230895996
345,initial,-7.803804397583008,-7.049637794494629
346,initial,-9.15475845336914,-8.319064140319824
347,initial,-7.912446022033691,-7.816443920135498
348,initial,-9.973466873168945,-9.00128173828125
349,initial,-7.939996242523193,-7.309977054595947
350,initial,-8.311982154846191,-8.76752758026123
351,initial,-10.40066909790039,-9.803791046142578
352,initial,-8.355362892150879,-7.4258527755737305
353,initial,-10.32093620300293,-9.076236724853516
354,initial,-8.159934043884277,-7.115787982940674
355,initial,-8.08423900604248,-7.861682891845703
356,initial,-10.447471618652344,-9.903754234313965
357,initial,-9.611559867858887,-8.960150718688965
358,initial,-8.839025497436523,-7.952915668487549
359,initial,-8.458313941955566,-7.510234832763672
360,initial,-8.136272430419922,-7.562560081481934
361,initial,-10.066976547241211,-9.398463249206543
362,initial,-7.8576202392578125,-7.25789737701416
363,initial,-7.564786434173584,-7.62218713760376
364,initial,-7.857748985290527,-7.665109157562256
365,initial,-7.486569881439209,-7.16058349609375
366,initial,-7.605359077453613,-7.88646125793457
367,initial,-8.325762748718262,-8.622676849365234
368,initial,-9.309130668640137,-9.194511413574219
369,initial,-10.429576873779297,-10.083239555358887
370,initial,-8.672837257385254,-8.233450889587402
371,initial,-10.26706600189209,-9.936841011047363
372,initial,-9.737683296203613,-9.06512451171875
373,initial,-10.411726951599121,-10.142447471618652
374,initial,-7.527795314788818,-7.931396007537842
375,initial,-6.941725730895996,-6.694312572479248
376,initial,-7.8475213050842285,-8.206533432006836
377,initial,-10.066976547241211,-9.398463249206543
378,initial,-7.564786434173584,-7.62218713760376
379,initial,-8.1314697265625,-7.8771443367004395
380,initial,-6.792093276977539,-7.451143264770508
381,initial,-7.972056865692139,-7.789807319641113
382,initial,-7.168451309204102,-7.127658367156982
383,initial,-8.596382141113281,-9.108695983886719
384,initial,-6.74984073638916,-6.539080619812012
385,initial,-7.857197284698486,-7.760878562927246
386,initial,-7.597221374511719,-7.585075855255127
387,initial,-8.794459342956543,-8.764158248901367
388,initial,-7.238583564758301,-7.329250812530518
389,initial,-7.924674987792969,-7.737396240234375
390,initial,-7.577385902404785,-7.791808128356934
391,initial,-7.88155460357666,-7.651340007781982
392,initial,-7.54390287399292,-7.29439640045166
393,initial,-8.634920120239258,-8.428252220153809
394,initial,-7.596148490905762,-7.832361698150635
395,initial,-8.391447067260742,-8.773781776428223
396,initial,-7.916193962097168,-8.183826446533203
397,initial,-7.297828197479248,-6.933690071105957
398,initial,-7.127623081207275,-7.524830341339111
399,initial,-7.061628341674805,-6.990304946899414
400,initial,-8.666861534118652,-8.206907272338867
401,initial,-9.919881820678711,-8.880961418151855
402,initial,-11.28488826751709,-10.604779243469238
403,initial,-7.2332000732421875,-7.479836940765381
404,initial,-9.338991165161133,-8.119874954223633
405,initial,-9.138238906860352,-8.304267883300781
406,initial,-8.164912223815918,-7.863760471343994
407,initial,-8.938475608825684,-8.086692810058594
408,initial,-8.188612937927246,-7.953161716461182
409,initial,-8.245014190673828,-7.681441783905029
410,initial,-8.723799705505371,-8.260697364807129
411,initial,-10.422954559326172,-9.175599098205566
412,initial,-9.059248924255371,-8.667217254638672
413,initial,-8.438996315002441,-7.613309383392334
414,initial,-9.315537452697754,-8.569779396057129
415,initial,-9.867597579956055,-8.596524238586426
416,initial,-10.421552658081055,-9.426424980163574
417,initial,-9.33110523223877,-9.112468719482422
418,initial,-8.341715812683105,-7.773991107940674
419,initial,-7.2332000732421875,-7.479836940765381
420,initial,-8.162318229675293,-7.522153854370117
421,initial,-6.6630730628967285,-6.078639030456543
422,initial,-6.698545932769775,-6.444530010223389
423,initial,-6.954226970672607,-6.690919399261475
424,initial,-6.432181358337402,-6.330574035644531
425,initial,-8.181071281433105,-7.793549060821533
426,initial,-8.728104591369629,-8.389931678771973
427,initial,-9.396661758422852,-8.973087310791016
428,initial,-8.949455261230469,-8.304267883300781
429,initial,-6.105368614196777,-6.1170854568481445
430,initial,-9.55797290802002,-9.273275375366211
431,initial,-6.998437881469727,-6.743958950042725
432,initial,-6.757680416107178,-6.764997482299805
433,initial,-8.567490577697754,-7.82894229888916
434,initial,-7.912835597991943,-7.3388519287109375
435,initial,-6.970464706420898,-6.373204708099365
436,initial,-6.465741157531738,-6.15344762802124
437,initial,-6.5356011390686035,-6.077223300933838
438,initial,-6.831009864807129,-6.19133186340332
439,initial,-6.8334221839904785,-6.981203079223633
440,initial,-8.394150733947754,-7.538542747497559
441,initial,-6.400034427642822,-5.745421409606934
442,initial,-8.13676643371582,-7.8094916343688965
443,initial,-7.59689998626709,-7.079482555389404
444,initial,-8.235560417175293,-7.251231670379639
445,initial,-8.323792457580566,-7.546080589294434
446,initial,-8.3905611038208,-7.700207233428955
447,initial,-9.290471076965332,-8.797530174255371
448,initial,-7.894129276275635,-7.613621234893799
449,initial,-7.186491966247559,-6.430509567260742
450,initial,-8.18311595916748,-7.241679668426514
451,initial,-7.874923229217529,-6.879833698272705
452,initial,-8.572510719299316,-7.515164852142334
453,initial,-7.8366475105285645,-6.976125240325928
454,initial,-7.5700225830078125,-6.737151145935059
455,initial,-7.63970422744751,-7.179271697998047
456,initial,-7.4000115394592285,-6.89139461517334
457,initial,-7.336050510406494,-6.556709289550781
458,initial,-8.215657234191895,-7.0431318283081055
459,initial,-7.9217376708984375,-7.231868267059326
460,initial,-8.46533489227295,-7.619935035705566
461,initial,-5.919076919555664,-5.718928813934326
462,initial,-5.780548572540283,-5.70599889755249
463,initial,-7.684345722198486,-7.431423187255859
464,initial,-6.436744689941406,-6.663359642028809
465,initial,-6.013912677764893,-6.229957103729248
466,initial,-6.452624320983887,-6.306427478790283
467,initial,-6.605501174926758,-6.286464214324951
468,initial,-7.615328311920166,-7.540537357330322
469,initial,-6.48954963684082,-6.546067714691162
470,initial,-7.225073337554932,-7.4182538986206055
471,initial,-8.597861289978027,-7.73793363571167
472,initial,-6.724839687347412,-6.408194065093994
473,initial,-7.029717922210693,-6.767728328704834
474,initial,-6.455610275268555,-6.570147514343262
475,initial,-7.331944465637207,-7.064870834350586
476,initial,-5.724198341369629,-5.685011863708496
477,initial,-6.1182684898376465,-6.2052001953125
478,initial,-6.060831069946289,-6.132793426513672
479,initial,-6.032322406768799,-5.772629261016846
480,initial,-5.352222442626953,-5.464677810668945
481,initial,-6.592747688293457,-6.353005409240723
482,initial,-7.399800777435303,-7.401275634765625
483,initial,-5.726123332977295,-5.700047492980957
484,initial,-5.4578938484191895,-5.492206573486328
485,initial,-6.033686637878418,-5.913488388061523
486,initial,-6.033686637878418,-5.913488388061523
487,initial,-6.806759834289551,-6.648628234863281
488,initial,-5.717232704162598,-5.376996994018555
489,initial,-7.08532190322876,-6.885725975036621
490,initial,-7.2435784339904785,-7.042719841003418
491,initial,-8.955578804016113,-8.702509880065918
492,initial,-6.033686637878418,-5.913488388061523
493,initial,-5.4588623046875,-5.3318634033203125
494,initial,-6.591378211975098,-6.227802753448486
495,initial,-7.412370681762695,-7.21898889541626
496,initial,-5.60474967956543,-5.759535789489746
497,initial,-6.220096588134766,-6.0654706954956055
498,initial,-5.4588623046875,-5.3318634033203125
499,initial,-7.073758125305176,-7.108198165893555
500,initial,-5.693063259124756,-5.883777141571045
501,initial,-5.925982475280762,-5.818324565887451
502,initial,-6.9475603103637695,-7.041202068328857
503,initial,-8.93528938293457,-8.283756256103516
504,initial,-6.585046768188477,-6.138830184936523
505,initial,-6.676424980163574,-6.352311611175537
506,initial,-6.456178188323975,-6.641824245452881
507,initial,-7.943332195281982,-7.80413818359375
508,initial,-6.443761825561523,-6.44741678237915
509,initial,-6.522780895233154,-6.072681427001953
510,initial,-7.740816593170166,-7.521584987640381
511,initial,-7.90065860748291,-7.636905670166016
512,initial,-6.610820770263672,-6.423301696777344
513,initial,-6.4060378074646,-6.419689655303955
514,initial,-6.720107555389404,-6.656038284301758
515,initial,-7.199406147003174,-6.945831298828125
516,initial,-7.442846775054932,-6.786565780639648
517,initial,-5.551380634307861,-5.541189670562744
518,initial,-7.022976398468018,-6.97257661819458
519,initial,-8.696586608886719,-8.252930641174316
520,initial,-7.9755940437316895,-6.957340240478516
521,initial,-7.316561698913574,-7.07326078414917
522,initial,-8.643288612365723,-7.93191385269165
523,initial,-6.753836154937744,-6.710468292236328
524,initial,-6.630107879638672,-6.231724739074707
525,initial,-7.938564777374268,-7.2824554443359375
526,initial,-5.591433525085449,-5.626849174499512
527,initial,-5.639119625091553,-6.065598011016846
528,initial,-9.110485076904297,-8.543055534362793
529,initial,-7.6286940574646,-7.061753749847412
530,initial,-6.831354141235352,-6.540602207183838
531,initial,-9.288159370422363,-8.393993377685547
532,initial,-9.20474910736084,-8.250763893127441
533,initial,-7.326229572296143,-6.727046966552734
534,initial,-8.245482444763184,-7.905954360961914
535,initial,-6.458981990814209,-6.17432975769043
536,initial,-6.927803039550781,-6.461281776428223
537,initial,-9.288159370422363,-8.393993377685547
538,initial,-5.674120903015137,-5.7634501457214355
539,initial,-6.24646520614624,-6.280203342437744
540,initial,-5.227165222167969,-5.179976463317871
541,initial,-5.697954177856445,-5.2993693351745605
542,initial,-5.988254070281982,-5.898805141448975
543,initial,-5.345488548278809,-5.497925281524658
544,initial,-5.4944539070129395,-5.356931686401367
545,initial,-6.41216516494751,-6.182324409484863
546,initial,-6.294179439544678,-6.308499813079834
547,initial,-6.2389984130859375,-6.105930805206299
548,initial,-5.489961624145508,-5.2540717124938965
549,initial,-6.270264148712158,-5.645895481109619
550,initial,-6.11828088760376,-5.964738845825195
551,initial,-6.8126139640808105,-6.506067752838135
552,initial,-6.376384258270264,-6.27775764465332
553,initial,-8.16929817199707,-7.299993515014648
554,initial,-7.348621845245361,-7.36207389831543
555,initial,-7.5991411209106445,-6.997887134552002
556,initial,-5.416177749633789,-5.578107833862305
557,initial,-6.145152568817139,-5.987067699432373
558,initial,-5.774852275848389,-5.470322132110596
559,initial,-5.425913333892822,-5.795644283294678
560,initial,-7.042089939117432,-6.7696356773376465
561,initial,-7.34697961807251,-6.869475364685059
562,initial,-7.244777679443359,-7.078912734985352
563,initial,-6.082409858703613,-5.717408657073975
564,initial,-8.41067886352539,-7.745327472686768
565,initial,-6.156664848327637,-5.740314960479736
566,initial,-6.3642897605896,-6.227041721343994
567,initial,-7.584671974182129,-6.8679022789001465
568,initial,-6.117746353149414,-6.405163764953613
569,initial,-7.280878067016602,-6.895127773284912
570,initial,-7.652302265167236,-7.4256591796875
571,initial,-6.889340877532959,-6.264069080352783
572,initial,-6.9287543296813965,-6.926461219787598
573,initial,-8.304357528686523,-7.858706951141357
574,initial,-5.4841485023498535,-5.289095878601074
575,initial,-5.9615092277526855,-5.460546970367432
576,initial,-6.186221599578857,-5.742867469787598
577,initial,-5.32444429397583,-4.916851043701172
578,initial,-5.80889892578125,-5.55730676651001
579,initial,-5.930538654327393,-5.230539798736572
580,initial,-7.3082075119018555,-6.365612506866455
581,initial,-8.000076293945312,-7.435800075531006
582,initial,-6.853055477142334,-6.141091823577881
583,initial,-8.738930702209473,-7.48087215423584
584,initial,-7.170974254608154,-6.494388103485107
585,initial,-6.8341546058654785,-6.179839611053467
586,initial,-7.214416027069092,-5.932910442352295
587,initial,-7.703863620758057,-7.0763630867004395
588,initial,-7.662694931030273,-7.1944684982299805
589,initial,-6.978410243988037,-6.660007476806641
590,initial,-8.302590370178223,-7.130631446838379
591,initial,-8.70932674407959,-7.455422401428223
592,initial,-7.988183975219727,-7.15541934967041
593,initial,-7.0878448486328125,-6.485659122467041
594,initial,-6.420526027679443,-5.695745944976807
595,initial,-7.92352294921875,-6.9016008377075195
596,initial,-6.6907877922058105,-5.812941551208496
597,initial,-7.242061138153076,-6.851437091827393
598,initial,-7.803655624389648,-7.186661243438721
599,initial,-6.995729923248291,-6.329058647155762
600,initial,-6.951661586761475,-6.602118015289307
601,initial,-8.4512300491333,-7.850107669830322
602,initial,-8.584860801696777,-7.984425067901611
603,initial,-8.616207122802734,-7.833842754364014
604,initial,-6.951661586761475,-6.602118015289307
605,initial,-7.097936630249023,-6.707772254943848
606,initial,-7.945219039916992,-7.284813404083252
607,initial,-7.686868190765381,-7.281603813171387
608,initial,-7.892820358276367,-7.214725971221924
609,initial,-8.628421783447266,-7.739823341369629
610,initial,-7.128876686096191,-6.625432014465332
611,initial,-8.584861755371094,-7.984425067901611
612,initial,-6.977793216705322,-6.404155254364014
613,initial,-7.013086795806885,-6.624521732330322
614,initial,-6.965722560882568,-6.628752708435059
615,initial,-7.2123799324035645,-6.802680015563965
616,initial,-7.026507377624512,-6.403604507446289
617,initial,-8.292485237121582,-7.433525085449219
618,initial,-7.117725849151611,-6.729081630706787
619,initial,-7.921926021575928,-7.157779216766357
620,initial,-7.4085798263549805,-6.574826717376709
621,initial,-7.963709354400635,-7.330854415893555
622,initial,-8.120036125183105,-7.810835838317871
623,initial,-6.951826095581055,-6.393609523773193
624,initial,-6.979257583618164,-6.305589199066162
625,initial,-7.806967735290527,-7.191546440124512
626,initial,-8.436073303222656,-7.689826965332031
627,initial,-6.645955562591553,-5.909867763519287
628,initial,-7.5234375,-6.376733779907227
629,initial,-7.841706275939941,-7.363487243652344
630,initial,-7.457501411437988,-6.902307510375977
631,initial,-7.557642459869385,-7.101643085479736
632,initial,-6.879589080810547,-6.3185014724731445
633,initial,-6.515115737915039,-5.902921676635742
634,initial,-7.788486480712891,-6.7336554527282715
635,initial,-5.968656539916992,-5.613151550292969
636,initial,-8.028701782226562,-7.130650997161865
637,initial,-6.908539295196533,-6.334725856781006
638,initial,-7.846038818359375,-7.008829116821289
639,initial,-6.758920669555664,-6.112856864929199
640,initial,-8.48967456817627,-6.675749778747559
641,initial,-7.9575514793396,-7.140138626098633
642,initial,-7.129028797149658,-6.416778564453125
643,initial,-8.589717864990234,-7.260047912597656
644,initial,-8.247387886047363,-7.332624912261963
645,initial,-8.537900924682617,-7.615849494934082
646,initial,-9.488222122192383,-8.259410858154297
647,initial,-7.252927303314209,-6.197409629821777
648,initial,-9.0191650390625,-7.819657802581787
649,initial,-8.273337364196777,-7.947792053222656
650,initial,-7.9079508781433105,-7.340872764587402
651,initial,-7.067530155181885,-6.440709114074707
652,initial,-7.356847286224365,-6.428388595581055
653,initial,-7.437847137451172,-6.8386311531066895
654,initial,-8.148972511291504,-6.733630657196045
655,initial,-9.438897132873535,-7.998262882232666
656,initial,-8.533242225646973,-7.524869441986084
657,initial,-9.119744300842285,-7.842979431152344
658,initial,-9.137397766113281,-7.763693332672119
659,initial,-7.506813049316406,-6.584300994873047
660,initial,-7.392434597015381,-6.788851737976074
661,initial,-5.813010215759277,-5.010819435119629
662,initial,-8.004521369934082,-7.455338478088379
663,initial,-7.484857559204102,-7.170680046081543
664,initial,-5.940199851989746,-5.564075946807861
665,initial,-6.227109909057617,-5.9143218994140625
666,initial,-5.845455646514893,-5.777205467224121
667,initial,-7.233282089233398,-6.378963470458984
668,initial,-5.4935622215271,-5.268528461456299
669,initial,-5.549927711486816,-5.421571254730225
670,initial,-7.371990203857422,-6.7760796546936035
671,initial,-6.503694534301758,-6.226933479309082
672,initial,-7.852907180786133,-7.324837684631348
673,initial,-6.012462139129639,-5.649728775024414
674,initial,-7.371990203857422,-6.7760796546936035
675,initial,-6.782375335693359,-6.522889614105225
676,initial,-8.317245483398438,-7.674699783325195
677,initial,-6.522023677825928,-6.099376201629639
678,initial,-6.902212619781494,-6.604042053222656
679,initial,-7.091366767883301,-6.7813944816589355
680,initial,-6.803905487060547,-5.740087509155273
681,initial,-6.655548095703125,-5.943513870239258
682,initial,-6.641092777252197,-6.050107955932617
683,initial,-7.363005638122559,-6.777698516845703
684,initial,-6.930391788482666,-6.2995758056640625
685,initial,-6.3360137939453125,-5.33669376373291
686,initial,-7.0919508934021,-6.491720676422119
687,initial,-6.299281120300293,-5.784304141998291
688,initial,-6.764485836029053,-5.792652606964111
689,initial,-7.739524841308594,-6.943873405456543
690,initial,-6.3897271156311035,-5.96442174911499
691,initial,-6.470103740692139,-5.940279006958008
692,initial,-6.733683109283447,-6.247773170471191
693,initial,-6.74982213973999,-5.9672698974609375
694,initial,-7.055935859680176,-6.84003210067749
695,initial,-7.555115699768066,-7.1044464111328125
696,initial,-7.984360694885254,-7.310644626617432
697,initial,-6.504740238189697,-5.8419976234436035
698,initial,-6.98848295211792,-6.405479907989502
699,initial,-6.41566276550293,-5.683923721313477
0,final,-5.096627235412598,-5.0251851081848145
1,final,-4.1096320152282715,-4.136196136474609
2,final,-4.745785236358643,-4.321721076965332
3,final,-5.459568023681641,-5.178199291229248
4,final,-5.712132453918457,-5.1849236488342285
5,final,-4.026284694671631,-4.03373384475708
6,final,-4.994670867919922,-5.231423854827881
7,final,-3.8819541931152344,-3.7342488765716553
8,final,-4.329965114593506,-3.8150618076324463
9,final,-4.745785236358643,-4.321721076965332
10,final,-5.059463977813721,-4.5448317527771
11,final,-4.351063251495361,-4.089303493499756
12,final,-5.009843349456787,-4.610599994659424
13,final,-4.876034736633301,-4.430547714233398
14,final,-4.329965114593506,-3.8150618076324463
15,final,-5.144171714782715,-4.923155307769775
16,final,-5.0389485359191895,-4.618838787078857
17,final,-5.701026916503906,-5.157062530517578
18,final,-5.812135219573975,-5.5345635414123535
19,final,-5.864504814147949,-5.319147109985352
20,final,-4.592573642730713,-4.443576812744141
21,final,-5.958547115325928,-5.225588798522949
22,final,-5.368176460266113,-4.8407158851623535
23,final,-5.2320356369018555,-4.635494709014893
24,final,-5.285719871520996,-4.757296085357666
25,final,-5.2320356369018555,-4.635494709014893
26,final,-6.1638898849487305,-5.570130825042725
27,final,-5.726247310638428,-5.693534851074219
28,final,-4.900140762329102,-5.138394832611084
29,final,-5.547224998474121,-5.126641750335693
30,final,-4.828993320465088,-4.867090702056885
31,final,-4.631832122802734,-4.362489700317383
32,final,-5.368176460266113,-4.8407158851623535
33,final,-4.631832599639893,-4.362489700317383
34,final,-3.9829649925231934,-4.295787334442139
35,final,-4.944565773010254,-5.159382343292236
36,final,-4.900141716003418,-5.138394355773926
37,final,-4.631832599639893,-4.362489700317383
38,final,-4.910760402679443,-4.845045566558838
39,final,-4.979554653167725,-4.843541622161865
40,final,-5.1651105880737305,-4.807718753814697
41,final,-5.619785308837891,-4.999406337738037
42,final,-5.247171401977539,-4.942978858947754
43,final,-5.800265789031982,-5.242484092712402
44,final,-5.647818565368652,-5.200034141540527
45,final,-5.991327285766602,-5.1827826499938965
46,final,-4.725705623626709,-4.616344928741455
47,final,-5.731525897979736,-5.233449935913086
48,final,-6.187838077545166,-5.840852737426758
49,final,-4.78757905960083,-4.926931381225586
50,final,-5.588359355926514,-4.907808303833008
51,final,-6.219342231750488,-5.621471881866455
52,final,-6.15152645111084,-5.492674350738525
53,final,-4.648431301116943,-4.734704494476318
54,final,-5.088337421417236,-4.875738143920898
55,final,-5.254506587982178,-4.792038440704346
56,final,-4.92262601852417,-4.868470668792725
57,final,-4.6376776695251465,-4.158022403717041
58,final,-5.867854595184326,-4.89066219329834
59,final,-5.5049309730529785,-4.965276718139648
60,final,-7.6277289390563965,-6.223420143127441
61,final,-7.691161155700684,-5.798387050628662
62,final,-8.448347091674805,-7.092519760131836
63,final,-7.613680839538574,-5.743732452392578
64,final,-6.805196285247803,-5.8354034423828125
65,final,-6.2339043617248535,-5.263350009918213
66,final,-6.490807056427002,-5.305149555206299
67,final,-7.589745998382568,-6.318709850311279
68,final,-7.659201145172119,-6.5601372718811035
69,final,-6.543242454528809,-5.8791184425354
70,final,-6.129072666168213,-5.025596618652344
71,final,-6.495202541351318,-6.146730899810791
72,final,-6.252616882324219,-4.95668888092041
73,final,-5.617677688598633,-4.530242919921875
74,final,-6.283492565155029,-5.1590423583984375
75,final,-5.887228965759277,-5.073063373565674
76,final,-7.218245983123779,-4.9493303298950195
77,final,-6.344541072845459,-5.995375156402588
78,final,-6.651256561279297,-5.453612804412842
79,final,-6.490453243255615,-5.380049705505371
80,final,-5.012520790100098,-4.424735069274902
81,final,-4.649709701538086,-3.8362293243408203
82,final,-6.15097188949585,-5.803042411804199
83,final,-5.967894554138184,-5.334842205047607
84,final,-5.038707733154297,-4.284556865692139
85,final,-5.508440971374512,-5.115757942199707
86,final,-6.542754173278809,-5.555973052978516
87,final,-5.145423889160156,-4.482943058013916
88,final,-5.007573127746582,-4.198812007904053
89,final,-4.607138156890869,-3.950636625289917
90,final,-6.336276054382324,-5.646071434020996
91,final,-6.947265625,-6.101763725280762
92,final,-5.055129051208496,-4.1876420974731445
93,final,-5.29197883605957,-4.865565776824951
94,final,-5.369287490844727,-4.85631799697876
95,final,-5.6337809562683105,-4.835564613342285
96,final,-5.256750106811523,-4.69782829284668
97,final,-6.121108055114746,-5.2382707595825195
98,final,-5.710995197296143,-5.377419471740723
99,final,-5.715306758880615,-4.951098442077637
100,final,-6.312736988067627,-5.006319522857666
101,final,-5.947329521179199,-4.776332855224609
102,final,-6.630165100097656,-5.620668888092041
103,final,-5.0417680740356445,-4.264732837677002
104,final,-5.0417680740356445,-4.264732837677002
105,final,-5.4192728996276855,-4.734716415405273
106,final,-4.815267562866211,-4.279883861541748
107,final,-6.908064365386963,-5.325473308563232
108,final,-4.442624092102051,-3.770463466644287
109,final,-7.005598545074463,-5.62027645111084
110,final,-6.252030849456787,-5.349589824676514
111,final,-5.753706932067871,-4.642587661743164
112,final,-6.254289150238037,-5.217513084411621
113,final,-5.981787204742432,-4.822073459625244
114,final,-5.31961727142334,-4.573470115661621
115,final,-6.16257381439209,-5.082676410675049
116,final,-6.284875392913818,-5.1273722648620605
117,final,-5.380378246307373,-4.287337303161621
118,final,-4.815267562866211,-4.279883861541748
119,final,-6.008542537689209,-5.087584495544434
120,final,-4.954207420349121,-4.464367389678955
121,final,-4.485010623931885,-4.172228813171387
122,final,-5.609479904174805,-5.196667194366455
123,final,-5.6417012214660645,-4.751986503601074
124,final,-5.0476460456848145,-4.249273300170898
125,final,-5.849247455596924,-5.159368515014648
126,final,-6.0440168380737305,-5.0041303634643555
127,final,-5.164351940155029,-4.423462390899658
128,final,-4.870262145996094,-4.422858715057373
129,final,-6.549372673034668,-5.491465091705322
130,final,-5.633123874664307,-4.77001428604126
131,final,-6.55874490737915,-5.2384419441223145
132,final,-4.768551349639893,-4.390309810638428
133,final,-5.626258850097656,-4.757625102996826
134,final,-6.549372673034668,-5.491465091705322
135,final,-4.770905494689941,-4.071447372436523
136,final,-4.890556812286377,-4.617255687713623
137,final,-4.770905494689941,-4.071447372436523
138,final,-5.849247932434082,-5.159369945526123
139,final,-5.121417999267578,-4.747494220733643
140,final,-5.018096923828125,-4.510210037231445
141,final,-4.891604900360107,-4.610212326049805
142,final,-5.6475605964660645,-5.070367813110352
143,final,-4.7366132736206055,-4.366122722625732
144,final,-6.055054187774658,-5.4572529792785645
145,final,-6.339284420013428,-5.2985687255859375
146,final,-5.924563407897949,-5.691141128540039
147,final,-5.808959007263184,-5.294637203216553
148,final,-5.999878883361816,-5.34950590133667
149,final,-5.516851425170898,-4.976620197296143
150,final,-6.625032901763916,-5.878293991088867
151,final,-5.000697135925293,-4.648418426513672
152,final,-5.265488624572754,-4.939992427825928
153,final,-5.9485063552856445,-5.485065460205078
154,final,-5.018096923828125,-4.510210037231445
155,final,-5.924563407897949,-5.691141128540039
156,final,-6.158291816711426,-5.640872001647949
157,final,-6.089768886566162,-5.83380126953125
158,final,-5.405555725097656,-4.827808380126953
159,final,-5.924563407897949,-5.691141128540039
160,final,-6.046278476715088,-4.554225444793701
161,final,-8.297815322875977,-5.851095199584961
162,final,-6.5132927894592285,-5.47205114364624
163,final,-7.622021675109863,-5.923412322998047
164,final,-8.362844467163086,-6.591131210327148
165,final,-5.5094122886657715,-4.433633327484131
166,final,-6.968151092529297,-5.2132439613342285
167,final,-7.622021675109863,-5.923412322998047
168,final,-6.861772537231445,-5.497918605804443
169,final,-6.409473896026611,-5.577456474304199
170,final,-7.54433536529541,-5.375051975250244
171,final,-6.685577392578125,-4.6979756355285645
172,final,-6.3458170890808105,-5.4405198097229
173,final,-7.71962833404541,-6.007314682006836
174,final,-7.170538902282715,-6.240140914916992
175,final,-6.864400386810303,-5.308109283447266
176,final,-8.088793754577637,-6.007415771484375
177,final,-6.18864631652832,-5.195555686950684
178,final,-6.690553188323975,-5.113107204437256
179,final,-8.017227172851562,-6.145214557647705
180,final,-5.551482677459717,-5.222140789031982
181,final,-4.168615341186523,-4.071432113647461
182,final,-5.49208402633667,-5.288769245147705
183,final,-4.546255588531494,-4.32176399230957
184,final,-5.8982720375061035,-5.635768890380859
185,final,-6.3161540031433105,-5.997628688812256
186,final,-5.783248424530029,-5.4812331199646
187,final,-6.081737995147705,-5.232710361480713
188,final,-3.94758939743042,-3.771493673324585
189,final,-5.634506702423096,-5.56671667098999
190,final,-5.49604606628418,-4.760996341705322
191,final,-5.551482677459717,-5.222140789031982
192,final,-5.078901290893555,-5.0550642013549805
193,final,-6.626495361328125,-6.250872611999512
194,final,-5.605082035064697,-5.391573905944824
195,final,-5.686784744262695,-5.526822090148926
196,final,-5.482224941253662,-5.439371585845947
197,final,-6.197882652282715,-5.068113803863525
198,final,-5.896481990814209,-5.380064964294434
199,final,-4.93841028213501,-4.876160621643066
200,final,-4.354635715484619,-3.8785784244537354
201,final,-6.123501777648926,-5.399096488952637
202,final,-4.720643997192383,-4.030661582946777
203,final,-6.018197536468506,-4.841799259185791
204,final,-6.018197536468506,-4.841799259185791
205,final,-5.634512424468994,-4.894907474517822
206,final,-6.090142726898193,-5.215373992919922
207,final,-6.287197589874268,-5.6535844802856445
208,final,-6.018197536468506,-4.841799259185791
209,final,-5.634512424468994,-4.894907474517822
210,final,-5.482588291168213,-4.596523284912109
211,final,-6.748641490936279,-5.4815449714660645
212,final,-6.748641490936279,-5.4815449714660645
213,final,-5.362216949462891,-4.582607746124268
214,final,-5.482588291168213,-4.596523284912109
215,final,-5.616268634796143,-4.907625675201416
216,final,-5.700212478637695,-4.818236351013184
217,final,-6.647075653076172,-5.674389362335205
218,final,-5.4477410316467285,-4.6085920333862305
219,final,-5.14481258392334,-4.115822792053223
220,final,-5.33800745010376,-5.257641315460205
221,final,-4.8521246910095215,-4.72083044052124
222,final,-5.5253777503967285,-5.385236740112305
223,final,-6.066379547119141,-5.990237236022949
224,final,-4.706584930419922,-4.8122100830078125
225,final,-5.546987056732178,-5.536603927612305
226,final,-5.609068870544434,-5.6123857498168945
227,final,-4.992075443267822,-5.091772079467773
228,final,-5.550124168395996,-5.566793441772461
229,final,-5.546987056732178,-5.536603927612305
230,final,-5.288139343261719,-5.270328998565674
231,final,-4.994569778442383,-4.949704647064209
232,final,-4.6604132652282715,-4.573708534240723
233,final,-5.056434631347656,-4.95437479019165
234,final,-5.361057758331299,-5.400454998016357
235,final,-5.308836936950684,-5.216921806335449
236,final,-4.735652923583984,-4.797316551208496
237,final,-4.818663597106934,-4.856571674346924
238,final,-5.313658714294434,-5.2667436599731445
239,final,-5.086410999298096,-5.011543273925781
240,final,-4.640086650848389,-4.7270379066467285
241,final,-4.951493263244629,-4.903833389282227
242,final,-6.233763694763184,-5.890466690063477
243,final,-6.059886932373047,-5.8133625984191895
244,final,-6.033584117889404,-5.647128105163574
245,final,-6.493314266204834,-6.325784683227539
246,final,-6.112916469573975,-5.802549362182617
247,final,-6.123908996582031,-5.677919864654541
248,final,-5.927901268005371,-5.596384048461914
249,final,-5.599939823150635,-5.442108154296875
250,final,-5.6690354347229,-5.226139545440674
251,final,-5.794189453125,-5.477712631225586
252,final,-5.640612602233887,-5.479549884796143
253,final,-5.686595916748047,-5.62986946105957
254,final,-5.290246963500977,-5.1549811363220215
255,final,-6.342408657073975,-6.059667587280273
256,final,-5.994699954986572,-5.836870193481445
257,final,-6.255812644958496,-6.066245079040527
258,final,-5.011760234832764,-4.822048187255859
259,final,-4.599964618682861,-4.5726447105407715
260,final,-5.230430603027344,-5.461575508117676
261,final,-3.8594818115234375,-4.31898307800293
262,final,-4.385135173797607,-3.9927902221679688
263,final,-4.777807235717773,-4.781815052032471
264,final,-4.82776403427124,-4.740382671356201
265,final,-5.504979610443115,-5.6524882316589355
266,final,-4.984414100646973,-4.682088851928711
267,final,-4.512918472290039,-4.281512260437012
268,final,-4.89845085144043,-4.73569917678833
269,final,-5.676109313964844,-5.192032814025879
270,final,-5.233767509460449,-4.955913066864014
271,final,-4.122495174407959,-4.173575401306152
272,final,-4.318487167358398,-4.246998310089111
273,final,-5.0066094398498535,-4.726011276245117
274,final,-5.614202499389648,-5.385240077972412
275,final,-4.309774875640869,-4.816741466522217
276,final,-5.002407073974609,-4.589521884918213
277,final,-4.067468166351318,-4.512888431549072
278,final,-5.084593296051025,-5.36215877532959
279,final,-4.893528461456299,-4.774572849273682
280,final,-7.234177589416504,-6.686378479003906
281,final,-6.22751522064209,-5.90362548828125
282,final,-5.949191570281982,-5.32894229888916
283,final,-6.571730613708496,-6.364717483520508
284,final,-6.339794158935547,-5.418737888336182
285,final,-5.667399883270264,-4.885392189025879
286,final,-6.894689083099365,-6.8099493980407715
287,final,-5.457040309906006,-5.190827369689941
288,final,-7.296799659729004,-6.582976341247559
289,final,-5.889583110809326,-5.443151950836182
290,final,-7.437502384185791,-6.533112049102783
291,final,-6.141184329986572,-6.164699077606201
292,final,-7.567452907562256,-6.471306800842285
293,final,-6.5960845947265625,-6.280217170715332
294,final,-5.283727645874023,-5.121553421020508
295,final,-5.49949836730957,-5.539217472076416
296,final,-6.488541126251221,-5.624549388885498
297,final,-6.8988037109375,-6.230400562286377
298,final,-7.1698479652404785,-6.180635452270508
299,final,-7.4672322273254395,-6.305180549621582
300,final,-5.493406772613525,-4.7544684410095215
301,final,-6.080174446105957,-5.629218101501465
302,final,-5.192760944366455,-4.879023551940918
303,final,-5.998434543609619,-5.732156276702881
304,final,-6.165083408355713,-5.6921305656433105
305,final,-6.034460544586182,-5.95615291595459
306,final,-6.909645080566406,-6.692715644836426
307,final,-4.971805572509766,-4.9165730476379395
308,final,-5.378572940826416,-4.874419689178467
309,final,-4.820466041564941,-4.6415815353393555
310,final,-7.168444633483887,-7.026636123657227
311,final,-5.2639875411987305,-4.784935474395752
312,final,-5.681848526000977,-5.394161701202393
313,final,-5.062350749969482,-4.992495059967041
314,final,-5.3085408210754395,-4.7884721755981445
315,final,-5.285913944244385,-4.8876633644104
316,final,-4.82588529586792,-4.531132221221924
317,final,-5.897700786590576,-5.399388790130615
318,final,-4.9089436531066895,-4.6192216873168945
319,final,-7.042169094085693,-6.657527923583984
320,final,-4.660139083862305,-4.444855213165283
321,final,-5.086769104003906,-4.710931301116943
322,final,-6.011282920837402,-5.744221210479736
323,final,-5.5461039543151855,-4.287357807159424
324,final,-6.093392848968506,-5.663786888122559
325,final,-5.551458835601807,-4.95381498336792
326,final,-4.602085113525391,-4.412849426269531
327,final,-6.10569953918457,-5.723520278930664
328,final,-4.759459495544434,-4.7265400886535645
329,final,-6.000273704528809,-5.451913356781006
330,final,-4.931264877319336,-4.624564170837402
331,final,-5.937211513519287,-5.642363548278809
332,final,-5.469934940338135,-4.86979866027832
333,final,-5.57115364074707,-5.4491448402404785
334,final,-4.822554588317871,-4.700540065765381
335,final,-4.8779072761535645,-4.852105140686035
336,final,-6.373117446899414,-5.7542829513549805
337,final,-5.785924911499023,-5.1307196617126465
338,final,-4.711056232452393,-4.290972709655762
339,final,-4.9660234451293945,-4.548940658569336
340,final,-4.848544597625732,-5.335001468658447
341,final,-6.393434524536133,-7.615360736846924
342,final,-6.993600368499756,-6.853633403778076
343,final,-7.3969407081604,-7.243412017822266
344,final,-6.0898895263671875,-6.408416271209717
345,final,-6.25245475769043,-5.850059509277344
346,final,-6.721989631652832,-6.447868347167969
347,final,-7.72670841217041,-6.507264614105225
348,final,-6.8236894607543945,-6.418905735015869
349,final,-5.692495822906494,-6.266898155212402
350,final,-7.817602634429932,-7.2525811195373535
351,final,-7.253152370452881,-7.319326877593994
352,final,-7.059116363525391,-6.626221179962158
353,final,-7.99212646484375,-7.599254608154297
354,final,-6.423593521118164,-6.203098297119141
355,final,-6.656062602996826,-6.968898296356201
356,final,-8.371129989624023,-7.796451568603516
357,final,-6.613552093505859,-7.797950744628906
358,final,-6.957171440124512,-6.931365489959717
359,final,-7.12548303604126,-6.598109722137451
360,final,-6.2182936668396,-6.5148773193359375
361,final,-7.287554740905762,-7.341555118560791
362,final,-5.699134826660156,-5.555412292480469
363,final,-6.035597324371338,-7.0306220054626465
364,final,-5.930998802185059,-5.230479717254639
365,final,-6.577311038970947,-5.773852825164795
366,final,-6.638393402099609,-7.960438251495361
367,final,-5.673401832580566,-6.16360330581665
368,final,-6.405026912689209,-6.683946132659912
369,final,-7.867673397064209,-7.780471324920654
370,final,-7.494360446929932,-7.458759784698486
371,final,-7.723458290100098,-7.746986389160156
372,final,-7.038165092468262,-7.253515243530273
373,final,-8.486671447753906,-8.152594566345215
374,final,-5.161900520324707,-6.7892279624938965
375,final,-5.185939788818359,-5.636349678039551
376,final,-5.686509132385254,-7.152121067047119
377,final,-7.287554740905762,-7.341555118560791
378,final,-6.035597324371338,-7.0306220054626465
379,final,-6.750774383544922,-7.791422367095947
380,final,-6.16525936126709,-6.86868953704834
381,final,-5.701488494873047,-6.212203502655029
382,final,-5.658740043640137,-6.088531970977783
383,final,-6.7322893142700195,-7.428071022033691
384,final,-5.451052188873291,-5.426453590393066
385,final,-5.952255725860596,-6.816711902618408
386,final,-5.232123374938965,-6.054131507873535
387,final,-6.655011177062988,-6.668707370758057
388,final,-6.1326799392700195,-6.813807964324951
389,final,-5.4980621337890625,-5.142021656036377
390,final,-5.614989280700684,-6.732822418212891
391,final,-6.262343406677246,-6.034745216369629
392,final,-5.30752420425415,-5.593170166015625
393,final,-6.52108907699585,-7.0670623779296875
394,final,-6.072432518005371,-6.370302677154541
395,final,-7.181172847747803,-8.116036415100098
396,final,-5.910660266876221,-6.551774978637695
397,final,-6.030924320220947,-5.564499378204346
398,final,-6.211857795715332,-6.441758155822754
399,final,-5.859364032745361,-5.831594944000244
400,final,-6.576212406158447,-6.5804877281188965
401,final,-8.340535163879395,-6.401707172393799
402,final,-8.883594512939453,-8.999007225036621
403,final,-6.496331214904785,-5.945932388305664
404,final,-9.724422454833984,-7.15588903427124
405,final,-8.564290046691895,-7.455804347991943
406,final,-7.588734149932861,-6.934969425201416
407,final,-7.7607340812683105,-7.269722938537598
408,final,-7.389026165008545,-7.19790506362915
409,final,-5.746894836425781,-5.644792079925537
410,final,-6.859984874725342,-6.133145332336426
411,final,-9.781423568725586,-7.929028034210205
412,final,-6.411992073059082,-6.823628902435303
413,final,-7.693410396575928,-6.980928897857666
414,final,-8.39358139038086,-7.154263973236084
415,final,-8.083017349243164,-6.8863372802734375
416,final,-8.781167984008789,-8.547715187072754
417,final,-6.9026899337768555,-6.532331943511963
418,final,-7.231023788452148,-7.009706020355225
419,final,-6.496331214904785,-5.945932388305664
420,final,-6.34988260269165,-6.056356430053711
421,final,-5.427663803100586,-5.181426048278809
422,final,-6.290721416473389,-6.174698352813721
423,final,-5.670019149780273,-5.504227161407471
424,final,-5.178600311279297,-5.6656084060668945
425,final,-6.267615795135498,-6.280617713928223
426,final,-6.306387901306152,-6.31333065032959
427,final,-7.456034183502197,-7.705572128295898
428,final,-7.31635856628418,-7.14813756942749
429,final,-4.990490913391113,-5.2502665519714355
430,final,-7.452380657196045,-7.580627918243408
431,final,-6.458218097686768,-6.363788604736328
432,final,-5.700528144836426,-5.988180637359619
433,final,-6.709160804748535,-6.096654415130615
434,final,-6.158927917480469,-6.396181106567383
435,final,-5.193777561187744,-5.435658931732178
436,final,-6.04873514175415,-5.778876781463623
437,final,-5.248462200164795,-5.260117053985596
438,final,-5.11726188659668,-4.854974269866943
439,final,-5.540567398071289,-5.7613606452941895
440,final,-7.491571426391602,-7.075226783752441
441,final,-5.169271945953369,-4.813549995422363
442,final,-5.862066268920898,-6.227972507476807
443,final,-6.306114673614502,-6.152263641357422
444,final,-6.5819268226623535,-6.135712623596191
445,final,-6.578822135925293,-6.130407810211182
446,final,-6.68492317199707,-5.945633411407471
447,final,-6.951492786407471,-6.485222339630127
448,final,-6.073888301849365,-6.251736640930176
449,final,-5.401110649108887,-4.96689510345459
450,final,-6.5804972648620605,-5.783637046813965
451,final,-6.746639251708984,-6.137156009674072
452,final,-6.580399990081787,-5.7730231285095215
453,final,-5.795716285705566,-5.69173526763916
454,final,-5.784876346588135,-5.0703959465026855
455,final,-5.952143669128418,-5.806770324707031
456,final,-6.106194972991943,-5.787097930908203
457,final,-5.9846272468566895,-4.892768383026123
458,final,-5.881676197052002,-5.153994083404541
459,final,-6.782968044281006,-6.4428229331970215
460,final,-5.443210601806641,-5.539788722991943
461,final,-4.870421886444092,-4.871095657348633
462,final,-4.727431297302246,-4.7265944480896
463,final,-6.462590217590332,-6.398362159729004
464,final,-5.017000675201416,-5.148171424865723
465,final,-4.58513879776001,-4.915778160095215
466,final,-4.990573883056641,-4.90809440612793
467,final,-4.602348327636719,-4.846815586090088
468,final,-5.794321537017822,-5.92271614074707
469,final,-4.882899761199951,-5.015837669372559
470,final,-6.704649448394775,-6.452975273132324
471,final,-5.752292633056641,-5.796730995178223
472,final,-5.131455898284912,-5.376138687133789
473,final,-5.281549453735352,-5.366243362426758
474,final,-4.81722354888916,-5.183933258056641
475,final,-5.773536205291748,-5.923737525939941
476,final,-5.083303928375244,-5.1384453773498535
477,final,-4.588502883911133,-4.690025806427002
478,final,-4.745216369628906,-4.874279975891113
479,final,-4.786436557769775,-4.930371284484863
480,final,-5.020665168762207,-5.1040754318237305
481,final,-4.98452091217041,-5.06390380859375
482,final,-6.497761249542236,-6.588150978088379
483,final,-4.953358173370361,-4.844448566436768
484,final,-4.216197490692139,-4.237259864807129
485,final,-5.059635639190674,-5.1052656173706055
486,final,-5.059635639190674,-5.1052656173706055
487,final,-5.255043029785156,-5.3035478591918945
488,final,-4.953352928161621,-4.739859580993652
489,final,-6.051028251647949,-5.775875091552734
490,final,-4.996657848358154,-5.173913955688477
491,final,-6.991282939910889,-7.034821510314941
492,final,-5.059635639190674,-5.1052656173706055
493,final,-4.669449806213379,-4.509476661682129
494,final,-5.207388401031494,-5.066367149353027
495,final,-5.424164772033691,-5.346682071685791
496,final,-4.541352272033691,-4.5775837898254395
497,final,-5.02384614944458,-4.995232582092285
498,final,-4.669449806213379,-4.509476661682129
499,final,-5.234488487243652,-5.130338668823242
500,final,-4.8294196128845215,-5.192536354064941
501,final,-4.775640964508057,-4.715587139129639
502,final,-5.516801834106445,-5.735008239746094
503,final,-6.604700565338135,-6.52388858795166
504,final,-5.327874183654785,-5.283982753753662
505,final,-5.331625461578369,-4.937431335449219
506,final,-4.910385608673096,-5.0724310874938965
507,final,-6.31748628616333,-6.127795219421387
508,final,-4.8002471923828125,-4.84507942199707
509,final,-5.1154866218566895,-5.157180309295654
510,final,-5.233462333679199,-5.605851173400879
511,final,-6.143524646759033,-6.146184921264648
512,final,-5.3773932456970215,-5.559141159057617
513,final,-5.213095664978027,-5.243142127990723
514,final,-5.297215461730957,-5.569122791290283
515,final,-5.788647174835205,-5.62366247177124
516,final,-5.977109909057617,-5.524143218994141
517,final,-4.182762622833252,-4.484570026397705
518,final,-5.6908111572265625,-5.714893341064453
519,final,-6.683420658111572,-6.4315595626831055
520,final,-7.058531284332275,-6.425740718841553
521,final,-6.3708696365356445,-5.936347484588623
522,final,-7.533237457275391,-6.161418914794922
523,final,-5.258071422576904,-5.248465061187744
524,final,-5.22428035736084,-4.787485599517822
525,final,-6.324700355529785,-6.114693641662598
526,final,-5.2540388107299805,-4.785702705383301
527,final,-5.079634189605713,-4.929226398468018
528,final,-7.217165470123291,-6.8420610427856445
529,final,-6.264814853668213,-5.797431945800781
530,final,-6.240110874176025,-5.867945194244385
531,final,-8.024251937866211,-7.45203161239624
532,final,-6.542690277099609,-5.7665300369262695
533,final,-6.685285568237305,-5.988239288330078
534,final,-6.686552047729492,-5.8690900802612305
535,final,-6.228324890136719,-5.401130199432373
536,final,-5.192348003387451,-4.877586364746094
537,final,-8.024251937866211,-7.45203161239624
538,final,-5.356266021728516,-4.940352439880371
539,final,-6.063657283782959,-5.453426837921143
540,final,-4.927886962890625,-4.886744976043701
541,final,-4.738579273223877,-4.660555362701416
542,final,-5.61139440536499,-5.469430446624756
543,final,-4.97283935546875,-5.128752708435059
544,final,-5.211153507232666,-4.988865375518799
545,final,-5.475123882293701,-5.817110061645508
546,final,-5.482246398925781,-5.820882797241211
547,final,-5.870100498199463,-5.507440090179443
548,final,-4.517541408538818,-4.21218204498291
549,final,-5.283182621002197,-4.759121417999268
550,final,-5.454042434692383,-5.030056476593018
551,final,-5.692999839782715,-5.488013744354248
552,final,-5.7734551429748535,-5.369257926940918
553,final,-6.65350866317749,-6.076879501342773
554,final,-5.898967266082764,-6.154886245727539
555,final,-6.2345805168151855,-5.889069080352783
556,final,-4.366919994354248,-4.348048686981201
557,final,-5.078362941741943,-4.948572635650635
558,final,-4.941896438598633,-4.459983825683594
559,final,-4.339287281036377,-4.405004978179932
560,final,-5.640218734741211,-5.401754856109619
561,final,-6.059966087341309,-5.36128044128418
562,final,-5.505191802978516,-5.223746299743652
563,final,-5.055772304534912,-5.104372978210449
564,final,-6.517082214355469,-6.125492095947266
565,final,-4.7605133056640625,-4.432392597198486
566,final,-5.094602584838867,-5.140757083892822
567,final,-6.363331317901611,-5.662168502807617
568,final,-4.419145584106445,-4.174107074737549
569,final,-6.033171653747559,-5.719874382019043
570,final,-6.0346999168396,-5.571655750274658
571,final,-5.326477527618408,-5.066773891448975
572,final,-5.048276424407959,-5.004580020904541
573,final,-6.274008750915527,-6.145246982574463
574,final,-4.506866931915283,-4.19348669052124
575,final,-5.024631977081299,-4.632900714874268
576,final,-5.259703159332275,-4.769161701202393
577,final,-4.291715621948242,-3.9354407787323
578,final,-4.754437446594238,-4.808500289916992
579,final,-5.132178783416748,-4.460949420928955
580,final,-5.079960346221924,-5.0616655349731445
581,final,-4.51947546005249,-4.454102039337158
582,final,-4.416749000549316,-4.331632137298584
583,final,-5.449490070343018,-5.500390529632568
584,final,-4.148523807525635,-4.61027193069458
585,final,-4.312928199768066,-4.355400085449219
586,final,-4.914924621582031,-4.80419921875
587,final,-4.901254653930664,-4.867661476135254
588,final,-5.429850101470947,-5.442288875579834
589,final,-4.163039207458496,-4.136047840118408
590,final,-5.659372329711914,-5.632312297821045
591,final,-5.724825382232666,-5.522383689880371
592,final,-5.0292277336120605,-5.004419803619385
593,final,-4.985774040222168,-4.897364616394043
594,final,-3.829435348510742,-3.9479823112487793
595,final,-4.633161544799805,-4.642434597015381
596,final,-4.188355922698975,-4.280221939086914
597,final,-4.751678466796875,-4.840559482574463
598,final,-5.205686569213867,-5.318094730377197
599,final,-3.8511617183685303,-4.221677303314209
600,final,-6.047262668609619,-5.809337139129639
601,final,-5.7492852210998535,-5.606432914733887
602,final,-5.960397720336914,-5.867320537567139
603,final,-6.346045970916748,-6.103174686431885
604,final,-6.047262668609619,-5.809337139129639
605,final,-4.752030849456787,-4.468876838684082
606,final,-5.441422939300537,-5.376309871673584
607,final,-5.577505588531494,-5.540644645690918
608,final,-5.347557067871094,-5.277369499206543
609,final,-6.232030868530273,-5.923652648925781
610,final,-5.0727386474609375,-5.04949426651001
611,final,-5.960398197174072,-5.8673200607299805
612,final,-4.987005710601807,-4.926955223083496
613,final,-4.382638454437256,-4.495308876037598
614,final,-4.2710371017456055,-4.320335388183594
615,final,-5.055222988128662,-4.858677387237549
616,final,-5.628481864929199,-5.3242363929748535
617,final,-5.304001331329346,-5.1550211906433105
618,final,-5.4333977699279785,-5.3416571617126465
619,final,-5.333469390869141,-5.205134868621826
620,final,-5.073017597198486,-5.048941612243652
621,final,-5.722562789916992,-5.569219589233398
622,final,-5.914581298828125,-6.161744117736816
623,final,-4.80633020401001,-4.747035026550293
624,final,-4.4409403800964355,-4.645965099334717
625,final,-5.674619674682617,-5.820195198059082
626,final,-5.375470161437988,-5.5414910316467285
627,final,-5.39448356628418,-5.0318098068237305
628,final,-4.678873062133789,-4.38092041015625
629,final,-5.9661407470703125,-5.720477104187012
630,final,-5.3739094734191895,-5.002768516540527
631,final,-5.665970325469971,-5.524468898773193
632,final,-5.0720696449279785,-4.959880352020264
633,final,-4.395814895629883,-4.41263484954834
634,final,-5.211421012878418,-5.29908561706543
635,final,-4.4611711502075195,-4.536080360412598
636,final,-4.941351890563965,-5.485795021057129
637,final,-4.539352893829346,-4.486061096191406
638,final,-5.119377136230469,-5.359649658203125
639,final,-4.816335201263428,-4.5903754234313965
640,final,-6.433626174926758,-5.365529537200928
641,final,-6.039683818817139,-5.740246772766113
642,final,-4.897517681121826,-4.511509418487549
643,final,-6.495054721832275,-5.870433330535889
644,final,-7.266117095947266,-6.6359477043151855
645,final,-6.838352203369141,-5.767477512359619
646,final,-6.365781784057617,-5.920112133026123
647,final,-5.340064525604248,-5.340393543243408
648,final,-6.731578350067139,-5.483855247497559
649,final,-7.099104404449463,-6.3741135597229
650,final,-6.9593658447265625,-5.973993301391602
651,final,-6.353543758392334,-5.328046798706055
652,final,-5.122265338897705,-4.8381805419921875
653,final,-4.919230937957764,-4.6083984375
654,final,-7.309792995452881,-6.384914875030518
655,final,-6.9907989501953125,-6.492417335510254
656,final,-5.536975860595703,-5.47493314743042
657,final,-6.135412693023682,-5.744282245635986
658,final,-6.523808002471924,-5.877025127410889
659,final,-4.56412935256958,-4.57401704788208
660,final,-5.045836925506592,-5.273441791534424
661,final,-5.23162317276001,-4.767401695251465
662,final,-5.693114757537842,-5.8537774085998535
663,final,-6.062342166900635,-5.8929266929626465
664,final,-5.465479373931885,-5.1993889808654785
665,final,-4.898554801940918,-4.832230567932129
666,final,-4.838173866271973,-4.732654094696045
667,final,-6.116515159606934,-5.472902297973633
668,final,-5.221656322479248,-5.034438133239746
669,final,-4.125922203063965,-4.241515636444092
670,final,-5.016722679138184,-5.373189926147461
671,final,-5.0071845054626465,-5.323609352111816
672,final,-5.691441059112549,-5.885979652404785
673,final,-5.182095050811768,-4.886072635650635
674,final,-5.016722679138184,-5.373189926147461
675,final,-5.244266986846924,-5.4133148193359375
676,final,-6.17491340637207,-6.25759220123291
677,final,-5.119467735290527,-5.103878498077393
678,final,-5.351006984710693,-5.507500171661377
679,final,-5.878375053405762,-5.680448532104492
680,final,-5.605032920837402,-4.865873336791992
681,final,-4.81055212020874,-4.351014614105225
682,final,-4.997596740722656,-4.672643184661865
683,final,-5.705130577087402,-5.3978271484375
684,final,-5.29311466217041,-4.714282035827637
685,final,-5.007000923156738,-4.574209213256836
686,final,-4.680675029754639,-4.18296480178833
687,final,-5.04543924331665,-4.789429187774658
688,final,-6.155747890472412,-5.398258686065674
689,final,-5.925259590148926,-5.36293888092041
690,final,-5.030710220336914,-4.745178699493408
691,final,-4.799206733703613,-4.582637310028076
692,final,-5.771653652191162,-5.380859375
693,final,-4.306948184967041,-4.091386318206787
694,final,-5.651233673095703,-5.279896259307861
695,final,-5.41495943069458,-5.185032844543457
696,final,-6.045035362243652,-5.419589996337891
697,final,-4.297233581542969,-4.164233684539795
698,final,-5.36005973815918,-5.018550395965576
699,final,-4.994438648223877,-4.418329238891602
0,best,-5.096627235412598,-5.0251851081848145
1,best,-4.1096320152282715,-4.136196136474609
2,best,-4.745785236358643,-4.321721076965332
3,best,-5.459568023681641,-5.178199291229248
4,best,-5.712132453918457,-5.1849236488342285
5,best,-4.026284694671631,-4.03373384475708
6,best,-4.994670867919922,-5.231423854827881
7,best,-3.8819541931152344,-3.7342488765716553
8,best,-4.329965114593506,-3.8150618076324463
9,best,-4.745785236358643,-4.321721076965332
10,best,-5.059463977813721,-4.5448317527771
11,best,-4.351063251495361,-4.089303493499756
12,best,-5.009843349456787,-4.610599994659424
13,best,-4.876034736633301,-4.430547714233398
14,best,-4.329965114593506,-3.8150618076324463
15,best,-5.144171714782715,-4.923155307769775
16,best,-5.0389485359191895,-4.618838787078857
17,best,-5.701026916503906,-5.157062530517578
18,best,-5.812135219573975,-5.5345635414123535
19,best,-5.864504814147949,-5.319147109985352
20,best,-4.592573642730713,-4.443576812744141
21,best,-5.958547115325928,-5.225588798522949
22,best,-5.368176460266113,-4.8407158851623535
23,best,-5.2320356369018555,-4.635494709014893
24,best,-5.285719871520996,-4.757296085357666
25,best,-5.2320356369018555,-4.635494709014893
26,best,-6.1638898849487305,-5.570130825042725
27,best,-5.726247310638428,-5.693534851074219
28,best,-4.900140762329102,-5.138394832611084
29,best,-5.547224998474121,-5.126641750335693
30,best,-4.828993320465088,-4.867090702056885
31,best,-4.631832122802734,-4.362489700317383
32,best,-5.368176460266113,-4.8407158851623535
33,best,-4.631832599639893,-4.362489700317383
34,best,-3.9829649925231934,-4.295787334442139
35,best,-4.944565773010254,-5.159382343292236
36,best,-4.900141716003418,-5.138394355773926
37,best,-4.631832599639893,-4.362489700317383
38,best,-4.910760402679443,-4.845045566558838
39,best,-4.979554653167725,-4.843541622161865
40,best,-5.1651105880737305,-4.807718753814697
41,best,-5.619785308837891,-4.999406337738037
42,best,-5.247171401977539,-4.942978858947754
43,best,-5.800265789031982,-5.242484092712402
44,best,-5.647818565368652,-5.200034141540527
45,best,-5.991327285766602,-5.1827826499938965
46,best,-4.725705623626709,-4.616344928741455
47,best,-5.731525897979736,-5.233449935913086
48,best,-6.187838077545166,-5.840852737426758
49,best,-4.78757905960083,-4.926931381225586
50,best,-5.588359355926514,-4.907808303833008
51,best,-6.219342231750488,-5.621471881866455
52,best,-6.15152645111084,-5.492674350738525
53,best,-4.648431301116943,-4.734704494476318
54,best,-5.088337421417236,-4.875738143920898
55,best,-5.254506587982178,-4.792038440704346
56,best,-4.92262601852417,-4.868470668792725
57,best,-4.6376776695251465,-4.158022403717041
58,best,-5.867854595184326,-4.89066219329834
59,best,-5.5049309730529785,-4.965276718139648
60,best,-7.6277289390563965,-6.223420143127441
61,best,-7.691161155700684,-5.798387050628662
62,best,-8.448347091674805,-7.092519760131836
63,best,-7.613680839538574,-5.743732452392578
64,best,-6.805196285247803,-5.8354034423828125
65,best,-6.2339043617248535,-5.263350009918213
66,best,-6.490807056427002,-5.305149555206299
67,best,-7.589745998382568,-6.318709850311279
68,best,-7.659201145172119,-6.5601372718811035
69,best,-6.543242454528809,-5.8791184425354
70,best,-6.129072666168213,-5.025596618652344
71,best,-6.495202541351318,-6.146730899810791
72,best,-6.252616882324219,-4.95668888092041
73,best,-5.617677688598633,-4.530242919921875
74,best,-6.283492565155029,-5.1590423583984375
75,best,-5.887228965759277,-5.073063373565674
76,best,-7.218245983123779,-4.9493303298950195
77,best,-6.344541072845459,-5.995375156402588
78,best,-6.651256561279297,-5.453612804412842
79,best,-6.490453243255615,-5.380049705505371
80,best,-5.012520790100098,-4.424735069274902
81,best,-4.649709701538086,-3.8362293243408203
82,best,-6.15097188949585,-5.803042411804199
83,best,-5.967894554138184,-5.334842205047607
84,best,-5.038707733154297,-4.284556865692139
85,best,-5.508440971374512,-5.115757942199707
86,best,-6.542754173278809,-5.555973052978516
87,best,-5.145423889160156,-4.482943058013916
88,best,-5.007573127746582,-4.198812007904053
89,best,-4.607138156890869,-3.950636625289917
90,best,-6.336276054382324,-5.646071434020996
91,best,-6.947265625,-6.101763725280762
92,best,-5.055129051208496,-4.1876420974731445
93,best,-5.29197883605957,-4.865565776824951
94,best,-5.369287490844727,-4.85631799697876
95,best,-5.6337809562683105,-4.835564613342285
96,best,-5.256750106811523,-4.69782829284668
97,best,-6.121108055114746,-5.2382707595825195
98,best,-5.710995197296143,-5.377419471740723
99,best,-5.715306758880615,-4.951098442077637
100,best,-6.312736988067627,-5.006319522857666
101,best,-5.947329521179199,-4.776332855224609
102,best,-6.630165100097656,-5.620668888092041
103,best,-5.0417680740356445,-4.264732837677002
104,best,-5.0417680740356445,-4.264732837677002
105,best,-5.4192728996276855,-4.734716415405273
106,best,-4.815267562866211,-4.279883861541748
107,best,-6.908064365386963,-5.325473308563232
108,best,-4.442624092102051,-3.770463466644287
109,best,-7.005598545074463,-5.62027645111084
110,best,-6.252030849456787,-5.349589824676514
111,best,-5.753706932067871,-4.642587661743164
112,best,-6.254289150238037,-5.217513084411621
113,best,-5.981787204742432,-4.822073459625244
114,best,-5.31961727142334,-4.573470115661621
115,best,-6.16257381439209,-5.082676410675049
116,best,-6.284875392913818,-5.1273722648620605
117,best,-5.380378246307373,-4.287337303161621
118,best,-4.815267562866211,-4.279883861541748
119,best,-6.008542537689209,-5.087584495544434
120,best,-4.954207420349121,-4.464367389678955
121,best,-4.485010623931885,-4.172228813171387
122,best,-5.609479904174805,-5.196667194366455
123,best,-5.6417012214660645,-4.751986503601074
124,best,-5.0476460456848145,-4.249273300170898
125,best,-5.849247455596924,-5.159368515014648
126,best,-6.0440168380737305,-5.0041303634643555
127,best,-5.164351940155029,-4.423462390899658
128,best,-4.870262145996094,-4.422858715057373
129,best,-6.549372673034668,-5.491465091705322
130,best,-5.633123874664307,-4.77001428604126
131,best,-6.55874490737915,-5.2384419441223145
132,best,-4.768551349639893,-4.390309810638428
133,best,-5.626258850097656,-4.757625102996826
134,best,-6.549372673034668,-5.491465091705322
135,best,-4.770905494689941,-4.071447372436523
136,best,-4.890556812286377,-4.617255687713623
137,best,-4.770905494689941,-4.071447372436523
138,best,-5.849247932434082,-5.159369945526123
139,best,-5.121417999267578,-4.747494220733643
140,best,-5.018096923828125,-4.510210037231445
141,best,-4.891604900360107,-4.610212326049805
142,best,-5.6475605964660645,-5.070367813110352
143,best,-4.7366132736206055,-4.366122722625732
144,best,-6.055054187774658,-5.4572529792785645
145,best,-6.339284420013428,-5.2985687255859375
146,best,-5.924563407897949,-5.691141128540039
147,best,-5.808959007263184,-5.294637203216553
148,best,-5.999878883361816,-5.34950590133667
149,best,-5.516851425170898,-4.976620197296143
150,best,-6.625032901763916,-5.878293991088867
151,best,-5.000697135925293,-4.648418426513672
152,best,-5.265488624572754,-4.939992427825928
153,best,-5.9485063552856445,-5.485065460205078
154,best,-5.018096923828125,-4.510210037231445
155,best,-5.924563407897949,-5.691141128540039
156,best,-6.158291816711426,-5.640872001647949
157,best,-6.089768886566162,-5.83380126953125
158,best,-5.405555725097656,-4.827808380126953
159,best,-5.924563407897949,-5.691141128540039
160,best,-6.046278476715088,-4.554225444793701
161,best,-8.297815322875977,-5.851095199584961
162,best,-6.5132927894592285,-5.47205114364624
163,best,-7.622021675109863,-5.923412322998047
164,best,-8.362844467163086,-6.591131210327148
165,best,-5.5094122886657715,-4.433633327484131
166,best,-6.968151092529297,-5.2132439613342285
167,best,-7.622021675109863,-5.923412322998047
168,best,-6.861772537231445,-5.497918605804443
169,best,-6.409473896026611,-5.577456474304199
170,best,-7.54433536529541,-5.375051975250244
171,best,-6.685577392578125,-4.6979756355285645
172,best,-6.3458170890808105,-5.4405198097229
173,best,-7.71962833404541,-6.007314682006836
174,best,-7.170538902282715,-6.240140914916992
175,best,-6.864400386810303,-5.308109283447266
176,best,-8.088793754577637,-6.007415771484375
177,best,-6.18864631652832,-5.195555686950684
178,best,-6.690553188323975,-5.113107204437256
179,best,-8.017227172851562,-6.145214557647705
180,best,-5.551482677459717,-5.222140789031982
181,best,-4.168615341186523,-4.071432113647461
182,best,-5.49208402633667,-5.288769245147705
183,best,-4.546255588531494,-4.32176399230957
184,best,-5.8982720375061035,-5.635768890380859
185,best,-6.3161540031433105,-5.997628688812256
186,best,-5.783248424530029,-5.4812331199646
187,best,-6.081737995147705,-5.232710361480713
188,best,-3.94758939743042,-3.771493673324585
189,best,-5.634506702423096,-5.56671667098999
190,best,-5.49604606628418,-4.760996341705322
191,best,-5.551482677459717,-5.222140789031982
192,best,-5.078901290893555,-5.0550642013549805
193,best,-6.626495361328125,-6.250872611999512
194,best,-5.605082035064697,-5.391573905944824
195,best,-5.686784744262695,-5.526822090148926
196,best,-5.482224941253662,-5.439371585845947
197,best,-6.197882652282715,-5.068113803863525
198,best,-5.896481990814209,-5.380064964294434
199,best,-4.93841028213501,-4.876160621643066
200,best,-4.354635715484619,-3.8785784244537354
201,best,-6.123501777648926,-5.399096488952637
202,best,-4.720643997192383,-4.030661582946777
203,best,-6.018197536468506,-4.841799259185791
204,best,-6.018197536468506,-4.841799259185791
205,best,-5.634512424468994,-4.894907474517822
206,best,-6.090142726898193,-5.215373992919922
207,best,-6.287197589874268,-5.6535844802856445
208,best,-6.018197536468506,-4.841799259185791
209,best,-5.634512424468994,-4.894907474517822
210,best,-5.482588291168213,-4.596523284912109
211,best,-6.748641490936279,-5.4815449714660645
212,best,-6.748641490936279,-5.4815449714660645
213,best,-5.362216949462891,-4.582607746124268
214,best,-5.482588291168213,-4.596523284912109
215,best,-5.616268634796143,-4.907625675201416
216,best,-5.700212478637695,-4.818236351013184
217,best,-6.647075653076172,-5.674389362335205
218,best,-5.4477410316467285,-4.6085920333862305
219,best,-5.14481258392334,-4.115822792053223
220,best,-5.33800745010376,-5.257641315460205
221,best,-4.8521246910095215,-4.72083044052124
222,best,-5.5253777503967285,-5.385236740112305
223,best,-6.066379547119141,-5.990237236022949
224,best,-4.706584930419922,-4.8122100830078125
225,best,-5.546987056732178,-5.536603927612305
226,best,-5.609068870544434,-5.6123857498168945
227,best,-4.992075443267822,-5.091772079467773
228,best,-5.550124168395996,-5.566793441772461
229,best,-5.546987056732178,-5.536603927612305
230,best,-5.288139343261719,-5.270328998565674
231,best,-4.994569778442383,-4.949704647064209
232,best,-4.6604132652282715,-4.573708534240723
233,best,-5.056434631347656,-4.95437479019165
234,best,-5.361057758331299,-5.400454998016357
235,best,-5.308836936950684,-5.216921806335449
236,best,-4.735652923583984,-4.797316551208496
237,best,-4.818663597106934,-4.856571674346924
238,best,-5.313658714294434,-5.2667436599731445
239,best,-5.086410999298096,-5.011543273925781
240,best,-4.640086650848389,-4.7270379066467285
241,best,-4.951493263244629,-4.903833389282227
242,best,-6.233763694763184,-5.890466690063477
243,best,-6.059886932373047,-5.8133625984191895
244,best,-6.033584117889404,-5.647128105163574
245,best,-6.493314266204834,-6.325784683227539
246,best,-6.112916469573975,-5.802549362182617
247,best,-6.123908996582031,-5.677919864654541
248,best,-5.927901268005371,-5.596384048461914
249,best,-5.599939823150635,-5.442108154296875
250,best,-5.6690354347229,-5.226139545440674
251,best,-5.794189453125,-5.477712631225586
252,best,-5.640612602233887,-5.479549884796143
253,best,-5.686595916748047,-5.62986946105957
254,best,-5.290246963500977,-5.1549811363220215
255,best,-6.342408657073975,-6.059667587280273
256,best,-5.994699954986572,-5.836870193481445
257,best,-6.255812644958496,-6.066245079040527
258,best,-5.011760234832764,-4.822048187255859
259,best,-4.599964618682861,-4.5726447105407715
260,best,-5.230430603027344,-5.461575508117676
261,best,-3.8594818115234375,-4.31898307800293
262,best,-4.385135173797607,-3.9927902221679688
263,best,-4.777807235717773,-4.781815052032471
264,best,-4.82776403427124,-4.740382671356201
265,best,-5.504979610443115,-5.6524882316589355
266,best,-4.984414100646973,-4.682088851928711
267,best,-4.512918472290039,-4.281512260437012
268,best,-4.89845085144043,-4.73569917678833
269,best,-5.676109313964844,-5.192032814025879
270,best,-5.233767509460449,-4.955913066864014
271,best,-4.122495174407959,-4.173575401306152
272,best,-4.318487167358398,-4.246998310089111
273,best,-5.0066094398498535,-4.726011276245117
274,best,-5.614202499389648,-5.385240077972412
275,best,-4.309774875640869,-4.816741466522217
276,best,-5.002407073974609,-4.589521884918213
277,best,-4.067468166351318,-4.512888431549072
278,best,-5.084593296051025,-5.36215877532959
279,best,-4.893528461456299,-4.774572849273682
280,best,-7.234177589416504,-6.686378479003906
281,best,-6.22751522064209,-5.90362548828125
282,best,-5.949191570281982,-5.32894229888916
283,best,-6.571730613708496,-6.364717483520508
284,best,-6.339794158935547,-5.418737888336182
285,best,-5.667399883270264,-4.885392189025879
286,best,-6.894689083099365,-6.8099493980407715
287,best,-5.457040309906006,-5.190827369689941
288,best,-7.296799659729004,-6.582976341247559
289,best,-5.889583110809326,-5.443151950836182
290,best,-7.437502384185791,-6.533112049102783
291,best,-6.141184329986572,-6.164699077606201
292,best,-7.567452907562256,-6.471306800842285
293,best,-6.5960845947265625,-6.280217170715332
294,best,-5.283727645874023,-5.121553421020508
295,best,-5.49949836730957,-5.539217472076416
296,best,-6.488541126251221,-5.624549388885498
297,best,-6.8988037109375,-6.230400562286377
298,best,-7.1698479652404785,-6.180635452270508
299,best,-7.4672322273254395,-6.305180549621582
300,best,-5.493406772613525,-4.7544684410095215
301,best,-6.080174446105957,-5.629218101501465
302,best,-5.192760944366455,-4.879023551940918
303,best,-5.998434543609619,-5.732156276702881
304,best,-6.165083408355713,-5.6921305656433105
305,best,-6.034460544586182,-5.95615291595459
306,best,-6.909645080566406,-6.692715644836426
307,best,-4.971805572509766,-4.9165730476379395
308,best,-5.378572940826416,-4.874419689178467
309,best,-4.820466041564941,-4.6415815353393555
310,best,-7.168444633483887,-7.026636123657227
311,best,-5.2639875411987305,-4.784935474395752
312,best,-5.681848526000977,-5.394161701202393
313,best,-5.062350749969482,-4.992495059967041
314,best,-5.3085408210754395,-4.7884721755981445
315,best,-5.285913944244385,-4.8876633644104
316,best,-4.82588529586792,-4.531132221221924
317,best,-5.897700786590576,-5.399388790130615
318,best,-4.9089436531066895,-4.6192216873168945
319,best,-7.042169094085693,-6.657527923583984
320,best,-4.660139083862305,-4.444855213165283
321,best,-5.086769104003906,-4.710931301116943
322,best,-6.011282920837402,-5.744221210479736
323,best,-5.5461039543151855,-4.287357807159424
324,best,-6.093392848968506,-5.663786888122559
325,best,-5.551458835601807,-4.95381498336792
326,best,-4.602085113525391,-4.412849426269531
327,best,-6.10569953918457,-5.723520278930664
328,best,-4.759459495544434,-4.7265400886535645
329,best,-6.000273704528809,-5.451913356781006
330,best,-4.931264877319336,-4.624564170837402
331,best,-5.937211513519287,-5.642363548278809
332,best,-5.469934940338135,-4.86979866027832
333,best,-5.57115364074707,-5.4491448402404785
334,best,-4.822554588317871,-4.700540065765381
335,best,-4.8779072761535645,-4.852105140686035
336,best,-6.373117446899414,-5.7542829513549805
337,best,-5.785924911499023,-5.1307196617126465
338,best,-4.711056232452393,-4.290972709655762
339,best,-4.9660234451293945,-4.548940658569336
340,best,-4.848544597625732,-5.335001468658447
341,best,-6.393434524536133,-7.615360736846924
342,best,-6.993600368499756,-6.853633403778076
343,best,-7.3969407081604,-7.243412017822266
344,best,-6.0898895263671875,-6.408416271209717
345,best,-6.25245475769043,-5.850059509277344
346,best,-6.721989631652832,-6.447868347167969
347,best,-7.72670841217041,-6.507264614105225
348,best,-6.8236894607543945,-6.418905735015869
349,best,-5.692495822906494,-6.266898155212402
350,best,-7.817602634429932,-7.2525811195373535
351,best,-7.253152370452881,-7.319326877593994
352,best,-7.059116363525391,-6.626221179962158
353,best,-7.99212646484375,-7.599254608154297
354,best,-6.423593521118164,-6.203098297119141
355,best,-6.656062602996826,-6.968898296356201
356,best,-8.371129989624023,-7.796451568603516
357,best,-6.613552093505859,-7.797950744628906
358,best,-6.957171440124512,-6.931365489959717
359,best,-7.12548303604126,-6.598109722137451
360,best,-6.2182936668396,-6.5148773193359375
361,best,-7.287554740905762,-7.341555118560791
362,best,-5.699134826660156,-5.555412292480469
363,best,-6.035597324371338,-7.0306220054626465
364,best,-5.930998802185059,-5.230479717254639
365,best,-6.577311038970947,-5.773852825164795
366,best,-6.638393402099609,-7.960438251495361
367,best,-5.673401832580566,-6.16360330581665
368,best,-6.405026912689209,-6.683946132659912
369,best,-7.867673397064209,-7.780471324920654
370,best,-7.494360446929932,-7.458759784698486
371,best,-7.723458290100098,-7.746986389160156
372,best,-7.038165092468262,-7.253515243530273
373,best,-8.486671447753906,-8.152594566345215
374,best,-5.161900520324707,-6.7892279624938965
375,best,-5.185939788818359,-5.636349678039551
376,best,-5.686509132385254,-7.152121067047119
377,best,-7.287554740905762,-7.341555118560791
378,best,-6.035597324371338,-7.0306220054626465
379,best,-6.750774383544922,-7.791422367095947
380,best,-6.16525936126709,-6.86868953704834
381,best,-5.701488494873047,-6.212203502655029
382,best,-5.658740043640137,-6.088531970977783
383,best,-6.7322893142700195,-7.428071022033691
384,best,-5.451052188873291,-5.426453590393066
385,best,-5.952255725860596,-6.816711902618408
386,best,-5.232123374938965,-6.054131507873535
387,best,-6.655011177062988,-6.668707370758057
388,best,-6.1326799392700195,-6.813807964324951
389,best,-5.4980621337890625,-5.142021656036377
390,best,-5.614989280700684,-6.732822418212891
391,best,-6.262343406677246,-6.034745216369629
392,best,-5.30752420425415,-5.593170166015625
393,best,-6.52108907699585,-7.0670623779296875
394,best,-6.072432518005371,-6.370302677154541
395,best,-7.181172847747803,-8.116036415100098
396,best,-5.910660266876221,-6.551774978637695
397,best,-6.030924320220947,-5.564499378204346
398,best,-6.211857795715332,-6.441758155822754
399,best,-5.859364032745361,-5.831594944000244
400,best,-6.576212406158447,-6.5804877281188965
401,best,-8.340535163879395,-6.401707172393799
402,best,-8.883594512939453,-8.999007225036621
403,best,-6.496331214904785,-5.945932388305664
404,best,-9.724422454833984,-7.15588903427124
405,best,-8.564290046691895,-7.455804347991943
406,best,-7.588734149932861,-6.934969425201416
407,best,-7.7607340812683105,-7.269722938537598
408,best,-7.389026165008545,-7.19790506362915
409,best,-5.746894836425781,-5.644792079925537
410,best,-6.859984874725342,-6.133145332336426
411,best,-9.781423568725586,-7.929028034210205
412,best,-6.411992073059082,-6.823628902435303
413,best,-7.693410396575928,-6.980928897857666
414,best,-8.39358139038086,-7.154263973236084
415,best,-8.083017349243164,-6.8863372802734375
416,best,-8.781167984008789,-8.547715187072754
417,best,-6.9026899337768555,-6.532331943511963
418,best,-7.231023788452148,-7.009706020355225
419,best,-6.496331214904785,-5.945932388305664
420,best,-6.34988260269165,-6.056356430053711
421,best,-5.427663803100586,-5.181426048278809
422,best,-6.290721416473389,-6.174698352813721
423,best,-5.670019149780273,-5.504227161407471
424,best,-5.178600311279297,-5.6656084060668945
425,best,-6.267615795135498,-6.280617713928223
426,best,-6.306387901306152,-6.31333065032959
427,best,-7.456034183502197,-7.705572128295898
428,best,-7.31635856628418,-7.14813756942749
429,best,-4.990490913391113,-5.2502665519714355
430,best,-7.452380657196045,-7.580627918243408
431,best,-6.458218097686768,-6.363788604736328
432,best,-5.700528144836426,-5.988180637359619
433,best,-6.709160804748535,-6.096654415130615
434,best,-6.158927917480469,-6.396181106567383
435,best,-5.193777561187744,-5.435658931732178
436,best,-6.04873514175415,-5.778876781463623
437,best,-5.248462200164795,-5.260117053985596
438,best,-5.11726188659668,-4.854974269866943
439,best,-5.540567398071289,-5.7613606452941895
440,best,-7.491571426391602,-7.075226783752441
441,best,-5.169271945953369,-4.813549995422363
442,best,-5.862066268920898,-6.227972507476807
443,best,-6.306114673614502,-6.152263641357422
444,best,-6.5819268226623535,-6.135712623596191
445,best,-6.578822135925293,-6.130407810211182
446,best,-6.68492317199707,-5.945633411407471
447,best,-6.951492786407471,-6.485222339630127
448,best,-6.073888301849365,-6.251736640930176
449,best,-5.401110649108887,-4.96689510345459
450,best,-6.5804972648620605,-5.783637046813965
451,best,-6.746639251708984,-6.137156009674072
452,best,-6.580399990081787,-5.7730231285095215
453,best,-5.795716285705566,-5.69173526763916
454,best,-5.784876346588135,-5.0703959465026855
455,best,-5.952143669128418,-5.806770324707031
456,best,-6.106194972991943,-5.787097930908203
457,best,-5.9846272468566895,-4.892768383026123
458,best,-5.881676197052002,-5.153994083404541
459,best,-6.782968044281006,-6.4428229331970215
460,best,-5.443210601806641,-5.539788722991943
461,best,-4.870421886444092,-4.871095657348633
462,best,-4.727431297302246,-4.7265944480896
463,best,-6.462590217590332,-6.398362159729004
464,best,-5.017000675201416,-5.148171424865723
465,best,-4.58513879776001,-4.915778160095215
466,best,-4.990573883056641,-4.90809440612793
467,best,-4.602348327636719,-4.846815586090088
468,best,-5.794321537017822,-5.92271614074707
469,best,-4.882899761199951,-5.015837669372559
470,best,-6.704649448394775,-6.452975273132324
471,best,-5.752292633056641,-5.796730995178223
472,best,-5.131455898284912,-5.376138687133789
473,best,-5.281549453735352,-5.366243362426758
474,best,-4.81722354888916,-5.183933258056641
475,best,-5.773536205291748,-5.923737525939941
476,best,-5.083303928375244,-5.1384453773498535
477,best,-4.588502883911133,-4.690025806427002
478,best,-4.745216369628906,-4.874279975891113
479,best,-4.786436557769775,-4.930371284484863
480,best,-5.020665168762207,-5.1040754318237305
481,best,-4.98452091217041,-5.06390380859375
482,best,-6.497761249542236,-6.588150978088379
483,best,-4.953358173370361,-4.844448566436768
484,best,-4.216197490692139,-4.237259864807129
485,best,-5.059635639190674,-5.1052656173706055
486,best,-5.059635639190674,-5.1052656173706055
487,best,-5.255043029785156,-5.3035478591918945
488,best,-4.953352928161621,-4.739859580993652
489,best,-6.051028251647949,-5.775875091552734
490,best,-4.996657848358154,-5.173913955688477
491,best,-6.991282939910889,-7.034821510314941
492,best,-5.059635639190674,-5.1052656173706055
493,best,-4.669449806213379,-4.509476661682129
494,best,-5.207388401031494,-5.066367149353027
495,best,-5.424164772033691,-5.346682071685791
496,best,-4.541352272033691,-4.5775837898254395
497,best,-5.02384614944458,-4.995232582092285
498,best,-4.669449806213379,-4.509476661682129
499,best,-5.234488487243652,-5.130338668823242
500,best,-4.8294196128845215,-5.192536354064941
501,best,-4.775640964508057,-4.715587139129639
502,best,-5.516801834106445,-5.735008239746094
503,best,-6.604700565338135,-6.52388858795166
504,best,-5.327874183654785,-5.283982753753662
505,best,-5.331625461578369,-4.937431335449219
506,best,-4.910385608673096,-5.0724310874938965
507,best,-6.31748628616333,-6.127795219421387
508,best,-4.8002471923828125,-4.84507942199707
509,best,-5.1154866218566895,-5.157180309295654
510,best,-5.233462333679199,-5.605851173400879
511,best,-6.143524646759033,-6.146184921264648
512,best,-5.3773932456970215,-5.559141159057617
513,best,-5.213095664978027,-5.243142127990723
514,best,-5.297215461730957,-5.569122791290283
515,best,-5.788647174835205,-5.62366247177124
516,best,-5.977109909057617,-5.524143218994141
517,best,-4.182762622833252,-4.484570026397705
518,best,-5.6908111572265625,-5.714893341064453
519,best,-6.683420658111572,-6.4315595626831055
520,best,-7.058531284332275,-6.425740718841553
521,best,-6.3708696365356445,-5.936347484588623
522,best,-7.533237457275391,-6.161418914794922
523,best,-5.258071422576904,-5.248465061187744
524,best,-5.22428035736084,-4.787485599517822
525,best,-6.324700355529785,-6.114693641662598
526,best,-5.2540388107299805,-4.785702705383301
527,best,-5.079634189605713,-4.929226398468018
528,best,-7.217165470123291,-6.8420610427856445
529,best,-6.264814853668213,-5.797431945800781
530,best,-6.240110874176025,-5.867945194244385
531,best,-8.024251937866211,-7.45203161239624
532,best,-6.542690277099609,-5.7665300369262695
533,best,-6.685285568237305,-5.988239288330078
534,best,-6.686552047729492,-5.8690900802612305
535,best,-6.228324890136719,-5.401130199432373
536,best,-5.192348003387451,-4.877586364746094
537,best,-8.024251937866211,-7.45203161239624
538,best,-5.356266021728516,-4.940352439880371
539,best,-6.063657283782959,-5.453426837921143
540,best,-4.927886962890625,-4.886744976043701
541,best,-4.738579273223877,-4.660555362701416
542,best,-5.61139440536499,-5.469430446624756
543,best,-4.97283935546875,-5.128752708435059
544,best,-5.211153507232666,-4.988865375518799
545,best,-5.475123882293701,-5.817110061645508
546,best,-5.482246398925781,-5.820882797241211
547,best,-5.870100498199463,-5.507440090179443
548,best,-4.517541408538818,-4.21218204498291
549,best,-5.283182621002197,-4.759121417999268
550,best,-5.454042434692383,-5.030056476593018
551,best,-5.692999839782715,-5.488013744354248
552,best,-5.7734551429748535,-5.369257926940918
553,best,-6.65350866317749,-6.076879501342773
554,best,-5.898967266082764,-6.154886245727539
555,best,-6.2345805168151855,-5.889069080352783
556,best,-4.366919994354248,-4.348048686981201
557,best,-5.078362941741943,-4.948572635650635
558,best,-4.941896438598633,-4.459983825683594
559,best,-4.339287281036377,-4.405004978179932
560,best,-5.640218734741211,-5.401754856109619
561,best,-6.059966087341309,-5.36128044128418
562,best,-5.505191802978516,-5.223746299743652
563,best,-5.055772304534912,-5.104372978210449
564,best,-6.517082214355469,-6.125492095947266
565,best,-4.7605133056640625,-4.432392597198486
566,best,-5.094602584838867,-5.140757083892822
567,best,-6.363331317901611,-5.662168502807617
568,best,-4.419145584106445,-4.174107074737549
569,best,-6.033171653747559,-5.719874382019043
570,best,-6.0346999168396,-5.571655750274658
571,best,-5.326477527618408,-5.066773891448975
572,best,-5.048276424407959,-5.004580020904541
573,best,-6.274008750915527,-6.145246982574463
574,best,-4.506866931915283,-4.19348669052124
575,best,-5.024631977081299,-4.632900714874268
576,best,-5.259703159332275,-4.769161701202393
577,best,-4.291715621948242,-3.9354407787323
578,best,-4.754437446594238,-4.808500289916992
579,best,-5.132178783416748,-4.460949420928955
580,best,-5.079960346221924,-5.0616655349731445
581,best,-4.51947546005249,-4.454102039337158
582,best,-4.416749000549316,-4.331632137298584
583,best,-5.449490070343018,-5.500390529632568
584,best,-4.148523807525635,-4.61027193069458
585,best,-4.312928199768066,-4.355400085449219
586,best,-4.914924621582031,-4.80419921875
587,best,-4.901254653930664,-4.867661476135254
588,best,-5.429850101470947,-5.442288875579834
589,best,-4.163039207458496,-4.136047840118408
590,best,-5.659372329711914,-5.632312297821045
591,best,-5.724825382232666,-5.522383689880371
592,best,-5.0292277336120605,-5.004419803619385
593,best,-4.985774040222168,-4.897364616394043
594,best,-3.829435348510742,-3.9479823112487793
595,best,-4.633161544799805,-4.642434597015381
596,best,-4.188355922698975,-4.280221939086914
597,best,-4.751678466796875,-4.840559482574463
598,best,-5.205686569213867,-5.318094730377197
599,best,-3.8511617183685303,-4.221677303314209
600,best,-6.047262668609619,-5.809337139129639
601,best,-5.7492852210998535,-5.606432914733887
602,best,-5.960397720336914,-5.867320537567139
603,best,-6.346045970916748,-6.103174686431885
604,best,-6.047262668609619,-5.809337139129639
605,best,-4.752030849456787,-4.468876838684082
606,best,-5.441422939300537,-5.376309871673584
607,best,-5.577505588531494,-5.540644645690918
608,best,-5.347557067871094,-5.277369499206543
609,best,-6.232030868530273,-5.923652648925781
610,best,-5.0727386474609375,-5.04949426651001
611,best,-5.960398197174072,-5.8673200607299805
612,best,-4.987005710601807,-4.926955223083496
613,best,-4.382638454437256,-4.495308876037598
614,best,-4.2710371017456055,-4.320335388183594
615,best,-5.055222988128662,-4.858677387237549
616,best,-5.628481864929199,-5.3242363929748535
617,best,-5.304001331329346,-5.1550211906433105
618,best,-5.4333977699279785,-5.3416571617126465
619,best,-5.333469390869141,-5.205134868621826
620,best,-5.073017597198486,-5.048941612243652
621,best,-5.722562789916992,-5.569219589233398
622,best,-5.914581298828125,-6.161744117736816
623,best,-4.80633020401001,-4.747035026550293
624,best,-4.4409403800964355,-4.645965099334717
625,best,-5.674619674682617,-5.820195198059082
626,best,-5.375470161437988,-5.5414910316467285
627,best,-5.39448356628418,-5.0318098068237305
628,best,-4.678873062133789,-4.38092041015625
629,best,-5.9661407470703125,-5.720477104187012
630,best,-5.3739094734191895,-5.002768516540527
631,best,-5.665970325469971,-5.524468898773193
632,best,-5.0720696449279785,-4.959880352020264
633,best,-4.395814895629883,-4.41263484954834
634,best,-5.211421012878418,-5.29908561706543
635,best,-4.4611711502075195,-4.536080360412598
636,best,-4.941351890563965,-5.485795021057129
637,best,-4.539352893829346,-4.486061096191406
638,best,-5.119377136230469,-5.359649658203125
639,best,-4.816335201263428,-4.5903754234313965
640,best,-6.433626174926758,-5.365529537200928
641,best,-6.039683818817139,-5.740246772766113
642,best,-4.897517681121826,-4.511509418487549
643,best,-6.495054721832275,-5.870433330535889
644,best,-7.266117095947266,-6.6359477043151855
645,best,-6.838352203369141,-5.767477512359619
646,best,-6.365781784057617,-5.920112133026123
647,best,-5.340064525604248,-5.340393543243408
648,best,-6.731578350067139,-5.483855247497559
649,best,-7.099104404449463,-6.3741135597229
650,best,-6.9593658447265625,-5.973993301391602
651,best,-6.353543758392334,-5.328046798706055
652,best,-5.122265338897705,-4.8381805419921875
653,best,-4.919230937957764,-4.6083984375
654,best,-7.309792995452881,-6.384914875030518
655,best,-6.9907989501953125,-6.492417335510254
656,best,-5.536975860595703,-5.47493314743042
657,best,-6.135412693023682,-5.744282245635986
658,best,-6.523808002471924,-5.877025127410889
659,best,-4.56412935256958,-4.57401704788208
660,best,-5.045836925506592,-5.273441791534424
661,best,-5.23162317276001,-4.767401695251465
662,best,-5.693114757537842,-5.8537774085998535
663,best,-6.062342166900635,-5.8929266929626465
664,best,-5.465479373931885,-5.1993889808654785
665,best,-4.898554801940918,-4.832230567932129
666,best,-4.838173866271973,-4.732654094696045
667,best,-6.116515159606934,-5.472902297973633
668,best,-5.221656322479248,-5.034438133239746
669,best,-4.125922203063965,-4.241515636444092
670,best,-5.016722679138184,-5.373189926147461
671,best,-5.0071845054626465,-5.323609352111816
672,best,-5.691441059112549,-5.885979652404785
673,best,-5.182095050811768,-4.886072635650635
674,best,-5.016722679138184,-5.373189926147461
675,best,-5.244266986846924,-5.4133148193359375
676,best,-6.17491340637207,-6.25759220123291
677,best,-5.119467735290527,-5.103878498077393
678,best,-5.351006984710693,-5.507500171661377
679,best,-5.878375053405762,-5.680448532104492
680,best,-5.605032920837402,-4.865873336791992
681,best,-4.81055212020874,-4.351014614105225
682,best,-4.997596740722656,-4.672643184661865
683,best,-5.705130577087402,-5.3978271484375
684,best,-5.29311466217041,-4.714282035827637
685,best,-5.007000923156738,-4.574209213256836
686,best,-4.680675029754639,-4.18296480178833
687,best,-5.04543924331665,-4.789429187774658
688,best,-6.155747890472412,-5.398258686065674
689,best,-5.925259590148926,-5.36293888092041
690,best,-5.030710220336914,-4.745178699493408
691,best,-4.799206733703613,-4.582637310028076
692,best,-5.771653652191162,-5.380859375
693,best,-4.306948184967041,-4.091386318206787
694,best,-5.651233673095703,-5.279896259307861
695,best,-5.41495943069458,-5.185032844543457
696,best,-6.045035362243652,-5.419589996337891
697,best,-4.297233581542969,-4.164233684539795
698,best,-5.36005973815918,-5.018550395965576
699,best,-4.994438648223877,-4.418329238891602
