item_id,model_state,do,pp
0,initial,-7.607778072357178,-6.957757472991943
1,initial,-7.732036590576172,-7.341607570648193
2,initial,-6.982593536376953,-6.4662652015686035
3,initial,-9.433736801147461,-8.540587425231934
4,initial,-7.285360813140869,-6.005311489105225
5,initial,-7.533790588378906,-7.224461078643799
6,initial,-9.492563247680664,-8.51929759979248
7,initial,-8.264287948608398,-6.791900157928467
8,initial,-7.392355442047119,-6.027744770050049
9,initial,-6.982593536376953,-6.4662652015686035
10,initial,-9.467289924621582,-7.694700241088867
11,initial,-6.844869136810303,-6.430224418640137
12,initial,-7.890384674072266,-6.24461030960083
13,initial,-9.492499351501465,-7.794860363006592
14,initial,-7.392355442047119,-6.027744770050049
15,initial,-9.822870254516602,-8.259760856628418
16,initial,-8.028715133666992,-6.513795375823975
17,initial,-7.701528072357178,-6.68878173828125
18,initial,-9.914552688598633,-8.74968433380127
19,initial,-6.924396514892578,-6.559642791748047
20,initial,-6.88283109664917,-6.394978046417236
21,initial,-7.513515472412109,-6.506774425506592
22,initial,-8.741037368774414,-7.981247425079346
23,initial,-7.662716388702393,-6.702475070953369
24,initial,-8.60913372039795,-7.75645637512207
25,initial,-7.662716388702393,-6.702475070953369
26,initial,-9.21496295928955,-8.219547271728516
27,initial,-9.08154296875,-8.481738090515137
28,initial,-7.41684103012085,-6.756457805633545
29,initial,-9.278608322143555,-8.102198600769043
30,initial,-7.46836519241333,-6.8718085289001465
31,initial,-7.798647403717041,-6.743438720703125
32,initial,-8.741037368774414,-7.981248378753662
33,initial,-7.798646450042725,-6.743438720703125
34,initial,-7.573950290679932,-7.143838405609131
35,initial,-9.063772201538086,-8.153346061706543
36,initial,-7.41684103012085,-6.756457805633545
37,initial,-7.798646450042725,-6.743438720703125
38,initial,-6.859199523925781,-6.582812786102295
39,initial,-6.924413204193115,-6.409834861755371
40,initial,-7.099977970123291,-6.20623254776001
41,initial,-7.463531970977783,-6.604644298553467
42,initial,-7.320893287658691,-6.7464423179626465
43,initial,-8.235713958740234,-7.64032506942749
44,initial,-8.034183502197266,-6.641528606414795
45,initial,-7.192779064178467,-6.1788811683654785
46,initial,-7.395031452178955,-6.521162033081055
47,initial,-7.875748634338379,-6.897099018096924
48,initial,-8.27118968963623,-7.657434463500977
49,initial,-7.247411251068115,-6.509467601776123
50,initial,-7.8935160636901855,-7.153838634490967
51,initial,-8.332085609436035,-7.922885894775391
52,initial,-8.184152603149414,-7.049098014831543
53,initial,-7.625917911529541,-7.401930332183838
54,initial,-7.495532989501953,-7.408069133758545
55,initial,-7.354584693908691,-6.444187641143799
56,initial,-7.210758686065674,-6.244177341461182
57,initial,-6.490857124328613,-6.2609758377075195
58,initial,-7.978517055511475,-6.528079986572266
59,initial,-7.513014316558838,-6.381924629211426
60,initial,-8.240885734558105,-7.261715412139893
61,initial,-9.347895622253418,-7.7500739097595215
62,initial,-10.219565391540527,-8.999164581298828
63,initial,-9.872648239135742,-8.725171089172363
64,initial,-8.47765827178955,-7.208471775054932
65,initial,-7.7030487060546875,-6.950896739959717
66,initial,-8.693509101867676,-7.220745086669922
67,initial,-10.294862747192383,-9.31905460357666
68,initial,-9.137356758117676,-7.56171989440918
69,initial,-8.66740894317627,-7.287476062774658
70,initial,-8.407013893127441,-7.89507532119751
71,initial,-9.916933059692383,-8.962252616882324
72,initial,-7.571733474731445,-6.530002593994141
73,initial,-7.75701379776001,-7.078045845031738
74,initial,-7.117000579833984,-6.501074314117432
75,initial,-9.455363273620605,-8.474725723266602
76,initial,-8.6322660446167,-7.216814994812012
77,initial,-9.682592391967773,-8.749818801879883
78,initial,-7.513263702392578,-6.9325127601623535
79,initial,-8.433882713317871,-7.154736518859863
80,initial,-5.859930515289307,-5.573123455047607
81,initial,-6.363126277923584,-5.489301681518555
82,initial,-7.594801902770996,-6.671232223510742
83,initial,-7.060450077056885,-6.2614336013793945
84,initial,-6.879008769989014,-6.618171691894531
85,initial,-8.01634693145752,-7.525843143463135
86,initial,-7.707873821258545,-7.07353401184082
87,initial,-7.081172466278076,-6.642171859741211
88,initial,-7.010237216949463,-6.551549434661865
89,initial,-5.683775901794434,-5.296817779541016
90,initial,-6.6655659675598145,-5.790525436401367
91,initial,-8.143359184265137,-8.094911575317383
92,initial,-6.199666976928711,-5.458758354187012
93,initial,-6.725218772888184,-6.303983211517334
94,initial,-6.678406238555908,-6.226131916046143
95,initial,-7.11200475692749,-6.767187118530273
96,initial,-6.223740577697754,-5.62537956237793
97,initial,-6.691809177398682,-5.794981479644775
98,initial,-7.900454521179199,-7.480527400970459
99,initial,-6.222999095916748,-5.6321821212768555
100,initial,-7.501737117767334,-6.655707836151123
101,initial,-7.195886135101318,-6.501765251159668
102,initial,-8.693020820617676,-7.518967151641846
103,initial,-7.3996806144714355,-6.200525760650635
104,initial,-7.3996806144714355,-6.200525760650635
105,initial,-7.507859230041504,-6.303105354309082
106,initial,-8.231066703796387,-7.2147626876831055
107,initial,-8.04126262664795,-7.044887542724609
108,initial,-6.589056968688965,-5.818659782409668
109,initial,-8.995253562927246,-8.184103965759277
110,initial,-8.484167098999023,-7.5697174072265625
111,initial,-7.2351531982421875,-6.195672035217285
112,initial,-8.451944351196289,-7.609224796295166
113,initial,-8.58942985534668,-7.42105770111084
114,initial,-6.970603942871094,-6.198640823364258
115,initial,-7.832512855529785,-6.883513450622559
116,initial,-8.529180526733398,-8.236706733703613
117,initial,-7.639591693878174,-6.830847263336182
118,initial,-8.231066703796387,-7.2147626876831055
119,initial,-8.67636489868164,-7.579615116119385
120,initial,-7.116201877593994,-5.846163749694824
121,initial,-7.0062432289123535,-5.848762035369873
122,initial,-7.598941802978516,-6.265655994415283
123,initial,-7.6343255043029785,-5.743070602416992
124,initial,-6.86025857925415,-6.257188320159912
125,initial,-9.34963321685791,-7.533053874969482
126,initial,-9.087656021118164,-7.990375518798828
127,initial,-8.961227416992188,-6.751871109008789
128,initial,-7.6728515625,-6.326285362243652
129,initial,-9.237356185913086,-7.6225152015686035
130,initial,-7.273756504058838,-5.853952884674072
131,initial,-6.724559783935547,-6.329124927520752
132,initial,-6.97091817855835,-6.131204128265381
133,initial,-9.239385604858398,-7.473573207855225
134,initial,-9.237356185913086,-7.6225152015686035
135,initial,-7.368147373199463,-6.057837963104248
136,initial,-6.956876754760742,-5.939528465270996
137,initial,-7.368147373199463,-6.057837963104248
138,initial,-9.34963321685791,-7.533052921295166
139,initial,-7.415930271148682,-6.433612823486328
140,initial,-6.672818183898926,-6.0874342918396
141,initial,-7.399960994720459,-6.889613628387451
142,initial,-7.574909687042236,-6.564553737640381
143,initial,-6.1780595779418945,-5.318856716156006
144,initial,-8.25258731842041,-7.5698041915893555
145,initial,-7.028487205505371,-5.938670635223389
146,initial,-8.288191795349121,-7.285309791564941
147,initial,-8.246979713439941,-7.472474098205566
148,initial,-7.728970527648926,-6.76405143737793
149,initial,-7.493567943572998,-6.570425987243652
150,initial,-7.881858825683594,-6.810186386108398
151,initial,-7.788147926330566,-7.307712554931641
152,initial,-8.087827682495117,-7.316436767578125
153,initial,-7.860310077667236,-7.429404258728027
154,initial,-6.672818183898926,-6.0874342918396
155,initial,-8.288191795349121,-7.285309791564941
156,initial,-8.175996780395508,-7.618866920471191
157,initial,-8.107916831970215,-7.5055251121521
158,initial,-7.05259895324707,-6.206656455993652
159,initial,-8.288191795349121,-7.285309791564941
160,initial,-8.947652816772461,-7.852735996246338
161,initial,-8.822837829589844,-6.859309673309326
162,initial,-8.352301597595215,-7.648309230804443
163,initial,-9.54013729095459,-8.27100658416748
164,initial,-9.528233528137207,-8.473886489868164
165,initial,-7.108191013336182,-6.025928974151611
166,initial,-8.720937728881836,-7.224184513092041
167,initial,-9.54013729095459,-8.27100658416748
168,initial,-8.433695793151855,-7.357304573059082
169,initial,-8.133490562438965,-7.176235675811768
170,initial,-9.743386268615723,-7.537271976470947
171,initial,-9.033864974975586,-7.134998321533203
172,initial,-7.652298450469971,-6.669638156890869
173,initial,-9.543182373046875,-8.768507957458496
174,initial,-8.919876098632812,-8.181995391845703
175,initial,-8.507248878479004,-7.292380332946777
176,initial,-9.70860767364502,-8.18259334564209
177,initial,-7.68104362487793,-6.575493335723877
178,initial,-7.865366458892822,-6.596186637878418
179,initial,-8.705381393432617,-7.072960376739502
180,initial,-6.8534626960754395,-6.265323162078857
181,initial,-6.194474697113037,-5.219844818115234
182,initial,-6.21976375579834,-5.773756504058838
183,initial,-6.795141696929932,-6.28909969329834
184,initial,-6.595193862915039,-5.719809532165527
185,initial,-7.087316513061523,-6.563605785369873
186,initial,-6.745718479156494,-6.269484519958496
187,initial,-8.624485969543457,-7.675118446350098
188,initial,-6.217379570007324,-5.58560848236084
189,initial,-7.2313361167907715,-6.666684627532959
190,initial,-7.581818580627441,-6.402035236358643
191,initial,-6.8534626960754395,-6.265323162078857
192,initial,-6.8204665184021,-6.418054103851318
193,initial,-7.19080924987793,-6.704676628112793
194,initial,-6.524707794189453,-6.006085395812988
195,initial,-7.4223785400390625,-6.840370178222656
196,initial,-7.422291278839111,-6.748635768890381
197,initial,-7.847506523132324,-6.3067522048950195
198,initial,-7.8877997398376465,-7.489540100097656
199,initial,-6.594631671905518,-6.076634407043457
200,initial,-6.524452209472656,-5.376805305480957
201,initial,-7.523124694824219,-6.412858009338379
202,initial,-7.7943878173828125,-6.6893486976623535
203,initial,-7.514484882354736,-6.080064296722412
204,initial,-7.514484882354736,-6.080064296722412
205,initial,-7.254331111907959,-5.976476192474365
206,initial,-8.835309028625488,-8.000600814819336
207,initial,-8.744475364685059,-7.802666664123535
208,initial,-7.514484882354736,-6.080064296722412
209,initial,-7.254331111907959,-5.976476192474365
210,initial,-8.055135726928711,-7.065896511077881
211,initial,-7.745005130767822,-6.517112731933594
212,initial,-7.745005130767822,-6.517112731933594
213,initial,-7.973907470703125,-6.92412805557251
214,initial,-8.055135726928711,-7.065896511077881
215,initial,-8.349595069885254,-7.275524616241455
216,initial,-8.234785079956055,-7.043979167938232
217,initial,-9.135313987731934,-7.569072246551514
218,initial,-6.973237037658691,-5.785467624664307
219,initial,-7.189260005950928,-5.738571643829346
220,initial,-6.740501880645752,-6.820716857910156
221,initial,-6.862473011016846,-6.967190742492676
222,initial,-6.743386745452881,-6.877320289611816
223,initial,-6.942424297332764,-7.263889312744141
224,initial,-7.801525592803955,-7.077536582946777
225,initial,-7.763257026672363,-7.419079303741455
226,initial,-6.935367584228516,-6.948574542999268
227,initial,-6.974424362182617,-6.548405647277832
228,initial,-7.609062671661377,-7.322031497955322
229,initial,-7.763257026672363,-7.419079303741455
230,initial,-7.756143093109131,-7.162376880645752
231,initial,-6.498818874359131,-6.06427001953125
232,initial,-7.709967613220215,-6.951124668121338
233,initial,-8.530695915222168,-7.689174652099609
234,initial,-8.469618797302246,-7.652099609375
235,initial,-7.477446556091309,-6.908092975616455
236,initial,-6.383403778076172,-6.261204719543457
237,initial,-6.815959453582764,-6.410933017730713
238,initial,-8.679373741149902,-7.6453351974487305
239,initial,-7.24177360534668,-7.2724785804748535
240,initial,-6.439821720123291,-6.627605438232422
241,initial,-7.334312915802002,-7.012085437774658
242,initial,-7.8681464195251465,-7.602631568908691
243,initial,-7.065110683441162,-7.034331798553467
244,initial,-7.623621940612793,-7.425829887390137
245,initial,-8.117629051208496,-7.770810604095459
246,initial,-6.877703666687012,-7.131891250610352
247,initial,-7.994606018066406,-7.401835918426514
248,initial,-8.162931442260742,-7.8631272315979
249,initial,-7.869141578674316,-7.665942668914795
250,initial,-7.721890449523926,-7.391611099243164
251,initial,-6.615072727203369,-6.697367191314697
252,initial,-6.536657810211182,-6.584903240203857
253,initial,-7.148881912231445,-7.339366436004639
254,initial,-6.59731388092041,-6.594427108764648
255,initial,-7.372469902038574,-7.301548480987549
256,initial,-8.348282814025879,-7.9244890213012695
257,initial,-8.523584365844727,-8.10645866394043
258,initial,-6.547058582305908,-6.790153503417969
259,initial,-5.797715187072754,-5.847081184387207
260,initial,-6.526188373565674,-6.611403465270996
261,initial,-6.430842876434326,-6.590606689453125
262,initial,-6.181102752685547,-6.088137626647949
263,initial,-6.969228744506836,-6.940472602844238
264,initial,-7.042934894561768,-6.710577487945557
265,initial,-6.87497091293335,-6.850454330444336
266,initial,-6.356039524078369,-6.369269847869873
267,initial,-6.2450456619262695,-6.274648666381836
268,initial,-6.503572940826416,-6.462241172790527
269,initial,-6.735177993774414,-6.872467994689941
270,initial,-6.961480617523193,-6.722323894500732
271,initial,-5.8194379806518555,-6.192562580108643
272,initial,-5.9671525955200195,-6.037135601043701
273,initial,-6.430518627166748,-6.182664394378662
274,initial,-7.237813472747803,-6.9505462646484375
275,initial,-5.494361877441406,-5.7394118309021
276,initial,-6.399699687957764,-6.444647312164307
277,initial,-6.1985673904418945,-6.317216873168945
278,initial,-6.7423095703125,-6.687219619750977
279,initial,-6.902476787567139,-6.568594932556152
280,initial,-8.523172378540039,-8.4213228225708
281,initial,-7.969947814941406,-8.050535202026367
282,initial,-7.970646858215332,-7.415031909942627
283,initial,-7.704763412475586,-7.512831687927246
284,initial,-7.102536201477051,-6.750853538513184
285,initial,-6.8043622970581055,-6.882963180541992
286,initial,-8.348546981811523,-8.161840438842773
287,initial,-8.158329963684082,-7.688599586486816
288,initial,-7.987320423126221,-7.911434650421143
289,initial,-6.936846733093262,-6.828862190246582
290,initial,-7.952700614929199,-8.04334831237793
291,initial,-8.377314567565918,-8.146559715270996
292,initial,-7.84175968170166,-7.551536560058594
293,initial,-8.279154777526855,-8.044469833374023
294,initial,-6.4703497886657715,-6.403657913208008
295,initial,-7.519735336303711,-7.523134708404541
296,initial,-7.392327785491943,-7.247729778289795
297,initial,-8.644327163696289,-8.448371887207031
298,initial,-7.3759660720825195,-7.137576580047607
299,initial,-8.084532737731934,-8.090287208557129
300,initial,-6.945271968841553,-6.531393527984619
301,initial,-7.1961822509765625,-7.086429119110107
302,initial,-6.144346714019775,-6.187438488006592
303,initial,-7.1216139793396,-6.759983062744141
304,initial,-6.277162075042725,-6.073888301849365
305,initial,-7.011674880981445,-6.985574245452881
306,initial,-8.09495735168457,-7.808779716491699
307,initial,-6.324514865875244,-6.149909496307373
308,initial,-6.541292667388916,-6.269969463348389
309,initial,-6.0443525314331055,-5.979158401489258
310,initial,-7.48046350479126,-7.401331901550293
311,initial,-7.024404048919678,-6.776257038116455
312,initial,-6.849245071411133,-6.611192226409912
313,initial,-6.492071628570557,-6.2664666175842285
314,initial,-6.464091777801514,-6.290500640869141
315,initial,-6.1732025146484375,-6.17087459564209
316,initial,-5.573489665985107,-5.565145015716553
317,initial,-7.086651802062988,-7.010807037353516
318,initial,-6.064466953277588,-6.0837578773498535
319,initial,-7.063169479370117,-7.049399375915527
320,initial,-5.893624782562256,-5.440709590911865
321,initial,-7.0536956787109375,-6.6299943923950195
322,initial,-6.723067283630371,-6.7050957679748535
323,initial,-7.1105451583862305,-6.722133636474609
324,initial,-7.516971111297607,-7.327092170715332
325,initial,-6.647044658660889,-6.53005838394165
326,initial,-7.213192939758301,-6.976894378662109
327,initial,-7.930957317352295,-7.3747382164001465
328,initial,-5.9819817543029785,-5.742129802703857
329,initial,-7.5410990715026855,-7.393037796020508
330,initial,-6.661303997039795,-6.407993316650391
331,initial,-7.396726608276367,-7.132091999053955
332,initial,-7.513184070587158,-6.831662178039551
333,initial,-6.508868217468262,-6.416468620300293
334,initial,-6.134340763092041,-6.171210289001465
335,initial,-6.29734992980957,-6.241335868835449
336,initial,-7.426118850708008,-7.2897138595581055
337,initial,-6.788832664489746,-6.6436543464660645
338,initial,-5.642637252807617,-5.406911849975586
339,initial,-7.322486877441406,-6.66615629196167
340,initial,-6.794854640960693,-6.539175510406494
341,initial,-10.284224510192871,-9.286080360412598
342,initial,-10.01117992401123,-8.756403923034668
343,initial,-9.9799222946167,-8.792256355285645
344,initial,-7.981918811798096,-7.969067573547363
345,initial,-7.515771865844727,-7.277716636657715
346,initial,-9.616781234741211,-8.192818641662598
347,initial,-7.551409721374512,-7.518432140350342
348,initial,-9.718805313110352,-8.316551208496094
349,initial,-8.136455535888672,-7.8618974685668945
350,initial,-8.05041790008545,-8.448492050170898
351,initial,-10.417381286621094,-9.228497505187988
352,initial,-8.146540641784668,-7.441547393798828
353,initial,-9.606512069702148,-8.510433197021484
354,initial,-7.268089771270752,-7.038303852081299
355,initial,-8.399474143981934,-8.282920837402344
356,initial,-9.989168167114258,-9.43886947631836
357,initial,-10.331075668334961,-9.543686866760254
358,initial,-8.591784477233887,-7.755944728851318
359,initial,-8.323208808898926,-7.338623046875
360,initial,-8.0128173828125,-7.8710713386535645
361,initial,-9.46772575378418,-8.639336585998535
362,initial,-7.245461940765381,-7.313365936279297
363,initial,-7.202113628387451,-7.791735649108887
364,initial,-7.184454441070557,-7.382120132446289
365,initial,-7.165217399597168,-7.146442890167236
366,initial,-7.823860168457031,-8.233451843261719
367,initial,-8.674267768859863,-8.064488410949707
368,initial,-9.243853569030762,-8.554776191711426
369,initial,-9.822891235351562,-9.493324279785156
370,initial,-8.115803718566895,-7.775399684906006
371,initial,-9.79669189453125,-9.514155387878418
372,initial,-9.559118270874023,-8.504633903503418
373,initial,-9.988022804260254,-9.581305503845215
374,initial,-8.012945175170898,-8.47019100189209
375,initial,-6.793206214904785,-6.780787944793701
376,initial,-7.699398994445801,-8.139697074890137
377,initial,-9.46772575378418,-8.639336585998535
378,initial,-7.202113628387451,-7.791735649108887
379,initial,-7.6817779541015625,-7.938201904296875
380,initial,-7.103394985198975,-7.506312847137451
381,initial,-7.887662410736084,-7.819897651672363
382,initial,-6.880239486694336,-6.989597320556641
383,initial,-8.116250991821289,-8.160544395446777
384,initial,-6.528493404388428,-6.368046283721924
385,initial,-7.616633892059326,-7.837672710418701
386,initial,-7.115859508514404,-7.4484333992004395
387,initial,-8.312207221984863,-7.981679916381836
388,initial,-7.492519855499268,-7.420833110809326
389,initial,-7.491177558898926,-7.111687660217285
390,initial,-7.203639507293701,-7.588296890258789
391,initial,-7.9239091873168945,-7.192219257354736
392,initial,-7.328582763671875,-7.289717674255371
393,initial,-8.522981643676758,-8.266510009765625
394,initial,-7.262376308441162,-7.255615234375
395,initial,-8.285685539245605,-8.350354194641113
396,initial,-7.564879894256592,-7.845677852630615
397,initial,-6.937389850616455,-6.509561538696289
398,initial,-7.130472183227539,-7.354426860809326
399,initial,-6.966664791107178,-7.096426963806152
400,initial,-8.362809181213379,-7.935811519622803
401,initial,-9.376005172729492,-8.411656379699707
402,initial,-9.317944526672363,-9.646031379699707
403,initial,-7.70814847946167,-7.610875129699707
404,initial,-9.324872970581055,-7.656003952026367
405,initial,-9.285713195800781,-7.744113445281982
406,initial,-8.542195320129395,-7.904515266418457
407,initial,-8.027033805847168,-8.154051780700684
408,initial,-8.351370811462402,-7.844440937042236
409,initial,-8.403690338134766,-7.744641304016113
410,initial,-7.836854934692383,-7.403079509735107
411,initial,-8.914918899536133,-8.423861503601074
412,initial,-8.946649551391602,-8.844539642333984
413,initial,-8.562701225280762,-7.79616641998291
414,initial,-9.07507038116455,-8.565489768981934
415,initial,-9.823358535766602,-8.875941276550293
416,initial,-9.505517959594727,-9.122179985046387
417,initial,-9.682718276977539,-9.017843246459961
418,initial,-8.13620662689209,-7.711737155914307
419,initial,-7.708148002624512,-7.610875129699707
420,initial,-7.784466743469238,-7.527897357940674
421,initial,-6.68604850769043,-6.450165748596191
422,initial,-6.853631019592285,-6.568426132202148
423,initial,-6.948187828063965,-6.806678771972656
424,initial,-6.516915798187256,-6.506079196929932
425,initial,-7.936855792999268,-7.677242755889893
426,initial,-7.922962665557861,-7.80620002746582
427,initial,-8.405153274536133,-8.356193542480469
428,initial,-7.779016494750977,-7.529592514038086
429,initial,-6.041173458099365,-6.210931777954102
430,initial,-9.723264694213867,-9.141613006591797
431,initial,-6.89754056930542,-6.860762596130371
432,initial,-6.862076759338379,-6.967936992645264
433,initial,-8.28019905090332,-7.6599202156066895
434,initial,-7.575739860534668,-7.316934585571289
435,initial,-6.69005012512207,-6.369051456451416
436,initial,-6.409312725067139,-6.191415786743164
437,initial,-6.626109600067139,-6.275078773498535
438,initial,-6.816700458526611,-6.552328109741211
439,initial,-6.85592794418335,-6.8386454582214355
440,initial,-7.921894073486328,-7.159724235534668
441,initial,-6.104333877563477,-6.097795009613037
442,initial,-7.839141845703125,-7.487452983856201
443,initial,-7.234471321105957,-6.786452293395996
444,initial,-7.576929569244385,-6.934821605682373
445,initial,-7.97185754776001,-7.470860004425049
446,initial,-8.570026397705078,-8.204964637756348
447,initial,-8.381518363952637,-7.719868183135986
448,initial,-7.45310115814209,-6.977262020111084
449,initial,-6.744404315948486,-6.383889675140381
450,initial,-8.099380493164062,-7.362874507904053
451,initial,-7.435057640075684,-6.9037041664123535
452,initial,-8.232159614562988,-7.414488315582275
453,initial,-7.292427062988281,-6.620660781860352
454,initial,-6.74920129776001,-6.396433353424072
455,initial,-7.399488925933838,-6.791144371032715
456,initial,-7.467141628265381,-7.043698310852051
457,initial,-7.120527267456055,-6.624613285064697
458,initial,-7.701047897338867,-7.1875901222229
459,initial,-7.682648181915283,-7.019102573394775
460,initial,-8.576875686645508,-7.744876384735107
461,initial,-5.763881206512451,-5.919715404510498
462,initial,-5.635663032531738,-5.853231430053711
463,initial,-7.169100284576416,-6.960886478424072
464,initial,-7.028160095214844,-6.674353122711182
465,initial,-6.778757095336914,-6.549790859222412
466,initial,-6.318024158477783,-6.145662307739258
467,initial,-6.353824615478516,-6.337332248687744
468,initial,-6.737549304962158,-6.763444900512695
469,initial,-6.789631366729736,-6.6614179611206055
470,initial,-6.386763095855713,-6.716383457183838
471,initial,-8.827900886535645,-8.148506164550781
472,initial,-6.87254524230957,-6.720123291015625
473,initial,-7.138607501983643,-6.74972677230835
474,initial,-6.6103692054748535,-6.524436950683594
475,initial,-6.3493757247924805,-6.721015930175781
476,initial,-5.516937732696533,-5.898943901062012
477,initial,-6.8901567459106445,-6.596424102783203
478,initial,-6.251158237457275,-6.411402225494385
479,initial,-6.06253719329834,-6.224069118499756
480,initial,-5.686746120452881,-5.684433937072754
481,initial,-6.657220840454102,-6.457115173339844
482,initial,-6.750949382781982,-6.876400947570801
483,initial,-5.684567451477051,-5.713505744934082
484,initial,-5.522455215454102,-5.876463413238525
485,initial,-6.223599910736084,-6.154446601867676
486,initial,-6.223599910736084,-6.154446601867676
487,initial,-6.734574317932129,-6.538567543029785
488,initial,-5.586400032043457,-5.664064407348633
489,initial,-7.252928733825684,-7.160617351531982
490,initial,-7.394472599029541,-7.027676582336426
491,initial,-8.459192276000977,-7.862010955810547
492,initial,-6.223599910736084,-6.154446601867676
493,initial,-5.593676567077637,-5.615111351013184
494,initial,-6.116544246673584,-6.179101467132568
495,initial,-7.233578205108643,-7.2059454917907715
496,initial,-5.666569232940674,-5.717844009399414
497,initial,-6.0788750648498535,-6.289361953735352
498,initial,-5.593676567077637,-5.615111351013184
499,initial,-7.155514240264893,-7.052000522613525
500,initial,-5.995039463043213,-6.3674492835998535
501,initial,-5.982296943664551,-5.899688720703125
502,initial,-6.231418132781982,-6.1154022216796875
503,initial,-7.4631476402282715,-7.410574913024902
504,initial,-6.353021144866943,-5.893177509307861
505,initial,-6.329962730407715,-6.034357070922852
506,initial,-6.373898506164551,-6.794668674468994
507,initial,-7.432132244110107,-7.47851037979126
508,initial,-6.382231712341309,-6.2965898513793945
509,initial,-6.473129749298096,-6.027797222137451
510,initial,-7.783525466918945,-7.6158013343811035
511,initial,-7.25577974319458,-7.195932865142822
512,initial,-6.668872833251953,-6.5890069007873535
513,initial,-6.759895324707031,-6.672706127166748
514,initial,-6.521206378936768,-6.63883638381958
515,initial,-7.059052467346191,-6.891345977783203
516,initial,-6.882654666900635,-6.482856750488281
517,initial,-5.64036226272583,-5.673745632171631
518,initial,-6.71104097366333,-6.849062442779541
519,initial,-7.549938678741455,-7.485146999359131
520,initial,-7.6714911460876465,-6.982100486755371
521,initial,-7.648646831512451,-7.370767593383789
522,initial,-7.852911949157715,-7.370221138000488
523,initial,-7.133391380310059,-6.896409511566162
524,initial,-6.825827121734619,-6.345635890960693
525,initial,-7.455052852630615,-7.354434013366699
526,initial,-5.9076032638549805,-5.929794788360596
527,initial,-5.95449686050415,-6.317097187042236
528,initial,-8.31949520111084,-7.929059028625488
529,initial,-7.449404716491699,-7.2002105712890625
530,initial,-6.871301651000977,-6.445021629333496
531,initial,-8.157096862792969,-8.118704795837402
532,initial,-8.836487770080566,-8.170831680297852
533,initial,-7.090079307556152,-6.718867301940918
534,initial,-8.220239639282227,-7.781111717224121
535,initial,-6.4089226722717285,-6.257325649261475
536,initial,-6.750860214233398,-6.724593639373779
537,initial,-8.157096862792969,-8.118704795837402
538,initial,-6.0633015632629395,-6.152833938598633
539,initial,-6.556333065032959,-6.427517890930176
540,initial,-5.473391056060791,-5.642390727996826
541,initial,-5.802032947540283,-5.665553092956543
542,initial,-6.00990629196167,-5.989997386932373
543,initial,-5.51155424118042,-5.722938537597656
544,initial,-5.7024054527282715,-5.673444747924805
545,initial,-5.774990081787109,-5.808689594268799
546,initial,-5.9981160163879395,-5.933964252471924
547,initial,-6.398088455200195,-6.459104061126709
548,initial,-5.639685153961182,-5.502101421356201
549,initial,-6.254910469055176,-5.836677074432373
550,initial,-6.091755390167236,-6.020507335662842
551,initial,-6.714996337890625,-6.61077880859375
552,initial,-5.762594223022461,-6.093307971954346
553,initial,-7.213601112365723,-6.882810592651367
554,initial,-6.692733287811279,-6.781103134155273
555,initial,-7.015824794769287,-6.781484603881836
556,initial,-5.539547920227051,-5.770104885101318
557,initial,-6.04805326461792,-5.994434833526611
558,initial,-5.85479211807251,-5.6161088943481445
559,initial,-5.813160419464111,-6.1315202713012695
560,initial,-7.383139610290527,-7.210031032562256
561,initial,-6.54594612121582,-6.316637992858887
562,initial,-7.330021858215332,-7.251802444458008
563,initial,-5.887621879577637,-5.925175189971924
564,initial,-7.357144832611084,-7.106007099151611
565,initial,-5.394291400909424,-5.400716304779053
566,initial,-6.771729946136475,-6.6852288246154785
567,initial,-6.834991455078125,-6.426008701324463
568,initial,-6.357601642608643,-6.766265869140625
569,initial,-6.553606986999512,-6.523229122161865
570,initial,-6.7396135330200195,-6.728000640869141
571,initial,-6.600473880767822,-6.224147319793701
572,initial,-6.876897811889648,-6.613741874694824
573,initial,-7.567441940307617,-7.325806617736816
574,initial,-5.6691155433654785,-5.60264253616333
575,initial,-5.856892108917236,-5.593814849853516
576,initial,-6.073225021362305,-5.742325305938721
577,initial,-5.192172527313232,-5.171309947967529
578,initial,-5.822892665863037,-5.8165364265441895
579,initial,-5.851409912109375,-5.441900730133057
580,initial,-6.848504066467285,-6.8608245849609375
581,initial,-8.021806716918945,-7.386164665222168
582,initial,-7.007107734680176,-6.565136909484863
583,initial,-8.702675819396973,-7.458352088928223
584,initial,-7.29066276550293,-6.935451030731201
585,initial,-6.382931709289551,-6.291036605834961
586,initial,-6.30537748336792,-6.1612372398376465
587,initial,-7.9855265617370605,-7.30856466293335
588,initial,-7.5000762939453125,-7.135308265686035
589,initial,-7.789870738983154,-6.924985408782959
590,initial,-8.1426420211792,-7.2946953773498535
591,initial,-8.075810432434082,-7.169204235076904
592,initial,-8.070226669311523,-7.24901819229126
593,initial,-6.934158802032471,-6.6025919914245605
594,initial,-6.060215473175049,-5.874433517456055
595,initial,-8.091048240661621,-6.976147651672363
596,initial,-6.240688323974609,-6.124752998352051
597,initial,-7.5542778968811035,-7.19093656539917
598,initial,-8.222448348999023,-7.089272975921631
599,initial,-7.246558666229248,-6.545379638671875
600,initial,-7.129664897918701,-6.87650728225708
601,initial,-8.633206367492676,-7.874516487121582
602,initial,-8.770076751708984,-8.059423446655273
603,initial,-8.058405876159668,-7.4311394691467285
604,initial,-7.129664897918701,-6.87650728225708
605,initial,-7.10967493057251,-6.909211158752441
606,initial,-8.054069519042969,-7.410500526428223
607,initial,-7.53204870223999,-7.038451194763184
608,initial,-7.899542331695557,-7.375155925750732
609,initial,-8.002781867980957,-7.488263130187988
610,initial,-6.909261226654053,-6.689211368560791
611,initial,-8.770076751708984,-8.059422492980957
612,initial,-6.689198017120361,-6.544384956359863
613,initial,-7.3530707359313965,-6.860057353973389
614,initial,-6.555295944213867,-6.515103340148926
615,initial,-7.06430196762085,-6.7221360206604
616,initial,-6.605414867401123,-6.465000152587891
617,initial,-7.801726818084717,-7.3280253410339355
618,initial,-6.84112024307251,-6.714120864868164
619,initial,-8.151148796081543,-7.400207996368408
620,initial,-7.025826454162598,-6.6681084632873535
621,initial,-7.391879081726074,-7.038102626800537
622,initial,-7.9474358558654785,-7.984496116638184
623,initial,-6.4737420082092285,-6.393287181854248
624,initial,-6.729874610900879,-6.502329349517822
625,initial,-7.355533123016357,-6.970256805419922
626,initial,-7.435893535614014,-7.1333489418029785
627,initial,-6.150444984436035,-6.252038478851318
628,initial,-6.5149946212768555,-6.084504127502441
629,initial,-7.754664897918701,-7.4800591468811035
630,initial,-7.3026227951049805,-7.18302583694458
631,initial,-7.272261142730713,-6.9927077293396
632,initial,-6.287154197692871,-6.320427894592285
633,initial,-5.878562927246094,-5.801832675933838
634,initial,-7.321846961975098,-6.7327141761779785
635,initial,-5.7801737785339355,-5.662924766540527
636,initial,-7.216081619262695,-6.745338439941406
637,initial,-6.176148414611816,-5.9729180335998535
638,initial,-7.095964431762695,-6.758257865905762
639,initial,-6.220849990844727,-6.108520030975342
640,initial,-7.792816162109375,-7.070162773132324
641,initial,-7.651813983917236,-7.4889302253723145
642,initial,-7.183992862701416,-6.705695152282715
643,initial,-7.7938456535339355,-7.075318813323975
644,initial,-8.04521656036377,-7.222521781921387
645,initial,-8.07622241973877,-7.518961429595947
646,initial,-8.674443244934082,-8.430453300476074
647,initial,-7.5212721824646,-6.691860198974609
648,initial,-8.641953468322754,-8.276966094970703
649,initial,-8.279858589172363,-7.922794818878174
650,initial,-7.726802349090576,-7.207426071166992
651,initial,-7.25368070602417,-6.5543084144592285
652,initial,-7.3346052169799805,-6.705905437469482
653,initial,-8.029746055603027,-7.2512407302856445
654,initial,-7.668848514556885,-6.944498538970947
655,initial,-8.255805015563965,-8.262458801269531
656,initial,-8.721205711364746,-7.991047382354736
657,initial,-8.487174034118652,-7.860058307647705
658,initial,-8.392083168029785,-7.945011615753174
659,initial,-8.26241397857666,-7.331026554107666
660,initial,-7.210806369781494,-6.946561813354492
661,initial,-5.786001682281494,-5.410895347595215
662,initial,-8.064396858215332,-7.529609680175781
663,initial,-6.881555557250977,-6.907361030578613
664,initial,-5.7153000831604,-5.992680072784424
665,initial,-6.243452548980713,-6.148524761199951
666,initial,-5.937569618225098,-5.939451217651367
667,initial,-7.028871536254883,-6.526993274688721
668,initial,-5.708166122436523,-5.589827060699463
669,initial,-5.459038734436035,-5.530656814575195
670,initial,-7.207279205322266,-7.100487232208252
671,initial,-6.100647926330566,-6.229348659515381
672,initial,-6.909435272216797,-6.780536651611328
673,initial,-5.9824628829956055,-5.906243801116943
674,initial,-7.207279205322266,-7.100487232208252
675,initial,-6.651308536529541,-6.77719259262085
676,initial,-8.432154655456543,-7.7997002601623535
677,initial,-6.3455986976623535,-6.186650276184082
678,initial,-6.829139709472656,-6.625667095184326
679,initial,-7.152124881744385,-6.861035346984863
680,initial,-6.364806652069092,-6.168692588806152
681,initial,-6.909931182861328,-6.3552069664001465
682,initial,-6.278841972351074,-6.267354965209961
683,initial,-7.765560626983643,-6.922231674194336
684,initial,-7.329291820526123,-6.814859867095947
685,initial,-6.483300685882568,-5.814099311828613
686,initial,-7.217133522033691,-6.6461181640625
687,initial,-6.015144348144531,-5.885298252105713
688,initial,-6.906768798828125,-6.383294105529785
689,initial,-7.931252956390381,-7.185967445373535
690,initial,-6.284754276275635,-5.9518303871154785
691,initial,-6.44957160949707,-6.020741939544678
692,initial,-6.764247894287109,-6.540668487548828
693,initial,-6.758215427398682,-6.046228885650635
694,initial,-6.579672813415527,-6.735616207122803
695,initial,-7.036812782287598,-6.928409099578857
696,initial,-7.599274635314941,-7.210190773010254
697,initial,-6.368362903594971,-6.15731954574585
698,initial,-6.773463249206543,-6.478153705596924
699,initial,-6.109678268432617,-5.686420917510986
0,final,-5.723471641540527,-4.866052150726318
1,final,-5.152741432189941,-4.444726467132568
2,final,-4.3610029220581055,-3.799781322479248
3,final,-7.305875301361084,-6.339895725250244
4,final,-5.776813507080078,-4.899665355682373
5,final,-5.341540336608887,-4.699163436889648
6,final,-6.167904853820801,-5.242530822753906
7,final,-5.448432922363281,-4.694177150726318
8,final,-4.391116619110107,-3.539053201675415
9,final,-4.3610029220581055,-3.799781322479248
10,final,-6.421255588531494,-5.594921588897705
11,final,-4.408665180206299,-3.756510019302368
12,final,-5.005137920379639,-4.3779802322387695
13,final,-6.5616254806518555,-5.599549770355225
14,final,-4.391116619110107,-3.539053201675415
15,final,-6.194376468658447,-5.379703998565674
16,final,-5.178959369659424,-4.354384899139404
17,final,-5.4462666511535645,-4.488840103149414
18,final,-7.140681266784668,-6.156010150909424
19,final,-5.874274253845215,-5.015199661254883
20,final,-4.230473041534424,-3.6453702449798584
21,final,-5.3510565757751465,-4.719376564025879
22,final,-6.1208319664001465,-5.280127048492432
23,final,-4.933244705200195,-4.136284828186035
24,final,-6.45663595199585,-5.434632778167725
25,final,-4.933244705200195,-4.136284828186035
26,final,-7.244826316833496,-6.219374179840088
27,final,-6.040007591247559,-5.181215763092041
28,final,-5.00459098815918,-4.5667948722839355
29,final,-7.246813774108887,-5.847655773162842
30,final,-4.7722015380859375,-3.989145517349243
31,final,-5.4237470626831055,-4.621192932128906
32,final,-6.120830535888672,-5.280127048492432
33,final,-5.423748016357422,-4.621192455291748
34,final,-5.153575897216797,-4.490278720855713
35,final,-6.000971794128418,-4.903658866882324
36,final,-5.00459098815918,-4.566794395446777
37,final,-5.423748016357422,-4.621192455291748
38,final,-4.311996936798096,-3.854358434677124
39,final,-4.4208197593688965,-3.9612691402435303
40,final,-4.761179447174072,-3.855882406234741
41,final,-5.185678005218506,-4.438179969787598
42,final,-5.5097761154174805,-4.999900817871094
43,final,-6.845303058624268,-5.786687850952148
44,final,-5.15641450881958,-4.374146938323975
45,final,-5.060118675231934,-4.559355735778809
46,final,-5.171523571014404,-4.28645133972168
47,final,-5.825699806213379,-5.077325344085693
48,final,-6.528480529785156,-5.243952751159668
49,final,-5.2278265953063965,-4.640832424163818
50,final,-6.159018516540527,-5.354712009429932
51,final,-6.717275142669678,-5.818002700805664
52,final,-5.8027849197387695,-4.996527194976807
53,final,-5.926031589508057,-5.301806926727295
54,final,-6.265868663787842,-5.646211624145508
55,final,-5.3126397132873535,-4.29445219039917
56,final,-4.94310998916626,-4.228899002075195
57,final,-4.740443229675293,-4.080563545227051
58,final,-5.502344608306885,-4.624304294586182
59,final,-5.508694648742676,-4.528540134429932
60,final,-5.557285308837891,-5.177712440490723
61,final,-6.981219291687012,-5.784989833831787
62,final,-6.552425384521484,-5.907993316650391
63,final,-6.8318190574646,-5.897514343261719
64,final,-5.856618404388428,-4.811607360839844
65,final,-4.58704948425293,-3.644059419631958
66,final,-5.723232746124268,-4.406662464141846
67,final,-6.833430290222168,-6.054313659667969
68,final,-6.066917419433594,-5.411484241485596
69,final,-6.16760778427124,-5.46348237991333
70,final,-6.379202365875244,-6.029384136199951
71,final,-7.120444297790527,-6.179026126861572
72,final,-5.944891452789307,-5.130662441253662
73,final,-5.159876823425293,-4.516569137573242
74,final,-5.332435131072998,-4.609683990478516
75,final,-6.059433937072754,-5.5414910316467285
76,final,-5.6021409034729,-4.715092182159424
77,final,-6.055314064025879,-5.723132610321045
78,final,-4.793266773223877,-4.906584739685059
79,final,-5.740045070648193,-4.781315803527832
80,final,-4.750582695007324,-4.226652145385742
81,final,-4.552745819091797,-3.8387420177459717
82,final,-5.901075839996338,-5.393001556396484
83,final,-5.648261070251465,-5.153945446014404
84,final,-5.708856582641602,-5.307978630065918
85,final,-6.6709465980529785,-6.018882751464844
86,final,-6.171938896179199,-5.173497200012207
87,final,-5.93441104888916,-5.175031661987305
88,final,-5.488877296447754,-5.049858570098877
89,final,-4.660961627960205,-4.074135780334473
90,final,-6.153497695922852,-5.226672172546387
91,final,-6.612046718597412,-6.065362453460693
92,final,-4.661903381347656,-3.9564929008483887
93,final,-5.099264144897461,-4.553522109985352
94,final,-5.1094441413879395,-4.540765762329102
95,final,-5.660367965698242,-5.1355438232421875
96,final,-5.114037990570068,-4.4902448654174805
97,final,-5.027213096618652,-4.482100009918213
98,final,-6.302956581115723,-5.607302665710449
99,final,-5.954772472381592,-4.9955949783325195
100,final,-6.762981414794922,-5.183260440826416
101,final,-5.312851905822754,-4.4634270668029785
102,final,-6.661453723907471,-4.835652828216553
103,final,-5.303868770599365,-4.197113037109375
104,final,-5.303868770599365,-4.197113037109375
105,final,-5.314784526824951,-4.257549285888672
106,final,-5.789435863494873,-5.080525875091553
107,final,-6.567404270172119,-5.282477855682373
108,final,-4.3163533210754395,-3.413573980331421
109,final,-6.993052959442139,-5.98374605178833
110,final,-6.965331554412842,-5.996912479400635
111,final,-5.449416637420654,-4.404309272766113
112,final,-7.158361911773682,-6.025478363037109
113,final,-6.889232158660889,-5.656676292419434
114,final,-5.514745235443115,-4.279361248016357
115,final,-5.543041706085205,-4.806378364562988
116,final,-7.023525714874268,-6.313962459564209
117,final,-6.280462265014648,-5.036660671234131
118,final,-5.789435863494873,-5.080525875091553
119,final,-7.679131031036377,-6.095675945281982
120,final,-4.335006237030029,-3.466754913330078
121,final,-4.337737560272217,-3.431806802749634
122,final,-5.277580738067627,-4.495485782623291
123,final,-5.796133995056152,-4.648435115814209
124,final,-4.839029788970947,-4.0100178718566895
125,final,-5.960659980773926,-4.95932149887085
126,final,-6.865090370178223,-5.8420538902282715
127,final,-6.292468070983887,-5.1099371910095215
128,final,-4.818605422973633,-3.891380786895752
129,final,-5.998757362365723,-5.4502644538879395
130,final,-5.990815162658691,-4.61637544631958
131,final,-5.9131879806518555,-4.885456562042236
132,final,-4.3356709480285645,-3.5861728191375732
133,final,-6.573463439941406,-5.533052444458008
134,final,-5.998757362365723,-5.4502644538879395
135,final,-4.842911720275879,-4.0385589599609375
136,final,-4.515731334686279,-3.8524365425109863
137,final,-4.842911720275879,-4.0385589599609375
138,final,-5.960659027099609,-4.95932149887085
139,final,-5.016209125518799,-4.187474727630615
140,final,-4.778840065002441,-4.135383129119873
141,final,-5.958943843841553,-5.51242733001709
142,final,-5.854611396789551,-5.0088210105896
143,final,-4.257697105407715,-3.41434907913208
144,final,-6.729861736297607,-5.783641338348389
145,final,-5.552725315093994,-4.8651957511901855
146,final,-6.992175579071045,-6.140124320983887
147,final,-6.474376678466797,-5.667370796203613
148,final,-5.678499221801758,-4.925329208374023
149,final,-5.495197296142578,-4.687318801879883
150,final,-5.804810047149658,-4.869932651519775
151,final,-5.733052730560303,-5.482147216796875
152,final,-6.596333980560303,-5.8497467041015625
153,final,-6.248466968536377,-5.638806343078613
154,final,-4.778840065002441,-4.135383129119873
155,final,-6.992175579071045,-6.140124320983887
156,final,-6.623984336853027,-5.752458572387695
157,final,-6.687381744384766,-5.785858631134033
158,final,-5.032772541046143,-4.208741188049316
159,final,-6.992175579071045,-6.140124320983887
160,final,-5.931907653808594,-5.271125793457031
161,final,-7.1882219314575195,-5.455899715423584
162,final,-5.731586933135986,-5.35797643661499
163,final,-7.8928327560424805,-6.554107666015625
164,final,-8.330510139465332,-6.909397602081299
165,final,-4.1455464363098145,-3.3014047145843506
166,final,-5.874531269073486,-4.554235935211182
167,final,-7.8928327560424805,-6.554107666015625
168,final,-6.235147953033447,-5.382447242736816
169,final,-5.545848369598389,-4.401217937469482
170,final,-7.5107526779174805,-5.887285232543945
171,final,-6.4503631591796875,-4.884376049041748
172,final,-5.042333126068115,-3.931055784225464
173,final,-6.566641330718994,-6.328011989593506
174,final,-5.5436859130859375,-5.439388751983643
175,final,-5.751462459564209,-4.86948823928833
176,final,-7.003376007080078,-5.561773300170898
177,final,-5.231085777282715,-4.210294246673584
178,final,-5.693830966949463,-4.47738790512085
179,final,-7.4768877029418945,-6.1018500328063965
180,final,-5.2083740234375,-4.6685967445373535
181,final,-4.404979228973389,-3.6384711265563965
182,final,-4.988598346710205,-4.450338363647461
183,final,-5.365205764770508,-4.860237121582031
184,final,-6.080423831939697,-5.261735439300537
185,final,-5.4332122802734375,-4.81777811050415
186,final,-5.727651596069336,-4.929356098175049
187,final,-6.755091190338135,-5.7077250480651855
188,final,-5.033165454864502,-4.345820903778076
189,final,-6.578863143920898,-5.866019248962402
190,final,-5.471096992492676,-4.305662155151367
191,final,-5.2083740234375,-4.6685967445373535
192,final,-6.063857555389404,-5.422631740570068
193,final,-5.609565258026123,-5.007530689239502
194,final,-5.813497066497803,-5.012145042419434
195,final,-6.256203651428223,-5.502419948577881
196,final,-7.107624530792236,-6.357536315917969
197,final,-6.719390869140625,-5.206432342529297
198,final,-6.378747463226318,-5.835822105407715
199,final,-5.78538703918457,-5.029621601104736
200,final,-4.275410175323486,-3.3888626098632812
201,final,-6.506357669830322,-4.90628719329834
202,final,-6.129446506500244,-5.165452003479004
203,final,-6.435392379760742,-4.991986274719238
204,final,-6.435392379760742,-4.991986274719238
205,final,-5.785332202911377,-4.314095973968506
206,final,-6.783746242523193,-5.9186248779296875
207,final,-7.357547760009766,-5.932047367095947
208,final,-6.435392379760742,-4.991986274719238
209,final,-5.785332202911377,-4.314095973968506
210,final,-5.995992660522461,-4.996597766876221
211,final,-6.659430027008057,-5.497451305389404
212,final,-6.659430027008057,-5.497451305389404
213,final,-6.428379535675049,-5.411264896392822
214,final,-5.995992660522461,-4.996597766876221
215,final,-6.6047444343566895,-5.326302528381348
216,final,-7.393749237060547,-5.856464862823486
217,final,-8.31686019897461,-6.585450649261475
218,final,-5.357642650604248,-3.9752349853515625
219,final,-5.3142499923706055,-4.038784980773926
220,final,-5.210206031799316,-5.247833251953125
221,final,-4.4897332191467285,-4.841446876525879
222,final,-5.575770854949951,-5.510685443878174
223,final,-5.495865345001221,-5.617136001586914
224,final,-5.394294738769531,-5.427247524261475
225,final,-5.439737319946289,-5.302879810333252
226,final,-5.124365329742432,-5.382569789886475
227,final,-4.655950546264648,-4.565548419952393
228,final,-5.337089538574219,-5.374055862426758
229,final,-5.439737319946289,-5.302879810333252
230,final,-5.717223644256592,-5.498010158538818
231,final,-4.271336555480957,-4.366530418395996
232,final,-5.405464172363281,-5.322394371032715
233,final,-5.701249599456787,-5.927238464355469
234,final,-5.974129676818848,-5.876378059387207
235,final,-5.498376369476318,-5.251913070678711
236,final,-4.394479274749756,-4.559902667999268
237,final,-4.647621154785156,-4.558265686035156
238,final,-6.77437686920166,-6.428327560424805
239,final,-5.014606475830078,-5.145470142364502
240,final,-4.29074239730835,-4.5593414306640625
241,final,-5.466564178466797,-5.3428473472595215
242,final,-5.869082927703857,-5.748249053955078
243,final,-5.410584449768066,-5.255916595458984
244,final,-6.144313335418701,-5.802829742431641
245,final,-5.92669153213501,-6.010407447814941
246,final,-4.795724391937256,-4.919340133666992
247,final,-6.759911060333252,-6.279383182525635
248,final,-6.657837867736816,-6.527907848358154
249,final,-5.908034324645996,-5.859606742858887
250,final,-6.338786602020264,-6.023064613342285
251,final,-5.422426700592041,-5.274837017059326
252,final,-5.464691162109375,-5.3837432861328125
253,final,-4.782524585723877,-4.965830326080322
254,final,-4.6384782791137695,-4.557379245758057
255,final,-5.399950981140137,-5.339735984802246
256,final,-6.136253833770752,-6.066472053527832
257,final,-6.170477867126465,-6.008487701416016
258,final,-4.550711154937744,-4.612594127655029
259,final,-3.627103805541992,-3.741466999053955
260,final,-5.216416358947754,-5.016178607940674
261,final,-4.79477071762085,-4.85260534286499
262,final,-4.8021345138549805,-4.713001251220703
263,final,-5.345124244689941,-5.301011085510254
264,final,-5.528059005737305,-5.541787147521973
265,final,-5.143254280090332,-5.082099437713623
266,final,-4.564549446105957,-4.525206089019775
267,final,-4.3692216873168945,-4.143672943115234
268,final,-4.920234680175781,-4.9310383796691895
269,final,-5.4040446281433105,-5.434491157531738
270,final,-5.361245632171631,-5.224103927612305
271,final,-4.355526924133301,-4.464981555938721
272,final,-4.5682525634765625,-4.297794818878174
273,final,-4.522237300872803,-4.242666721343994
274,final,-5.831636428833008,-5.835784912109375
275,final,-3.7225067615509033,-3.8155767917633057
276,final,-4.745938301086426,-4.692650318145752
277,final,-4.2030839920043945,-4.413636684417725
278,final,-5.069079399108887,-5.152337551116943
279,final,-5.148168563842773,-5.145628929138184
280,final,-6.2507147789001465,-6.464774131774902
281,final,-5.102817058563232,-5.560181617736816
282,final,-6.510517597198486,-6.061269760131836
283,final,-6.110522270202637,-5.655191421508789
284,final,-4.548316478729248,-4.495088577270508
285,final,-4.835386753082275,-4.827907085418701
286,final,-5.794737815856934,-6.083168983459473
287,final,-6.333828449249268,-6.106382846832275
288,final,-6.437113285064697,-6.586892604827881
289,final,-4.90478515625,-4.761004447937012
290,final,-5.289388179779053,-6.2475056648254395
291,final,-5.757282257080078,-6.182129859924316
292,final,-5.9148712158203125,-5.834325790405273
293,final,-5.978958606719971,-6.350199222564697
294,final,-3.7177863121032715,-4.007905960083008
295,final,-4.855894088745117,-5.503582954406738
296,final,-6.038769245147705,-6.093382835388184
297,final,-6.476283073425293,-6.771938323974609
298,final,-5.4626593589782715,-5.666715145111084
299,final,-5.620625019073486,-6.6402201652526855
300,final,-5.8081512451171875,-5.280035018920898
301,final,-5.913060665130615,-5.5226850509643555
302,final,-5.317116737365723,-5.103052139282227
303,final,-6.0421953201293945,-5.513784885406494
304,final,-5.944788932800293,-5.631750106811523
305,final,-6.206100940704346,-6.104151248931885
306,final,-6.906723976135254,-6.426110744476318
307,final,-5.573085308074951,-5.340456485748291
308,final,-4.672964096069336,-4.115097522735596
309,final,-4.732248783111572,-4.500097274780273
310,final,-6.453829288482666,-5.867616176605225
311,final,-6.021207332611084,-5.812872886657715
312,final,-5.956426620483398,-5.532341003417969
313,final,-5.750891208648682,-5.468664169311523
314,final,-5.169127941131592,-4.986636638641357
315,final,-5.0797247886657715,-4.84177303314209
316,final,-4.424269199371338,-4.202494144439697
317,final,-6.2527079582214355,-6.19232702255249
318,final,-4.912894248962402,-4.779980182647705
319,final,-6.45474100112915,-6.1440019607543945
320,final,-4.180683612823486,-3.7159676551818848
321,final,-5.944354057312012,-5.248437881469727
322,final,-5.99128532409668,-5.4269700050354
323,final,-5.540371894836426,-5.005908489227295
324,final,-6.137689113616943,-5.710909366607666
325,final,-5.398012638092041,-4.976733207702637
326,final,-5.900306701660156,-5.758844375610352
327,final,-6.853132247924805,-5.976803302764893
328,final,-4.480135440826416,-4.194567680358887
329,final,-5.763078689575195,-5.541226387023926
330,final,-5.114095211029053,-4.591439723968506
331,final,-6.303959846496582,-5.603200912475586
332,final,-6.047613620758057,-5.388979434967041
333,final,-5.110548973083496,-4.66253137588501
334,final,-4.456212520599365,-4.079013347625732
335,final,-4.998672962188721,-4.699602127075195
336,final,-5.745426654815674,-5.153170585632324
337,final,-6.195303916931152,-5.582906246185303
338,final,-4.107094764709473,-3.8074169158935547
339,final,-5.737748146057129,-4.951292514801025
340,final,-3.8636744022369385,-4.109066009521484
341,final,-7.226773738861084,-7.206117630004883
342,final,-6.245373249053955,-6.249969482421875
343,final,-6.969616889953613,-6.5389084815979
344,final,-4.69970178604126,-5.140064239501953
345,final,-4.857961654663086,-5.0442609786987305
346,final,-4.7438249588012695,-4.9549560546875
347,final,-4.8875508308410645,-4.478956699371338
348,final,-6.010915279388428,-5.947475433349609
349,final,-4.658320903778076,-5.018957614898682
350,final,-6.6671037673950195,-6.353477954864502
351,final,-7.851921081542969,-7.159933090209961
352,final,-5.7007575035095215,-5.81702184677124
353,final,-6.616002559661865,-6.024343013763428
354,final,-4.20311975479126,-4.3298726081848145
355,final,-6.075382232666016,-5.785473346710205
356,final,-7.4839301109313965,-6.935302734375
357,final,-7.568305969238281,-7.199141979217529
358,final,-5.854622840881348,-5.836405277252197
359,final,-5.879457950592041,-5.546367168426514
360,final,-5.08673620223999,-5.0071306228637695
361,final,-5.775191783905029,-5.5814032554626465
362,final,-4.099457263946533,-4.1095404624938965
363,final,-4.376340389251709,-4.669216156005859
364,final,-4.113095760345459,-4.134542942047119
365,final,-5.088292121887207,-4.966316223144531
366,final,-6.156497001647949,-5.864874362945557
367,final,-5.8642754554748535,-5.738805294036865
368,final,-6.726722717285156,-6.648529052734375
369,final,-6.819342136383057,-6.537145137786865
370,final,-6.4150214195251465,-5.92870569229126
371,final,-8.024913787841797,-7.3834919929504395
372,final,-6.303231239318848,-5.959930419921875
373,final,-7.545286655426025,-6.866405487060547
374,final,-5.284080505371094,-5.453550338745117
375,final,-4.077988624572754,-4.5051984786987305
376,final,-5.064324378967285,-5.000191688537598
377,final,-5.775191783905029,-5.5814032554626465
378,final,-4.376340389251709,-4.669216156005859
379,final,-5.420587539672852,-5.487583637237549
380,final,-4.9515204429626465,-5.065037250518799
381,final,-6.291220664978027,-5.883710861206055
382,final,-5.085208892822266,-5.120126247406006
383,final,-6.012383460998535,-5.941869735717773
384,final,-4.6813507080078125,-4.853060722351074
385,final,-5.478546619415283,-5.275094985961914
386,final,-5.597866058349609,-5.534928798675537
387,final,-6.644038677215576,-6.18465518951416
388,final,-5.616905689239502,-5.617053031921387
389,final,-5.188865661621094,-4.5422515869140625
390,final,-4.8846869468688965,-5.149346351623535
391,final,-6.055962562561035,-5.7315168380737305
392,final,-5.862893104553223,-5.491616249084473
393,final,-6.82351016998291,-6.46796989440918
394,final,-5.656294345855713,-5.051214218139648
395,final,-6.294426918029785,-6.194272041320801
396,final,-5.559549808502197,-5.543122291564941
397,final,-4.998088359832764,-4.584080696105957
398,final,-5.336295127868652,-5.022152423858643
399,final,-5.158256530761719,-5.042747497558594
400,final,-5.122274398803711,-5.3065924644470215
401,final,-6.23046875,-5.843866348266602
402,final,-7.268126010894775,-7.248735427856445
403,final,-5.300965309143066,-5.263390064239502
404,final,-6.038004398345947,-5.037229061126709
405,final,-5.929030418395996,-5.538177490234375
406,final,-5.5213623046875,-5.170758247375488
407,final,-5.550547122955322,-5.792797565460205
408,final,-6.242948532104492,-6.137667179107666
409,final,-5.861021518707275,-5.763783931732178
410,final,-4.996921539306641,-4.356372356414795
411,final,-5.816441535949707,-5.961694240570068
412,final,-5.189701557159424,-5.730442047119141
413,final,-5.130309581756592,-5.181938648223877
414,final,-5.9349751472473145,-5.6342644691467285
415,final,-5.626198768615723,-5.8609938621521
416,final,-7.048776149749756,-7.25921106338501
417,final,-6.463007926940918,-6.3383402824401855
418,final,-5.252156734466553,-4.901431083679199
419,final,-5.300965309143066,-5.263390064239502
420,final,-5.851953506469727,-5.341694355010986
421,final,-5.329980850219727,-4.855413913726807
422,final,-5.28964376449585,-4.865854740142822
423,final,-5.86751127243042,-5.467085838317871
424,final,-5.775016784667969,-5.537508487701416
425,final,-6.522998332977295,-5.877842426300049
426,final,-6.17771053314209,-6.130001068115234
427,final,-6.264283657073975,-6.172911643981934
428,final,-6.074091911315918,-6.1547980308532715
429,final,-5.4482903480529785,-5.160030364990234
430,final,-8.0394926071167,-6.952333927154541
431,final,-6.666507244110107,-5.951102256774902
432,final,-5.687615871429443,-5.3344316482543945
433,final,-6.3429765701293945,-5.373020648956299
434,final,-6.065329551696777,-5.805675506591797
435,final,-4.860283851623535,-4.807023048400879
436,final,-5.786291122436523,-5.124423980712891
437,final,-4.674675941467285,-4.218681335449219
438,final,-5.179509162902832,-4.677285194396973
439,final,-5.724427223205566,-5.2779388427734375
440,final,-6.370358943939209,-5.13187313079834
441,final,-4.0113043785095215,-3.9239234924316406
442,final,-5.687713146209717,-5.162564754486084
443,final,-4.940094470977783,-4.358321666717529
444,final,-6.291908264160156,-4.970305442810059
445,final,-5.814224720001221,-5.684102535247803
446,final,-6.446441173553467,-5.732296943664551
447,final,-6.387670516967773,-5.716212749481201
448,final,-4.964510917663574,-4.271295547485352
449,final,-4.441866397857666,-3.8381552696228027
450,final,-6.4830241203308105,-5.444481372833252
451,final,-4.948181629180908,-4.281308174133301
452,final,-6.1126322746276855,-5.0240373611450195
453,final,-4.646759986877441,-3.9375686645507812
454,final,-4.666935443878174,-3.9607512950897217
455,final,-5.428467750549316,-5.12456750869751
456,final,-5.364013195037842,-5.109421730041504
457,final,-5.695779800415039,-4.605918884277344
458,final,-4.873279571533203,-4.303621292114258
459,final,-6.40754508972168,-5.51060152053833
460,final,-6.668978691101074,-6.2573089599609375
461,final,-4.23280668258667,-4.673553466796875
462,final,-4.32863712310791,-4.841335773468018
463,final,-5.730193138122559,-6.2726359367370605
464,final,-5.596562385559082,-5.670069694519043
465,final,-5.662010669708252,-6.044538974761963
466,final,-4.329346656799316,-4.4999823570251465
467,final,-4.4716362953186035,-4.483843803405762
468,final,-4.778351783752441,-5.1433539390563965
469,final,-5.298048973083496,-5.526801586151123
470,final,-5.600433349609375,-5.725200653076172
471,final,-6.199008941650391,-6.479732513427734
472,final,-5.609837055206299,-5.837965488433838
473,final,-6.013365745544434,-5.9338507652282715
474,final,-5.698132038116455,-6.182618618011475
475,final,-4.508914470672607,-5.028122901916504
476,final,-4.8291335105896,-5.428174018859863
477,final,-5.538426876068115,-5.755293846130371
478,final,-4.686767101287842,-4.922673225402832
479,final,-4.688922882080078,-5.203710556030273
480,final,-5.452730655670166,-5.562190532684326
481,final,-5.846222877502441,-5.802056789398193
482,final,-6.0567145347595215,-5.942026138305664
483,final,-4.298495769500732,-4.625859260559082
484,final,-3.6774682998657227,-4.116357326507568
485,final,-5.090933799743652,-5.268060684204102
486,final,-5.090933799743652,-5.268060684204102
487,final,-5.49376916885376,-5.530920028686523
488,final,-3.969613552093506,-4.442724227905273
489,final,-5.811669826507568,-5.574890613555908
490,final,-5.90468692779541,-5.464259624481201
491,final,-6.9170708656311035,-6.38001823425293
492,final,-5.090933799743652,-5.268060684204102
493,final,-4.0384135246276855,-4.384222030639648
494,final,-4.4133992195129395,-4.3895583152771
495,final,-4.920473575592041,-4.937244415283203
496,final,-4.667722702026367,-4.873579502105713
497,final,-4.379485130310059,-4.879699230194092
498,final,-4.0384135246276855,-4.384222030639648
499,final,-4.605894088745117,-4.710457801818848
500,final,-4.867873668670654,-5.2877912521362305
501,final,-4.917513847351074,-5.189842700958252
502,final,-4.367196083068848,-4.664889812469482
503,final,-6.55891752243042,-6.714623928070068
504,final,-4.913564682006836,-5.085648059844971
505,final,-4.488266468048096,-4.426261901855469
506,final,-4.772985458374023,-4.909861087799072
507,final,-5.7494354248046875,-6.110838413238525
508,final,-4.941029071807861,-5.023490905761719
509,final,-5.182227611541748,-5.258755207061768
510,final,-6.68101167678833,-6.499398708343506
511,final,-6.051264762878418,-6.309589385986328
512,final,-5.469291687011719,-5.626394271850586
513,final,-5.293384552001953,-5.253378868103027
514,final,-5.718631267547607,-6.047668933868408
515,final,-5.668833255767822,-5.526788711547852
516,final,-5.410662651062012,-5.382504463195801
517,final,-3.8936705589294434,-4.153024196624756
518,final,-5.62069845199585,-5.840439319610596
519,final,-5.907957077026367,-6.165392875671387
520,final,-5.511153221130371,-5.743175983428955
521,final,-5.338089942932129,-5.731237411499023
522,final,-5.507441520690918,-5.81782341003418
523,final,-5.511758804321289,-5.8041276931762695
524,final,-4.3133978843688965,-4.742687225341797
525,final,-6.035893440246582,-6.167614459991455
526,final,-4.00697660446167,-4.440928936004639
527,final,-4.372848033905029,-4.921255111694336
528,final,-6.518538475036621,-6.687330722808838
529,final,-4.820442199707031,-5.309988021850586
530,final,-5.003841400146484,-5.413895606994629
531,final,-6.549282550811768,-7.208867073059082
532,final,-6.537075042724609,-6.404565334320068
533,final,-4.980297088623047,-5.305063724517822
534,final,-5.696890830993652,-5.729280948638916
535,final,-4.589664459228516,-5.17283296585083
536,final,-4.702781677246094,-5.255436420440674
537,final,-6.549282550811768,-7.208867073059082
538,final,-4.398106575012207,-4.869945049285889
539,final,-5.115330696105957,-5.561638832092285
540,final,-4.858641147613525,-5.024927616119385
541,final,-4.665436267852783,-4.787087440490723
542,final,-5.698345184326172,-5.350053310394287
543,final,-4.63497257232666,-4.922644138336182
544,final,-5.005692005157471,-4.97025203704834
545,final,-4.455776691436768,-4.573249340057373
546,final,-4.89123010635376,-4.861805438995361
547,final,-5.999692916870117,-5.991312026977539
548,final,-5.131362438201904,-5.086447715759277
549,final,-5.06302547454834,-4.85607385635376
550,final,-5.378668308258057,-5.017878532409668
551,final,-5.950191974639893,-5.678769588470459
552,final,-4.566564083099365,-4.746397495269775
553,final,-5.337046146392822,-5.31658411026001
554,final,-5.586130142211914,-5.718326091766357
555,final,-5.5631632804870605,-5.446716785430908
556,final,-4.701176643371582,-4.5486297607421875
557,final,-5.56016206741333,-5.322503566741943
558,final,-5.024583339691162,-4.867318630218506
559,final,-5.37560510635376,-5.468719959259033
560,final,-6.058257102966309,-5.791446208953857
561,final,-4.663535118103027,-4.7014946937561035
562,final,-6.081315040588379,-5.8115153312683105
563,final,-4.916913032531738,-5.187422275543213
564,final,-6.159091949462891,-6.037813186645508
565,final,-4.12098503112793,-4.105653285980225
566,final,-5.397152423858643,-5.353297233581543
567,final,-4.981839179992676,-4.719655990600586
568,final,-4.971607685089111,-5.226238250732422
569,final,-5.248319625854492,-5.059823036193848
570,final,-5.5695061683654785,-5.427254676818848
571,final,-5.7536540031433105,-5.596033096313477
572,final,-5.107271671295166,-4.726361274719238
573,final,-6.05007266998291,-5.97244119644165
574,final,-4.679932594299316,-4.946744918823242
575,final,-4.8996100425720215,-4.759371757507324
576,final,-4.461360454559326,-4.239335060119629
577,final,-3.897998571395874,-3.9906880855560303
578,final,-4.567023277282715,-4.811005115509033
579,final,-4.662143230438232,-4.3672003746032715
580,final,-4.837088584899902,-5.302063941955566
581,final,-5.342987537384033,-5.156604290008545
582,final,-4.753974914550781,-4.550605773925781
583,final,-6.681845188140869,-6.101104736328125
584,final,-5.649147033691406,-5.8996477127075195
585,final,-4.226975917816162,-4.336133003234863
586,final,-4.073601722717285,-4.2877020835876465
587,final,-5.303216934204102,-5.201671600341797
588,final,-5.146499156951904,-5.376533508300781
589,final,-5.6406378746032715,-5.335267543792725
590,final,-5.808174133300781,-5.675937175750732
591,final,-5.2801995277404785,-5.5896477699279785
592,final,-5.486159801483154,-5.414987087249756
593,final,-5.057696342468262,-5.077280044555664
594,final,-3.807793140411377,-3.8810558319091797
595,final,-4.935689926147461,-5.00752592086792
596,final,-4.151885032653809,-4.386810779571533
597,final,-5.159604072570801,-5.418017864227295
598,final,-5.522404193878174,-5.205821514129639
599,final,-4.986250400543213,-5.109804630279541
600,final,-6.026638507843018,-5.85971212387085
601,final,-6.220118999481201,-5.874176502227783
602,final,-7.146575450897217,-6.600593566894531
603,final,-6.0116963386535645,-5.578914165496826
604,final,-6.026638507843018,-5.85971212387085
605,final,-4.9679341316223145,-4.886367321014404
606,final,-6.41250467300415,-5.804229736328125
607,final,-5.300594806671143,-5.303115367889404
608,final,-6.141515731811523,-5.681447505950928
609,final,-6.405618667602539,-6.005731105804443
610,final,-4.66678524017334,-4.631640434265137
611,final,-7.146575450897217,-6.600593566894531
612,final,-4.44641637802124,-4.34854793548584
613,final,-5.216216087341309,-5.040987491607666
614,final,-4.427709102630615,-4.363978385925293
615,final,-5.277533054351807,-5.288936138153076
616,final,-4.555987358093262,-4.692418575286865
617,final,-5.334431171417236,-5.194322109222412
618,final,-4.594061851501465,-4.624090194702148
619,final,-6.390185832977295,-6.154162883758545
620,final,-5.425810813903809,-5.699014663696289
621,final,-5.611526966094971,-5.403027057647705
622,final,-7.081488609313965,-7.393184185028076
623,final,-4.198701858520508,-4.472081184387207
624,final,-5.158038139343262,-5.181936264038086
625,final,-5.590230941772461,-5.57782506942749
626,final,-6.098452568054199,-6.252721309661865
627,final,-4.728444576263428,-4.4377121925354
628,final,-4.770896911621094,-4.541553974151611
629,final,-5.826450347900391,-6.087457656860352
630,final,-5.751852035522461,-5.631814956665039
631,final,-5.866102695465088,-5.735617637634277
632,final,-4.73820161819458,-4.633598327636719
633,final,-3.9786605834960938,-4.271165370941162
634,final,-5.495998382568359,-5.785463809967041
635,final,-4.056269645690918,-4.006308555603027
636,final,-5.6577467918396,-5.831820964813232
637,final,-4.535679340362549,-4.335973262786865
638,final,-6.014558792114258,-6.077288627624512
639,final,-4.228647232055664,-4.116181373596191
640,final,-6.390422344207764,-6.164673805236816
641,final,-5.234208106994629,-5.660761833190918
642,final,-4.648329734802246,-5.022245407104492
643,final,-4.7582855224609375,-5.3160834312438965
644,final,-6.285227298736572,-6.711857318878174
645,final,-5.485304832458496,-5.833836555480957
646,final,-6.3478827476501465,-6.654775142669678
647,final,-5.402414798736572,-5.255733489990234
648,final,-6.381357192993164,-6.273789882659912
649,final,-5.758052825927734,-5.730217456817627
650,final,-5.540772914886475,-6.049936771392822
651,final,-4.862025737762451,-4.660043239593506
652,final,-5.081320762634277,-5.140951156616211
653,final,-5.084629535675049,-5.07360315322876
654,final,-5.464052677154541,-5.914419651031494
655,final,-7.142970561981201,-6.929328918457031
656,final,-5.970780849456787,-6.177567481994629
657,final,-6.930952548980713,-7.053745746612549
658,final,-5.970676422119141,-5.990273952484131
659,final,-5.809928894042969,-5.580562114715576
660,final,-6.022036552429199,-5.658365249633789
661,final,-5.098677635192871,-4.576098918914795
662,final,-6.980061054229736,-6.766945838928223
663,final,-5.44400691986084,-5.491451740264893
664,final,-5.394750118255615,-5.570535659790039
665,final,-5.281589508056641,-5.196937084197998
666,final,-4.47579288482666,-4.541759014129639
667,final,-6.0107622146606445,-5.514781475067139
668,final,-5.721127033233643,-5.3924479484558105
669,final,-4.024649620056152,-4.147440433502197
670,final,-6.266691207885742,-6.236477851867676
671,final,-4.758537769317627,-4.660862445831299
672,final,-5.276880264282227,-5.304933547973633
673,final,-5.1504974365234375,-4.89831018447876
674,final,-6.266691207885742,-6.236477851867676
675,final,-5.961390495300293,-6.055902004241943
676,final,-7.163649559020996,-6.813063621520996
677,final,-5.36514139175415,-5.048523902893066
678,final,-5.731728553771973,-5.401521682739258
679,final,-6.209373950958252,-5.970884323120117
680,final,-5.487814426422119,-5.384317874908447
681,final,-5.3022894859313965,-5.153285980224609
682,final,-4.652116298675537,-4.767294406890869
683,final,-5.811661720275879,-5.359525680541992
684,final,-5.620979309082031,-4.925548553466797
685,final,-5.4720025062561035,-4.728639125823975
686,final,-5.2711639404296875,-4.791538715362549
687,final,-4.444111347198486,-4.22442626953125
688,final,-5.646854877471924,-5.489206314086914
689,final,-6.387093544006348,-5.858129501342773
690,final,-5.079273223876953,-4.53987455368042
691,final,-4.721003532409668,-4.403447151184082
692,final,-6.1352105140686035,-5.970350742340088
693,final,-4.977217674255371,-4.465751647949219
694,final,-5.2489705085754395,-5.059915542602539
695,final,-5.463639736175537,-5.25597620010376
696,final,-5.877577781677246,-5.549236297607422
697,final,-5.028293132781982,-4.5440826416015625
698,final,-5.411342144012451,-4.821549415588379
699,final,-4.468658447265625,-4.1420392990112305
0,best,-5.736064910888672,-4.904184818267822
1,best,-5.0393781661987305,-4.186702251434326
2,best,-4.346015930175781,-4.021517276763916
3,best,-7.107848167419434,-6.371928691864014
4,best,-5.351271629333496,-4.482170104980469
5,best,-5.020378112792969,-4.564064025878906
6,best,-6.137168884277344,-5.040430068969727
7,best,-4.899298191070557,-4.458803653717041
8,best,-4.3326263427734375,-3.621210813522339
9,best,-4.346015930175781,-4.021517276763916
10,best,-6.322264194488525,-5.676440715789795
11,best,-4.237703800201416,-3.857158899307251
12,best,-4.9938154220581055,-4.41251802444458
13,best,-6.81890869140625,-5.634174823760986
14,best,-4.3326263427734375,-3.621210813522339
15,best,-6.005935192108154,-5.4171462059021
16,best,-5.111346244812012,-4.504327297210693
17,best,-5.960117340087891,-4.732038974761963
18,best,-7.33315896987915,-6.1026787757873535
19,best,-5.399689197540283,-4.6905083656311035
20,best,-4.486024379730225,-3.589761734008789
21,best,-5.634721755981445,-5.08453369140625
22,best,-5.87534236907959,-5.250485897064209
23,best,-5.081782817840576,-4.1255598068237305
24,best,-6.6943039894104,-5.590346813201904
25,best,-5.081782817840576,-4.1255598068237305
26,best,-7.245672702789307,-6.144398212432861
27,best,-6.183706283569336,-5.136484622955322
28,best,-5.351434230804443,-4.548096656799316
29,best,-7.334356784820557,-5.9542083740234375
30,best,-4.937703609466553,-3.9486262798309326
31,best,-5.502585411071777,-4.425209045410156
32,best,-5.875340938568115,-5.250486373901367
33,best,-5.502585411071777,-4.4252095222473145
34,best,-5.1936798095703125,-4.182178497314453
35,best,-6.115932464599609,-4.812224864959717
36,best,-5.351434230804443,-4.548097133636475
37,best,-5.502585411071777,-4.4252095222473145
38,best,-4.638734340667725,-3.878178834915161
39,best,-5.053781509399414,-4.233804225921631
40,best,-4.875985145568848,-3.8170247077941895
41,best,-5.304539680480957,-4.687636375427246
42,best,-5.473369598388672,-5.117010116577148
43,best,-6.481544494628906,-5.905538558959961
44,best,-5.338248252868652,-4.587740898132324
45,best,-5.366294860839844,-4.772372245788574
46,best,-5.068239688873291,-4.1197028160095215
47,best,-6.076937198638916,-5.1480326652526855
48,best,-6.482123374938965,-5.154285430908203
49,best,-5.353509902954102,-4.701582908630371
50,best,-6.137599468231201,-5.388782978057861
51,best,-6.5352020263671875,-5.790345668792725
52,best,-6.066516876220703,-5.127323150634766
53,best,-6.121830463409424,-5.259057998657227
54,best,-6.0403361320495605,-5.778260231018066
55,best,-5.173764705657959,-4.100796699523926
56,best,-5.320201873779297,-4.404598236083984
57,best,-4.5233869552612305,-4.167492389678955
58,best,-5.272494316101074,-4.298905372619629
59,best,-5.165329933166504,-4.509212970733643
60,best,-5.499350070953369,-5.349143028259277
61,best,-6.441676139831543,-5.5379157066345215
62,best,-6.8925461769104,-5.641992092132568
63,best,-6.741480350494385,-5.755111217498779
64,best,-5.943112850189209,-4.889071464538574
65,best,-4.761348247528076,-3.7156927585601807
66,best,-5.762479782104492,-4.372837066650391
67,best,-7.165487766265869,-6.001923084259033
68,best,-6.318408012390137,-5.376028537750244
69,best,-6.101280689239502,-5.334033489227295
70,best,-6.224131107330322,-5.8085455894470215
71,best,-7.3041276931762695,-6.110157489776611
72,best,-5.779691219329834,-4.937859058380127
73,best,-5.158320426940918,-4.16672945022583
74,best,-5.375723838806152,-4.734096050262451
75,best,-6.174921989440918,-5.5847344398498535
76,best,-5.555047988891602,-4.538407325744629
77,best,-6.241637229919434,-5.693129062652588
78,best,-4.7384209632873535,-4.878242015838623
79,best,-5.868570327758789,-4.888365745544434
80,best,-4.726019382476807,-4.335643291473389
81,best,-4.5244293212890625,-3.8502986431121826
82,best,-5.3666887283325195,-4.950291633605957
83,best,-5.884557247161865,-5.096548080444336
84,best,-5.422885417938232,-5.253597736358643
85,best,-6.620044708251953,-6.144538879394531
86,best,-6.1734771728515625,-5.471578598022461
87,best,-5.653994560241699,-5.279439449310303
88,best,-5.1664228439331055,-4.905401706695557
89,best,-4.489123821258545,-4.136900901794434
90,best,-5.76946496963501,-5.054314613342285
91,best,-6.264707088470459,-5.992167949676514
92,best,-4.743524551391602,-4.166717052459717
93,best,-4.904068946838379,-4.444391250610352
94,best,-4.812946319580078,-4.500223159790039
95,best,-5.306051731109619,-5.11077880859375
96,best,-5.123712539672852,-4.427590847015381
97,best,-5.424429893493652,-4.566263675689697
98,best,-5.911337375640869,-5.564084529876709
99,best,-5.572320461273193,-5.038583755493164
100,best,-6.588644504547119,-5.275510311126709
101,best,-5.604621410369873,-4.754454612731934
102,best,-6.774574279785156,-4.882527828216553
103,best,-4.901347637176514,-4.161969184875488
104,best,-4.901347637176514,-4.161969184875488
105,best,-5.608708381652832,-4.387907981872559
106,best,-5.484010219573975,-4.8735671043396
107,best,-6.6630778312683105,-5.382604122161865
108,best,-4.334000587463379,-3.272911548614502
109,best,-7.257932186126709,-5.947199821472168
110,best,-6.793285846710205,-5.871513843536377
111,best,-5.3609938621521,-4.476783275604248
112,best,-6.892852783203125,-5.9865007400512695
113,best,-6.878431797027588,-5.563437461853027
114,best,-5.288242340087891,-4.455931663513184
115,best,-5.759436130523682,-4.830367088317871
116,best,-7.209735870361328,-6.603932857513428
117,best,-6.01386833190918,-4.679860591888428
118,best,-5.484010219573975,-4.8735671043396
119,best,-7.389972686767578,-6.0379133224487305
120,best,-4.285793304443359,-3.6446781158447266
121,best,-4.162769794464111,-3.472980499267578
122,best,-5.479673862457275,-4.6098952293396
123,best,-5.681024074554443,-4.476857662200928
124,best,-4.453281879425049,-3.6903228759765625
125,best,-5.9471821784973145,-4.785425662994385
126,best,-7.0202202796936035,-5.764760494232178
127,best,-6.308876037597656,-5.084680080413818
128,best,-4.5485358238220215,-3.9007771015167236
129,best,-5.7888898849487305,-5.292051792144775
130,best,-5.617692470550537,-4.2583842277526855
131,best,-5.39528751373291,-4.542688846588135
132,best,-4.344343662261963,-3.5878658294677734
133,best,-6.548344612121582,-5.452981472015381
134,best,-5.7888898849487305,-5.292051792144775
135,best,-4.368093490600586,-3.73774790763855
136,best,-4.818190097808838,-3.9881718158721924
137,best,-4.368093490600586,-3.73774790763855
138,best,-5.947182655334473,-4.785426616668701
139,best,-5.277584552764893,-4.29728364944458
140,best,-4.7611083984375,-4.074288845062256
141,best,-6.004707336425781,-5.362970352172852
142,best,-5.966358661651611,-4.924116134643555
143,best,-4.314976692199707,-3.3919084072113037
144,best,-6.534829616546631,-5.666043281555176
145,best,-5.368134021759033,-4.490612983703613
146,best,-6.872792720794678,-5.860300540924072
147,best,-6.207589149475098,-5.377513408660889
148,best,-5.827899932861328,-4.919239044189453
149,best,-5.691869258880615,-4.807539463043213
150,best,-5.993975639343262,-4.9944376945495605
151,best,-5.670597076416016,-5.218746185302734
152,best,-6.685187339782715,-5.707459449768066
153,best,-6.013298034667969,-5.442235469818115
154,best,-4.7611083984375,-4.074288845062256
155,best,-6.872792720794678,-5.860300540924072
156,best,-6.40082311630249,-5.568952560424805
157,best,-6.3779730796813965,-5.497967720031738
158,best,-5.11394739151001,-4.182751178741455
159,best,-6.872792720794678,-5.860300540924072
160,best,-5.920475006103516,-5.075127124786377
161,best,-6.739625453948975,-4.908932209014893
162,best,-5.7546000480651855,-5.141486167907715
163,best,-7.956953525543213,-6.512264728546143
164,best,-8.016741752624512,-6.674376010894775
165,best,-4.184835910797119,-3.498903751373291
166,best,-5.780782699584961,-4.5023393630981445
167,best,-7.956953525543213,-6.512264728546143
168,best,-6.068538665771484,-5.305079936981201
169,best,-5.467539310455322,-4.401246547698975
170,best,-7.532896518707275,-5.582273483276367
171,best,-6.064919948577881,-4.5137248039245605
172,best,-5.008018970489502,-3.9320068359375
173,best,-6.835820198059082,-6.0362725257873535
174,best,-5.739678382873535,-5.201170921325684
175,best,-5.601266384124756,-4.676329612731934
176,best,-6.918292045593262,-5.228331089019775
177,best,-5.277071475982666,-4.4362874031066895
178,best,-5.73863410949707,-4.401904106140137
179,best,-6.756649017333984,-5.460758209228516
180,best,-5.325526237487793,-4.786376476287842
181,best,-4.354077339172363,-3.623845338821411
182,best,-4.994344234466553,-4.5036091804504395
183,best,-4.927344799041748,-4.683870315551758
184,best,-5.7086615562438965,-5.005258560180664
185,best,-5.3670148849487305,-4.716404914855957
186,best,-5.606784343719482,-4.901943206787109
187,best,-6.5424580574035645,-5.617607116699219
188,best,-4.531313896179199,-4.142398834228516
189,best,-6.251049518585205,-5.6721062660217285
190,best,-5.592743396759033,-4.386904239654541
191,best,-5.325526237487793,-4.786376476287842
192,best,-5.647820472717285,-5.233944892883301
193,best,-5.787339210510254,-5.202998638153076
194,best,-5.80074405670166,-5.075108051300049
195,best,-5.964296340942383,-5.322807788848877
196,best,-6.644669532775879,-6.058859348297119
197,best,-6.478952884674072,-5.109623908996582
198,best,-5.992663860321045,-5.639862060546875
199,best,-5.479654312133789,-4.888272285461426
200,best,-4.264576435089111,-3.2704696655273438
201,best,-6.372064113616943,-5.031209945678711
202,best,-6.058004379272461,-5.067137718200684
203,best,-6.176558017730713,-4.703668117523193
204,best,-6.176558017730713,-4.703668117523193
205,best,-5.571605205535889,-4.349526882171631
206,best,-6.719081878662109,-5.752865314483643
207,best,-6.858066082000732,-5.677008628845215
208,best,-6.176558017730713,-4.703668117523193
209,best,-5.571605205535889,-4.349526882171631
210,best,-5.8695807456970215,-4.833428382873535
211,best,-6.479463577270508,-5.165673732757568
212,best,-6.479463577270508,-5.165673732757568
213,best,-6.462332248687744,-5.335143089294434
214,best,-5.8695807456970215,-4.833428382873535
215,best,-6.209865570068359,-5.055755615234375
216,best,-7.230041027069092,-5.807956695556641
217,best,-7.870819568634033,-6.315450191497803
218,best,-5.2334723472595215,-3.9526028633117676
219,best,-4.967030048370361,-3.726378917694092
220,best,-5.004435062408447,-5.100183486938477
221,best,-4.33078670501709,-4.764470100402832
222,best,-5.09030294418335,-5.142314434051514
223,best,-4.986913204193115,-5.299114227294922
224,best,-5.255547523498535,-5.133261680603027
225,best,-5.648495674133301,-5.423417568206787
226,best,-5.220673084259033,-5.344085216522217
227,best,-4.674689292907715,-4.532989025115967
228,best,-5.48911190032959,-5.472506999969482
229,best,-5.648495674133301,-5.423417568206787
230,best,-5.542912006378174,-5.209847450256348
231,best,-4.201478004455566,-4.30143928527832
232,best,-5.4091644287109375,-5.403874397277832
233,best,-5.525258541107178,-5.720019340515137
234,best,-5.825679302215576,-5.728393077850342
235,best,-5.62578821182251,-5.336711883544922
236,best,-4.3725762367248535,-4.325963973999023
237,best,-4.558453559875488,-4.436902046203613
238,best,-6.601198673248291,-6.264950752258301
239,best,-5.316166877746582,-5.314985275268555
240,best,-4.361631393432617,-4.5171380043029785
241,best,-5.3083038330078125,-5.070897102355957
242,best,-5.659985065460205,-5.662301540374756
243,best,-5.3962931632995605,-5.335458755493164
244,best,-5.950408458709717,-5.8447794914245605
245,best,-5.794950008392334,-5.79359245300293
246,best,-5.006894111633301,-5.292667865753174
247,best,-6.467094421386719,-6.076854228973389
248,best,-6.474770545959473,-6.4051384925842285
249,best,-5.9153733253479,-5.922890663146973
250,best,-6.120334148406982,-5.892746448516846
251,best,-5.067655086517334,-5.144198894500732
252,best,-5.218924045562744,-5.131836891174316
253,best,-5.08535623550415,-5.2260260581970215
254,best,-4.840625286102295,-4.723498344421387
255,best,-5.546106338500977,-5.592878341674805
256,best,-5.98239278793335,-5.961420059204102
257,best,-6.032539367675781,-5.876168727874756
258,best,-4.854221343994141,-4.902246475219727
259,best,-3.7371132373809814,-3.8206629753112793
260,best,-4.996462821960449,-4.900618553161621
261,best,-4.707094192504883,-4.819069862365723
262,best,-4.765535354614258,-4.771363735198975
263,best,-5.177628040313721,-5.1768083572387695
264,best,-5.239774703979492,-5.217137336730957
265,best,-5.17399263381958,-5.226718425750732
266,best,-4.796862602233887,-4.733280658721924
267,best,-4.2385687828063965,-4.161766529083252
268,best,-4.866832733154297,-4.957242488861084
269,best,-5.249992370605469,-5.292062282562256
270,best,-5.414915561676025,-5.171125411987305
271,best,-4.14756965637207,-4.2616496086120605
272,best,-4.515425205230713,-4.360995769500732
273,best,-4.439943790435791,-4.285626411437988
274,best,-5.6867475509643555,-5.5235185623168945
275,best,-3.7766311168670654,-3.842949628829956
276,best,-4.504270076751709,-4.472389221191406
277,best,-4.146172523498535,-4.36994743347168
278,best,-5.066296100616455,-5.155060291290283
279,best,-4.8076910972595215,-4.831503391265869
280,best,-6.232756614685059,-6.277942657470703
281,best,-5.1049909591674805,-5.431824207305908
282,best,-6.4243083000183105,-6.0001220703125
283,best,-5.987484455108643,-5.737710952758789
284,best,-4.5381951332092285,-4.4570207595825195
285,best,-4.926441192626953,-4.7364020347595215
286,best,-5.823985576629639,-5.865145683288574
287,best,-6.1516499519348145,-5.9562811851501465
288,best,-6.057901859283447,-6.175306797027588
289,best,-4.967761516571045,-4.668473720550537
290,best,-5.361597537994385,-6.048455238342285
291,best,-5.893961429595947,-6.014067649841309
292,best,-5.96822452545166,-5.828238010406494
293,best,-6.045411109924316,-6.089628219604492
294,best,-3.9029364585876465,-4.1242828369140625
295,best,-5.071885108947754,-5.500682353973389
296,best,-5.771091938018799,-5.811767578125
297,best,-6.46648645401001,-6.541281223297119
298,best,-5.568638324737549,-5.554544925689697
299,best,-5.616908550262451,-6.260530471801758
300,best,-5.544651508331299,-5.096080303192139
301,best,-5.9214019775390625,-5.603923320770264
302,best,-4.977378845214844,-4.882355690002441
303,best,-5.848742961883545,-5.467925548553467
304,best,-5.6489410400390625,-5.371963977813721
305,best,-5.7260637283325195,-5.854321002960205
306,best,-6.656681537628174,-6.1262712478637695
307,best,-5.319900035858154,-5.1505608558654785
308,best,-4.7948102951049805,-4.243040084838867
309,best,-4.517786979675293,-4.4030070304870605
310,best,-6.445717811584473,-5.931291580200195
311,best,-5.785251617431641,-5.701730251312256
312,best,-5.676642894744873,-5.4276556968688965
313,best,-5.537405967712402,-5.210625171661377
314,best,-5.25154972076416,-5.17071008682251
315,best,-5.089269638061523,-4.838207721710205
316,best,-4.551578998565674,-4.39650821685791
317,best,-6.009133815765381,-5.953456878662109
318,best,-4.970923900604248,-4.83229398727417
319,best,-6.051033973693848,-5.920083045959473
320,best,-4.216550827026367,-3.7947630882263184
321,best,-5.6426239013671875,-5.1421895027160645
322,best,-5.8484721183776855,-5.390921592712402
323,best,-5.2407073974609375,-4.680194854736328
324,best,-6.07655143737793,-5.70271110534668
325,best,-5.433456897735596,-5.127083778381348
326,best,-5.757051944732666,-5.719396591186523
327,best,-6.523780822753906,-5.827446937561035
328,best,-4.314124584197998,-4.071211814880371
329,best,-5.640608310699463,-5.4824934005737305
330,best,-5.02172327041626,-4.659376621246338
331,best,-5.985684394836426,-5.461626052856445
332,best,-5.794825553894043,-5.179819107055664
333,best,-5.175198078155518,-4.87506628036499
334,best,-4.478729248046875,-4.20182991027832
335,best,-4.843945503234863,-4.588986396789551
336,best,-5.975008487701416,-5.316298961639404
337,best,-5.8861870765686035,-5.37568473815918
338,best,-4.138551235198975,-3.8032302856445312
339,best,-5.607907295227051,-4.904300212860107
340,best,-4.00725793838501,-4.201369285583496
341,best,-7.150628566741943,-7.277320384979248
342,best,-5.952240943908691,-6.1222686767578125
343,best,-6.926097869873047,-6.406475067138672
344,best,-5.0874223709106445,-5.299130439758301
345,best,-4.762999057769775,-4.808204650878906
346,best,-4.829220294952393,-5.395016193389893
347,best,-4.8228583335876465,-4.742097854614258
348,best,-5.585165977478027,-5.86956787109375
349,best,-4.551661014556885,-5.057161808013916
350,best,-6.323138236999512,-6.25811767578125
351,best,-7.692774772644043,-7.22166633605957
352,best,-5.694060802459717,-5.5897321701049805
353,best,-6.3939313888549805,-5.570117950439453
354,best,-4.116657257080078,-4.077236652374268
355,best,-6.36357307434082,-5.978423118591309
356,best,-7.255303859710693,-6.765780925750732
357,best,-7.5444440841674805,-7.334169864654541
358,best,-5.688901901245117,-5.639638423919678
359,best,-5.635555267333984,-5.509274005889893
360,best,-5.052510738372803,-5.095752239227295
361,best,-5.945638656616211,-5.405447483062744
362,best,-4.35661506652832,-4.176806926727295
363,best,-4.584065914154053,-4.962074279785156
364,best,-4.143763542175293,-4.1094970703125
365,best,-5.158200740814209,-4.968377590179443
366,best,-5.812254428863525,-5.932430744171143
367,best,-5.675077438354492,-5.503148555755615
368,best,-6.914032936096191,-6.7060112953186035
369,best,-6.85724401473999,-6.77924108505249
370,best,-6.10360050201416,-5.7487664222717285
371,best,-7.888014793395996,-7.535810470581055
372,best,-6.172234535217285,-6.015074253082275
373,best,-7.316397666931152,-6.911441802978516
374,best,-5.2876081466674805,-5.504890441894531
375,best,-4.608307361602783,-4.677812576293945
376,best,-4.857602596282959,-5.069633960723877
377,best,-5.945638656616211,-5.405447483062744
378,best,-4.584065914154053,-4.962074279785156
379,best,-5.7429022789001465,-5.8078389167785645
380,best,-4.848399639129639,-5.188906192779541
381,best,-6.25488805770874,-5.743080139160156
382,best,-4.8457183837890625,-5.050912857055664
383,best,-5.917144775390625,-6.001676559448242
384,best,-4.594083786010742,-4.772694110870361
385,best,-5.177046775817871,-5.349647521972656
386,best,-5.550150394439697,-5.4841203689575195
387,best,-6.467722415924072,-6.2092790603637695
388,best,-5.803743362426758,-5.7708024978637695
389,best,-4.858769416809082,-4.402073860168457
390,best,-4.580313205718994,-5.160830974578857
391,best,-6.053891181945801,-5.650966167449951
392,best,-5.717745304107666,-5.5523762702941895
393,best,-6.618714809417725,-6.516519546508789
394,best,-5.345059394836426,-5.1548686027526855
395,best,-6.103172779083252,-6.201208591461182
396,best,-5.314334869384766,-5.397674560546875
397,best,-4.887805461883545,-4.620588302612305
398,best,-5.124027252197266,-5.044676303863525
399,best,-5.049466133117676,-5.0025763511657715
400,best,-5.386554718017578,-5.285181999206543
401,best,-6.8341264724731445,-5.8460693359375
402,best,-7.282605171203613,-7.351721286773682
403,best,-5.305729389190674,-5.128195762634277
404,best,-6.179953098297119,-5.056661605834961
405,best,-5.928593635559082,-5.197657108306885
406,best,-5.996065616607666,-5.3884711265563965
407,best,-5.548655033111572,-5.460164546966553
408,best,-6.175197124481201,-5.933382511138916
409,best,-6.0549750328063965,-5.8483381271362305
410,best,-4.833658218383789,-4.171452522277832
411,best,-6.024129390716553,-5.966339588165283
412,best,-4.9239115715026855,-5.862867832183838
413,best,-5.271410942077637,-5.057665824890137
414,best,-5.956007480621338,-5.537726402282715
415,best,-6.217953205108643,-5.847056865692139
416,best,-6.65238094329834,-6.95383882522583
417,best,-6.344799995422363,-6.315549373626709
418,best,-5.364595413208008,-5.022824287414551
419,best,-5.305729866027832,-5.128195762634277
420,best,-5.773519992828369,-5.405457019805908
421,best,-4.917441368103027,-4.773148536682129
422,best,-5.457312107086182,-5.084751129150391
423,best,-5.956230163574219,-5.54414176940918
424,best,-5.48394775390625,-5.414572238922119
425,best,-6.2711873054504395,-5.955155849456787
426,best,-6.3923821449279785,-6.165284156799316
427,best,-6.175086975097656,-6.297670841217041
428,best,-6.027158260345459,-5.965106010437012
429,best,-5.057042121887207,-5.020608901977539
430,best,-7.820017337799072,-7.0452351570129395
431,best,-6.236473560333252,-5.9451799392700195
432,best,-5.683322429656982,-5.42793607711792
433,best,-6.2567243576049805,-5.5255255699157715
434,best,-5.812787055969238,-5.599516868591309
435,best,-4.780266284942627,-4.752476215362549
436,best,-5.551172256469727,-5.138506889343262
437,best,-4.579076766967773,-4.079128265380859
438,best,-4.944077491760254,-4.740622520446777
439,best,-5.445711135864258,-5.26168966293335
440,best,-6.04235315322876,-4.92883825302124
441,best,-4.072477340698242,-4.024396896362305
442,best,-5.1850361824035645,-4.986820220947266
443,best,-5.156921863555908,-4.399667739868164
444,best,-5.613775253295898,-4.712135314941406
445,best,-5.827541828155518,-5.635586261749268
446,best,-6.177801132202148,-5.846341133117676
447,best,-6.259939193725586,-5.666606903076172
448,best,-4.932381629943848,-4.168498516082764
449,best,-4.4832234382629395,-3.938671350479126
450,best,-6.3689422607421875,-5.620499610900879
451,best,-5.281609058380127,-4.693650245666504
452,best,-6.021095275878906,-5.151370048522949
453,best,-4.648678302764893,-3.842733383178711
454,best,-4.732375144958496,-4.096626281738281
455,best,-5.428080081939697,-5.071991443634033
456,best,-5.570244789123535,-5.232360363006592
457,best,-5.253427505493164,-4.526216983795166
458,best,-4.9944376945495605,-4.5585761070251465
459,best,-5.989552974700928,-5.444823741912842
460,best,-6.492332935333252,-6.054894924163818
461,best,-4.330355167388916,-4.716569423675537
462,best,-4.25701379776001,-4.834786891937256
463,best,-5.4306111335754395,-5.902328968048096
464,best,-5.284528732299805,-5.360123157501221
465,best,-5.657662868499756,-5.894665241241455
466,best,-4.398845672607422,-4.70323371887207
467,best,-4.240822792053223,-4.423923969268799
468,best,-4.378115653991699,-5.089567184448242
469,best,-5.17944860458374,-5.3582072257995605
470,best,-5.171377658843994,-5.343196868896484
471,best,-6.087094306945801,-6.3163347244262695
472,best,-5.45106315612793,-5.516043186187744
473,best,-5.771566390991211,-5.735479831695557
474,best,-5.710882186889648,-5.85986328125
475,best,-4.337715148925781,-4.932252883911133
476,best,-4.493681907653809,-5.122336387634277
477,best,-5.399204254150391,-5.793907165527344
478,best,-4.814888000488281,-5.022662162780762
479,best,-4.658166408538818,-5.056573867797852
480,best,-5.223901748657227,-5.2216010093688965
481,best,-5.772618770599365,-5.612156867980957
482,best,-5.69356107711792,-5.5882673263549805
483,best,-4.466372966766357,-4.639777183532715
484,best,-3.6990127563476562,-4.0759453773498535
485,best,-5.194378852844238,-5.245430946350098
486,best,-5.194378852844238,-5.245430946350098
487,best,-5.3340163230896,-5.192423343658447
488,best,-4.300778388977051,-4.477968692779541
489,best,-5.657349586486816,-5.451513290405273
490,best,-5.867888450622559,-5.6259636878967285
491,best,-6.565865993499756,-6.158306121826172
492,best,-5.194378852844238,-5.245430946350098
493,best,-4.312742710113525,-4.440968036651611
494,best,-4.363242149353027,-4.4076948165893555
495,best,-5.12815523147583,-5.024776935577393
496,best,-4.40655517578125,-4.456026554107666
497,best,-4.5330023765563965,-4.948629379272461
498,best,-4.312742710113525,-4.440968036651611
499,best,-4.8720598220825195,-4.93733549118042
500,best,-4.787749290466309,-5.341160774230957
501,best,-4.8289642333984375,-5.00659704208374
502,best,-4.324936389923096,-4.618603706359863
503,best,-6.294970989227295,-6.287522315979004
504,best,-4.906265735626221,-5.089882850646973
505,best,-4.350518226623535,-4.451409816741943
506,best,-4.740839004516602,-5.005387306213379
507,best,-5.588277816772461,-5.874500751495361
508,best,-4.743955612182617,-4.760043144226074
509,best,-5.068108081817627,-5.188461780548096
510,best,-6.614839553833008,-6.307256698608398
511,best,-5.90656852722168,-5.960444450378418
512,best,-5.496429443359375,-5.70284366607666
513,best,-5.214354991912842,-5.383852005004883
514,best,-5.3807477951049805,-5.803804397583008
515,best,-5.537298202514648,-5.416041374206543
516,best,-5.3712310791015625,-5.400444507598877
517,best,-3.964296579360962,-4.175390720367432
518,best,-5.437920093536377,-5.6743927001953125
519,best,-5.762552738189697,-5.8847527503967285
520,best,-5.24408483505249,-5.457812309265137
521,best,-5.224501609802246,-5.3749918937683105
522,best,-5.356654167175293,-5.243939399719238
523,best,-5.407710552215576,-5.520318508148193
524,best,-4.1751298904418945,-4.281197547912598
525,best,-5.964526653289795,-5.966440200805664
526,best,-4.263071060180664,-4.583589553833008
527,best,-4.581886291503906,-4.90195894241333
528,best,-6.421150207519531,-6.315561294555664
529,best,-4.921990871429443,-5.290067195892334
530,best,-5.011718273162842,-5.34218692779541
531,best,-6.37498140335083,-6.792841911315918
532,best,-6.341886043548584,-5.9576096534729
533,best,-4.854798793792725,-5.327206134796143
534,best,-5.825861930847168,-5.722517967224121
535,best,-4.816080093383789,-5.08470344543457
536,best,-4.589913368225098,-4.830605983734131
537,best,-6.37498140335083,-6.792841911315918
538,best,-4.5201592445373535,-4.900934219360352
539,best,-5.376153469085693,-5.456088542938232
540,best,-4.822162628173828,-4.953549385070801
541,best,-4.616372585296631,-4.7288818359375
542,best,-5.360553741455078,-5.136875152587891
543,best,-4.64638090133667,-4.845468044281006
544,best,-4.9382781982421875,-4.932344436645508
545,best,-4.716395378112793,-4.756775856018066
546,best,-4.912127494812012,-4.800288200378418
547,best,-5.693176746368408,-5.716399669647217
548,best,-4.808263778686523,-4.78501558303833
549,best,-5.099769115447998,-4.8701958656311035
550,best,-5.24510383605957,-5.134023666381836
551,best,-5.590525150299072,-5.541922092437744
552,best,-4.7573561668396,-5.11568546295166
553,best,-5.5697503089904785,-5.506412982940674
554,best,-5.394786357879639,-5.457252502441406
555,best,-5.480978965759277,-5.439097881317139
556,best,-4.441037654876709,-4.48942232131958
557,best,-5.226327419281006,-5.028453350067139
558,best,-4.616704940795898,-4.527862071990967
559,best,-5.183061122894287,-5.426749229431152
560,best,-5.775380611419678,-5.5245585441589355
561,best,-4.602693557739258,-4.718507289886475
562,best,-6.1289520263671875,-5.9525628089904785
563,best,-4.961078643798828,-5.238352298736572
564,best,-5.900372505187988,-5.751219749450684
565,best,-4.12030029296875,-4.180673122406006
566,best,-5.13458776473999,-5.130205154418945
567,best,-5.252813339233398,-4.971465110778809
568,best,-4.712797164916992,-4.913931369781494
569,best,-5.009487628936768,-5.087212085723877
570,best,-5.166251182556152,-5.001725196838379
571,best,-5.789015769958496,-5.362631320953369
572,best,-5.27301025390625,-4.924196720123291
573,best,-5.818911075592041,-5.713644981384277
574,best,-4.596599578857422,-4.723548412322998
575,best,-5.008239269256592,-4.808570384979248
576,best,-4.352924823760986,-4.204493522644043
577,best,-3.9165642261505127,-4.065978527069092
578,best,-4.496850490570068,-4.787491321563721
579,best,-4.895589828491211,-4.5161004066467285
580,best,-4.889223575592041,-5.070782661437988
581,best,-5.189755916595459,-4.919559001922607
582,best,-4.850456237792969,-4.548041343688965
583,best,-6.532561779022217,-5.873096466064453
584,best,-5.264816761016846,-5.471165180206299
585,best,-4.475142955780029,-4.450274467468262
586,best,-4.108846664428711,-4.279243469238281
587,best,-5.304494857788086,-5.1141581535339355
588,best,-5.015563488006592,-5.218806743621826
589,best,-5.717341899871826,-5.28503942489624
590,best,-5.77012825012207,-5.322171688079834
591,best,-5.057071685791016,-5.424258708953857
592,best,-5.463411808013916,-5.048194885253906
593,best,-5.083336353302002,-4.887372016906738
594,best,-3.664522409439087,-3.794694185256958
595,best,-4.773234844207764,-4.964306354522705
596,best,-4.254631996154785,-4.398153781890869
597,best,-4.654483795166016,-5.020709037780762
598,best,-5.3071980476379395,-5.001423358917236
599,best,-4.621867656707764,-4.832891941070557
600,best,-5.803101062774658,-5.5940961837768555
601,best,-6.178628444671631,-5.716064929962158
602,best,-7.137731075286865,-6.4492669105529785
603,best,-5.88624906539917,-5.564507484436035
604,best,-5.803101062774658,-5.5940961837768555
605,best,-4.755519390106201,-4.419358730316162
606,best,-6.418312072753906,-5.82061243057251
607,best,-5.437304973602295,-5.174084186553955
608,best,-6.1790771484375,-5.611232280731201
609,best,-6.314794063568115,-5.8026299476623535
610,best,-4.7773518562316895,-4.480741024017334
611,best,-7.137730121612549,-6.449265956878662
612,best,-4.5251898765563965,-4.328713417053223
613,best,-5.274073600769043,-4.770927429199219
614,best,-4.025658130645752,-3.8546154499053955
615,best,-5.023399829864502,-4.8097991943359375
616,best,-4.82334566116333,-4.851621627807617
617,best,-5.240757465362549,-4.987513065338135
618,best,-5.056900978088379,-5.006978988647461
619,best,-6.5640082359313965,-6.130312442779541
620,best,-5.12508487701416,-5.301571369171143
621,best,-5.508560657501221,-5.203803539276123
622,best,-6.788679599761963,-7.119279861450195
623,best,-4.2501420974731445,-4.524111270904541
624,best,-4.983590126037598,-5.025110721588135
625,best,-5.718533992767334,-5.62349796295166
626,best,-5.7976975440979,-5.881584167480469
627,best,-4.669073581695557,-4.445930480957031
628,best,-4.483438014984131,-4.130098342895508
629,best,-5.734335899353027,-5.859225273132324
630,best,-5.541859149932861,-5.324945449829102
631,best,-5.657332420349121,-5.54349946975708
632,best,-4.575099468231201,-4.648482322692871
633,best,-4.096578598022461,-4.156052589416504
634,best,-5.163002014160156,-5.371335983276367
635,best,-4.071258544921875,-4.057517051696777
636,best,-5.17294454574585,-5.388338088989258
637,best,-4.306898593902588,-4.133009910583496
638,best,-5.61350154876709,-5.641538143157959
639,best,-4.154182434082031,-4.088924407958984
640,best,-5.946023941040039,-5.584908962249756
641,best,-5.305177211761475,-5.459777355194092
642,best,-4.716280460357666,-4.683600425720215
643,best,-4.830120086669922,-5.120790004730225
644,best,-6.202700138092041,-6.255423069000244
645,best,-5.549033164978027,-5.6895647048950195
646,best,-6.461218357086182,-6.433973789215088
647,best,-5.217015743255615,-5.043862342834473
648,best,-6.277276992797852,-6.167178630828857
649,best,-5.622499942779541,-5.728358745574951
650,best,-5.883726596832275,-5.855060577392578
651,best,-5.1060357093811035,-4.79256534576416
652,best,-4.95210599899292,-4.935880661010742
653,best,-5.233800888061523,-4.928954124450684
654,best,-5.485647678375244,-5.513256549835205
655,best,-6.957355976104736,-6.661040306091309
656,best,-6.028812885284424,-5.886763095855713
657,best,-6.6439127922058105,-6.54592227935791
658,best,-6.144211292266846,-5.744221210479736
659,best,-5.941656589508057,-5.671908378601074
660,best,-5.982142448425293,-5.621201992034912
661,best,-4.743484973907471,-4.367424964904785
662,best,-6.697682857513428,-6.510998249053955
663,best,-5.384376049041748,-5.439638614654541
664,best,-5.034056186676025,-5.435549259185791
665,best,-5.207132816314697,-5.2306036949157715
666,best,-4.32058048248291,-4.600724697113037
667,best,-5.840169429779053,-5.304544925689697
668,best,-5.3252668380737305,-5.035841464996338
669,best,-4.096262454986572,-4.284073352813721
670,best,-5.86806058883667,-5.939731597900391
671,best,-4.520563125610352,-4.574357032775879
672,best,-4.76312780380249,-4.923702239990234
673,best,-5.138912677764893,-4.920948505401611
674,best,-5.868060111999512,-5.939731121063232
675,best,-5.869341850280762,-6.098755359649658
676,best,-6.781163215637207,-6.44179105758667
677,best,-5.104442119598389,-4.939111709594727
678,best,-5.541945457458496,-5.202519416809082
679,best,-5.918954849243164,-5.646071434020996
680,best,-5.191239356994629,-5.152369499206543
681,best,-5.062539100646973,-4.946037769317627
682,best,-4.633756637573242,-4.6356658935546875
683,best,-5.623269081115723,-5.1611552238464355
684,best,-5.304670810699463,-4.614957332611084
685,best,-5.124707221984863,-4.396437168121338
686,best,-5.062166690826416,-4.560653209686279
687,best,-4.371763229370117,-4.271768093109131
688,best,-5.420353889465332,-5.319768905639648
689,best,-6.116935729980469,-5.66090202331543
690,best,-5.219183444976807,-4.756170749664307
691,best,-4.6638689041137695,-4.280572891235352
692,best,-5.8758625984191895,-5.702689170837402
693,best,-4.617524147033691,-4.246342658996582
694,best,-5.328744888305664,-5.200437545776367
695,best,-5.104388236999512,-5.095823287963867
696,best,-5.492767333984375,-5.372069358825684
697,best,-4.7777605056762695,-4.285487174987793
698,best,-5.220284938812256,-4.7856550216674805
699,best,-4.720275402069092,-4.22587251663208
