item_id,model_state,score
0,initial,-6.472757339477539
1,initial,-8.526156425476074
2,initial,-6.706231594085693
3,initial,-7.077375888824463
4,initial,-5.738084316253662
5,initial,-8.18857479095459
6,initial,-6.136289596557617
7,initial,-7.806425094604492
8,initial,-6.3234028816223145
9,initial,-6.603403568267822
10,initial,-7.339104175567627
11,initial,-6.229048252105713
12,initial,-6.35439395904541
13,initial,-6.6068902015686035
14,initial,-6.235090732574463
15,initial,-6.483215808868408
16,initial,-7.296838760375977
17,initial,-6.229048252105713
18,initial,-7.978861331939697
19,initial,-6.706231594085693
20,initial,-7.418771266937256
21,initial,-7.383747577667236
22,initial,-7.646581649780273
23,initial,-6.88585901260376
24,initial,-6.081830978393555
25,initial,-7.383747577667236
26,initial,-7.836958408355713
27,initial,-7.260705471038818
28,initial,-6.26285982131958
29,initial,-7.836958408355713
30,initial,-6.709063529968262
31,initial,-7.852104187011719
32,initial,-6.614826202392578
33,initial,-7.868200778961182
34,initial,-8.514668464660645
35,initial,-7.149626731872559
36,initial,-6.744365215301514
37,initial,-7.279024600982666
38,initial,-6.520195007324219
39,initial,-7.058931827545166
40,initial,-7.1852593421936035
41,initial,-6.216264724731445
42,initial,-7.186272621154785
43,initial,-6.3957743644714355
44,initial,-7.044196605682373
45,initial,-8.083964347839355
46,initial,-6.609269142150879
47,initial,-6.979493141174316
48,initial,-7.778501510620117
49,initial,-7.5928473472595215
50,initial,-7.748814582824707
51,initial,-7.255263805389404
52,initial,-6.40981912612915
53,initial,-7.162956237792969
54,initial,-7.664738655090332
55,initial,-6.736518383026123
56,initial,-6.939014911651611
57,initial,-6.725016117095947
58,initial,-6.516149520874023
59,initial,-6.729196071624756
60,initial,-6.539678573608398
61,initial,-7.498464107513428
62,initial,-8.228759765625
63,initial,-8.942914962768555
64,initial,-8.244688987731934
65,initial,-7.327335357666016
66,initial,-7.696402072906494
67,initial,-6.564935684204102
68,initial,-7.5765700340271
69,initial,-6.70833683013916
70,initial,-8.2025728225708
71,initial,-6.448581695556641
72,initial,-7.281361103057861
73,initial,-7.512704849243164
74,initial,-7.739511489868164
75,initial,-8.750894546508789
76,initial,-7.578114032745361
77,initial,-6.667957782745361
78,initial,-7.515769958496094
79,initial,-6.6536359786987305
80,initial,-6.035052299499512
81,initial,-6.829581260681152
82,initial,-6.91705846786499
83,initial,-6.101339817047119
84,initial,-6.010437488555908
85,initial,-5.619309902191162
86,initial,-6.1727294921875
87,initial,-7.5587358474731445
88,initial,-8.116256713867188
89,initial,-5.782453536987305
90,initial,-6.564802169799805
91,initial,-6.339046955108643
92,initial,-6.210686683654785
93,initial,-5.833971977233887
94,initial,-6.639365196228027
95,initial,-6.833212852478027
96,initial,-7.235218048095703
97,initial,-5.15164852142334
98,initial,-6.6346964836120605
99,initial,-5.481199264526367
100,initial,-7.2908782958984375
101,initial,-5.8361077308654785
102,initial,-6.030401706695557
103,initial,-6.835488796234131
104,initial,-6.877391338348389
105,initial,-6.828979015350342
106,initial,-5.0110931396484375
107,initial,-6.647876739501953
108,initial,-6.877391338348389
109,initial,-5.1747026443481445
110,initial,-8.253049850463867
111,initial,-7.718637943267822
112,initial,-6.229007244110107
113,initial,-6.9292426109313965
114,initial,-7.347662925720215
115,initial,-6.03334379196167
116,initial,-6.757861137390137
117,initial,-6.936173439025879
118,initial,-6.482177734375
119,initial,-7.0187153816223145
120,initial,-7.234809398651123
121,initial,-8.359335899353027
122,initial,-5.557501316070557
123,initial,-6.28850793838501
124,initial,-6.670879364013672
125,initial,-5.557501316070557
126,initial,-8.39460563659668
127,initial,-6.717243671417236
128,initial,-8.175248146057129
129,initial,-6.52761697769165
130,initial,-6.681784152984619
131,initial,-6.011190891265869
132,initial,-8.091232299804688
133,initial,-7.612002849578857
134,initial,-6.3322434425354
135,initial,-7.996992588043213
136,initial,-6.787721157073975
137,initial,-8.0134859085083
138,initial,-6.605538368225098
139,initial,-7.940561771392822
140,initial,-6.98228120803833
141,initial,-6.7042155265808105
142,initial,-7.767811298370361
143,initial,-6.2093281745910645
144,initial,-8.280158042907715
145,initial,-8.104816436767578
146,initial,-6.95133113861084
147,initial,-6.988441467285156
148,initial,-7.89768648147583
149,initial,-7.129776954650879
150,initial,-6.9873223304748535
151,initial,-7.615684986114502
152,initial,-6.373833656311035
153,initial,-6.223412036895752
154,initial,-6.800198078155518
155,initial,-7.027964115142822
156,initial,-6.800198078155518
157,initial,-7.537168502807617
158,initial,-7.7341485023498535
159,initial,-6.668248176574707
160,initial,-6.826137542724609
161,initial,-7.595855712890625
162,initial,-7.458240985870361
163,initial,-8.6408109664917
164,initial,-7.965200901031494
165,initial,-7.413243293762207
166,initial,-5.993886947631836
167,initial,-7.326923370361328
168,initial,-8.435811042785645
169,initial,-6.568870544433594
170,initial,-8.647123336791992
171,initial,-7.906227111816406
172,initial,-8.687033653259277
173,initial,-8.111942291259766
174,initial,-6.946956634521484
175,initial,-7.450172424316406
176,initial,-8.122586250305176
177,initial,-8.318299293518066
178,initial,-6.534244060516357
179,initial,-8.702411651611328
180,initial,-5.259179592132568
181,initial,-6.156219482421875
182,initial,-6.075820446014404
183,initial,-5.608282566070557
184,initial,-7.411610126495361
185,initial,-6.980057716369629
186,initial,-6.4705915451049805
187,initial,-7.61149787902832
188,initial,-6.693391799926758
189,initial,-7.633005619049072
190,initial,-8.540558815002441
191,initial,-7.376345157623291
192,initial,-6.435044765472412
193,initial,-7.860426902770996
194,initial,-6.712974548339844
195,initial,-4.919537544250488
196,initial,-7.904489517211914
197,initial,-6.394990921020508
198,initial,-6.592381954193115
199,initial,-5.309866905212402
200,initial,-5.6542181968688965
201,initial,-7.166769981384277
202,initial,-5.997742652893066
203,initial,-5.673554420471191
204,initial,-4.899681091308594
205,initial,-4.899681091308594
206,initial,-5.773036956787109
207,initial,-6.327227592468262
208,initial,-7.766826152801514
209,initial,-7.137975215911865
210,initial,-7.359312534332275
211,initial,-7.468652248382568
212,initial,-7.360927104949951
213,initial,-6.67448091506958
214,initial,-5.305221080780029
215,initial,-7.094613075256348
216,initial,-6.318133354187012
217,initial,-7.430490970611572
218,initial,-6.906067848205566
219,initial,-7.882718086242676
220,initial,-6.984711647033691
221,initial,-6.768657207489014
222,initial,-7.1254963874816895
223,initial,-8.14769458770752
224,initial,-7.271778583526611
225,initial,-7.193171977996826
226,initial,-7.635867118835449
227,initial,-7.457167148590088
228,initial,-7.585088729858398
229,initial,-8.479459762573242
230,initial,-7.10089635848999
231,initial,-7.3455281257629395
232,initial,-7.377163410186768
233,initial,-7.702781677246094
234,initial,-7.282256126403809
235,initial,-7.459483623504639
236,initial,-8.313292503356934
237,initial,-7.767881870269775
238,initial,-7.58253288269043
239,initial,-6.927357196807861
240,initial,-7.050954818725586
241,initial,-8.474324226379395
242,initial,-7.357496738433838
243,initial,-7.045233249664307
244,initial,-7.633580684661865
245,initial,-7.585590839385986
246,initial,-7.996237754821777
247,initial,-7.501999855041504
248,initial,-7.56365966796875
249,initial,-7.517459392547607
250,initial,-7.638861656188965
251,initial,-7.33284854888916
252,initial,-7.282256126403809
253,initial,-6.768657207489014
254,initial,-6.768657207489014
255,initial,-8.479459762573242
256,initial,-7.197547435760498
257,initial,-6.741751670837402
258,initial,-7.536477088928223
259,initial,-7.046051979064941
260,initial,-8.198659896850586
261,initial,-7.4287872314453125
262,initial,-7.666111469268799
263,initial,-6.6339898109436035
264,initial,-6.522330284118652
265,initial,-6.336697101593018
266,initial,-7.665760040283203
267,initial,-6.756597518920898
268,initial,-6.896588325500488
269,initial,-6.757104396820068
270,initial,-7.485071182250977
271,initial,-7.3320488929748535
272,initial,-7.823981285095215
273,initial,-6.682158470153809
274,initial,-6.56422233581543
275,initial,-6.978231430053711
276,initial,-7.033353805541992
277,initial,-6.47046422958374
278,initial,-7.069858551025391
279,initial,-7.436367034912109
280,initial,-7.141590595245361
281,initial,-7.062768459320068
282,initial,-6.314786434173584
283,initial,-6.295923709869385
284,initial,-8.644582748413086
285,initial,-7.500599384307861
286,initial,-7.088865756988525
287,initial,-7.336928367614746
288,initial,-8.586647033691406
289,initial,-7.676018714904785
290,initial,-8.151066780090332
291,initial,-7.563233375549316
292,initial,-8.21971321105957
293,initial,-7.494589805603027
294,initial,-8.693822860717773
295,initial,-7.998602867126465
296,initial,-8.075751304626465
297,initial,-6.507640838623047
298,initial,-7.049942493438721
299,initial,-7.338777542114258
300,initial,-7.049942493438721
301,initial,-7.768075466156006
302,initial,-7.4858927726745605
303,initial,-6.549386978149414
304,initial,-7.180763244628906
305,initial,-7.57932710647583
306,initial,-7.317820072174072
307,initial,-6.762726783752441
308,initial,-7.844016075134277
309,initial,-8.325373649597168
310,initial,-7.998602867126465
311,initial,-8.024877548217773
312,initial,-7.883517742156982
313,initial,-8.586647033691406
314,initial,-8.432341575622559
315,initial,-6.762726783752441
316,initial,-7.136366367340088
317,initial,-8.03089714050293
318,initial,-7.271668434143066
319,initial,-8.512321472167969
320,initial,-7.092032432556152
321,initial,-8.586647033691406
322,initial,-7.468238830566406
323,initial,-7.2451300621032715
324,initial,-6.726609706878662
325,initial,-8.256013870239258
326,initial,-6.230439186096191
327,initial,-7.825015068054199
328,initial,-7.184032440185547
329,initial,-6.504026412963867
330,initial,-6.937387466430664
331,initial,-7.947654724121094
332,initial,-7.077263832092285
333,initial,-7.704776763916016
334,initial,-7.159732341766357
335,initial,-7.825752258300781
336,initial,-6.960653781890869
337,initial,-8.273860931396484
338,initial,-7.166588306427002
339,initial,-7.427443504333496
340,initial,-6.569197177886963
341,initial,-6.745274543762207
342,initial,-7.11691427230835
343,initial,-6.745274543762207
344,initial,-7.350345611572266
345,initial,-7.298953056335449
346,initial,-6.866626262664795
347,initial,-7.346769332885742
348,initial,-7.774264812469482
349,initial,-7.639989376068115
350,initial,-6.099511623382568
351,initial,-7.214353084564209
352,initial,-6.244771957397461
353,initial,-7.279215335845947
354,initial,-6.36842155456543
355,initial,-7.5276055335998535
356,initial,-6.779099464416504
357,initial,-7.60761833190918
358,initial,-7.075038433074951
359,initial,-7.043832302093506
360,initial,-6.7929253578186035
361,initial,-6.409419059753418
362,initial,-7.096766948699951
363,initial,-6.4173736572265625
364,initial,-7.364954471588135
365,initial,-6.640317440032959
366,initial,-7.3902740478515625
367,initial,-7.187772750854492
368,initial,-7.83220911026001
369,initial,-7.397152423858643
370,initial,-7.197301387786865
371,initial,-7.363271713256836
372,initial,-5.609196186065674
373,initial,-6.6960015296936035
374,initial,-7.58182430267334
375,initial,-6.980828285217285
376,initial,-7.152133464813232
377,initial,-6.5900468826293945
378,initial,-6.465595722198486
379,initial,-6.300040245056152
380,initial,-6.922556400299072
381,initial,-7.204999923706055
382,initial,-6.902318954467773
383,initial,-6.319987773895264
384,initial,-6.917881011962891
385,initial,-7.312482833862305
386,initial,-7.187772750854492
387,initial,-6.655102729797363
388,initial,-7.201498031616211
389,initial,-6.37080717086792
390,initial,-6.981688022613525
391,initial,-7.397294521331787
392,initial,-6.682304382324219
393,initial,-6.030331611633301
394,initial,-6.9676194190979
395,initial,-6.325331687927246
396,initial,-7.439034938812256
397,initial,-6.373222827911377
398,initial,-7.639892578125
399,initial,-7.020526885986328
400,initial,-7.253800868988037
401,initial,-7.310018062591553
402,initial,-7.042548179626465
403,initial,-6.681941032409668
404,initial,-6.176424980163574
405,initial,-6.69638729095459
406,initial,-6.809201240539551
407,initial,-7.004317283630371
408,initial,-6.502766132354736
409,initial,-7.4577836990356445
410,initial,-7.974156379699707
411,initial,-8.484707832336426
412,initial,-8.942663192749023
413,initial,-8.110595703125
414,initial,-7.6319661140441895
415,initial,-7.301591873168945
416,initial,-8.184362411499023
417,initial,-8.283293724060059
418,initial,-8.037515640258789
419,initial,-5.81149959564209
420,initial,-7.193984031677246
421,initial,-7.892889976501465
422,initial,-8.589150428771973
423,initial,-7.39969539642334
424,initial,-7.720278263092041
425,initial,-8.353448867797852
426,initial,-8.419641494750977
427,initial,-6.973674774169922
428,initial,-8.730402946472168
429,initial,-7.603986740112305
430,initial,-9.206219673156738
431,initial,-7.650272846221924
432,initial,-8.218100547790527
433,initial,-9.201318740844727
434,initial,-8.411946296691895
435,initial,-7.1876301765441895
436,initial,-6.271509170532227
437,initial,-7.288586616516113
438,initial,-7.682863235473633
439,initial,-8.653216361999512
440,initial,-6.862335205078125
441,initial,-7.813725471496582
442,initial,-8.016420364379883
443,initial,-7.7293596267700195
444,initial,-8.630620956420898
445,initial,-7.302109718322754
446,initial,-9.39980411529541
447,initial,-8.83619499206543
448,initial,-8.372366905212402
449,initial,-8.01984977722168
450,initial,-8.220145225524902
451,initial,-6.956485748291016
452,initial,-7.384074687957764
453,initial,-7.316747665405273
454,initial,-7.967461585998535
455,initial,-7.856019496917725
456,initial,-7.93693733215332
457,initial,-7.1720170974731445
458,initial,-7.016732692718506
459,initial,-7.526089668273926
460,initial,-8.14498519897461
461,initial,-7.297690391540527
462,initial,-5.888636589050293
463,initial,-6.376881122589111
464,initial,-7.477908134460449
465,initial,-7.849531173706055
466,initial,-6.938653945922852
467,initial,-7.287765026092529
468,initial,-7.516100883483887
469,initial,-7.65673303604126
470,initial,-6.638450622558594
471,initial,-8.47940731048584
472,initial,-5.876288414001465
473,initial,-7.272510051727295
474,initial,-6.805456161499023
475,initial,-7.36690616607666
476,initial,-6.820555686950684
477,initial,-6.020044326782227
478,initial,-6.399555683135986
479,initial,-6.666894435882568
480,initial,-6.256059646606445
481,initial,-6.865208625793457
482,initial,-6.7885942459106445
483,initial,-6.4495320320129395
484,initial,-7.342014789581299
485,initial,-5.912842750549316
486,initial,-6.639891624450684
487,initial,-6.575435161590576
488,initial,-6.12056303024292
489,initial,-6.788975238800049
490,initial,-7.1105875968933105
491,initial,-6.965353012084961
492,initial,-9.778172492980957
493,initial,-8.548189163208008
494,initial,-7.8205742835998535
495,initial,-8.025628089904785
496,initial,-8.263448715209961
497,initial,-8.091788291931152
498,initial,-6.984098434448242
499,initial,-8.053509712219238
500,initial,-8.687055587768555
501,initial,-7.297194004058838
502,initial,-8.71744155883789
503,initial,-7.886507511138916
504,initial,-8.276798248291016
505,initial,-7.831499099731445
506,initial,-9.170480728149414
507,initial,-8.189407348632812
508,initial,-6.833722114562988
509,initial,-8.117461204528809
510,initial,-7.695163726806641
511,initial,-9.154097557067871
512,initial,-8.199748039245605
513,initial,-7.959295749664307
514,initial,-9.907214164733887
515,initial,-9.033984184265137
516,initial,-8.154839515686035
517,initial,-8.258026123046875
518,initial,-7.617527008056641
519,initial,-7.10100793838501
520,initial,-7.5653395652771
521,initial,-8.290364265441895
522,initial,-7.39168643951416
523,initial,-9.746350288391113
524,initial,-8.029093742370605
525,initial,-7.523484230041504
526,initial,-6.8056159019470215
527,initial,-7.899268627166748
528,initial,-9.763897895812988
529,initial,-7.731807708740234
530,initial,-9.036092758178711
531,initial,-7.972062587738037
532,initial,-8.83748722076416
533,initial,-9.11054801940918
534,initial,-8.645631790161133
535,initial,-9.033599853515625
536,initial,-7.867085933685303
537,initial,-6.975144386291504
538,initial,-7.125080108642578
539,initial,-7.682069778442383
540,initial,-7.166324138641357
541,initial,-6.620702743530273
542,initial,-7.890187740325928
543,initial,-7.6679511070251465
544,initial,-7.441492557525635
545,initial,-8.022475242614746
546,initial,-7.028645038604736
547,initial,-7.214117527008057
548,initial,-7.817562103271484
549,initial,-7.916615962982178
550,initial,-7.839330196380615
551,initial,-6.158493518829346
552,initial,-7.2770795822143555
553,initial,-6.932730197906494
554,initial,-8.318319320678711
555,initial,-8.12248706817627
556,initial,-6.121373653411865
557,initial,-8.37096881866455
558,initial,-7.712686538696289
559,initial,-8.13839054107666
560,initial,-10.222475051879883
561,initial,-8.645492553710938
562,initial,-7.491351127624512
563,initial,-7.450439453125
564,initial,-7.306219577789307
565,initial,-6.901525020599365
566,initial,-8.469258308410645
567,initial,-7.838224411010742
568,initial,-7.398412227630615
569,initial,-6.972342014312744
570,initial,-8.124216079711914
571,initial,-8.145426750183105
572,initial,-8.025996208190918
573,initial,-7.961578845977783
574,initial,-9.450765609741211
575,initial,-8.138155937194824
576,initial,-9.833778381347656
577,initial,-8.645612716674805
578,initial,-8.645612716674805
579,initial,-6.478549480438232
580,initial,-8.13839054107666
581,initial,-10.268366813659668
582,initial,-8.563741683959961
583,initial,-9.588167190551758
584,initial,-8.353001594543457
585,initial,-9.140993118286133
586,initial,-10.298246383666992
587,initial,-7.736367702484131
588,initial,-9.915929794311523
589,initial,-8.796789169311523
590,initial,-9.363210678100586
591,initial,-7.837576389312744
592,initial,-7.53372049331665
593,initial,-8.138155937194824
594,initial,-7.938629150390625
595,initial,-8.440195083618164
596,initial,-9.760054588317871
597,initial,-6.730382442474365
598,initial,-7.75211763381958
599,initial,-5.932364463806152
600,initial,-7.830112934112549
601,initial,-7.643672466278076
602,initial,-7.563113689422607
603,initial,-9.38455867767334
604,initial,-9.097733497619629
605,initial,-7.162511348724365
606,initial,-7.163763999938965
607,initial,-7.663018703460693
608,initial,-7.071253776550293
609,initial,-7.842706203460693
610,initial,-7.495418071746826
611,initial,-7.188254356384277
612,initial,-6.636031627655029
613,initial,-7.530915260314941
614,initial,-7.876381874084473
615,initial,-8.057861328125
616,initial,-7.1244635581970215
617,initial,-9.242045402526855
618,initial,-8.47021198272705
619,initial,-8.189477920532227
620,initial,-7.111296653747559
621,initial,-7.285837173461914
622,initial,-8.059165000915527
623,initial,-8.291775703430176
624,initial,-8.563309669494629
625,initial,-7.511914253234863
626,initial,-7.474616050720215
627,initial,-7.990334510803223
628,initial,-7.948960781097412
629,initial,-7.637211322784424
630,initial,-7.98367166519165
631,initial,-7.557150363922119
632,initial,-7.0862040519714355
633,initial,-7.162339210510254
634,initial,-7.910510540008545
635,initial,-8.378946304321289
636,initial,-8.735372543334961
637,initial,-8.375856399536133
638,initial,-8.59200382232666
639,initial,-9.337555885314941
640,initial,-7.7816081047058105
641,initial,-8.699281692504883
642,initial,-7.731215953826904
643,initial,-8.200722694396973
644,initial,-7.9243950843811035
645,initial,-6.545961856842041
646,initial,-7.792716979980469
647,initial,-7.637113571166992
648,initial,-7.636831283569336
649,initial,-9.313704490661621
650,initial,-8.139939308166504
651,initial,-7.60719633102417
652,initial,-8.237783432006836
653,initial,-8.237833976745605
654,initial,-7.7340192794799805
655,initial,-8.915163040161133
656,initial,-6.8391900062561035
657,initial,-6.762779712677002
658,initial,-8.85341739654541
659,initial,-7.89774227142334
660,initial,-7.507290363311768
661,initial,-8.40345573425293
662,initial,-7.7488250732421875
663,initial,-6.739554405212402
664,initial,-7.089152812957764
665,initial,-7.452969551086426
666,initial,-8.05250358581543
667,initial,-8.461429595947266
668,initial,-7.462377548217773
669,initial,-7.259943008422852
670,initial,-7.9074249267578125
671,initial,-7.880234241485596
672,initial,-7.175719738006592
673,initial,-7.542026996612549
674,initial,-6.909153461456299
675,initial,-7.078735828399658
676,initial,-6.928753852844238
677,initial,-8.057048797607422
678,initial,-8.204228401184082
679,initial,-8.742596626281738
680,initial,-7.590262413024902
681,initial,-8.760780334472656
682,initial,-8.503387451171875
683,initial,-7.847280979156494
684,initial,-7.686595439910889
685,initial,-8.381609916687012
686,initial,-8.934618949890137
687,initial,-6.473217487335205
688,initial,-8.24125862121582
689,initial,-9.51188850402832
690,initial,-9.411348342895508
691,initial,-7.8926215171813965
692,initial,-9.87668228149414
693,initial,-6.853134632110596
694,initial,-8.546628952026367
695,initial,-8.944832801818848
696,initial,-8.683792114257812
697,initial,-10.756647109985352
698,initial,-10.397397994995117
699,initial,-9.852195739746094
700,initial,-8.318849563598633
701,initial,-8.854233741760254
702,initial,-9.537660598754883
703,initial,-10.928020477294922
704,initial,-6.5236358642578125
705,initial,-7.772326946258545
706,initial,-9.4931640625
707,initial,-11.3358793258667
708,initial,-7.3415398597717285
709,initial,-9.533018112182617
710,initial,-7.724959850311279
711,initial,-8.314949035644531
712,initial,-8.722750663757324
713,initial,-9.41234302520752
714,initial,-7.155788898468018
715,initial,-9.195637702941895
716,initial,-8.720232963562012
717,initial,-8.716906547546387
718,initial,-8.91896915435791
719,initial,-7.162227630615234
720,initial,-7.817237854003906
721,initial,-9.275484085083008
722,initial,-8.32080078125
723,initial,-8.133402824401855
724,initial,-7.83254861831665
725,initial,-8.69161605834961
726,initial,-7.1911821365356445
727,initial,-7.4789719581604
728,initial,-7.5988030433654785
729,initial,-8.312910079956055
730,initial,-5.997328758239746
731,initial,-7.29815673828125
732,initial,-8.812027931213379
733,initial,-8.755806922912598
734,initial,-6.96541166305542
735,initial,-9.700282096862793
736,initial,-7.055576324462891
737,initial,-8.370707511901855
738,initial,-9.39474105834961
739,initial,-8.356669425964355
740,initial,-9.588044166564941
741,initial,-9.199445724487305
742,initial,-8.920787811279297
743,initial,-7.748852252960205
744,initial,-8.402935028076172
745,initial,-6.019334316253662
746,initial,-6.480524063110352
747,initial,-6.784916877746582
748,initial,-6.260706901550293
749,initial,-7.1200385093688965
750,initial,-6.9340691566467285
751,initial,-5.571300983428955
752,initial,-6.693009376525879
753,initial,-6.570805072784424
754,initial,-8.713699340820312
755,initial,-5.902698993682861
756,initial,-6.591440677642822
757,initial,-8.823858261108398
758,initial,-8.4873628616333
759,initial,-7.399580955505371
760,initial,-7.7979583740234375
761,initial,-8.580387115478516
762,initial,-8.735504150390625
763,initial,-6.878382205963135
764,initial,-7.441425323486328
765,initial,-6.862105369567871
766,initial,-6.443607807159424
767,initial,-7.503425121307373
768,initial,-6.1237006187438965
769,initial,-7.939833641052246
770,initial,-7.188344955444336
771,initial,-6.617193222045898
772,initial,-7.671345233917236
773,initial,-6.726532936096191
774,initial,-8.227840423583984
775,initial,-8.295639991760254
776,initial,-7.71157169342041
777,initial,-7.0094451904296875
778,initial,-6.450057506561279
779,initial,-9.424293518066406
780,initial,-7.3071675300598145
781,initial,-8.96650218963623
782,initial,-6.937165260314941
783,initial,-7.205717086791992
784,initial,-5.686460971832275
785,initial,-6.470705986022949
786,initial,-5.8308000564575195
787,initial,-7.562168598175049
788,initial,-6.24698543548584
789,initial,-6.369309902191162
790,initial,-6.343632698059082
791,initial,-6.072595596313477
792,initial,-7.258114337921143
793,initial,-7.60901403427124
794,initial,-5.227840900421143
795,initial,-5.717789649963379
796,initial,-6.375162124633789
797,initial,-5.889090538024902
798,initial,-7.487056732177734
799,initial,-6.720219135284424
800,initial,-6.762304782867432
801,initial,-6.514773368835449
802,initial,-5.63808012008667
803,initial,-8.52332878112793
804,initial,-7.383838653564453
805,initial,-7.363227844238281
806,initial,-6.337646484375
807,initial,-5.966129779815674
808,initial,-5.723520278930664
809,initial,-6.855753421783447
810,initial,-6.197547912597656
811,initial,-8.010503768920898
812,initial,-6.192388534545898
813,initial,-6.690997123718262
814,initial,-6.823782920837402
815,initial,-8.168176651000977
816,initial,-7.2248616218566895
817,initial,-5.317931175231934
818,initial,-5.970775127410889
819,initial,-6.566431999206543
820,initial,-5.8531646728515625
821,initial,-6.757730007171631
822,initial,-7.048932075500488
823,initial,-7.418949127197266
824,initial,-6.989959716796875
825,initial,-5.804783821105957
826,initial,-6.4046478271484375
827,initial,-6.03809118270874
828,initial,-6.342220783233643
829,initial,-6.039580345153809
830,initial,-7.562005043029785
831,initial,-5.964345932006836
832,initial,-6.601316928863525
833,initial,-5.999868869781494
834,initial,-6.265846252441406
835,initial,-7.145333290100098
836,initial,-7.539119243621826
837,initial,-5.614599704742432
838,initial,-5.900151252746582
839,initial,-6.175629138946533
840,initial,-6.1869988441467285
841,initial,-7.205842018127441
842,initial,-6.632974147796631
843,initial,-6.956984043121338
844,initial,-6.426804542541504
845,initial,-5.554715156555176
846,initial,-7.747724533081055
847,initial,-6.638006687164307
848,initial,-5.4364166259765625
849,initial,-8.666929244995117
850,initial,-7.966327667236328
851,initial,-6.36182165145874
852,initial,-7.0638580322265625
853,initial,-6.379322528839111
854,initial,-7.303154945373535
855,initial,-6.583569526672363
856,initial,-7.537911415100098
857,initial,-5.27961540222168
858,initial,-8.312189102172852
859,initial,-5.27961540222168
860,initial,-5.347609519958496
861,initial,-6.413504600524902
862,initial,-6.836416721343994
863,initial,-6.988246917724609
864,initial,-6.698860168457031
865,initial,-6.358264446258545
866,initial,-8.909857749938965
867,initial,-5.382678031921387
868,initial,-6.542065620422363
869,initial,-5.773258209228516
870,initial,-6.735570430755615
871,initial,-7.739097595214844
872,initial,-5.952760219573975
873,initial,-8.467972755432129
874,initial,-6.635001182556152
875,initial,-6.358264446258545
876,initial,-6.571567058563232
877,initial,-6.4242448806762695
878,initial,-6.402806758880615
879,initial,-6.776367664337158
880,initial,-6.596207618713379
881,initial,-8.618795394897461
882,initial,-8.503361701965332
883,initial,-5.497128009796143
884,initial,-5.776123523712158
885,initial,-5.773258209228516
886,initial,-7.488779544830322
887,initial,-6.6739373207092285
888,initial,-8.666930198669434
889,initial,-7.1796770095825195
890,initial,-6.650970935821533
891,initial,-5.3470892906188965
892,initial,-7.9419450759887695
893,initial,-7.481125831604004
894,initial,-6.164658069610596
895,initial,-6.764970302581787
896,initial,-6.441304683685303
897,initial,-7.168900966644287
898,initial,-6.433660984039307
899,initial,-7.305081367492676
900,initial,-5.632925033569336
901,initial,-7.8285908699035645
902,initial,-5.632925033569336
903,initial,-5.280328273773193
904,initial,-6.182643413543701
905,initial,-6.707650661468506
906,initial,-6.770817756652832
907,initial,-6.709125518798828
908,initial,-6.528944969177246
909,initial,-8.477993965148926
910,initial,-6.713766574859619
911,initial,-5.9693779945373535
912,initial,-5.883775234222412
913,initial,-6.522862434387207
914,initial,-6.562334060668945
915,initial,-5.883775234222412
916,initial,-7.099205017089844
917,initial,-6.792913436889648
918,initial,-6.931074619293213
919,initial,-6.215605735778809
920,initial,-6.622012138366699
921,initial,-6.863574504852295
922,initial,-6.154720783233643
923,initial,-5.96824312210083
924,initial,-6.734674453735352
925,initial,-6.701828956604004
926,initial,-6.874352931976318
927,initial,-6.719911098480225
928,initial,-7.055803298950195
929,initial,-5.841056823730469
930,initial,-6.363856315612793
931,initial,-6.737924575805664
932,initial,-6.179959297180176
933,initial,-6.389163017272949
934,initial,-6.656705379486084
935,initial,-8.49551010131836
936,initial,-6.554464340209961
937,initial,-6.233295917510986
938,initial,-7.446277141571045
939,initial,-7.179567813873291
940,initial,-7.253250598907471
941,initial,-7.609561920166016
942,initial,-8.333168029785156
943,initial,-6.5228190422058105
944,initial,-6.454948425292969
945,initial,-6.152693271636963
946,initial,-6.5642409324646
947,initial,-6.575160503387451
948,initial,-6.121164798736572
949,initial,-7.020715713500977
950,initial,-7.323374271392822
951,initial,-6.775526523590088
952,initial,-5.771904945373535
953,initial,-6.804641246795654
954,initial,-5.883755207061768
955,initial,-5.925405502319336
956,initial,-6.275129318237305
957,initial,-6.69708251953125
958,initial,-5.925405502319336
959,initial,-6.99285364151001
960,initial,-6.5021653175354
961,initial,-6.416355133056641
962,initial,-6.338764667510986
963,initial,-6.340439319610596
964,initial,-6.929640769958496
965,initial,-5.882289409637451
966,initial,-5.914046287536621
967,initial,-6.538835525512695
968,initial,-6.367171764373779
969,initial,-6.567665100097656
970,initial,-6.866924285888672
971,initial,-6.538642883300781
972,initial,-5.655416011810303
973,initial,-6.274770259857178
974,initial,-9.322789192199707
975,initial,-8.020968437194824
976,initial,-6.693539619445801
977,initial,-6.334198951721191
978,initial,-8.521040916442871
979,initial,-7.166477680206299
980,initial,-6.395788192749023
981,initial,-9.020991325378418
982,initial,-5.669070720672607
983,initial,-6.366241455078125
984,initial,-6.664450168609619
985,initial,-6.290680408477783
986,initial,-6.984042167663574
987,initial,-7.961053371429443
988,initial,-6.237753868103027
989,initial,-7.058164119720459
990,initial,-7.315095901489258
991,initial,-5.850497245788574
992,initial,-7.426817893981934
993,initial,-7.034130573272705
994,initial,-7.012694358825684
995,initial,-7.298745155334473
996,initial,-8.279764175415039
997,initial,-7.559720516204834
998,initial,-7.514066219329834
999,initial,-6.793752670288086
1000,initial,-6.092581272125244
1001,initial,-8.254267692565918
1002,initial,-6.894772529602051
1003,initial,-7.024110317230225
1004,initial,-8.585351943969727
1005,initial,-7.571675777435303
1006,initial,-6.346288681030273
1007,initial,-8.06339168548584
1008,initial,-6.987358093261719
1009,initial,-7.746877670288086
1010,initial,-6.112512588500977
1011,initial,-6.708376884460449
1012,initial,-6.736119747161865
1013,initial,-6.710237979888916
1014,initial,-7.937325477600098
1015,initial,-8.125048637390137
1016,initial,-6.318201541900635
1017,initial,-8.595541000366211
1018,initial,-8.0167818069458
1019,initial,-6.8317952156066895
1020,initial,-6.697822570800781
1021,initial,-7.781651973724365
1022,initial,-6.9851226806640625
1023,initial,-6.5128173828125
1024,initial,-8.226449012756348
1025,initial,-5.5271992683410645
1026,initial,-6.1665544509887695
1027,initial,-6.5915846824646
1028,initial,-6.155186176300049
1029,initial,-6.5818634033203125
1030,initial,-7.433860778808594
1031,initial,-6.548122882843018
1032,initial,-7.0061354637146
1033,initial,-7.377419471740723
1034,initial,-5.906339645385742
1035,initial,-6.798641204833984
1036,initial,-7.853605270385742
1037,initial,-6.59239387512207
1038,initial,-5.171431541442871
1039,initial,-5.295473575592041
1040,initial,-7.207150459289551
1041,initial,-6.33555793762207
1042,initial,-5.870833873748779
1043,initial,-7.043538570404053
1044,initial,-5.849713325500488
1045,initial,-5.468293190002441
1046,initial,-7.064022064208984
1047,initial,-6.737796783447266
1048,initial,-5.654257774353027
1049,initial,-7.174154758453369
1050,initial,-5.570561408996582
1051,initial,-5.799004554748535
1052,initial,-7.279051303863525
1053,initial,-6.3147501945495605
1054,initial,-6.333588123321533
1055,initial,-6.291868209838867
1056,initial,-5.465285301208496
1057,initial,-7.757490158081055
1058,initial,-7.561604022979736
1059,initial,-6.769347190856934
1060,initial,-6.933259963989258
1061,initial,-5.65298318862915
1062,initial,-6.957115650177002
1063,initial,-7.309087753295898
1064,initial,-7.008692264556885
1065,initial,-7.072749614715576
1066,initial,-6.867318153381348
1067,initial,-5.906918525695801
1068,initial,-5.628878116607666
1069,initial,-5.293327808380127
1070,initial,-6.716436862945557
1071,initial,-6.459524631500244
1072,initial,-5.86887264251709
1073,initial,-6.793824672698975
1074,initial,-7.180134296417236
1075,initial,-5.41451358795166
1076,initial,-6.382349014282227
1077,initial,-6.421604633331299
1078,initial,-7.273336410522461
1079,initial,-7.665499210357666
1080,initial,-7.987834930419922
1081,initial,-7.141040802001953
1082,initial,-7.190755367279053
1083,initial,-7.089589595794678
1084,initial,-7.089589595794678
1085,initial,-7.653017044067383
1086,initial,-7.385836124420166
1087,initial,-7.633995056152344
1088,initial,-7.03795862197876
1089,initial,-7.277724742889404
1090,initial,-7.818111419677734
1091,initial,-7.368680953979492
1092,initial,-7.135422229766846
1093,initial,-7.722261428833008
1094,initial,-6.924333572387695
1095,initial,-7.371397972106934
1096,initial,-6.522274017333984
1097,initial,-8.302277565002441
1098,initial,-7.209819793701172
1099,initial,-7.662248134613037
1100,initial,-7.067552089691162
1101,initial,-6.708326816558838
1102,initial,-7.874291896820068
1103,initial,-7.095555782318115
1104,initial,-7.986812591552734
1105,initial,-6.205461025238037
1106,initial,-7.799225807189941
1107,initial,-8.733092308044434
1108,initial,-6.847927093505859
1109,initial,-7.924583435058594
1110,initial,-8.460663795471191
1111,initial,-6.1839599609375
1112,initial,-7.912668704986572
1113,initial,-7.224607944488525
1114,initial,-7.4346795082092285
1115,initial,-7.145239353179932
1116,initial,-8.733092308044434
1117,initial,-6.609255313873291
1118,initial,-6.896354675292969
1119,initial,-5.438696384429932
1120,initial,-5.699282169342041
1121,initial,-7.0397443771362305
1122,initial,-7.197376251220703
1123,initial,-7.156594276428223
1124,initial,-6.265724182128906
1125,initial,-6.7203240394592285
1126,initial,-6.3368988037109375
1127,initial,-6.3368988037109375
1128,initial,-6.931911945343018
1129,initial,-6.598873138427734
1130,initial,-6.742600440979004
1131,initial,-6.33457088470459
1132,initial,-6.081667423248291
1133,initial,-6.8527727127075195
1134,initial,-6.868078708648682
1135,initial,-6.238581657409668
1136,initial,-6.8291778564453125
1137,initial,-6.617684364318848
1138,initial,-6.376413345336914
1139,initial,-8.142464637756348
1140,initial,-8.383459091186523
1141,initial,-7.035568714141846
1142,initial,-6.140397071838379
1143,initial,-7.401447772979736
1144,initial,-7.6370849609375
1145,initial,-7.529025554656982
1146,initial,-6.405672550201416
1147,initial,-7.375071048736572
1148,initial,-7.499770641326904
1149,initial,-6.888206481933594
1150,initial,-8.396414756774902
1151,initial,-8.774569511413574
1152,initial,-7.373697757720947
1153,initial,-8.136526107788086
1154,initial,-6.74086332321167
1155,initial,-8.774568557739258
1156,initial,-7.832773685455322
1157,initial,-8.52806568145752
1158,initial,-7.279336929321289
1159,initial,-7.013087749481201
1160,initial,-8.478558540344238
1161,initial,-8.63221263885498
1162,initial,-6.185204029083252
1163,initial,-6.488099575042725
1164,initial,-7.891442775726318
1165,initial,-9.12727165222168
1166,initial,-8.63221263885498
1167,initial,-5.91627836227417
1168,initial,-8.096457481384277
1169,initial,-9.18559741973877
1170,initial,-7.85222053527832
1171,initial,-7.221619129180908
1172,initial,-8.23473072052002
1173,initial,-8.23473072052002
1174,initial,-7.6207733154296875
1175,initial,-6.971288204193115
1176,initial,-6.299928188323975
1177,initial,-6.456384181976318
1178,initial,-6.813175201416016
1179,initial,-7.13372802734375
1180,initial,-8.188078880310059
1181,initial,-7.891442775726318
1182,initial,-7.355887413024902
1183,initial,-7.374088764190674
1184,initial,-6.3666276931762695
1185,initial,-6.072196006774902
1186,initial,-6.7975053787231445
1187,initial,-6.8242082595825195
1188,initial,-6.924839973449707
1189,initial,-5.824976444244385
1190,initial,-7.020908832550049
1191,initial,-7.0564866065979
1192,initial,-6.506881237030029
1193,initial,-7.474706172943115
1194,initial,-7.789553642272949
1195,initial,-6.814903259277344
1196,initial,-7.151558876037598
1197,initial,-6.000908851623535
1198,initial,-7.789553642272949
1199,initial,-7.159360408782959
1200,initial,-7.584168434143066
1201,initial,-6.942219257354736
1202,initial,-7.819521903991699
1203,initial,-7.955837726593018
1204,initial,-7.385096073150635
1205,initial,-7.40452241897583
1206,initial,-8.083306312561035
1207,initial,-6.860538482666016
1208,initial,-7.667470455169678
1209,initial,-7.726271629333496
1210,initial,-7.332858085632324
1211,initial,-7.194915771484375
1212,initial,-8.075364112854004
1213,initial,-7.605739116668701
1214,initial,-8.00452709197998
1215,initial,-6.713656902313232
1216,initial,-7.777695178985596
1217,initial,-7.381983757019043
1218,initial,-7.589234352111816
1219,initial,-7.72750186920166
1220,initial,-6.432587146759033
1221,initial,-7.380816459655762
1222,initial,-7.77704381942749
1223,initial,-7.113705158233643
1224,initial,-7.16542911529541
1225,initial,-8.362129211425781
1226,initial,-7.776119709014893
1227,initial,-7.09250020980835
1228,initial,-7.0402607917785645
1229,initial,-7.094415664672852
1230,initial,-6.961083889007568
1231,initial,-7.616527080535889
1232,initial,-7.400538444519043
1233,initial,-7.355692386627197
1234,initial,-7.385335922241211
1235,initial,-8.872612953186035
1236,initial,-6.5550055503845215
1237,initial,-7.828792572021484
1238,initial,-7.7505598068237305
1239,initial,-7.052213668823242
1240,initial,-6.486851215362549
1241,initial,-7.934530258178711
1242,initial,-7.462090492248535
1243,initial,-7.246367454528809
1244,initial,-7.232708930969238
1245,initial,-6.494974136352539
1246,initial,-7.104703426361084
1247,initial,-6.2781596183776855
1248,initial,-6.9582929611206055
1249,initial,-7.133157730102539
1250,initial,-6.1042304039001465
1251,initial,-6.8953938484191895
1252,initial,-7.181685447692871
1253,initial,-6.368806838989258
1254,initial,-6.638571262359619
1255,initial,-7.185657978057861
1256,initial,-6.732702255249023
1257,initial,-6.931169509887695
1258,initial,-5.988836765289307
1259,initial,-7.17348575592041
1260,initial,-6.502706527709961
1261,initial,-6.428253173828125
1262,initial,-7.069578170776367
1263,initial,-5.292734146118164
1264,initial,-6.1856160163879395
1265,initial,-8.309256553649902
1266,initial,-7.399349689483643
1267,initial,-8.284479141235352
1268,initial,-8.020854949951172
1269,initial,-8.565943717956543
1270,initial,-7.836522102355957
1271,initial,-9.487349510192871
1272,initial,-8.489129066467285
1273,initial,-7.715782642364502
1274,initial,-7.414706707000732
1275,initial,-7.156784534454346
1276,initial,-9.58702564239502
1277,initial,-7.495029926300049
1278,initial,-7.321869373321533
1279,initial,-7.406696796417236
1280,initial,-6.7190141677856445
1281,initial,-8.085052490234375
1282,initial,-9.251873016357422
1283,initial,-7.967062950134277
1284,initial,-7.622202396392822
1285,initial,-9.31435489654541
1286,initial,-7.327399730682373
1287,initial,-8.541572570800781
1288,initial,-7.580360412597656
1289,initial,-9.428824424743652
1290,initial,-8.238924980163574
1291,initial,-8.380602836608887
1292,initial,-8.049877166748047
1293,initial,-9.392956733703613
1294,initial,-8.548014640808105
1295,initial,-8.284479141235352
1296,initial,-8.640318870544434
1297,initial,-8.399806022644043
1298,initial,-7.75347900390625
1299,initial,-6.510765075683594
1300,initial,-6.7190141677856445
1301,initial,-7.222933292388916
1302,initial,-9.371048927307129
1303,initial,-8.029129981994629
1304,initial,-8.022517204284668
1305,initial,-8.513388633728027
1306,initial,-8.5191068649292
1307,initial,-8.114336013793945
1308,initial,-6.93748140335083
1309,initial,-6.008303165435791
1310,initial,-7.441994667053223
1311,initial,-6.717033386230469
1312,initial,-8.254115104675293
1313,initial,-6.804563522338867
1314,initial,-8.260828971862793
1315,initial,-6.6800947189331055
1316,initial,-6.919543266296387
1317,initial,-6.6502156257629395
1318,initial,-6.084828853607178
1319,initial,-7.680975437164307
1320,initial,-6.327314853668213
1321,initial,-6.246337413787842
1322,initial,-6.800015449523926
1323,initial,-6.042483329772949
1324,initial,-7.100965976715088
1325,initial,-8.093271255493164
1326,initial,-7.112553596496582
1327,initial,-6.412665367126465
1328,initial,-6.141718864440918
1329,initial,-5.944689750671387
1330,initial,-5.944689750671387
1331,initial,-8.174134254455566
1332,initial,-7.669205665588379
1333,initial,-6.290033340454102
1334,initial,-6.89750337600708
1335,initial,-5.874145984649658
1336,initial,-6.735355377197266
1337,initial,-6.420168399810791
1338,initial,-5.728562355041504
1339,initial,-6.555313587188721
1340,initial,-6.722433567047119
1341,initial,-7.29527473449707
1342,initial,-7.215908527374268
1343,initial,-5.807126998901367
1344,initial,-6.583985328674316
1345,initial,-5.766677379608154
1346,initial,-5.69243860244751
1347,initial,-5.728033542633057
1348,initial,-6.753206253051758
1349,initial,-7.136058330535889
1350,initial,-6.170835971832275
1351,initial,-6.156365394592285
1352,initial,-7.480634689331055
1353,initial,-6.215845108032227
1354,initial,-6.342172622680664
1355,initial,-5.644692420959473
1356,initial,-6.721069812774658
1357,initial,-6.0697736740112305
1358,initial,-6.209971904754639
1359,initial,-6.317721843719482
1360,initial,-6.077004909515381
1361,initial,-5.564960956573486
1362,initial,-5.36642599105835
1363,initial,-6.846027851104736
1364,initial,-6.3014445304870605
1365,initial,-6.790378570556641
1366,initial,-5.70545768737793
1367,initial,-6.455643653869629
0,final,-6.172836780548096
1,final,-8.167021751403809
2,final,-6.436317443847656
3,final,-6.980658531188965
4,final,-5.447245121002197
5,final,-7.751165866851807
6,final,-5.916633605957031
7,final,-7.452905178070068
8,final,-5.906168460845947
9,final,-6.088013172149658
10,final,-6.959500789642334
11,final,-5.93605899810791
12,final,-5.941496849060059
13,final,-6.152601718902588
14,final,-5.97826623916626
15,final,-6.181765079498291
16,final,-7.102519512176514
17,final,-5.93605899810791
18,final,-7.549098491668701
19,final,-6.436317443847656
20,final,-7.168527126312256
21,final,-7.000537395477295
22,final,-7.260996341705322
23,final,-6.6704511642456055
24,final,-5.848228454589844
25,final,-7.000537395477295
26,final,-7.541072845458984
27,final,-6.912438869476318
28,final,-5.970384120941162
29,final,-7.541072845458984
30,final,-6.506765365600586
31,final,-7.489393711090088
32,final,-6.215419292449951
33,final,-7.589028835296631
34,final,-8.183713912963867
35,final,-7.0446929931640625
36,final,-6.308963298797607
37,final,-6.827863693237305
38,final,-6.041024684906006
39,final,-6.68009614944458
40,final,-7.044191360473633
41,final,-5.80765438079834
42,final,-6.908256530761719
43,final,-6.191584587097168
44,final,-6.881043434143066
45,final,-7.854001998901367
46,final,-6.479602336883545
47,final,-6.740937232971191
48,final,-7.5757365226745605
49,final,-7.285166263580322
50,final,-7.431375503540039
51,final,-7.128894805908203
52,final,-6.0686726570129395
53,final,-6.874078273773193
54,final,-7.384730815887451
55,final,-6.5557403564453125
56,final,-6.720150947570801
57,final,-6.559065818786621
58,final,-6.288187026977539
59,final,-6.547486305236816
60,final,-6.413259029388428
61,final,-7.151144504547119
62,final,-7.872108459472656
63,final,-8.729485511779785
64,final,-8.025391578674316
65,final,-7.129852294921875
66,final,-7.161012649536133
67,final,-6.4467573165893555
68,final,-7.4792585372924805
69,final,-6.265489101409912
70,final,-7.9552507400512695
71,final,-6.00496768951416
72,final,-6.930477619171143
73,final,-7.205478668212891
74,final,-7.636857032775879
75,final,-8.428840637207031
76,final,-7.286530017852783
77,final,-6.213719367980957
78,final,-7.140568733215332
79,final,-6.4586639404296875
80,final,-5.735091209411621
81,final,-6.577080249786377
82,final,-6.490903377532959
83,final,-5.807732105255127
84,final,-5.788624286651611
85,final,-5.316987991333008
86,final,-5.937561988830566
87,final,-7.179044723510742
88,final,-7.837352752685547
89,final,-5.570600509643555
90,final,-6.2692179679870605
91,final,-6.005723476409912
92,final,-5.91318941116333
93,final,-5.459894180297852
94,final,-6.393838882446289
95,final,-6.683176517486572
96,final,-6.961094856262207
97,final,-4.997870445251465
98,final,-6.355550289154053
99,final,-5.264292240142822
100,final,-7.031688213348389
101,final,-5.476073265075684
102,final,-5.724062442779541
103,final,-6.462531089782715
104,final,-6.390931606292725
105,final,-6.50351095199585
106,final,-4.888286113739014
107,final,-6.466959476470947
108,final,-6.390931606292725
109,final,-5.044610023498535
110,final,-8.034261703491211
111,final,-7.404483318328857
112,final,-5.805613994598389
113,final,-6.69189977645874
114,final,-7.075559139251709
115,final,-5.617424964904785
116,final,-6.565147399902344
117,final,-6.640349864959717
118,final,-6.122925281524658
119,final,-6.73254919052124
120,final,-6.7184062004089355
121,final,-8.06136417388916
122,final,-5.356032848358154
123,final,-5.9101080894470215
124,final,-6.2264933586120605
125,final,-5.356032848358154
126,final,-8.04788875579834
127,final,-6.326385021209717
128,final,-7.834955215454102
129,final,-5.912084579467773
130,final,-6.191098213195801
131,final,-5.528217792510986
132,final,-7.710815906524658
133,final,-7.228418827056885
134,final,-5.794668674468994
135,final,-7.548439025878906
136,final,-6.514513969421387
137,final,-7.562112331390381
138,final,-6.15906286239624
139,final,-7.4236159324646
140,final,-6.59263801574707
141,final,-6.3339762687683105
142,final,-7.4387712478637695
143,final,-5.85736608505249
144,final,-8.020524024963379
145,final,-7.7253007888793945
146,final,-6.59137487411499
147,final,-6.623499870300293
148,final,-7.5784807205200195
149,final,-6.795599937438965
150,final,-6.6487135887146
151,final,-7.4295125007629395
152,final,-6.0715508460998535
153,final,-6.016979694366455
154,final,-6.4694294929504395
155,final,-6.815831184387207
156,final,-6.4694294929504395
157,final,-7.3431220054626465
158,final,-7.304126739501953
159,final,-6.4568023681640625
160,final,-6.282783508300781
161,final,-7.131446838378906
162,final,-6.95219087600708
163,final,-8.275744438171387
164,final,-7.6775994300842285
165,final,-7.002125263214111
166,final,-5.774473190307617
167,final,-6.825629711151123
168,final,-8.069864273071289
169,final,-6.391042709350586
170,final,-8.363815307617188
171,final,-7.629475116729736
172,final,-8.239493370056152
173,final,-7.521901607513428
174,final,-6.5236639976501465
175,final,-7.122068881988525
176,final,-7.882081508636475
177,final,-7.841577053070068
178,final,-6.071929454803467
179,final,-8.331146240234375
180,final,-4.8386101722717285
181,final,-5.864326477050781
182,final,-5.752241611480713
183,final,-5.309176921844482
184,final,-7.013729572296143
185,final,-6.609224319458008
186,final,-6.053912162780762
187,final,-7.252360820770264
188,final,-6.3407440185546875
189,final,-7.28303861618042
190,final,-8.094712257385254
191,final,-7.085605621337891
192,final,-6.077445983886719
193,final,-7.469225883483887
194,final,-6.411992073059082
195,final,-4.5892157554626465
196,final,-7.717015266418457
197,final,-5.983580589294434
198,final,-6.296274185180664
199,final,-4.990739345550537
200,final,-5.177546501159668
201,final,-6.612368106842041
202,final,-5.470440864562988
203,final,-5.186957359313965
204,final,-4.672485828399658
205,final,-4.672485828399658
206,final,-5.347757816314697
207,final,-5.925631523132324
208,final,-7.280123233795166
209,final,-6.712210655212402
210,final,-6.996451377868652
211,final,-7.184829235076904
212,final,-6.986250877380371
213,final,-6.422983169555664
214,final,-5.085223197937012
215,final,-6.778001308441162
216,final,-5.8122029304504395
217,final,-7.198741436004639
218,final,-6.424777984619141
219,final,-7.55753755569458
220,final,-6.706148147583008
221,final,-6.564848899841309
222,final,-7.1106390953063965
223,final,-7.970192909240723
224,final,-6.99209451675415
225,final,-7.051206111907959
226,final,-7.4560089111328125
227,final,-7.197898864746094
228,final,-7.416398048400879
229,final,-8.275254249572754
230,final,-7.0048322677612305
231,final,-7.23405647277832
232,final,-7.255769729614258
233,final,-7.498019218444824
234,final,-7.079463958740234
235,final,-7.280449867248535
236,final,-8.114763259887695
237,final,-7.6290459632873535
238,final,-7.456732749938965
239,final,-6.606067657470703
240,final,-6.845078468322754
241,final,-8.34619426727295
242,final,-7.1499199867248535
243,final,-6.830343246459961
244,final,-7.397119998931885
245,final,-7.346504211425781
246,final,-7.83352518081665
247,final,-7.347819805145264
248,final,-7.480732440948486
249,final,-7.325028419494629
250,final,-7.501951694488525
251,final,-7.225846290588379
252,final,-7.079463958740234
253,final,-6.564849853515625
254,final,-6.564849853515625
255,final,-8.275254249572754
256,final,-7.073649883270264
257,final,-6.584720134735107
258,final,-7.38584041595459
259,final,-6.74915885925293
260,final,-8.009483337402344
261,final,-7.171814918518066
262,final,-7.1826605796813965
263,final,-6.237001895904541
264,final,-6.294821262359619
265,final,-6.286919593811035
266,final,-7.356791973114014
267,final,-6.395604610443115
268,final,-6.616160869598389
269,final,-6.556138038635254
270,final,-7.1452107429504395
271,final,-7.126435279846191
272,final,-7.50007438659668
273,final,-6.472031593322754
274,final,-6.455560684204102
275,final,-6.762567043304443
276,final,-6.737941741943359
277,final,-6.245820999145508
278,final,-6.733853816986084
279,final,-7.1710381507873535
280,final,-6.854580879211426
281,final,-6.879302024841309
282,final,-6.066432476043701
283,final,-5.927087783813477
284,final,-8.363831520080566
285,final,-7.106019020080566
286,final,-6.719354629516602
287,final,-7.026371955871582
288,final,-8.38496208190918
289,final,-7.358172416687012
290,final,-7.9611663818359375
291,final,-7.230055332183838
292,final,-7.9991912841796875
293,final,-7.164185523986816
294,final,-8.382490158081055
295,final,-7.766283988952637
296,final,-7.906922340393066
297,final,-6.377471923828125
298,final,-6.696314334869385
299,final,-7.124958515167236
300,final,-6.696314334869385
301,final,-7.454075336456299
302,final,-7.130176067352295
303,final,-6.190705299377441
304,final,-6.96644401550293
305,final,-7.244887351989746
306,final,-6.965088844299316
307,final,-6.592795372009277
308,final,-7.446178913116455
309,final,-8.036139488220215
310,final,-7.766283988952637
311,final,-7.77872896194458
312,final,-7.4479756355285645
313,final,-8.38496208190918
314,final,-8.11065673828125
315,final,-6.592795372009277
316,final,-6.839198112487793
317,final,-7.769659996032715
318,final,-6.795958995819092
319,final,-8.250558853149414
320,final,-6.714566707611084
321,final,-8.38496208190918
322,final,-7.030020713806152
323,final,-6.94185733795166
324,final,-6.454775333404541
325,final,-8.011578559875488
326,final,-5.897055149078369
327,final,-7.478784561157227
328,final,-6.839136600494385
329,final,-6.226023197174072
330,final,-6.633657455444336
331,final,-7.672479629516602
332,final,-6.801435470581055
333,final,-7.450840950012207
334,final,-6.8846540451049805
335,final,-7.52523136138916
336,final,-6.758991718292236
337,final,-7.9878363609313965
338,final,-6.886806488037109
339,final,-7.202735900878906
340,final,-6.486837387084961
341,final,-6.511660575866699
342,final,-6.919537544250488
343,final,-6.511660575866699
344,final,-7.021736145019531
345,final,-7.014087677001953
346,final,-6.750680446624756
347,final,-7.234460830688477
348,final,-7.640130043029785
349,final,-7.471452713012695
350,final,-5.9875617027282715
351,final,-7.081894397735596
352,final,-6.108789920806885
353,final,-7.14031457901001
354,final,-6.278438568115234
355,final,-7.336222171783447
356,final,-6.591552734375
357,final,-7.512941360473633
358,final,-6.8787455558776855
359,final,-6.958189010620117
360,final,-6.648324966430664
361,final,-6.341883659362793
362,final,-6.890645503997803
363,final,-6.239083290100098
364,final,-7.231813430786133
365,final,-6.4292707443237305
366,final,-7.257150650024414
367,final,-7.019801139831543
368,final,-7.744477272033691
369,final,-7.264852523803711
370,final,-6.744588851928711
371,final,-7.261514663696289
372,final,-5.597041606903076
373,final,-6.542935848236084
374,final,-7.234622478485107
375,final,-6.766402244567871
376,final,-6.978217124938965
377,final,-6.41119909286499
378,final,-6.219029903411865
379,final,-5.993110179901123
380,final,-6.691417694091797
381,final,-7.015303611755371
382,final,-6.702176570892334
383,final,-6.158981800079346
384,final,-6.835589408874512
385,final,-7.197909832000732
386,final,-7.019801139831543
387,final,-6.46726655960083
388,final,-6.986454010009766
389,final,-6.187655925750732
390,final,-6.7939276695251465
391,final,-7.134531497955322
392,final,-6.46213436126709
393,final,-5.857783794403076
394,final,-6.7753400802612305
395,final,-6.167949676513672
396,final,-7.247403144836426
397,final,-6.2605695724487305
398,final,-7.3833465576171875
399,final,-6.714054107666016
400,final,-7.028770446777344
401,final,-7.0525689125061035
402,final,-6.863186836242676
403,final,-6.473594665527344
404,final,-6.0972185134887695
405,final,-6.448982238769531
406,final,-6.585667610168457
407,final,-6.753861427307129
408,final,-6.270836353302002
409,final,-7.465206146240234
410,final,-7.858597755432129
411,final,-8.3140869140625
412,final,-8.940733909606934
413,final,-8.003274917602539
414,final,-7.510575294494629
415,final,-7.336346626281738
416,final,-7.968640327453613
417,final,-8.313261985778809
418,final,-7.8799519538879395
419,final,-5.58518123626709
420,final,-7.244975566864014
421,final,-7.807231903076172
422,final,-8.479771614074707
423,final,-7.1938066482543945
424,final,-7.674522399902344
425,final,-8.303400993347168
426,final,-8.259218215942383
427,final,-6.939029216766357
428,final,-8.728089332580566
429,final,-7.464062213897705
430,final,-9.116293907165527
431,final,-7.56540584564209
432,final,-7.996212005615234
433,final,-9.229135513305664
434,final,-8.377290725708008
435,final,-7.221010208129883
436,final,-6.161702632904053
437,final,-7.218637943267822
438,final,-7.619324207305908
439,final,-8.60122013092041
440,final,-6.701056480407715
441,final,-7.6680803298950195
442,final,-7.970178604125977
443,final,-7.685819149017334
444,final,-8.514813423156738
445,final,-7.375500202178955
446,final,-9.334657669067383
447,final,-8.794419288635254
448,final,-8.296313285827637
449,final,-7.86220645904541
450,final,-8.091845512390137
451,final,-6.907923221588135
452,final,-7.18721866607666
453,final,-6.995731830596924
454,final,-7.654505252838135
455,final,-7.569367408752441
456,final,-7.482681751251221
457,final,-6.899046897888184
458,final,-6.835832118988037
459,final,-7.176143646240234
460,final,-7.889944553375244
461,final,-7.059141635894775
462,final,-5.668686389923096
463,final,-6.335808277130127
464,final,-7.202633380889893
465,final,-7.497400283813477
466,final,-6.595422267913818
467,final,-7.023792266845703
468,final,-7.238816738128662
469,final,-7.273590087890625
470,final,-6.4003448486328125
471,final,-8.201419830322266
472,final,-5.766051292419434
473,final,-6.998329162597656
474,final,-6.532199859619141
475,final,-7.02777099609375
476,final,-6.624597549438477
477,final,-5.835564136505127
478,final,-6.169144630432129
479,final,-6.408630847930908
480,final,-5.990957260131836
481,final,-6.531818866729736
482,final,-6.5124831199646
483,final,-6.1825714111328125
484,final,-7.103048324584961
485,final,-5.661711692810059
486,final,-6.392423629760742
487,final,-6.336957931518555
488,final,-5.901125431060791
489,final,-6.597781658172607
490,final,-6.9217376708984375
491,final,-6.630270004272461
492,final,-9.469329833984375
493,final,-8.385045051574707
494,final,-7.621097564697266
495,final,-7.615133762359619
496,final,-7.97521448135376
497,final,-7.685556888580322
498,final,-6.8524980545043945
499,final,-7.850515842437744
500,final,-8.384000778198242
501,final,-6.985069274902344
502,final,-8.523900985717773
503,final,-7.719537258148193
504,final,-8.036160469055176
505,final,-7.66145133972168
506,final,-8.844616889953613
507,final,-7.892460823059082
508,final,-6.473326206207275
509,final,-7.898190021514893
510,final,-7.443757057189941
511,final,-8.894671440124512
512,final,-7.843199253082275
513,final,-7.753530025482178
514,final,-9.684183120727539
515,final,-8.499150276184082
516,final,-7.772363185882568
517,final,-7.991485118865967
518,final,-7.359133243560791
519,final,-6.74525785446167
520,final,-6.959436893463135
521,final,-7.914821147918701
522,final,-7.198726177215576
523,final,-9.389485359191895
524,final,-7.825891494750977
525,final,-7.124241828918457
526,final,-6.432199954986572
527,final,-7.706019878387451
528,final,-9.499860763549805
529,final,-7.221634387969971
530,final,-8.707330703735352
531,final,-7.896886348724365
532,final,-8.667866706848145
533,final,-8.771717071533203
534,final,-8.269674301147461
535,final,-8.76351547241211
536,final,-7.653358459472656
537,final,-6.915940284729004
538,final,-6.909693241119385
539,final,-7.507134914398193
540,final,-6.851600646972656
541,final,-6.386495113372803
542,final,-7.762569904327393
543,final,-7.424985408782959
544,final,-7.285525321960449
545,final,-7.822179317474365
546,final,-6.899377346038818
547,final,-7.039658546447754
548,final,-7.6416802406311035
549,final,-7.69590425491333
550,final,-7.633329391479492
551,final,-6.022701740264893
552,final,-7.151416778564453
553,final,-6.740451812744141
554,final,-8.151558876037598
555,final,-7.7944159507751465
556,final,-5.64801549911499
557,final,-7.841159820556641
558,final,-7.22677755355835
559,final,-7.766829013824463
560,final,-10.000802993774414
561,final,-8.195266723632812
562,final,-7.124423027038574
563,final,-7.152364253997803
564,final,-7.0349273681640625
565,final,-6.627892971038818
566,final,-8.00643253326416
567,final,-7.623622894287109
568,final,-6.959712982177734
569,final,-6.567355632781982
570,final,-7.6860032081604
571,final,-7.823262691497803
572,final,-7.567556858062744
573,final,-7.6263427734375
574,final,-9.069372177124023
575,final,-7.777662754058838
576,final,-9.439081192016602
577,final,-8.218759536743164
578,final,-8.218759536743164
579,final,-6.080085277557373
580,final,-7.766829013824463
581,final,-10.045873641967773
582,final,-7.9032769203186035
583,final,-9.332502365112305
584,final,-8.070701599121094
585,final,-8.57112979888916
586,final,-10.03908634185791
587,final,-7.389110565185547
588,final,-9.645062446594238
589,final,-8.049665451049805
590,final,-9.104466438293457
591,final,-7.530550003051758
592,final,-7.090914726257324
593,final,-7.777662754058838
594,final,-7.5443854331970215
595,final,-8.158203125
596,final,-9.31059455871582
597,final,-6.308694362640381
598,final,-7.473153114318848
599,final,-5.418983459472656
600,final,-7.569390296936035
601,final,-7.365340232849121
602,final,-7.206818103790283
603,final,-9.097907066345215
604,final,-8.81157112121582
605,final,-6.82057523727417
606,final,-6.9283294677734375
607,final,-7.504713535308838
608,final,-7.022686004638672
609,final,-7.53706693649292
610,final,-7.447621822357178
611,final,-7.111169338226318
612,final,-6.31637716293335
613,final,-7.31937837600708
614,final,-7.732827186584473
615,final,-7.88358211517334
616,final,-6.788120746612549
617,final,-9.153950691223145
618,final,-7.969485282897949
619,final,-7.920907020568848
620,final,-6.902786731719971
621,final,-7.069506645202637
622,final,-7.59116792678833
623,final,-8.034722328186035
624,final,-8.298161506652832
625,final,-7.263462066650391
626,final,-7.155908584594727
627,final,-7.757139682769775
628,final,-7.725678443908691
629,final,-7.448400974273682
630,final,-7.447212219238281
631,final,-7.358858585357666
632,final,-6.971883296966553
633,final,-7.073335647583008
634,final,-7.647416591644287
635,final,-8.040266036987305
636,final,-8.43154239654541
637,final,-8.16112995147705
638,final,-8.363850593566895
639,final,-9.116287231445312
640,final,-7.451954364776611
641,final,-8.408690452575684
642,final,-7.3526611328125
643,final,-7.957281589508057
644,final,-7.677172660827637
645,final,-6.352108955383301
646,final,-7.540511131286621
647,final,-7.443707466125488
648,final,-7.181454658508301
649,final,-9.044992446899414
650,final,-7.892790794372559
651,final,-7.214228630065918
652,final,-7.9041876792907715
653,final,-7.994843482971191
654,final,-7.488239288330078
655,final,-8.656291007995605
656,final,-6.583601951599121
657,final,-6.488468170166016
658,final,-8.607728004455566
659,final,-7.729194641113281
660,final,-7.038619041442871
661,final,-8.037829399108887
662,final,-7.624975204467773
663,final,-6.5869550704956055
664,final,-6.882646560668945
665,final,-7.213432312011719
666,final,-7.891762733459473
667,final,-8.347427368164062
668,final,-7.3380255699157715
669,final,-7.040586471557617
670,final,-7.722403049468994
671,final,-7.721977233886719
672,final,-7.038266181945801
673,final,-7.190529823303223
674,final,-6.65983772277832
675,final,-6.983954429626465
676,final,-6.882535457611084
677,final,-7.975451946258545
678,final,-7.959000110626221
679,final,-8.546592712402344
680,final,-7.510067939758301
681,final,-8.556519508361816
682,final,-8.371424674987793
683,final,-7.708723545074463
684,final,-7.517906188964844
685,final,-8.331992149353027
686,final,-8.828436851501465
687,final,-6.225762844085693
688,final,-8.134051322937012
689,final,-9.355196952819824
690,final,-9.160066604614258
691,final,-7.912006855010986
692,final,-9.698896408081055
693,final,-6.7679901123046875
694,final,-8.328505516052246
695,final,-8.788461685180664
696,final,-8.141761779785156
697,final,-10.693339347839355
698,final,-10.233489036560059
699,final,-9.900421142578125
700,final,-8.05637264251709
701,final,-8.493287086486816
702,final,-9.447482109069824
703,final,-10.794759750366211
704,final,-6.183290004730225
705,final,-7.600313186645508
706,final,-9.398547172546387
707,final,-11.297186851501465
708,final,-7.130190372467041
709,final,-9.512504577636719
710,final,-7.55670166015625
711,final,-8.2298002243042
712,final,-8.490774154663086
713,final,-9.228931427001953
714,final,-6.817327976226807
715,final,-9.15701675415039
716,final,-8.514206886291504
717,final,-8.413727760314941
718,final,-8.725508689880371
719,final,-7.132633209228516
720,final,-7.44282865524292
721,final,-9.144121170043945
722,final,-8.385483741760254
723,final,-7.736362457275391
724,final,-7.486194610595703
725,final,-8.510225296020508
726,final,-6.9338507652282715
727,final,-7.392294883728027
728,final,-7.397571086883545
729,final,-8.049849510192871
730,final,-5.509882926940918
731,final,-6.917717933654785
732,final,-8.722294807434082
733,final,-8.411062240600586
734,final,-6.9160261154174805
735,final,-9.65874195098877
736,final,-6.811899662017822
737,final,-8.270411491394043
738,final,-9.36061954498291
739,final,-7.886239051818848
740,final,-9.330154418945312
741,final,-9.000073432922363
742,final,-8.750974655151367
743,final,-7.535944938659668
744,final,-8.248656272888184
745,final,-5.770017623901367
746,final,-6.11622953414917
747,final,-6.535211563110352
748,final,-6.146867275238037
749,final,-6.804864883422852
750,final,-6.739082336425781
751,final,-5.277684211730957
752,final,-6.37086820602417
753,final,-6.177663326263428
754,final,-8.56927490234375
755,final,-5.84370756149292
756,final,-6.4875593185424805
757,final,-8.680296897888184
758,final,-8.460371017456055
759,final,-7.246516227722168
760,final,-7.515636444091797
761,final,-8.506650924682617
762,final,-8.541573524475098
763,final,-6.772369384765625
764,final,-7.179187297821045
765,final,-6.758042812347412
766,final,-6.362822532653809
767,final,-7.340112686157227
768,final,-5.796957492828369
769,final,-7.469776630401611
770,final,-6.902142524719238
771,final,-6.579939842224121
772,final,-7.431675434112549
773,final,-6.534808158874512
774,final,-7.957561016082764
775,final,-8.140853881835938
776,final,-7.490983486175537
777,final,-6.797287464141846
778,final,-6.1466569900512695
779,final,-9.24161434173584
780,final,-7.117988109588623
781,final,-8.770325660705566
782,final,-6.877333164215088
783,final,-6.918266773223877
784,final,-5.321027755737305
785,final,-6.363742351531982
786,final,-5.704856872558594
787,final,-7.125599384307861
788,final,-6.022095680236816
789,final,-6.227499008178711
790,final,-6.174285888671875
791,final,-5.769134998321533
792,final,-6.974652290344238
793,final,-7.407651901245117
794,final,-5.074485778808594
795,final,-5.501676082611084
796,final,-6.124350070953369
797,final,-5.485703468322754
798,final,-7.1649580001831055
799,final,-6.490174770355225
800,final,-6.589920997619629
801,final,-6.259086608886719
802,final,-5.40125036239624
803,final,-8.215677261352539
804,final,-7.107916355133057
805,final,-7.225109577178955
806,final,-6.151443958282471
807,final,-5.4597625732421875
808,final,-5.352310657501221
809,final,-6.670314311981201
810,final,-5.849521160125732
811,final,-7.776962757110596
812,final,-5.953306674957275
813,final,-6.463968753814697
814,final,-6.614433288574219
815,final,-7.913060665130615
816,final,-6.992095947265625
817,final,-5.204219341278076
818,final,-5.699221611022949
819,final,-6.237723350524902
820,final,-5.557260990142822
821,final,-6.6292619705200195
822,final,-6.662910461425781
823,final,-7.100072383880615
824,final,-6.846758842468262
825,final,-5.5078511238098145
826,final,-6.223924160003662
827,final,-5.602270126342773
828,final,-6.1861042976379395
829,final,-5.873214244842529
830,final,-7.1022257804870605
831,final,-5.7340989112854
832,final,-6.334437370300293
833,final,-5.8435492515563965
834,final,-5.880494117736816
835,final,-6.883537292480469
836,final,-7.300693035125732
837,final,-5.47664737701416
838,final,-5.747978687286377
839,final,-5.944880485534668
840,final,-5.639678955078125
841,final,-6.809596061706543
842,final,-6.4027910232543945
843,final,-6.7425127029418945
844,final,-6.166956901550293
845,final,-5.2937140464782715
846,final,-7.418198585510254
847,final,-6.361551761627197
848,final,-5.151635646820068
849,final,-8.362923622131348
850,final,-7.784923076629639
851,final,-6.095873832702637
852,final,-6.671627521514893
853,final,-6.131682395935059
854,final,-6.94893741607666
855,final,-6.401356220245361
856,final,-7.099109172821045
857,final,-5.193538665771484
858,final,-7.951564311981201
859,final,-5.193538665771484
860,final,-5.019199371337891
861,final,-6.172574996948242
862,final,-6.645291805267334
863,final,-6.765478134155273
864,final,-6.508890151977539
865,final,-6.026787757873535
866,final,-8.673990249633789
867,final,-4.974034309387207
868,final,-6.14068603515625
869,final,-5.439952850341797
870,final,-6.50192928314209
871,final,-7.413418769836426
872,final,-5.624388217926025
873,final,-8.217056274414062
874,final,-6.32966947555542
875,final,-6.026787757873535
876,final,-6.149482727050781
877,final,-6.227324962615967
878,final,-6.1336212158203125
879,final,-6.631791114807129
880,final,-6.313544273376465
881,final,-8.380437850952148
882,final,-8.179624557495117
883,final,-5.1464762687683105
884,final,-5.425488471984863
885,final,-5.439952850341797
886,final,-6.948208808898926
887,final,-6.410620212554932
888,final,-8.362923622131348
889,final,-6.798329830169678
890,final,-6.430256366729736
891,final,-5.107181549072266
892,final,-7.5443854331970215
893,final,-7.279745101928711
894,final,-5.943345546722412
895,final,-6.357207298278809
896,final,-6.227208614349365
897,final,-6.829233169555664
898,final,-6.280719757080078
899,final,-6.911710262298584
900,final,-5.547591209411621
901,final,-7.415130615234375
902,final,-5.547591209411621
903,final,-5.0001630783081055
904,final,-5.985455513000488
905,final,-6.556094169616699
906,final,-6.596895694732666
907,final,-6.554537773132324
908,final,-6.255300521850586
909,final,-8.211394309997559
910,final,-6.520880699157715
911,final,-5.833194255828857
912,final,-5.710635662078857
913,final,-6.32040548324585
914,final,-6.415430068969727
915,final,-5.710635662078857
916,final,-6.850780010223389
917,final,-6.62470006942749
918,final,-6.516270637512207
919,final,-6.016006946563721
920,final,-6.513485908508301
921,final,-6.6746602058410645
922,final,-5.8513078689575195
923,final,-5.886222839355469
924,final,-6.601310729980469
925,final,-6.549601078033447
926,final,-6.755120277404785
927,final,-6.513119697570801
928,final,-6.886476516723633
929,final,-5.820744037628174
930,final,-6.169698715209961
931,final,-6.592681884765625
932,final,-5.915274143218994
933,final,-6.061086654663086
934,final,-6.505555152893066
935,final,-8.257155418395996
936,final,-6.350959777832031
937,final,-6.071365833282471
938,final,-7.033439636230469
939,final,-6.996647357940674
940,final,-7.081392288208008
941,final,-7.4503374099731445
942,final,-8.042465209960938
943,final,-6.125458240509033
944,final,-6.2522358894348145
945,final,-6.00012731552124
946,final,-6.315760612487793
947,final,-6.415942668914795
948,final,-5.709340572357178
949,final,-6.800898551940918
950,final,-7.097376823425293
951,final,-6.594311714172363
952,final,-5.664443016052246
953,final,-6.610119819641113
954,final,-5.704798221588135
955,final,-5.7214884757995605
956,final,-6.060708999633789
957,final,-6.536013126373291
958,final,-5.7214884757995605
959,final,-6.694380760192871
960,final,-6.363564491271973
961,final,-5.961721420288086
962,final,-6.110558032989502
963,final,-6.1581573486328125
964,final,-6.720494747161865
965,final,-5.482229709625244
966,final,-5.762957572937012
967,final,-6.395519256591797
968,final,-6.175115585327148
969,final,-6.365307807922363
970,final,-6.645773410797119
971,final,-6.409623622894287
972,final,-5.596187591552734
973,final,-5.984469890594482
974,final,-9.300765991210938
975,final,-7.976194381713867
976,final,-6.5972900390625
977,final,-6.050353050231934
978,final,-8.3980712890625
979,final,-7.040464401245117
980,final,-6.195698261260986
981,final,-8.859360694885254
982,final,-5.358449935913086
983,final,-6.308439254760742
984,final,-6.567086696624756
985,final,-6.079986095428467
986,final,-6.923233985900879
987,final,-7.779347896575928
988,final,-5.924430847167969
989,final,-6.905219078063965
990,final,-7.242570877075195
991,final,-5.503982067108154
992,final,-7.1331915855407715
993,final,-6.864010334014893
994,final,-6.746154308319092
995,final,-7.144358158111572
996,final,-8.015120506286621
997,final,-7.422169208526611
998,final,-7.319205284118652
999,final,-6.735517501831055
1000,final,-5.951196670532227
1001,final,-8.016629219055176
1002,final,-6.892037391662598
1003,final,-6.689310073852539
1004,final,-8.500901222229004
1005,final,-7.281355857849121
1006,final,-6.206756114959717
1007,final,-7.92599630355835
1008,final,-6.93955659866333
1009,final,-7.465430736541748
1010,final,-5.724867820739746
1011,final,-6.39577579498291
1012,final,-6.5223541259765625
1013,final,-6.704474449157715
1014,final,-7.797679424285889
1015,final,-7.939483642578125
1016,final,-6.068703651428223
1017,final,-8.293519020080566
1018,final,-7.8510026931762695
1019,final,-6.623132705688477
1020,final,-6.463878154754639
1021,final,-7.529043197631836
1022,final,-6.801797389984131
1023,final,-6.223170757293701
1024,final,-7.8591084480285645
1025,final,-5.292232513427734
1026,final,-5.921602725982666
1027,final,-6.350723743438721
1028,final,-5.9364542961120605
1029,final,-6.3736186027526855
1030,final,-7.166622638702393
1031,final,-6.291229248046875
1032,final,-6.854634761810303
1033,final,-7.172371864318848
1034,final,-5.660534381866455
1035,final,-6.440677642822266
1036,final,-7.530630588531494
1037,final,-6.453396320343018
1038,final,-4.960258960723877
1039,final,-5.1783623695373535
1040,final,-6.9871931076049805
1041,final,-6.142082691192627
1042,final,-5.5475335121154785
1043,final,-6.859294414520264
1044,final,-5.633983612060547
1045,final,-5.343765735626221
1046,final,-6.814769268035889
1047,final,-6.296620845794678
1048,final,-5.464757442474365
1049,final,-6.994072437286377
1050,final,-5.2077717781066895
1051,final,-5.639394283294678
1052,final,-6.986704349517822
1053,final,-6.114672660827637
1054,final,-6.2374067306518555
1055,final,-6.04241418838501
1056,final,-5.157634735107422
1057,final,-7.484110355377197
1058,final,-7.38655948638916
1059,final,-6.546384811401367
1060,final,-6.612858772277832
1061,final,-5.41905403137207
1062,final,-6.400654315948486
1063,final,-7.153934955596924
1064,final,-6.785028457641602
1065,final,-6.832886219024658
1066,final,-6.559584617614746
1067,final,-5.664999008178711
1068,final,-5.417578220367432
1069,final,-4.965753078460693
1070,final,-6.395744323730469
1071,final,-6.2740068435668945
1072,final,-5.420161247253418
1073,final,-6.519407272338867
1074,final,-6.919474124908447
1075,final,-5.103472709655762
1076,final,-6.15802526473999
1077,final,-5.932922840118408
1078,final,-6.653128147125244
1079,final,-7.0613555908203125
1080,final,-7.668980121612549
1081,final,-6.792076587677002
1082,final,-6.979347229003906
1083,final,-6.718653678894043
1084,final,-6.718653678894043
1085,final,-7.296148777008057
1086,final,-7.05474853515625
1087,final,-7.264185428619385
1088,final,-6.582675457000732
1089,final,-6.875471591949463
1090,final,-7.5046820640563965
1091,final,-6.926050186157227
1092,final,-6.769896030426025
1093,final,-7.3047966957092285
1094,final,-6.55272912979126
1095,final,-7.001147747039795
1096,final,-6.151083469390869
1097,final,-7.892331600189209
1098,final,-6.842977046966553
1099,final,-7.228806972503662
1100,final,-6.763762950897217
1101,final,-6.31317663192749
1102,final,-7.529764652252197
1103,final,-6.775814056396484
1104,final,-7.691928863525391
1105,final,-5.878227233886719
1106,final,-7.6618828773498535
1107,final,-8.498831748962402
1108,final,-6.473947048187256
1109,final,-7.501000881195068
1110,final,-8.158730506896973
1111,final,-5.917770862579346
1112,final,-7.681437969207764
1113,final,-6.941741943359375
1114,final,-6.9324750900268555
1115,final,-6.842409610748291
1116,final,-8.498831748962402
1117,final,-6.226611137390137
1118,final,-6.494682788848877
1119,final,-5.14927339553833
1120,final,-5.075052738189697
1121,final,-6.310708522796631
1122,final,-6.527498722076416
1123,final,-6.709582328796387
1124,final,-5.785395622253418
1125,final,-6.346277713775635
1126,final,-5.789819240570068
1127,final,-5.789819240570068
1128,final,-6.497657775878906
1129,final,-6.101617336273193
1130,final,-6.2741546630859375
1131,final,-5.8853044509887695
1132,final,-5.588021278381348
1133,final,-6.40355920791626
1134,final,-6.377779483795166
1135,final,-5.713723659515381
1136,final,-6.318302154541016
1137,final,-6.137712001800537
1138,final,-5.975589752197266
1139,final,-7.617950916290283
1140,final,-8.026432991027832
1141,final,-6.5494232177734375
1142,final,-5.636125087738037
1143,final,-6.9566168785095215
1144,final,-7.090275287628174
1145,final,-6.958224773406982
1146,final,-5.950472354888916
1147,final,-6.843188762664795
1148,final,-7.2371110916137695
1149,final,-6.488317012786865
1150,final,-8.01467514038086
1151,final,-8.402312278747559
1152,final,-6.873436450958252
1153,final,-7.807887554168701
1154,final,-6.254659175872803
1155,final,-8.402313232421875
1156,final,-7.314365863800049
1157,final,-8.184351921081543
1158,final,-6.751777648925781
1159,final,-6.605269432067871
1160,final,-8.212506294250488
1161,final,-8.292336463928223
1162,final,-5.883857727050781
1163,final,-6.069270610809326
1164,final,-7.37693452835083
1165,final,-8.769813537597656
1166,final,-8.292336463928223
1167,final,-5.57168436050415
1168,final,-7.746628284454346
1169,final,-8.930908203125
1170,final,-7.4880690574646
1171,final,-6.754380702972412
1172,final,-7.79137659072876
1173,final,-7.79137659072876
1174,final,-7.1601881980896
1175,final,-6.372840404510498
1176,final,-5.826330661773682
1177,final,-5.970647811889648
1178,final,-6.323689937591553
1179,final,-6.687526226043701
1180,final,-7.836284160614014
1181,final,-7.37693452835083
1182,final,-6.7963666915893555
1183,final,-6.917775630950928
1184,final,-5.839058876037598
1185,final,-5.432516098022461
1186,final,-6.306491374969482
1187,final,-6.259792327880859
1188,final,-6.187454700469971
1189,final,-5.311996936798096
1190,final,-6.372486114501953
1191,final,-6.786344528198242
1192,final,-6.0586323738098145
1193,final,-7.0293426513671875
1194,final,-7.311513423919678
1195,final,-6.3377556800842285
1196,final,-6.764917850494385
1197,final,-5.496880054473877
1198,final,-7.311513423919678
1199,final,-6.626622676849365
1200,final,-7.164031028747559
1201,final,-6.433447360992432
1202,final,-7.470103740692139
1203,final,-7.72274112701416
1204,final,-7.143477916717529
1205,final,-7.13700532913208
1206,final,-7.635687828063965
1207,final,-6.771415710449219
1208,final,-7.4724297523498535
1209,final,-7.551629066467285
1210,final,-6.973525047302246
1211,final,-6.804800033569336
1212,final,-7.746464729309082
1213,final,-7.201428413391113
1214,final,-7.548734664916992
1215,final,-6.4410295486450195
1216,final,-7.524962425231934
1217,final,-6.999502658843994
1218,final,-7.304155349731445
1219,final,-7.483741760253906
1220,final,-6.362290859222412
1221,final,-7.174839019775391
1222,final,-7.537171840667725
1223,final,-6.93526554107666
1224,final,-6.803554058074951
1225,final,-8.115972518920898
1226,final,-7.434047698974609
1227,final,-6.7825703620910645
1228,final,-6.917594909667969
1229,final,-6.883290767669678
1230,final,-6.833890914916992
1231,final,-7.474717140197754
1232,final,-7.157445430755615
1233,final,-7.126245975494385
1234,final,-7.068093776702881
1235,final,-8.650781631469727
1236,final,-6.256200790405273
1237,final,-7.58591365814209
1238,final,-7.565436363220215
1239,final,-6.737231731414795
1240,final,-6.258265972137451
1241,final,-7.7741804122924805
1242,final,-7.017709255218506
1243,final,-7.015261650085449
1244,final,-6.9537177085876465
1245,final,-6.111200332641602
1246,final,-6.800446510314941
1247,final,-5.930242538452148
1248,final,-6.5483503341674805
1249,final,-6.587248802185059
1250,final,-5.810016632080078
1251,final,-6.686458110809326
1252,final,-6.896317481994629
1253,final,-5.9378228187561035
1254,final,-6.058056831359863
1255,final,-6.813446044921875
1256,final,-6.281476974487305
1257,final,-6.454801559448242
1258,final,-5.629021167755127
1259,final,-6.818322658538818
1260,final,-6.123928546905518
1261,final,-6.11472225189209
1262,final,-6.744166374206543
1263,final,-5.093523979187012
1264,final,-5.832153797149658
1265,final,-8.13516616821289
1266,final,-7.080869197845459
1267,final,-8.076160430908203
1268,final,-7.866928577423096
1269,final,-8.227877616882324
1270,final,-7.677110195159912
1271,final,-9.306097984313965
1272,final,-8.19373607635498
1273,final,-7.46566915512085
1274,final,-7.0440802574157715
1275,final,-6.693149566650391
1276,final,-9.524012565612793
1277,final,-7.352406978607178
1278,final,-7.110030174255371
1279,final,-7.0575127601623535
1280,final,-6.3968305587768555
1281,final,-7.9246978759765625
1282,final,-9.053743362426758
1283,final,-7.684440612792969
1284,final,-7.3869709968566895
1285,final,-9.033415794372559
1286,final,-7.0002665519714355
1287,final,-8.236907958984375
1288,final,-7.19460391998291
1289,final,-9.245769500732422
1290,final,-8.032012939453125
1291,final,-8.192200660705566
1292,final,-7.80825138092041
1293,final,-9.215798377990723
1294,final,-8.191632270812988
1295,final,-8.076160430908203
1296,final,-8.423236846923828
1297,final,-8.149397850036621
1298,final,-7.6002278327941895
1299,final,-6.156403064727783
1300,final,-6.3968305587768555
1301,final,-6.7899932861328125
1302,final,-9.198526382446289
1303,final,-7.76709508895874
1304,final,-7.892554759979248
1305,final,-8.270063400268555
1306,final,-8.16792106628418
1307,final,-7.835912704467773
1308,final,-6.446592807769775
1309,final,-5.608583927154541
1310,final,-6.890032768249512
1311,final,-6.2891130447387695
1312,final,-7.521458148956299
1313,final,-6.403075218200684
1314,final,-7.7957763671875
1315,final,-6.151093482971191
1316,final,-6.354652404785156
1317,final,-6.254460334777832
1318,final,-5.530625820159912
1319,final,-7.246110439300537
1320,final,-5.899102210998535
1321,final,-5.655583381652832
1322,final,-6.3029303550720215
1323,final,-5.619106769561768
1324,final,-6.754236698150635
1325,final,-7.650872230529785
1326,final,-6.687067031860352
1327,final,-5.7516584396362305
1328,final,-5.617437362670898
1329,final,-5.593718528747559
1330,final,-5.593718528747559
1331,final,-7.888392925262451
1332,final,-7.349973678588867
1333,final,-5.81581449508667
1334,final,-6.5975494384765625
1335,final,-5.622532367706299
1336,final,-6.246764183044434
1337,final,-6.089425086975098
1338,final,-5.228548049926758
1339,final,-6.267663478851318
1340,final,-6.433282375335693
1341,final,-6.913399696350098
1342,final,-6.8649725914001465
1343,final,-5.4835100173950195
1344,final,-6.287374019622803
1345,final,-5.259920597076416
1346,final,-5.37727165222168
1347,final,-5.459554195404053
1348,final,-6.359451770782471
1349,final,-6.721520900726318
1350,final,-5.587189674377441
1351,final,-5.625579357147217
1352,final,-7.075483798980713
1353,final,-5.621203422546387
1354,final,-6.122049331665039
1355,final,-5.265469551086426
1356,final,-6.366915225982666
1357,final,-5.653796195983887
1358,final,-5.720342636108398
1359,final,-5.80286169052124
1360,final,-5.713202476501465
1361,final,-5.175807476043701
1362,final,-5.051965236663818
1363,final,-6.413963317871094
1364,final,-5.788790702819824
1365,final,-6.361693859100342
1366,final,-5.211849212646484
1367,final,-6.0451250076293945
0,best,-6.172836780548096
1,best,-8.167021751403809
2,best,-6.436317443847656
3,best,-6.980658531188965
4,best,-5.447245121002197
5,best,-7.751165866851807
6,best,-5.916633605957031
7,best,-7.452905178070068
8,best,-5.906168460845947
9,best,-6.088013172149658
10,best,-6.959500789642334
11,best,-5.93605899810791
12,best,-5.941496849060059
13,best,-6.152601718902588
14,best,-5.97826623916626
15,best,-6.181765079498291
16,best,-7.102519512176514
17,best,-5.93605899810791
18,best,-7.549098491668701
19,best,-6.436317443847656
20,best,-7.168527126312256
21,best,-7.000537395477295
22,best,-7.260996341705322
23,best,-6.6704511642456055
24,best,-5.848228454589844
25,best,-7.000537395477295
26,best,-7.541072845458984
27,best,-6.912438869476318
28,best,-5.970384120941162
29,best,-7.541072845458984
30,best,-6.506765365600586
31,best,-7.489393711090088
32,best,-6.215419292449951
33,best,-7.589028835296631
34,best,-8.183713912963867
35,best,-7.0446929931640625
36,best,-6.308963298797607
37,best,-6.827863693237305
38,best,-6.041024684906006
39,best,-6.68009614944458
40,best,-7.044191360473633
41,best,-5.80765438079834
42,best,-6.908256530761719
43,best,-6.191584587097168
44,best,-6.881043434143066
45,best,-7.854001998901367
46,best,-6.479602336883545
47,best,-6.740937232971191
48,best,-7.5757365226745605
49,best,-7.285166263580322
50,best,-7.431375503540039
51,best,-7.128894805908203
52,best,-6.0686726570129395
53,best,-6.874078273773193
54,best,-7.384730815887451
55,best,-6.5557403564453125
56,best,-6.720150947570801
57,best,-6.559065818786621
58,best,-6.288187026977539
59,best,-6.547486305236816
60,best,-6.413259029388428
61,best,-7.151144504547119
62,best,-7.872108459472656
63,best,-8.729485511779785
64,best,-8.025391578674316
65,best,-7.129852294921875
66,best,-7.161012649536133
67,best,-6.4467573165893555
68,best,-7.4792585372924805
69,best,-6.265489101409912
70,best,-7.9552507400512695
71,best,-6.00496768951416
72,best,-6.930477619171143
73,best,-7.205478668212891
74,best,-7.636857032775879
75,best,-8.428840637207031
76,best,-7.286530017852783
77,best,-6.213719367980957
78,best,-7.140568733215332
79,best,-6.4586639404296875
80,best,-5.735091209411621
81,best,-6.577080249786377
82,best,-6.490903377532959
83,best,-5.807732105255127
84,best,-5.788624286651611
85,best,-5.316987991333008
86,best,-5.937561988830566
87,best,-7.179044723510742
88,best,-7.837352752685547
89,best,-5.570600509643555
90,best,-6.2692179679870605
91,best,-6.005723476409912
92,best,-5.91318941116333
93,best,-5.459894180297852
94,best,-6.393838882446289
95,best,-6.683176517486572
96,best,-6.961094856262207
97,best,-4.997870445251465
98,best,-6.355550289154053
99,best,-5.264292240142822
100,best,-7.031688213348389
101,best,-5.476073265075684
102,best,-5.724062442779541
103,best,-6.462531089782715
104,best,-6.390931606292725
105,best,-6.50351095199585
106,best,-4.888286113739014
107,best,-6.466959476470947
108,best,-6.390931606292725
109,best,-5.044610023498535
110,best,-8.034261703491211
111,best,-7.404483318328857
112,best,-5.805613994598389
113,best,-6.69189977645874
114,best,-7.075559139251709
115,best,-5.617424964904785
116,best,-6.565147399902344
117,best,-6.640349864959717
118,best,-6.122925281524658
119,best,-6.73254919052124
120,best,-6.7184062004089355
121,best,-8.06136417388916
122,best,-5.356032848358154
123,best,-5.9101080894470215
124,best,-6.2264933586120605
125,best,-5.356032848358154
126,best,-8.04788875579834
127,best,-6.326385021209717
128,best,-7.834955215454102
129,best,-5.912084579467773
130,best,-6.191098213195801
131,best,-5.528217792510986
132,best,-7.710815906524658
133,best,-7.228418827056885
134,best,-5.794668674468994
135,best,-7.548439025878906
136,best,-6.514513969421387
137,best,-7.562112331390381
138,best,-6.15906286239624
139,best,-7.4236159324646
140,best,-6.59263801574707
141,best,-6.3339762687683105
142,best,-7.4387712478637695
143,best,-5.85736608505249
144,best,-8.020524024963379
145,best,-7.7253007888793945
146,best,-6.59137487411499
147,best,-6.623499870300293
148,best,-7.5784807205200195
149,best,-6.795599937438965
150,best,-6.6487135887146
151,best,-7.4295125007629395
152,best,-6.0715508460998535
153,best,-6.016979694366455
154,best,-6.4694294929504395
155,best,-6.815831184387207
156,best,-6.4694294929504395
157,best,-7.3431220054626465
158,best,-7.304126739501953
159,best,-6.4568023681640625
160,best,-6.282783508300781
161,best,-7.131446838378906
162,best,-6.95219087600708
163,best,-8.275744438171387
164,best,-7.6775994300842285
165,best,-7.002125263214111
166,best,-5.774473190307617
167,best,-6.825629711151123
168,best,-8.069864273071289
169,best,-6.391042709350586
170,best,-8.363815307617188
171,best,-7.629475116729736
172,best,-8.239493370056152
173,best,-7.521901607513428
174,best,-6.5236639976501465
175,best,-7.122068881988525
176,best,-7.882081508636475
177,best,-7.841577053070068
178,best,-6.071929454803467
179,best,-8.331146240234375
180,best,-4.8386101722717285
181,best,-5.864326477050781
182,best,-5.752241611480713
183,best,-5.309176921844482
184,best,-7.013729572296143
185,best,-6.609224319458008
186,best,-6.053912162780762
187,best,-7.252360820770264
188,best,-6.3407440185546875
189,best,-7.28303861618042
190,best,-8.094712257385254
191,best,-7.085605621337891
192,best,-6.077445983886719
193,best,-7.469225883483887
194,best,-6.411992073059082
195,best,-4.5892157554626465
196,best,-7.717015266418457
197,best,-5.983580589294434
198,best,-6.296274185180664
199,best,-4.990739345550537
200,best,-5.177546501159668
201,best,-6.612368106842041
202,best,-5.470440864562988
203,best,-5.186957359313965
204,best,-4.672485828399658
205,best,-4.672485828399658
206,best,-5.347757816314697
207,best,-5.925631523132324
208,best,-7.280123233795166
209,best,-6.712210655212402
210,best,-6.996451377868652
211,best,-7.184829235076904
212,best,-6.986250877380371
213,best,-6.422983169555664
214,best,-5.085223197937012
215,best,-6.778001308441162
216,best,-5.8122029304504395
217,best,-7.198741436004639
218,best,-6.424777984619141
219,best,-7.55753755569458
220,best,-6.706148147583008
221,best,-6.564848899841309
222,best,-7.1106390953063965
223,best,-7.970192909240723
224,best,-6.99209451675415
225,best,-7.051206111907959
226,best,-7.4560089111328125
227,best,-7.197898864746094
228,best,-7.416398048400879
229,best,-8.275254249572754
230,best,-7.0048322677612305
231,best,-7.23405647277832
232,best,-7.255769729614258
233,best,-7.498019218444824
234,best,-7.079463958740234
235,best,-7.280449867248535
236,best,-8.114763259887695
237,best,-7.6290459632873535
238,best,-7.456732749938965
239,best,-6.606067657470703
240,best,-6.845078468322754
241,best,-8.34619426727295
242,best,-7.1499199867248535
243,best,-6.830343246459961
244,best,-7.397119998931885
245,best,-7.346504211425781
246,best,-7.83352518081665
247,best,-7.347819805145264
248,best,-7.480732440948486
249,best,-7.325028419494629
250,best,-7.501951694488525
251,best,-7.225846290588379
252,best,-7.079463958740234
253,best,-6.564849853515625
254,best,-6.564849853515625
255,best,-8.275254249572754
256,best,-7.073649883270264
257,best,-6.584720134735107
258,best,-7.38584041595459
259,best,-6.74915885925293
260,best,-8.009483337402344
261,best,-7.171814918518066
262,best,-7.1826605796813965
263,best,-6.237001895904541
264,best,-6.294821262359619
265,best,-6.286919593811035
266,best,-7.356791973114014
267,best,-6.395604610443115
268,best,-6.616160869598389
269,best,-6.556138038635254
270,best,-7.1452107429504395
271,best,-7.126435279846191
272,best,-7.50007438659668
273,best,-6.472031593322754
274,best,-6.455560684204102
275,best,-6.762567043304443
276,best,-6.737941741943359
277,best,-6.245820999145508
278,best,-6.733853816986084
279,best,-7.1710381507873535
280,best,-6.854580879211426
281,best,-6.879302024841309
282,best,-6.066432476043701
283,best,-5.927087783813477
284,best,-8.363831520080566
285,best,-7.106019020080566
286,best,-6.719354629516602
287,best,-7.026371955871582
288,best,-8.38496208190918
289,best,-7.358172416687012
290,best,-7.9611663818359375
291,best,-7.230055332183838
292,best,-7.9991912841796875
293,best,-7.164185523986816
294,best,-8.382490158081055
295,best,-7.766283988952637
296,best,-7.906922340393066
297,best,-6.377471923828125
298,best,-6.696314334869385
299,best,-7.124958515167236
300,best,-6.696314334869385
301,best,-7.454075336456299
302,best,-7.130176067352295
303,best,-6.190705299377441
304,best,-6.96644401550293
305,best,-7.244887351989746
306,best,-6.965088844299316
307,best,-6.592795372009277
308,best,-7.446178913116455
309,best,-8.036139488220215
310,best,-7.766283988952637
311,best,-7.77872896194458
312,best,-7.4479756355285645
313,best,-8.38496208190918
314,best,-8.11065673828125
315,best,-6.592795372009277
316,best,-6.839198112487793
317,best,-7.769659996032715
318,best,-6.795958995819092
319,best,-8.250558853149414
320,best,-6.714566707611084
321,best,-8.38496208190918
322,best,-7.030020713806152
323,best,-6.94185733795166
324,best,-6.454775333404541
325,best,-8.011578559875488
326,best,-5.897055149078369
327,best,-7.478784561157227
328,best,-6.839136600494385
329,best,-6.226023197174072
330,best,-6.633657455444336
331,best,-7.672479629516602
332,best,-6.801435470581055
333,best,-7.450840950012207
334,best,-6.8846540451049805
335,best,-7.52523136138916
336,best,-6.758991718292236
337,best,-7.9878363609313965
338,best,-6.886806488037109
339,best,-7.202735900878906
340,best,-6.486837387084961
341,best,-6.511660575866699
342,best,-6.919537544250488
343,best,-6.511660575866699
344,best,-7.021736145019531
345,best,-7.014087677001953
346,best,-6.750680446624756
347,best,-7.234460830688477
348,best,-7.640130043029785
349,best,-7.471452713012695
350,best,-5.9875617027282715
351,best,-7.081894397735596
352,best,-6.108789920806885
353,best,-7.14031457901001
354,best,-6.278438568115234
355,best,-7.336222171783447
356,best,-6.591552734375
357,best,-7.512941360473633
358,best,-6.8787455558776855
359,best,-6.958189010620117
360,best,-6.648324966430664
361,best,-6.341883659362793
362,best,-6.890645503997803
363,best,-6.239083290100098
364,best,-7.231813430786133
365,best,-6.4292707443237305
366,best,-7.257150650024414
367,best,-7.019801139831543
368,best,-7.744477272033691
369,best,-7.264852523803711
370,best,-6.744588851928711
371,best,-7.261514663696289
372,best,-5.597041606903076
373,best,-6.542935848236084
374,best,-7.234622478485107
375,best,-6.766402244567871
376,best,-6.978217124938965
377,best,-6.41119909286499
378,best,-6.219029903411865
379,best,-5.993110179901123
380,best,-6.691417694091797
381,best,-7.015303611755371
382,best,-6.702176570892334
383,best,-6.158981800079346
384,best,-6.835589408874512
385,best,-7.197909832000732
386,best,-7.019801139831543
387,best,-6.46726655960083
388,best,-6.986454010009766
389,best,-6.187655925750732
390,best,-6.7939276695251465
391,best,-7.134531497955322
392,best,-6.46213436126709
393,best,-5.857783794403076
394,best,-6.7753400802612305
395,best,-6.167949676513672
396,best,-7.247403144836426
397,best,-6.2605695724487305
398,best,-7.3833465576171875
399,best,-6.714054107666016
400,best,-7.028770446777344
401,best,-7.0525689125061035
402,best,-6.863186836242676
403,best,-6.473594665527344
404,best,-6.0972185134887695
405,best,-6.448982238769531
406,best,-6.585667610168457
407,best,-6.753861427307129
408,best,-6.270836353302002
409,best,-7.465206146240234
410,best,-7.858597755432129
411,best,-8.3140869140625
412,best,-8.940733909606934
413,best,-8.003274917602539
414,best,-7.510575294494629
415,best,-7.336346626281738
416,best,-7.968640327453613
417,best,-8.313261985778809
418,best,-7.8799519538879395
419,best,-5.58518123626709
420,best,-7.244975566864014
421,best,-7.807231903076172
422,best,-8.479771614074707
423,best,-7.1938066482543945
424,best,-7.674522399902344
425,best,-8.303400993347168
426,best,-8.259218215942383
427,best,-6.939029216766357
428,best,-8.728089332580566
429,best,-7.464062213897705
430,best,-9.116293907165527
431,best,-7.56540584564209
432,best,-7.996212005615234
433,best,-9.229135513305664
434,best,-8.377290725708008
435,best,-7.221010208129883
436,best,-6.161702632904053
437,best,-7.218637943267822
438,best,-7.619324207305908
439,best,-8.60122013092041
440,best,-6.701056480407715
441,best,-7.6680803298950195
442,best,-7.970178604125977
443,best,-7.685819149017334
444,best,-8.514813423156738
445,best,-7.375500202178955
446,best,-9.334657669067383
447,best,-8.794419288635254
448,best,-8.296313285827637
449,best,-7.86220645904541
450,best,-8.091845512390137
451,best,-6.907923221588135
452,best,-7.18721866607666
453,best,-6.995731830596924
454,best,-7.654505252838135
455,best,-7.569367408752441
456,best,-7.482681751251221
457,best,-6.899046897888184
458,best,-6.835832118988037
459,best,-7.176143646240234
460,best,-7.889944553375244
461,best,-7.059141635894775
462,best,-5.668686389923096
463,best,-6.335808277130127
464,best,-7.202633380889893
465,best,-7.497400283813477
466,best,-6.595422267913818
467,best,-7.023792266845703
468,best,-7.238816738128662
469,best,-7.273590087890625
470,best,-6.4003448486328125
471,best,-8.201419830322266
472,best,-5.766051292419434
473,best,-6.998329162597656
474,best,-6.532199859619141
475,best,-7.02777099609375
476,best,-6.624597549438477
477,best,-5.835564136505127
478,best,-6.169144630432129
479,best,-6.408630847930908
480,best,-5.990957260131836
481,best,-6.531818866729736
482,best,-6.5124831199646
483,best,-6.1825714111328125
484,best,-7.103048324584961
485,best,-5.661711692810059
486,best,-6.392423629760742
487,best,-6.336957931518555
488,best,-5.901125431060791
489,best,-6.597781658172607
490,best,-6.9217376708984375
491,best,-6.630270004272461
492,best,-9.469329833984375
493,best,-8.385045051574707
494,best,-7.621097564697266
495,best,-7.615133762359619
496,best,-7.97521448135376
497,best,-7.685556888580322
498,best,-6.8524980545043945
499,best,-7.850515842437744
500,best,-8.384000778198242
501,best,-6.985069274902344
502,best,-8.523900985717773
503,best,-7.719537258148193
504,best,-8.036160469055176
505,best,-7.66145133972168
506,best,-8.844616889953613
507,best,-7.892460823059082
508,best,-6.473326206207275
509,best,-7.898190021514893
510,best,-7.443757057189941
511,best,-8.894671440124512
512,best,-7.843199253082275
513,best,-7.753530025482178
514,best,-9.684183120727539
515,best,-8.499150276184082
516,best,-7.772363185882568
517,best,-7.991485118865967
518,best,-7.359133243560791
519,best,-6.74525785446167
520,best,-6.959436893463135
521,best,-7.914821147918701
522,best,-7.198726177215576
523,best,-9.389485359191895
524,best,-7.825891494750977
525,best,-7.124241828918457
526,best,-6.432199954986572
527,best,-7.706019878387451
528,best,-9.499860763549805
529,best,-7.221634387969971
530,best,-8.707330703735352
531,best,-7.896886348724365
532,best,-8.667866706848145
533,best,-8.771717071533203
534,best,-8.269674301147461
535,best,-8.76351547241211
536,best,-7.653358459472656
537,best,-6.915940284729004
538,best,-6.909693241119385
539,best,-7.507134914398193
540,best,-6.851600646972656
541,best,-6.386495113372803
542,best,-7.762569904327393
543,best,-7.424985408782959
544,best,-7.285525321960449
545,best,-7.822179317474365
546,best,-6.899377346038818
547,best,-7.039658546447754
548,best,-7.6416802406311035
549,best,-7.69590425491333
550,best,-7.633329391479492
551,best,-6.022701740264893
552,best,-7.151416778564453
553,best,-6.740451812744141
554,best,-8.151558876037598
555,best,-7.7944159507751465
556,best,-5.64801549911499
557,best,-7.841159820556641
558,best,-7.22677755355835
559,best,-7.766829013824463
560,best,-10.000802993774414
561,best,-8.195266723632812
562,best,-7.124423027038574
563,best,-7.152364253997803
564,best,-7.0349273681640625
565,best,-6.627892971038818
566,best,-8.00643253326416
567,best,-7.623622894287109
568,best,-6.959712982177734
569,best,-6.567355632781982
570,best,-7.6860032081604
571,best,-7.823262691497803
572,best,-7.567556858062744
573,best,-7.6263427734375
574,best,-9.069372177124023
575,best,-7.777662754058838
576,best,-9.439081192016602
577,best,-8.218759536743164
578,best,-8.218759536743164
579,best,-6.080085277557373
580,best,-7.766829013824463
581,best,-10.045873641967773
582,best,-7.9032769203186035
583,best,-9.332502365112305
584,best,-8.070701599121094
585,best,-8.57112979888916
586,best,-10.03908634185791
587,best,-7.389110565185547
588,best,-9.645062446594238
589,best,-8.049665451049805
590,best,-9.104466438293457
591,best,-7.530550003051758
592,best,-7.090914726257324
593,best,-7.777662754058838
594,best,-7.5443854331970215
595,best,-8.158203125
596,best,-9.31059455871582
597,best,-6.308694362640381
598,best,-7.473153114318848
599,best,-5.418983459472656
600,best,-7.569390296936035
601,best,-7.365340232849121
602,best,-7.206818103790283
603,best,-9.097907066345215
604,best,-8.81157112121582
605,best,-6.82057523727417
606,best,-6.9283294677734375
607,best,-7.504713535308838
608,best,-7.022686004638672
609,best,-7.53706693649292
610,best,-7.447621822357178
611,best,-7.111169338226318
612,best,-6.31637716293335
613,best,-7.31937837600708
614,best,-7.732827186584473
615,best,-7.88358211517334
616,best,-6.788120746612549
617,best,-9.153950691223145
618,best,-7.969485282897949
619,best,-7.920907020568848
620,best,-6.902786731719971
621,best,-7.069506645202637
622,best,-7.59116792678833
623,best,-8.034722328186035
624,best,-8.298161506652832
625,best,-7.263462066650391
626,best,-7.155908584594727
627,best,-7.757139682769775
628,best,-7.725678443908691
629,best,-7.448400974273682
630,best,-7.447212219238281
631,best,-7.358858585357666
632,best,-6.971883296966553
633,best,-7.073335647583008
634,best,-7.647416591644287
635,best,-8.040266036987305
636,best,-8.43154239654541
637,best,-8.16112995147705
638,best,-8.363850593566895
639,best,-9.116287231445312
640,best,-7.451954364776611
641,best,-8.408690452575684
642,best,-7.3526611328125
643,best,-7.957281589508057
644,best,-7.677172660827637
645,best,-6.352108955383301
646,best,-7.540511131286621
647,best,-7.443707466125488
648,best,-7.181454658508301
649,best,-9.044992446899414
650,best,-7.892790794372559
651,best,-7.214228630065918
652,best,-7.9041876792907715
653,best,-7.994843482971191
654,best,-7.488239288330078
655,best,-8.656291007995605
656,best,-6.583601951599121
657,best,-6.488468170166016
658,best,-8.607728004455566
659,best,-7.729194641113281
660,best,-7.038619041442871
661,best,-8.037829399108887
662,best,-7.624975204467773
663,best,-6.5869550704956055
664,best,-6.882646560668945
665,best,-7.213432312011719
666,best,-7.891762733459473
667,best,-8.347427368164062
668,best,-7.3380255699157715
669,best,-7.040586471557617
670,best,-7.722403049468994
671,best,-7.721977233886719
672,best,-7.038266181945801
673,best,-7.190529823303223
674,best,-6.65983772277832
675,best,-6.983954429626465
676,best,-6.882535457611084
677,best,-7.975451946258545
678,best,-7.959000110626221
679,best,-8.546592712402344
680,best,-7.510067939758301
681,best,-8.556519508361816
682,best,-8.371424674987793
683,best,-7.708723545074463
684,best,-7.517906188964844
685,best,-8.331992149353027
686,best,-8.828436851501465
687,best,-6.225762844085693
688,best,-8.134051322937012
689,best,-9.355196952819824
690,best,-9.160066604614258
691,best,-7.912006855010986
692,best,-9.698896408081055
693,best,-6.7679901123046875
694,best,-8.328505516052246
695,best,-8.788461685180664
696,best,-8.141761779785156
697,best,-10.693339347839355
698,best,-10.233489036560059
699,best,-9.900421142578125
700,best,-8.05637264251709
701,best,-8.493287086486816
702,best,-9.447482109069824
703,best,-10.794759750366211
704,best,-6.183290004730225
705,best,-7.600313186645508
706,best,-9.398547172546387
707,best,-11.297186851501465
708,best,-7.130190372467041
709,best,-9.512504577636719
710,best,-7.55670166015625
711,best,-8.2298002243042
712,best,-8.490774154663086
713,best,-9.228931427001953
714,best,-6.817327976226807
715,best,-9.15701675415039
716,best,-8.514206886291504
717,best,-8.413727760314941
718,best,-8.725508689880371
719,best,-7.132633209228516
720,best,-7.44282865524292
721,best,-9.144121170043945
722,best,-8.385483741760254
723,best,-7.736362457275391
724,best,-7.486194610595703
725,best,-8.510225296020508
726,best,-6.9338507652282715
727,best,-7.392294883728027
728,best,-7.397571086883545
729,best,-8.049849510192871
730,best,-5.509882926940918
731,best,-6.917717933654785
732,best,-8.722294807434082
733,best,-8.411062240600586
734,best,-6.9160261154174805
735,best,-9.65874195098877
736,best,-6.811899662017822
737,best,-8.270411491394043
738,best,-9.36061954498291
739,best,-7.886239051818848
740,best,-9.330154418945312
741,best,-9.000073432922363
742,best,-8.750974655151367
743,best,-7.535944938659668
744,best,-8.248656272888184
745,best,-5.770017623901367
746,best,-6.11622953414917
747,best,-6.535211563110352
748,best,-6.146867275238037
749,best,-6.804864883422852
750,best,-6.739082336425781
751,best,-5.277684211730957
752,best,-6.37086820602417
753,best,-6.177663326263428
754,best,-8.56927490234375
755,best,-5.84370756149292
756,best,-6.4875593185424805
757,best,-8.680296897888184
758,best,-8.460371017456055
759,best,-7.246516227722168
760,best,-7.515636444091797
761,best,-8.506650924682617
762,best,-8.541573524475098
763,best,-6.772369384765625
764,best,-7.179187297821045
765,best,-6.758042812347412
766,best,-6.362822532653809
767,best,-7.340112686157227
768,best,-5.796957492828369
769,best,-7.469776630401611
770,best,-6.902142524719238
771,best,-6.579939842224121
772,best,-7.431675434112549
773,best,-6.534808158874512
774,best,-7.957561016082764
775,best,-8.140853881835938
776,best,-7.490983486175537
777,best,-6.797287464141846
778,best,-6.1466569900512695
779,best,-9.24161434173584
780,best,-7.117988109588623
781,best,-8.770325660705566
782,best,-6.877333164215088
783,best,-6.918266773223877
784,best,-5.321027755737305
785,best,-6.363742351531982
786,best,-5.704856872558594
787,best,-7.125599384307861
788,best,-6.022095680236816
789,best,-6.227499008178711
790,best,-6.174285888671875
791,best,-5.769134998321533
792,best,-6.974652290344238
793,best,-7.407651901245117
794,best,-5.074485778808594
795,best,-5.501676082611084
796,best,-6.124350070953369
797,best,-5.485703468322754
798,best,-7.1649580001831055
799,best,-6.490174770355225
800,best,-6.589920997619629
801,best,-6.259086608886719
802,best,-5.40125036239624
803,best,-8.215677261352539
804,best,-7.107916355133057
805,best,-7.225109577178955
806,best,-6.151443958282471
807,best,-5.4597625732421875
808,best,-5.352310657501221
809,best,-6.670314311981201
810,best,-5.849521160125732
811,best,-7.776962757110596
812,best,-5.953306674957275
813,best,-6.463968753814697
814,best,-6.614433288574219
815,best,-7.913060665130615
816,best,-6.992095947265625
817,best,-5.204219341278076
818,best,-5.699221611022949
819,best,-6.237723350524902
820,best,-5.557260990142822
821,best,-6.6292619705200195
822,best,-6.662910461425781
823,best,-7.100072383880615
824,best,-6.846758842468262
825,best,-5.5078511238098145
826,best,-6.223924160003662
827,best,-5.602270126342773
828,best,-6.1861042976379395
829,best,-5.873214244842529
830,best,-7.1022257804870605
831,best,-5.7340989112854
832,best,-6.334437370300293
833,best,-5.8435492515563965
834,best,-5.880494117736816
835,best,-6.883537292480469
836,best,-7.300693035125732
837,best,-5.47664737701416
838,best,-5.747978687286377
839,best,-5.944880485534668
840,best,-5.639678955078125
841,best,-6.809596061706543
842,best,-6.4027910232543945
843,best,-6.7425127029418945
844,best,-6.166956901550293
845,best,-5.2937140464782715
846,best,-7.418198585510254
847,best,-6.361551761627197
848,best,-5.151635646820068
849,best,-8.362923622131348
850,best,-7.784923076629639
851,best,-6.095873832702637
852,best,-6.671627521514893
853,best,-6.131682395935059
854,best,-6.94893741607666
855,best,-6.401356220245361
856,best,-7.099109172821045
857,best,-5.193538665771484
858,best,-7.951564311981201
859,best,-5.193538665771484
860,best,-5.019199371337891
861,best,-6.172574996948242
862,best,-6.645291805267334
863,best,-6.765478134155273
864,best,-6.508890151977539
865,best,-6.026787757873535
866,best,-8.673990249633789
867,best,-4.974034309387207
868,best,-6.14068603515625
869,best,-5.439952850341797
870,best,-6.50192928314209
871,best,-7.413418769836426
872,best,-5.624388217926025
873,best,-8.217056274414062
874,best,-6.32966947555542
875,best,-6.026787757873535
876,best,-6.149482727050781
877,best,-6.227324962615967
878,best,-6.1336212158203125
879,best,-6.631791114807129
880,best,-6.313544273376465
881,best,-8.380437850952148
882,best,-8.179624557495117
883,best,-5.1464762687683105
884,best,-5.425488471984863
885,best,-5.439952850341797
886,best,-6.948208808898926
887,best,-6.410620212554932
888,best,-8.362923622131348
889,best,-6.798329830169678
890,best,-6.430256366729736
891,best,-5.107181549072266
892,best,-7.5443854331970215
893,best,-7.279745101928711
894,best,-5.943345546722412
895,best,-6.357207298278809
896,best,-6.227208614349365
897,best,-6.829233169555664
898,best,-6.280719757080078
899,best,-6.911710262298584
900,best,-5.547591209411621
901,best,-7.415130615234375
902,best,-5.547591209411621
903,best,-5.0001630783081055
904,best,-5.985455513000488
905,best,-6.556094169616699
906,best,-6.596895694732666
907,best,-6.554537773132324
908,best,-6.255300521850586
909,best,-8.211394309997559
910,best,-6.520880699157715
911,best,-5.833194255828857
912,best,-5.710635662078857
913,best,-6.32040548324585
914,best,-6.415430068969727
915,best,-5.710635662078857
916,best,-6.850780010223389
917,best,-6.62470006942749
918,best,-6.516270637512207
919,best,-6.016006946563721
920,best,-6.513485908508301
921,best,-6.6746602058410645
922,best,-5.8513078689575195
923,best,-5.886222839355469
924,best,-6.601310729980469
925,best,-6.549601078033447
926,best,-6.755120277404785
927,best,-6.513119697570801
928,best,-6.886476516723633
929,best,-5.820744037628174
930,best,-6.169698715209961
931,best,-6.592681884765625
932,best,-5.915274143218994
933,best,-6.061086654663086
934,best,-6.505555152893066
935,best,-8.257155418395996
936,best,-6.350959777832031
937,best,-6.071365833282471
938,best,-7.033439636230469
939,best,-6.996647357940674
940,best,-7.081392288208008
941,best,-7.4503374099731445
942,best,-8.042465209960938
943,best,-6.125458240509033
944,best,-6.2522358894348145
945,best,-6.00012731552124
946,best,-6.315760612487793
947,best,-6.415942668914795
948,best,-5.709340572357178
949,best,-6.800898551940918
950,best,-7.097376823425293
951,best,-6.594311714172363
952,best,-5.664443016052246
953,best,-6.610119819641113
954,best,-5.704798221588135
955,best,-5.7214884757995605
956,best,-6.060708999633789
957,best,-6.536013126373291
958,best,-5.7214884757995605
959,best,-6.694380760192871
960,best,-6.363564491271973
961,best,-5.961721420288086
962,best,-6.110558032989502
963,best,-6.1581573486328125
964,best,-6.720494747161865
965,best,-5.482229709625244
966,best,-5.762957572937012
967,best,-6.395519256591797
968,best,-6.175115585327148
969,best,-6.365307807922363
970,best,-6.645773410797119
971,best,-6.409623622894287
972,best,-5.596187591552734
973,best,-5.984469890594482
974,best,-9.300765991210938
975,best,-7.976194381713867
976,best,-6.5972900390625
977,best,-6.050353050231934
978,best,-8.3980712890625
979,best,-7.040464401245117
980,best,-6.195698261260986
981,best,-8.859360694885254
982,best,-5.358449935913086
983,best,-6.308439254760742
984,best,-6.567086696624756
985,best,-6.079986095428467
986,best,-6.923233985900879
987,best,-7.779347896575928
988,best,-5.924430847167969
989,best,-6.905219078063965
990,best,-7.242570877075195
991,best,-5.503982067108154
992,best,-7.1331915855407715
993,best,-6.864010334014893
994,best,-6.746154308319092
995,best,-7.144358158111572
996,best,-8.015120506286621
997,best,-7.422169208526611
998,best,-7.319205284118652
999,best,-6.735517501831055
1000,best,-5.951196670532227
1001,best,-8.016629219055176
1002,best,-6.892037391662598
1003,best,-6.689310073852539
1004,best,-8.500901222229004
1005,best,-7.281355857849121
1006,best,-6.206756114959717
1007,best,-7.92599630355835
1008,best,-6.93955659866333
1009,best,-7.465430736541748
1010,best,-5.724867820739746
1011,best,-6.39577579498291
1012,best,-6.5223541259765625
1013,best,-6.704474449157715
1014,best,-7.797679424285889
1015,best,-7.939483642578125
1016,best,-6.068703651428223
1017,best,-8.293519020080566
1018,best,-7.8510026931762695
1019,best,-6.623132705688477
1020,best,-6.463878154754639
1021,best,-7.529043197631836
1022,best,-6.801797389984131
1023,best,-6.223170757293701
1024,best,-7.8591084480285645
1025,best,-5.292232513427734
1026,best,-5.921602725982666
1027,best,-6.350723743438721
1028,best,-5.9364542961120605
1029,best,-6.3736186027526855
1030,best,-7.166622638702393
1031,best,-6.291229248046875
1032,best,-6.854634761810303
1033,best,-7.172371864318848
1034,best,-5.660534381866455
1035,best,-6.440677642822266
1036,best,-7.530630588531494
1037,best,-6.453396320343018
1038,best,-4.960258960723877
1039,best,-5.1783623695373535
1040,best,-6.9871931076049805
1041,best,-6.142082691192627
1042,best,-5.5475335121154785
1043,best,-6.859294414520264
1044,best,-5.633983612060547
1045,best,-5.343765735626221
1046,best,-6.814769268035889
1047,best,-6.296620845794678
1048,best,-5.464757442474365
1049,best,-6.994072437286377
1050,best,-5.2077717781066895
1051,best,-5.639394283294678
1052,best,-6.986704349517822
1053,best,-6.114672660827637
1054,best,-6.2374067306518555
1055,best,-6.04241418838501
1056,best,-5.157634735107422
1057,best,-7.484110355377197
1058,best,-7.38655948638916
1059,best,-6.546384811401367
1060,best,-6.612858772277832
1061,best,-5.41905403137207
1062,best,-6.400654315948486
1063,best,-7.153934955596924
1064,best,-6.785028457641602
1065,best,-6.832886219024658
1066,best,-6.559584617614746
1067,best,-5.664999008178711
1068,best,-5.417578220367432
1069,best,-4.965753078460693
1070,best,-6.395744323730469
1071,best,-6.2740068435668945
1072,best,-5.420161247253418
1073,best,-6.519407272338867
1074,best,-6.919474124908447
1075,best,-5.103472709655762
1076,best,-6.15802526473999
1077,best,-5.932922840118408
1078,best,-6.653128147125244
1079,best,-7.0613555908203125
1080,best,-7.668980121612549
1081,best,-6.792076587677002
1082,best,-6.979347229003906
1083,best,-6.718653678894043
1084,best,-6.718653678894043
1085,best,-7.296148777008057
1086,best,-7.05474853515625
1087,best,-7.264185428619385
1088,best,-6.582675457000732
1089,best,-6.875471591949463
1090,best,-7.5046820640563965
1091,best,-6.926050186157227
1092,best,-6.769896030426025
1093,best,-7.3047966957092285
1094,best,-6.55272912979126
1095,best,-7.001147747039795
1096,best,-6.151083469390869
1097,best,-7.892331600189209
1098,best,-6.842977046966553
1099,best,-7.228806972503662
1100,best,-6.763762950897217
1101,best,-6.31317663192749
1102,best,-7.529764652252197
1103,best,-6.775814056396484
1104,best,-7.691928863525391
1105,best,-5.878227233886719
1106,best,-7.6618828773498535
1107,best,-8.498831748962402
1108,best,-6.473947048187256
1109,best,-7.501000881195068
1110,best,-8.158730506896973
1111,best,-5.917770862579346
1112,best,-7.681437969207764
1113,best,-6.941741943359375
1114,best,-6.9324750900268555
1115,best,-6.842409610748291
1116,best,-8.498831748962402
1117,best,-6.226611137390137
1118,best,-6.494682788848877
1119,best,-5.14927339553833
1120,best,-5.075052738189697
1121,best,-6.310708522796631
1122,best,-6.527498722076416
1123,best,-6.709582328796387
1124,best,-5.785395622253418
1125,best,-6.346277713775635
1126,best,-5.789819240570068
1127,best,-5.789819240570068
1128,best,-6.497657775878906
1129,best,-6.101617336273193
1130,best,-6.2741546630859375
1131,best,-5.8853044509887695
1132,best,-5.588021278381348
1133,best,-6.40355920791626
1134,best,-6.377779483795166
1135,best,-5.713723659515381
1136,best,-6.318302154541016
1137,best,-6.137712001800537
1138,best,-5.975589752197266
1139,best,-7.617950916290283
1140,best,-8.026432991027832
1141,best,-6.5494232177734375
1142,best,-5.636125087738037
1143,best,-6.9566168785095215
1144,best,-7.090275287628174
1145,best,-6.958224773406982
1146,best,-5.950472354888916
1147,best,-6.843188762664795
1148,best,-7.2371110916137695
1149,best,-6.488317012786865
1150,best,-8.01467514038086
1151,best,-8.402312278747559
1152,best,-6.873436450958252
1153,best,-7.807887554168701
1154,best,-6.254659175872803
1155,best,-8.402313232421875
1156,best,-7.314365863800049
1157,best,-8.184351921081543
1158,best,-6.751777648925781
1159,best,-6.605269432067871
1160,best,-8.212506294250488
1161,best,-8.292336463928223
1162,best,-5.883857727050781
1163,best,-6.069270610809326
1164,best,-7.37693452835083
1165,best,-8.769813537597656
1166,best,-8.292336463928223
1167,best,-5.57168436050415
1168,best,-7.746628284454346
1169,best,-8.930908203125
1170,best,-7.4880690574646
1171,best,-6.754380702972412
1172,best,-7.79137659072876
1173,best,-7.79137659072876
1174,best,-7.1601881980896
1175,best,-6.372840404510498
1176,best,-5.826330661773682
1177,best,-5.970647811889648
1178,best,-6.323689937591553
1179,best,-6.687526226043701
1180,best,-7.836284160614014
1181,best,-7.37693452835083
1182,best,-6.7963666915893555
1183,best,-6.917775630950928
1184,best,-5.839058876037598
1185,best,-5.432516098022461
1186,best,-6.306491374969482
1187,best,-6.259792327880859
1188,best,-6.187454700469971
1189,best,-5.311996936798096
1190,best,-6.372486114501953
1191,best,-6.786344528198242
1192,best,-6.0586323738098145
1193,best,-7.0293426513671875
1194,best,-7.311513423919678
1195,best,-6.3377556800842285
1196,best,-6.764917850494385
1197,best,-5.496880054473877
1198,best,-7.311513423919678
1199,best,-6.626622676849365
1200,best,-7.164031028747559
1201,best,-6.433447360992432
1202,best,-7.470103740692139
1203,best,-7.72274112701416
1204,best,-7.143477916717529
1205,best,-7.13700532913208
1206,best,-7.635687828063965
1207,best,-6.771415710449219
1208,best,-7.4724297523498535
1209,best,-7.551629066467285
1210,best,-6.973525047302246
1211,best,-6.804800033569336
1212,best,-7.746464729309082
1213,best,-7.201428413391113
1214,best,-7.548734664916992
1215,best,-6.4410295486450195
1216,best,-7.524962425231934
1217,best,-6.999502658843994
1218,best,-7.304155349731445
1219,best,-7.483741760253906
1220,best,-6.362290859222412
1221,best,-7.174839019775391
1222,best,-7.537171840667725
1223,best,-6.93526554107666
1224,best,-6.803554058074951
1225,best,-8.115972518920898
1226,best,-7.434047698974609
1227,best,-6.7825703620910645
1228,best,-6.917594909667969
1229,best,-6.883290767669678
1230,best,-6.833890914916992
1231,best,-7.474717140197754
1232,best,-7.157445430755615
1233,best,-7.126245975494385
1234,best,-7.068093776702881
1235,best,-8.650781631469727
1236,best,-6.256200790405273
1237,best,-7.58591365814209
1238,best,-7.565436363220215
1239,best,-6.737231731414795
1240,best,-6.258265972137451
1241,best,-7.7741804122924805
1242,best,-7.017709255218506
1243,best,-7.015261650085449
1244,best,-6.9537177085876465
1245,best,-6.111200332641602
1246,best,-6.800446510314941
1247,best,-5.930242538452148
1248,best,-6.5483503341674805
1249,best,-6.587248802185059
1250,best,-5.810016632080078
1251,best,-6.686458110809326
1252,best,-6.896317481994629
1253,best,-5.9378228187561035
1254,best,-6.058056831359863
1255,best,-6.813446044921875
1256,best,-6.281476974487305
1257,best,-6.454801559448242
1258,best,-5.629021167755127
1259,best,-6.818322658538818
1260,best,-6.123928546905518
1261,best,-6.11472225189209
1262,best,-6.744166374206543
1263,best,-5.093523979187012
1264,best,-5.832153797149658
1265,best,-8.13516616821289
1266,best,-7.080869197845459
1267,best,-8.076160430908203
1268,best,-7.866928577423096
1269,best,-8.227877616882324
1270,best,-7.677110195159912
1271,best,-9.306097984313965
1272,best,-8.19373607635498
1273,best,-7.46566915512085
1274,best,-7.0440802574157715
1275,best,-6.693149566650391
1276,best,-9.524012565612793
1277,best,-7.352406978607178
1278,best,-7.110030174255371
1279,best,-7.0575127601623535
1280,best,-6.3968305587768555
1281,best,-7.9246978759765625
1282,best,-9.053743362426758
1283,best,-7.684440612792969
1284,best,-7.3869709968566895
1285,best,-9.033415794372559
1286,best,-7.0002665519714355
1287,best,-8.236907958984375
1288,best,-7.19460391998291
1289,best,-9.245769500732422
1290,best,-8.032012939453125
1291,best,-8.192200660705566
1292,best,-7.80825138092041
1293,best,-9.215798377990723
1294,best,-8.191632270812988
1295,best,-8.076160430908203
1296,best,-8.423236846923828
1297,best,-8.149397850036621
1298,best,-7.6002278327941895
1299,best,-6.156403064727783
1300,best,-6.3968305587768555
1301,best,-6.7899932861328125
1302,best,-9.198526382446289
1303,best,-7.76709508895874
1304,best,-7.892554759979248
1305,best,-8.270063400268555
1306,best,-8.16792106628418
1307,best,-7.835912704467773
1308,best,-6.446592807769775
1309,best,-5.608583927154541
1310,best,-6.890032768249512
1311,best,-6.2891130447387695
1312,best,-7.521458148956299
1313,best,-6.403075218200684
1314,best,-7.7957763671875
1315,best,-6.151093482971191
1316,best,-6.354652404785156
1317,best,-6.254460334777832
1318,best,-5.530625820159912
1319,best,-7.246110439300537
1320,best,-5.899102210998535
1321,best,-5.655583381652832
1322,best,-6.3029303550720215
1323,best,-5.619106769561768
1324,best,-6.754236698150635
1325,best,-7.650872230529785
1326,best,-6.687067031860352
1327,best,-5.7516584396362305
1328,best,-5.617437362670898
1329,best,-5.593718528747559
1330,best,-5.593718528747559
1331,best,-7.888392925262451
1332,best,-7.349973678588867
1333,best,-5.81581449508667
1334,best,-6.5975494384765625
1335,best,-5.622532367706299
1336,best,-6.246764183044434
1337,best,-6.089425086975098
1338,best,-5.228548049926758
1339,best,-6.267663478851318
1340,best,-6.433282375335693
1341,best,-6.913399696350098
1342,best,-6.8649725914001465
1343,best,-5.4835100173950195
1344,best,-6.287374019622803
1345,best,-5.259920597076416
1346,best,-5.37727165222168
1347,best,-5.459554195404053
1348,best,-6.359451770782471
1349,best,-6.721520900726318
1350,best,-5.587189674377441
1351,best,-5.625579357147217
1352,best,-7.075483798980713
1353,best,-5.621203422546387
1354,best,-6.122049331665039
1355,best,-5.265469551086426
1356,best,-6.366915225982666
1357,best,-5.653796195983887
1358,best,-5.720342636108398
1359,best,-5.80286169052124
1360,best,-5.713202476501465
1361,best,-5.175807476043701
1362,best,-5.051965236663818
1363,best,-6.413963317871094
1364,best,-5.788790702819824
1365,best,-6.361693859100342
1366,best,-5.211849212646484
1367,best,-6.0451250076293945
