item_id,model_state,do,pp
0,initial,-8.088224411010742,-7.5063018798828125
1,initial,-8.729496002197266,-8.333070755004883
2,initial,-7.701121807098389,-7.264767169952393
3,initial,-9.454724311828613,-8.795136451721191
4,initial,-8.018506050109863,-6.433666229248047
5,initial,-8.712699890136719,-7.967581272125244
6,initial,-9.771600723266602,-9.083402633666992
7,initial,-8.503984451293945,-7.752951145172119
8,initial,-7.852590084075928,-6.626471996307373
9,initial,-7.701121807098389,-7.264767169952393
10,initial,-9.643412590026855,-8.204200744628906
11,initial,-7.396175384521484,-6.918615818023682
12,initial,-8.46337890625,-7.106076717376709
13,initial,-9.569757461547852,-8.224822998046875
14,initial,-7.852590084075928,-6.626471996307373
15,initial,-9.568058013916016,-8.537841796875
16,initial,-7.617608547210693,-6.986536026000977
17,initial,-8.239734649658203,-7.914036273956299
18,initial,-9.828012466430664,-9.317821502685547
19,initial,-7.4707441329956055,-7.009275436401367
20,initial,-7.477303981781006,-7.321779727935791
21,initial,-8.281966209411621,-7.710777282714844
22,initial,-9.428644180297852,-8.54480266571045
23,initial,-7.932207107543945,-7.411953926086426
24,initial,-9.265763282775879,-8.424271583557129
25,initial,-7.932207107543945,-7.411953926086426
26,initial,-9.66069221496582,-8.857379913330078
27,initial,-9.38481330871582,-9.273547172546387
28,initial,-7.548248291015625,-7.549746513366699
29,initial,-9.7052583694458,-8.667634010314941
30,initial,-7.798097133636475,-7.634692192077637
31,initial,-8.878950119018555,-8.035825729370117
32,initial,-9.428644180297852,-8.54480266571045
33,initial,-8.878950119018555,-8.035826683044434
34,initial,-8.406275749206543,-8.104973793029785
35,initial,-9.2509183883667,-8.923471450805664
36,initial,-7.5482497215271,-7.549746513366699
37,initial,-8.878950119018555,-8.035826683044434
38,initial,-7.605918884277344,-7.575198173522949
39,initial,-7.33950662612915,-6.9548211097717285
40,initial,-7.768016815185547,-7.299596309661865
41,initial,-7.580196857452393,-6.826712608337402
42,initial,-7.334909439086914,-6.728172779083252
43,initial,-8.38984203338623,-8.09954833984375
44,initial,-8.444940567016602,-7.048307418823242
45,initial,-7.720870494842529,-7.21931791305542
46,initial,-8.178430557250977,-6.971791744232178
47,initial,-7.9901442527771,-7.29605770111084
48,initial,-8.976840019226074,-8.268220901489258
49,initial,-7.933830261230469,-7.06788444519043
50,initial,-8.271761894226074,-7.801456451416016
51,initial,-8.964570045471191,-8.079008102416992
52,initial,-8.121541976928711,-7.355405807495117
53,initial,-8.496562004089355,-7.809118270874023
54,initial,-8.072274208068848,-7.538149833679199
55,initial,-7.977061748504639,-7.049829483032227
56,initial,-7.832949638366699,-6.84221076965332
57,initial,-6.82847261428833,-6.497586250305176
58,initial,-8.026986122131348,-7.095160961151123
59,initial,-7.727227210998535,-6.700611114501953
60,initial,-8.625784873962402,-8.496786117553711
61,initial,-9.217082023620605,-8.192956924438477
62,initial,-10.857768058776855,-9.8917818069458
63,initial,-9.83191204071045,-9.1719388961792
64,initial,-8.424592971801758,-7.825472354888916
65,initial,-7.73371696472168,-7.926341533660889
66,initial,-8.103241920471191,-7.614441871643066
67,initial,-10.850061416625977,-10.246541023254395
68,initial,-8.676196098327637,-8.20449161529541
69,initial,-8.297717094421387,-7.7899651527404785
70,initial,-8.487626075744629,-7.919597625732422
71,initial,-9.344060897827148,-9.326126098632812
72,initial,-7.153580188751221,-6.915863513946533
73,initial,-7.957686901092529,-7.844042778015137
74,initial,-7.260956287384033,-7.325778007507324
75,initial,-9.705458641052246,-8.818900108337402
76,initial,-8.472323417663574,-7.7318572998046875
77,initial,-9.6807279586792,-9.141544342041016
78,initial,-7.834484100341797,-7.500956058502197
79,initial,-8.32136058807373,-7.506738185882568
80,initial,-6.188050746917725,-6.120509624481201
81,initial,-6.116787433624268,-5.964588165283203
82,initial,-8.637932777404785,-7.706594467163086
83,initial,-7.216436862945557,-6.565471172332764
84,initial,-6.796919345855713,-6.726778507232666
85,initial,-8.64168643951416,-8.075963973999023
86,initial,-7.999111652374268,-7.564027786254883
87,initial,-6.844024181365967,-6.725377559661865
88,initial,-7.1895670890808105,-6.897533893585205
89,initial,-5.786215782165527,-5.8146843910217285
90,initial,-7.212741374969482,-6.253948211669922
91,initial,-9.408673286437988,-8.826423645019531
92,initial,-6.403076648712158,-5.918850898742676
93,initial,-7.21340799331665,-7.246205806732178
94,initial,-7.140741348266602,-7.1409430503845215
95,initial,-7.024216651916504,-6.975198268890381
96,initial,-6.758968353271484,-6.362133979797363
97,initial,-7.204653739929199,-6.573591232299805
98,initial,-8.643003463745117,-8.437310218811035
99,initial,-6.897605895996094,-6.51620626449585
100,initial,-8.53136157989502,-7.2748188972473145
101,initial,-7.9175543785095215,-6.928716659545898
102,initial,-8.97827434539795,-8.111769676208496
103,initial,-7.672532558441162,-6.584919452667236
104,initial,-7.672532558441162,-6.584919452667236
105,initial,-7.8235297203063965,-6.928140640258789
106,initial,-8.595979690551758,-7.844588756561279
107,initial,-8.338143348693848,-7.38128137588501
108,initial,-7.0855183601379395,-6.416440963745117
109,initial,-9.523053169250488,-8.708632469177246
110,initial,-9.08248233795166,-8.110913276672363
111,initial,-7.921258449554443,-7.207523822784424
112,initial,-8.977009773254395,-7.9900970458984375
113,initial,-8.796385765075684,-7.857995510101318
114,initial,-7.564940929412842,-6.993805408477783
115,initial,-8.143592834472656,-7.466387748718262
116,initial,-9.383824348449707,-8.18959903717041
117,initial,-9.046783447265625,-7.905824184417725
118,initial,-8.595979690551758,-7.844588756561279
119,initial,-9.53935432434082,-8.198031425476074
120,initial,-8.108043670654297,-6.770061016082764
121,initial,-7.989040374755859,-6.6126179695129395
122,initial,-8.695982933044434,-7.222476959228516
123,initial,-7.997962951660156,-6.328619003295898
124,initial,-8.07109260559082,-7.281864166259766
125,initial,-10.220312118530273,-8.076896667480469
126,initial,-9.806602478027344,-8.65573787689209
127,initial,-9.438199996948242,-7.181691646575928
128,initial,-8.316689491271973,-6.918957233428955
129,initial,-10.070691108703613,-8.151549339294434
130,initial,-8.212121963500977,-6.640008449554443
131,initial,-7.492318153381348,-6.765783309936523
132,initial,-7.941507816314697,-7.0357208251953125
133,initial,-9.99287223815918,-8.094171524047852
134,initial,-10.070691108703613,-8.151549339294434
135,initial,-7.974276542663574,-6.812094211578369
136,initial,-7.599857330322266,-6.5789313316345215
137,initial,-7.974276542663574,-6.812094211578369
138,initial,-10.220311164855957,-8.076895713806152
139,initial,-8.085526466369629,-6.9595160484313965
140,initial,-7.272966384887695,-6.769807815551758
141,initial,-8.134857177734375,-7.040406227111816
142,initial,-7.779253005981445,-6.80918550491333
143,initial,-6.944003105163574,-6.096113681793213
144,initial,-8.686379432678223,-8.060627937316895
145,initial,-7.57997989654541,-6.420549392700195
146,initial,-8.88078498840332,-7.738512992858887
147,initial,-9.051012992858887,-8.301024436950684
148,initial,-7.875827312469482,-6.78068733215332
149,initial,-7.683218479156494,-6.712006568908691
150,initial,-8.264498710632324,-7.472692489624023
151,initial,-8.3497896194458,-7.592953681945801
152,initial,-8.907761573791504,-7.568880081176758
153,initial,-8.504756927490234,-7.607857704162598
154,initial,-7.272966384887695,-6.769807815551758
155,initial,-8.88078498840332,-7.738512992858887
156,initial,-8.990543365478516,-7.833443641662598
157,initial,-8.846739768981934,-7.650544166564941
158,initial,-7.686801910400391,-6.741392135620117
159,initial,-8.88078498840332,-7.738512992858887
160,initial,-9.090258598327637,-8.136308670043945
161,initial,-8.688344955444336,-7.19072961807251
162,initial,-8.182132720947266,-7.877955436706543
163,initial,-9.626668930053711,-8.944737434387207
164,initial,-10.454221725463867,-9.321494102478027
165,initial,-7.321065425872803,-6.87958288192749
166,initial,-8.544644355773926,-7.784517765045166
167,initial,-9.626668930053711,-8.944737434387207
168,initial,-8.7735013961792,-7.389822959899902
169,initial,-8.030745506286621,-7.553890228271484
170,initial,-9.972405433654785,-8.316343307495117
171,initial,-9.073908805847168,-7.8986735343933105
172,initial,-8.000007629394531,-7.508976459503174
173,initial,-10.164629936218262,-9.219121932983398
174,initial,-9.858129501342773,-9.016416549682617
175,initial,-8.66079330444336,-7.937301158905029
176,initial,-10.095380783081055,-8.95457649230957
177,initial,-8.270567893981934,-7.40126371383667
178,initial,-8.118622779846191,-6.945735454559326
179,initial,-9.498133659362793,-7.529033660888672
180,initial,-7.224509239196777,-6.850704193115234
181,initial,-6.112726211547852,-5.94667911529541
182,initial,-6.652540683746338,-6.444833278656006
183,initial,-7.078323841094971,-6.62409782409668
184,initial,-7.053924560546875,-6.079458713531494
185,initial,-8.032405853271484,-7.630133628845215
186,initial,-7.433128833770752,-7.312873840332031
187,initial,-9.117497444152832,-8.057472229003906
188,initial,-6.438757419586182,-6.006298065185547
189,initial,-7.730240821838379,-7.014337062835693
190,initial,-8.095682144165039,-6.868891716003418
191,initial,-7.224509239196777,-6.850704193115234
192,initial,-7.51476526260376,-7.107696533203125
193,initial,-7.957326889038086,-7.455265522003174
194,initial,-7.341557502746582,-6.926162242889404
195,initial,-8.171046257019043,-7.61069393157959
196,initial,-7.693634033203125,-7.059196472167969
197,initial,-8.116976737976074,-6.809586524963379
198,initial,-8.682398796081543,-8.1085786819458
199,initial,-7.19651985168457,-6.5390625
200,initial,-7.048583030700684,-6.2552056312561035
201,initial,-8.575772285461426,-7.583183288574219
202,initial,-8.281340599060059,-7.053053379058838
203,initial,-7.952967166900635,-6.20648193359375
204,initial,-7.952967166900635,-6.20648193359375
205,initial,-7.921070098876953,-7.137019634246826
206,initial,-9.273558616638184,-8.181376457214355
207,initial,-9.530377388000488,-8.209155082702637
208,initial,-7.952967166900635,-6.20648193359375
209,initial,-7.921070098876953,-7.137019634246826
210,initial,-8.331328392028809,-7.524049282073975
211,initial,-8.476078987121582,-6.687953472137451
212,initial,-8.476078987121582,-6.687953472137451
213,initial,-8.695457458496094,-7.3979172706604
214,initial,-8.331328392028809,-7.524049282073975
215,initial,-8.653063774108887,-7.49713134765625
216,initial,-9.099822998046875,-7.744287014007568
217,initial,-9.458748817443848,-7.961730003356934
218,initial,-8.136612892150879,-7.118640422821045
219,initial,-7.5990986824035645,-6.441031455993652
220,initial,-7.188209056854248,-6.780224323272705
221,initial,-7.102954387664795,-7.084648609161377
222,initial,-7.164326190948486,-6.832694053649902
223,initial,-7.311077117919922,-7.163667678833008
224,initial,-8.222412109375,-7.866290092468262
225,initial,-7.558710098266602,-7.373045921325684
226,initial,-7.198484420776367,-6.97627067565918
227,initial,-7.218958854675293,-6.883701801300049
228,initial,-7.629603385925293,-7.303332805633545
229,initial,-7.558710098266602,-7.373045921325684
230,initial,-8.395951271057129,-7.788167953491211
231,initial,-6.9605302810668945,-6.39856481552124
232,initial,-8.122177124023438,-7.34400749206543
233,initial,-8.951065063476562,-8.176054000854492
234,initial,-8.978873252868652,-7.951528549194336
235,initial,-7.497629165649414,-7.069361209869385
236,initial,-6.823610782623291,-6.592414855957031
237,initial,-6.997051239013672,-6.664973258972168
238,initial,-8.798874855041504,-8.092607498168945
239,initial,-7.288281440734863,-7.126222610473633
240,initial,-6.710450172424316,-6.6926045417785645
241,initial,-7.851337909698486,-7.630631446838379
242,initial,-8.350927352905273,-7.942098617553711
243,initial,-7.157159805297852,-7.110269546508789
244,initial,-8.094639778137207,-7.700682640075684
245,initial,-8.399332046508789,-8.141996383666992
246,initial,-7.510977268218994,-7.277573585510254
247,initial,-8.201364517211914,-8.147565841674805
248,initial,-8.336721420288086,-8.296722412109375
249,initial,-8.317803382873535,-7.940047740936279
250,initial,-7.991322994232178,-7.77449369430542
251,initial,-6.77872896194458,-7.032150745391846
252,initial,-6.900260925292969,-7.103381633758545
253,initial,-7.153841972351074,-7.2208709716796875
254,initial,-6.685884475708008,-6.713929176330566
255,initial,-7.704989433288574,-7.478213787078857
256,initial,-8.594606399536133,-8.261218070983887
257,initial,-8.723601341247559,-8.24036693572998
258,initial,-6.940508842468262,-6.921911239624023
259,initial,-6.258124351501465,-6.266259670257568
260,initial,-7.061112403869629,-7.057782173156738
261,initial,-7.171178817749023,-7.099839687347412
262,initial,-6.607912063598633,-6.485146999359131
263,initial,-7.4937744140625,-7.6179327964782715
264,initial,-7.399070739746094,-7.447670936584473
265,initial,-6.8355393409729,-7.052615165710449
266,initial,-6.818140983581543,-6.733475208282471
267,initial,-6.558676242828369,-6.568724155426025
268,initial,-6.793622970581055,-7.014124870300293
269,initial,-7.531651973724365,-7.3097405433654785
270,initial,-6.843382358551025,-6.8207244873046875
271,initial,-6.440656661987305,-6.443852424621582
272,initial,-6.180441379547119,-6.217506408691406
273,initial,-6.7346649169921875,-6.523833274841309
274,initial,-7.58415412902832,-7.622401237487793
275,initial,-6.219645023345947,-6.178596496582031
276,initial,-7.032003402709961,-6.750627040863037
277,initial,-6.617781162261963,-6.642417907714844
278,initial,-6.556192874908447,-6.961890697479248
279,initial,-7.014638900756836,-6.9907331466674805
280,initial,-9.631003379821777,-8.760330200195312
281,initial,-8.061402320861816,-8.14633560180664
282,initial,-8.04981803894043,-8.000602722167969
283,initial,-7.626166343688965,-7.588138103485107
284,initial,-7.292890548706055,-7.371510028839111
285,initial,-6.888435363769531,-7.133371829986572
286,initial,-8.744134902954102,-8.539060592651367
287,initial,-8.241021156311035,-7.871790409088135
288,initial,-8.089524269104004,-7.859647750854492
289,initial,-6.462451934814453,-6.965384483337402
290,initial,-8.744848251342773,-8.592451095581055
291,initial,-8.902787208557129,-8.603134155273438
292,initial,-7.855637073516846,-8.011818885803223
293,initial,-8.845291137695312,-8.530279159545898
294,initial,-6.629554271697998,-6.753335952758789
295,initial,-7.266783714294434,-7.389200687408447
296,initial,-7.939176082611084,-7.6818623542785645
297,initial,-9.89917278289795,-9.040647506713867
298,initial,-7.451292514801025,-7.569819927215576
299,initial,-8.958341598510742,-8.808774948120117
300,initial,-7.163116455078125,-6.813581466674805
301,initial,-7.226565361022949,-6.9285688400268555
302,initial,-6.772010326385498,-6.447652816772461
303,initial,-7.558618545532227,-7.276953220367432
304,initial,-6.859033584594727,-6.452922344207764
305,initial,-7.629415035247803,-7.523024559020996
306,initial,-9.085166931152344,-8.520179748535156
307,initial,-6.966598033905029,-6.603517055511475
308,initial,-7.163943290710449,-6.387331962585449
309,initial,-6.368791580200195,-6.310248851776123
310,initial,-7.98443078994751,-7.865121364593506
311,initial,-6.9066314697265625,-6.867225170135498
312,initial,-7.2427778244018555,-6.921280384063721
313,initial,-7.098550319671631,-6.709237575531006
314,initial,-6.441901683807373,-6.257701396942139
315,initial,-6.518813610076904,-6.308256149291992
316,initial,-5.971123218536377,-5.6868367195129395
317,initial,-7.546104431152344,-7.344606399536133
318,initial,-6.488626956939697,-6.204925060272217
319,initial,-7.937888145446777,-7.755349159240723
320,initial,-5.966433048248291,-5.689668655395508
321,initial,-7.3217573165893555,-6.906091213226318
322,initial,-7.009921550750732,-6.9734320640563965
323,initial,-7.071830749511719,-6.576193332672119
324,initial,-7.472289085388184,-7.18762731552124
325,initial,-6.956411838531494,-6.691967964172363
326,initial,-7.354288101196289,-7.387145042419434
327,initial,-8.120048522949219,-7.667385578155518
328,initial,-5.866820335388184,-5.973013877868652
329,initial,-7.751969337463379,-7.458293437957764
330,initial,-6.811429500579834,-6.576343536376953
331,initial,-7.574620246887207,-7.387791156768799
332,initial,-7.637923240661621,-7.667651653289795
333,initial,-6.925079345703125,-6.753823280334473
334,initial,-6.958040714263916,-6.567132472991943
335,initial,-6.844925403594971,-6.528157711029053
336,initial,-7.26995849609375,-7.377652168273926
337,initial,-6.987112045288086,-6.650308609008789
338,initial,-6.0053277015686035,-5.886341094970703
339,initial,-7.329029083251953,-7.11268949508667
340,initial,-7.29000186920166,-6.210410118103027
341,initial,-10.409993171691895,-9.628113746643066
342,initial,-9.935325622558594,-9.063361167907715
343,initial,-9.970718383789062,-9.34950065612793
344,initial,-8.185750007629395,-7.544364929199219
345,initial,-8.134456634521484,-7.068222999572754
346,initial,-10.117929458618164,-8.41380786895752
347,initial,-7.6549391746521,-7.5775275230407715
348,initial,-10.290318489074707,-9.283185005187988
349,initial,-8.305109024047852,-7.425683498382568
350,initial,-8.38271713256836,-8.744343757629395
351,initial,-10.531192779541016,-10.227275848388672
352,initial,-8.8380708694458,-7.748061656951904
353,initial,-10.254216194152832,-9.301910400390625
354,initial,-8.429962158203125,-7.693753242492676
355,initial,-8.87900161743164,-8.648398399353027
356,initial,-10.775084495544434,-10.340656280517578
357,initial,-10.41368293762207,-9.674490928649902
358,initial,-8.382118225097656,-7.2480692863464355
359,initial,-8.710944175720215,-7.793185234069824
360,initial,-8.004749298095703,-7.561176776885986
361,initial,-9.926345825195312,-9.079937934875488
362,initial,-7.979245662689209,-7.573992729187012
363,initial,-7.784839630126953,-7.869363307952881
364,initial,-8.128074645996094,-8.299295425415039
365,initial,-7.8494439125061035,-7.883842468261719
366,initial,-7.761810302734375,-8.311777114868164
367,initial,-9.278036117553711,-8.404244422912598
368,initial,-9.773098945617676,-8.602033615112305
369,initial,-10.852943420410156,-10.699295997619629
370,initial,-7.803506374359131,-7.745817184448242
371,initial,-10.41573715209961,-10.393295288085938
372,initial,-9.330650329589844,-8.762922286987305
373,initial,-10.638214111328125,-10.523409843444824
374,initial,-8.67595100402832,-8.64915943145752
375,initial,-6.950275897979736,-6.482500076293945
376,initial,-8.421514511108398,-8.670284271240234
377,initial,-9.926345825195312,-9.079937934875488
378,initial,-7.784839630126953,-7.869363307952881
379,initial,-8.37129020690918,-8.30615520477295
380,initial,-7.5651021003723145,-7.644899845123291
381,initial,-9.237397193908691,-8.199979782104492
382,initial,-7.375990867614746,-7.080697059631348
383,initial,-8.720495223999023,-8.91739559173584
384,initial,-6.8137688636779785,-6.274699687957764
385,initial,-8.322230339050293,-8.186931610107422
386,initial,-8.370253562927246,-7.756599426269531
387,initial,-8.675771713256836,-8.488441467285156
388,initial,-7.898615837097168,-7.779417991638184
389,initial,-7.674720764160156,-7.805685997009277
390,initial,-7.716048240661621,-8.10671329498291
391,initial,-7.778597831726074,-7.162062644958496
392,initial,-7.876523017883301,-7.609848976135254
393,initial,-8.763643264770508,-8.392240524291992
394,initial,-7.49747371673584,-7.811849117279053
395,initial,-9.17240047454834,-9.303110122680664
396,initial,-8.547343254089355,-8.217575073242188
397,initial,-7.140629291534424,-7.300193786621094
398,initial,-7.342041969299316,-7.6526336669921875
399,initial,-7.156679153442383,-6.793575763702393
400,initial,-8.310635566711426,-7.85805082321167
401,initial,-9.613240242004395,-9.290992736816406
402,initial,-10.525036811828613,-10.703669548034668
403,initial,-7.153429985046387,-7.079584121704102
404,initial,-9.074247360229492,-8.126765251159668
405,initial,-9.149984359741211,-8.195488929748535
406,initial,-8.797809600830078,-8.488678932189941
407,initial,-8.323588371276855,-8.592428207397461
408,initial,-7.199916362762451,-7.142979145050049
409,initial,-8.848651885986328,-7.864735126495361
410,initial,-8.09768009185791,-7.75455379486084
411,initial,-8.927648544311523,-8.724793434143066
412,initial,-8.872945785522461,-8.756745338439941
413,initial,-7.804934978485107,-7.742441654205322
414,initial,-9.145484924316406,-8.907333374023438
415,initial,-9.610909461975098,-9.042248725891113
416,initial,-10.190156936645508,-9.148266792297363
417,initial,-9.565159797668457,-9.242035865783691
418,initial,-8.954459190368652,-8.05897045135498
419,initial,-7.153430461883545,-7.079584121704102
420,initial,-8.127459526062012,-7.26091194152832
421,initial,-6.299543857574463,-6.441050052642822
422,initial,-7.333218574523926,-6.941598415374756
423,initial,-7.4293036460876465,-7.078075408935547
424,initial,-6.917544364929199,-6.700315952301025
425,initial,-8.667494773864746,-8.127856254577637
426,initial,-8.800686836242676,-8.520737648010254
427,initial,-9.464783668518066,-9.049410820007324
428,initial,-8.327346801757812,-8.01164722442627
429,initial,-6.569345951080322,-6.484756946563721
430,initial,-9.544760704040527,-9.58873462677002
431,initial,-7.200803279876709,-7.091303825378418
432,initial,-6.969911098480225,-7.026217460632324
433,initial,-8.793509483337402,-7.752795219421387
434,initial,-7.9025678634643555,-7.67725133895874
435,initial,-6.812190532684326,-6.407286643981934
436,initial,-6.958530902862549,-6.880373954772949
437,initial,-6.691544532775879,-6.449916839599609
438,initial,-6.972291469573975,-6.756228446960449
439,initial,-7.1937079429626465,-6.939054489135742
440,initial,-8.368229866027832,-7.606659412384033
441,initial,-6.364359378814697,-5.6946516036987305
442,initial,-8.457951545715332,-7.704644203186035
443,initial,-7.543023586273193,-7.195956230163574
444,initial,-7.82383394241333,-7.081634998321533
445,initial,-8.17155933380127,-7.4242167472839355
446,initial,-9.213177680969238,-8.82216739654541
447,initial,-9.3766450881958,-8.620783805847168
448,initial,-8.51236629486084,-7.558876991271973
449,initial,-7.143303871154785,-6.8491058349609375
450,initial,-8.518202781677246,-7.774272441864014
451,initial,-8.181658744812012,-7.292244911193848
452,initial,-8.813007354736328,-7.556109428405762
453,initial,-8.2974214553833,-7.034362316131592
454,initial,-7.858755588531494,-7.3139967918396
455,initial,-7.521687030792236,-6.973925590515137
456,initial,-7.461513996124268,-6.866992950439453
457,initial,-7.5421366691589355,-7.06284236907959
458,initial,-8.101431846618652,-7.4760003089904785
459,initial,-7.4832916259765625,-7.289631366729736
460,initial,-8.52013874053955,-7.86777400970459
461,initial,-6.456423282623291,-6.072285175323486
462,initial,-6.450689792633057,-6.293724536895752
463,initial,-7.70767068862915,-7.348940849304199
464,initial,-7.466750144958496,-7.3385186195373535
465,initial,-7.132309913635254,-7.091004371643066
466,initial,-6.6011552810668945,-6.572732925415039
467,initial,-6.908422470092773,-6.66813850402832
468,initial,-7.7372355461120605,-7.39655065536499
469,initial,-7.454051494598389,-7.154289245605469
470,initial,-7.27161169052124,-7.0820159912109375
471,initial,-8.959190368652344,-8.208518981933594
472,initial,-7.496230125427246,-7.186232566833496
473,initial,-7.381226539611816,-6.8506340980529785
474,initial,-7.082328796386719,-6.956477165222168
475,initial,-7.327805519104004,-7.05438232421875
476,initial,-6.314512252807617,-6.273042678833008
477,initial,-7.272989749908447,-7.007362365722656
478,initial,-6.5781731605529785,-6.219484329223633
479,initial,-6.594351291656494,-6.468777179718018
480,initial,-6.450684547424316,-6.409441947937012
481,initial,-7.218908309936523,-6.844691276550293
482,initial,-7.767256259918213,-7.320723533630371
483,initial,-6.508164882659912,-6.184099197387695
484,initial,-5.971691131591797,-5.54129695892334
485,initial,-6.491738319396973,-6.558308124542236
486,initial,-6.491738319396973,-6.558308124542236
487,initial,-7.308591842651367,-7.242449760437012
488,initial,-6.405333042144775,-6.042263507843018
489,initial,-7.242702960968018,-7.158488750457764
490,initial,-7.928821086883545,-7.506720066070557
491,initial,-9.234198570251465,-8.470311164855957
492,initial,-6.491738319396973,-6.558308124542236
493,initial,-6.360459804534912,-6.019700527191162
494,initial,-7.01696252822876,-6.460277080535889
495,initial,-7.416200160980225,-7.151890277862549
496,initial,-6.482458591461182,-6.522268772125244
497,initial,-6.592569828033447,-6.117650508880615
498,initial,-6.360459804534912,-6.019700527191162
499,initial,-7.431075096130371,-7.271933555603027
500,initial,-6.051774501800537,-6.43901252746582
501,initial,-6.412017345428467,-6.503931045532227
502,initial,-6.630101680755615,-6.5495381355285645
503,initial,-8.015196800231934,-7.927120208740234
504,initial,-6.556712627410889,-6.429929256439209
505,initial,-6.46134090423584,-6.617629528045654
506,initial,-6.442468166351318,-6.748057842254639
507,initial,-8.274632453918457,-8.281709671020508
508,initial,-6.990356922149658,-6.888314723968506
509,initial,-6.5293288230896,-6.473458766937256
510,initial,-8.170792579650879,-7.728639125823975
511,initial,-7.680658340454102,-7.468297481536865
512,initial,-6.60992431640625,-6.5140790939331055
513,initial,-6.7189459800720215,-6.611651420593262
514,initial,-6.992630481719971,-7.06439208984375
515,initial,-6.908182621002197,-6.699803829193115
516,initial,-6.8627610206604,-6.936659336090088
517,initial,-5.4354963302612305,-5.359678268432617
518,initial,-7.361945629119873,-7.321285724639893
519,initial,-8.256096839904785,-8.39444351196289
520,initial,-7.599854469299316,-7.4708638191223145
521,initial,-7.351041793823242,-7.27155065536499
522,initial,-8.563129425048828,-8.073323249816895
523,initial,-7.483058452606201,-7.418270111083984
524,initial,-6.508323669433594,-6.685494422912598
525,initial,-8.10407543182373,-8.0955810546875
526,initial,-6.303161144256592,-6.106664657592773
527,initial,-5.684589385986328,-5.967626571655273
528,initial,-8.752015113830566,-8.1677885055542
529,initial,-7.585762977600098,-7.69007682800293
530,initial,-7.3751220703125,-7.225502967834473
531,initial,-8.58371639251709,-8.552237510681152
532,initial,-9.003055572509766,-8.354701042175293
533,initial,-7.473752498626709,-7.496145248413086
534,initial,-8.083595275878906,-7.8065185546875
535,initial,-6.595856666564941,-6.644402027130127
536,initial,-6.13415002822876,-6.731378555297852
537,initial,-8.58371639251709,-8.552237510681152
538,initial,-6.333264350891113,-6.306949138641357
539,initial,-6.905202388763428,-6.79688835144043
540,initial,-5.704024314880371,-5.9064717292785645
541,initial,-5.720698356628418,-5.697787761688232
542,initial,-6.550602912902832,-6.358509063720703
543,initial,-5.859108924865723,-5.951298236846924
544,initial,-6.0090789794921875,-5.956881999969482
545,initial,-6.245082378387451,-6.196138858795166
546,initial,-6.3890228271484375,-6.4226250648498535
547,initial,-6.536645412445068,-6.63567590713501
548,initial,-5.897682189941406,-5.701167106628418
549,initial,-6.084892749786377,-5.975718021392822
550,initial,-6.58435583114624,-6.342674732208252
551,initial,-7.1204376220703125,-6.99512243270874
552,initial,-6.365846157073975,-6.277721881866455
553,initial,-7.615264892578125,-7.03289794921875
554,initial,-7.6069183349609375,-7.615294933319092
555,initial,-7.502533912658691,-6.992642402648926
556,initial,-5.500295639038086,-6.045650482177734
557,initial,-6.7946977615356445,-6.4437255859375
558,initial,-6.101648807525635,-5.816379070281982
559,initial,-6.171083927154541,-6.001132011413574
560,initial,-7.387479782104492,-6.740252494812012
561,initial,-7.559853553771973,-6.6294121742248535
562,initial,-7.972188949584961,-7.553928852081299
563,initial,-6.67779541015625,-6.419579982757568
564,initial,-8.096803665161133,-7.413118839263916
565,initial,-6.283369541168213,-5.6496710777282715
566,initial,-6.72324800491333,-6.265877723693848
567,initial,-7.4684014320373535,-6.757346153259277
568,initial,-6.871568202972412,-6.917116165161133
569,initial,-7.354037761688232,-6.874024868011475
570,initial,-7.909043788909912,-7.366505146026611
571,initial,-7.113081932067871,-6.45791482925415
572,initial,-6.84212589263916,-6.756361484527588
573,initial,-8.305534362792969,-7.682778358459473
574,initial,-6.560582637786865,-6.270362377166748
575,initial,-6.408780097961426,-6.0329437255859375
576,initial,-6.5362138748168945,-6.149654388427734
577,initial,-5.826173782348633,-5.531557083129883
578,initial,-6.0137176513671875,-5.953510761260986
579,initial,-6.3809404373168945,-5.995868682861328
580,initial,-7.628867149353027,-7.3006911277771
581,initial,-8.466472625732422,-7.688009738922119
582,initial,-7.126988887786865,-6.496250629425049
583,initial,-8.860270500183105,-7.697937965393066
584,initial,-8.318737030029297,-7.909498691558838
585,initial,-6.835597038269043,-6.313697814941406
586,initial,-7.1808648109436035,-6.737981796264648
587,initial,-8.716534614562988,-7.843203067779541
588,initial,-8.065468788146973,-7.425722599029541
589,initial,-8.125956535339355,-7.20182466506958
590,initial,-8.498265266418457,-7.551133155822754
591,initial,-8.733094215393066,-7.866757392883301
592,initial,-8.684962272644043,-7.778566837310791
593,initial,-7.677350044250488,-7.237724304199219
594,initial,-6.7897257804870605,-6.132587432861328
595,initial,-8.764328956604004,-7.70767879486084
596,initial,-6.571700096130371,-6.077497482299805
597,initial,-7.911975383758545,-7.2892913818359375
598,initial,-9.416421890258789,-8.168457984924316
599,initial,-8.383862495422363,-7.770305633544922
600,initial,-7.566404819488525,-7.500783443450928
601,initial,-9.118965148925781,-8.083436012268066
602,initial,-9.244067192077637,-8.23218059539795
603,initial,-8.771374702453613,-8.042624473571777
604,initial,-7.566404819488525,-7.500783443450928
605,initial,-7.544172286987305,-7.304447650909424
606,initial,-8.818015098571777,-7.9584879875183105
607,initial,-7.939640998840332,-7.47434663772583
608,initial,-8.466086387634277,-7.652789115905762
609,initial,-8.855114936828613,-8.204161643981934
610,initial,-7.664145469665527,-7.179732799530029
611,initial,-9.244067192077637,-8.23218059539795
612,initial,-7.099621295928955,-6.620224952697754
613,initial,-7.892775058746338,-7.38726806640625
614,initial,-7.221376419067383,-6.904873371124268
615,initial,-7.772069454193115,-7.535002708435059
616,initial,-7.3353071212768555,-6.808562278747559
617,initial,-8.441205024719238,-7.682802677154541
618,initial,-7.463740825653076,-7.006100654602051
619,initial,-8.766586303710938,-7.959736347198486
620,initial,-7.289777755737305,-7.082727432250977
621,initial,-7.864198207855225,-7.62526798248291
622,initial,-8.509151458740234,-8.241484642028809
623,initial,-7.007746696472168,-6.901181221008301
624,initial,-7.316383361816406,-7.0076375007629395
625,initial,-7.230558395385742,-7.321451663970947
626,initial,-8.202192306518555,-8.06119155883789
627,initial,-6.495787620544434,-6.362641334533691
628,initial,-7.231893062591553,-6.688959121704102
629,initial,-8.561285972595215,-7.940644264221191
630,initial,-7.947464466094971,-7.306765079498291
631,initial,-7.672092437744141,-7.067903518676758
632,initial,-6.508859634399414,-6.596161842346191
633,initial,-6.390484809875488,-6.3080034255981445
634,initial,-7.51385498046875,-7.202384948730469
635,initial,-6.0037336349487305,-6.0010151863098145
636,initial,-7.350142002105713,-7.369657039642334
637,initial,-6.5174736976623535,-6.402714729309082
638,initial,-7.6832780838012695,-7.611349105834961
639,initial,-6.627829551696777,-6.154183387756348
640,initial,-8.22484016418457,-7.348011016845703
641,initial,-7.608707427978516,-8.011425018310547
642,initial,-7.187442779541016,-6.915526866912842
643,initial,-8.823498725891113,-8.211151123046875
644,initial,-8.080873489379883,-8.328206062316895
645,initial,-8.288140296936035,-7.878952503204346
646,initial,-9.333165168762207,-9.082146644592285
647,initial,-8.075255393981934,-7.149997234344482
648,initial,-10.00056266784668,-8.645779609680176
649,initial,-8.361611366271973,-8.110156059265137
650,initial,-8.070960998535156,-8.111576080322266
651,initial,-7.488471031188965,-7.3570942878723145
652,initial,-7.575051784515381,-7.066908836364746
653,initial,-7.968755722045898,-7.199843406677246
654,initial,-7.977985858917236,-7.871213436126709
655,initial,-9.191373825073242,-8.663995742797852
656,initial,-9.074061393737793,-8.50794506072998
657,initial,-9.5870361328125,-8.867888450622559
658,initial,-8.964546203613281,-8.366971015930176
659,initial,-8.559417724609375,-7.785693645477295
660,initial,-7.953751564025879,-7.290073871612549
661,initial,-5.917500019073486,-5.658363342285156
662,initial,-8.117056846618652,-7.524284362792969
663,initial,-7.442949295043945,-7.486072540283203
664,initial,-6.586709499359131,-6.377417087554932
665,initial,-6.544882297515869,-6.53726053237915
666,initial,-5.951345920562744,-5.940988540649414
667,initial,-7.061091423034668,-6.7255859375
668,initial,-6.380682468414307,-6.32292366027832
669,initial,-5.678681373596191,-5.911005020141602
670,initial,-8.251812934875488,-7.944462299346924
671,initial,-6.752153396606445,-6.581517219543457
672,initial,-7.824780464172363,-7.337739944458008
673,initial,-6.409534931182861,-6.293019771575928
674,initial,-8.251812934875488,-7.944462299346924
675,initial,-7.116224765777588,-7.025648593902588
676,initial,-8.45486831665039,-7.845876216888428
677,initial,-7.061240196228027,-6.606854438781738
678,initial,-7.195622444152832,-7.115270614624023
679,initial,-7.3991546630859375,-7.407501697540283
680,initial,-7.52190637588501,-6.57775354385376
681,initial,-7.409681797027588,-6.717958450317383
682,initial,-7.173022747039795,-6.546608924865723
683,initial,-8.260698318481445,-7.708251953125
684,initial,-7.483481407165527,-6.709656715393066
685,initial,-6.370876789093018,-5.969554424285889
686,initial,-7.276021480560303,-6.820448398590088
687,initial,-6.85841178894043,-6.566695690155029
688,initial,-7.280287742614746,-6.486275672912598
689,initial,-7.816769123077393,-7.317714691162109
690,initial,-7.0624918937683105,-6.634401321411133
691,initial,-6.758207321166992,-6.467916488647461
692,initial,-7.382161617279053,-7.223219871520996
693,initial,-7.360221862792969,-6.736947059631348
694,initial,-7.249800682067871,-7.294883728027344
695,initial,-7.81027364730835,-7.648996353149414
696,initial,-8.682968139648438,-7.911418437957764
697,initial,-7.246063232421875,-6.514960765838623
698,initial,-7.380553722381592,-6.999128341674805
699,initial,-6.98321533203125,-6.361148357391357
0,final,-11.133244514465332,-8.75025463104248
1,final,-10.176231384277344,-8.442194938659668
2,final,-4.860143661499023,-3.843604803085327
3,final,-13.404337882995605,-11.155034065246582
4,final,-10.63626480102539,-7.885316371917725
5,final,-9.991975784301758,-8.289113998413086
6,final,-13.211359977722168,-10.348111152648926
7,final,-10.146272659301758,-8.510186195373535
8,final,-5.41279411315918,-3.9952139854431152
9,final,-4.860143661499023,-3.843604803085327
10,final,-10.557827949523926,-7.981378555297852
11,final,-5.462508678436279,-4.313128471374512
12,final,-10.773294448852539,-8.038676261901855
13,final,-10.890172958374023,-8.013298034667969
14,final,-5.41279411315918,-3.9952139854431152
15,final,-12.235379219055176,-10.266448020935059
16,final,-10.825029373168945,-8.94227123260498
17,final,-11.049677848815918,-9.302311897277832
18,final,-13.792150497436523,-11.48629379272461
19,final,-10.490544319152832,-8.588184356689453
20,final,-5.616031169891357,-4.2956695556640625
21,final,-11.132430076599121,-8.223023414611816
22,final,-12.149724006652832,-9.317648887634277
23,final,-7.2002716064453125,-5.007200717926025
24,final,-10.708789825439453,-8.064360618591309
25,final,-7.2002716064453125,-5.007200717926025
26,final,-13.451353073120117,-10.014239311218262
27,final,-12.599989891052246,-9.952792167663574
28,final,-5.997443675994873,-4.7311692237854
29,final,-10.481362342834473,-7.494014739990234
30,final,-7.290487289428711,-5.723733425140381
31,final,-9.917383193969727,-7.3454461097717285
32,final,-12.149725914001465,-9.317646980285645
33,final,-9.91738510131836,-7.345444202423096
34,final,-9.92483901977539,-7.673112869262695
35,final,-12.243964195251465,-9.714405059814453
36,final,-5.997442722320557,-4.7311692237854
37,final,-9.91738510131836,-7.345444202423096
38,final,-4.917255401611328,-3.6033473014831543
39,final,-7.6851725578308105,-6.05263090133667
40,final,-7.83605432510376,-6.4422149658203125
41,final,-8.256537437438965,-6.822094440460205
42,final,-6.754319667816162,-5.356625556945801
43,final,-10.117106437683105,-8.577072143554688
44,final,-10.439494132995605,-10.901044845581055
45,final,-10.279857635498047,-9.189196586608887
46,final,-8.464988708496094,-7.978881359100342
47,final,-7.195039749145508,-5.893900394439697
48,final,-13.550346374511719,-11.894246101379395
49,final,-6.972292423248291,-5.755168914794922
50,final,-9.99194622039795,-7.9481096267700195
51,final,-13.782705307006836,-10.999761581420898
52,final,-7.531977653503418,-5.843317031860352
53,final,-10.380109786987305,-10.62584400177002
54,final,-9.713720321655273,-8.058241844177246
55,final,-8.40997314453125,-7.935483455657959
56,final,-8.237854957580566,-7.020992279052734
57,final,-7.413212776184082,-5.847663402557373
58,final,-8.8197603225708,-7.166011810302734
59,final,-9.969931602478027,-9.047492980957031
60,final,-12.581841468811035,-10.691818237304688
61,final,-12.083128929138184,-9.160822868347168
62,final,-17.588281631469727,-14.149261474609375
63,final,-13.988637924194336,-10.747840881347656
64,final,-8.448341369628906,-6.769216060638428
65,final,-6.395206928253174,-5.333928108215332
66,final,-9.309725761413574,-6.950693607330322
67,final,-14.87890625,-11.753559112548828
68,final,-12.653581619262695,-10.206969261169434
69,final,-11.63994026184082,-9.834552764892578
70,final,-13.322113037109375,-10.346916198730469
71,final,-15.141633987426758,-12.536885261535645
72,final,-10.512415885925293,-8.728958129882812
73,final,-10.397953987121582,-8.802077293395996
74,final,-11.23094654083252,-9.585596084594727
75,final,-13.062703132629395,-10.162812232971191
76,final,-8.910428047180176,-6.8440752029418945
77,final,-13.471807479858398,-10.88672161102295
78,final,-6.984254360198975,-6.0571417808532715
79,final,-7.827748775482178,-5.985931873321533
80,final,-4.24200439453125,-3.695272922515869
81,final,-5.15329647064209,-3.8144049644470215
82,final,-8.0425443649292,-5.896726608276367
83,final,-4.998898506164551,-4.653148174285889
84,final,-9.749448776245117,-8.319923400878906
85,final,-10.009503364562988,-7.970278263092041
86,final,-10.799201011657715,-9.072295188903809
87,final,-8.083688735961914,-6.717047214508057
88,final,-9.224713325500488,-7.329030990600586
89,final,-5.165998458862305,-4.313851833343506
90,final,-8.25506591796875,-7.2216796875
91,final,-11.353011131286621,-9.1286039352417
92,final,-6.571390151977539,-5.480956077575684
93,final,-5.545773506164551,-4.035223007202148
94,final,-5.698729515075684,-4.297905445098877
95,final,-10.736797332763672,-9.175800323486328
96,final,-4.767306327819824,-4.006765365600586
97,final,-6.483926296234131,-6.2963948249816895
98,final,-10.8424711227417,-8.692007064819336
99,final,-7.730400085449219,-6.891139030456543
100,final,-10.25083065032959,-9.6122465133667
101,final,-7.621795654296875,-5.880197525024414
102,final,-13.855632781982422,-11.822164535522461
103,final,-9.908310890197754,-8.700092315673828
104,final,-9.908310890197754,-8.700092315673828
105,final,-6.331845760345459,-5.120262622833252
106,final,-11.158519744873047,-9.78813648223877
107,final,-9.522054672241211,-9.488070487976074
108,final,-5.385404109954834,-4.323929786682129
109,final,-12.243517875671387,-10.316275596618652
110,final,-12.054222106933594,-9.162801742553711
111,final,-5.366475582122803,-3.825646162033081
112,final,-12.862724304199219,-10.198526382446289
113,final,-12.701310157775879,-9.523582458496094
114,final,-10.232426643371582,-8.502840042114258
115,final,-5.9805827140808105,-4.904935359954834
116,final,-10.227394104003906,-8.77016544342041
117,final,-10.093700408935547,-9.274893760681152
118,final,-11.158519744873047,-9.78813648223877
119,final,-10.169212341308594,-7.355560302734375
120,final,-4.179603576660156,-3.2439792156219482
121,final,-4.8810625076293945,-3.8443515300750732
122,final,-10.488687515258789,-8.642964363098145
123,final,-9.43315315246582,-7.491179943084717
124,final,-6.929385185241699,-5.552959442138672
125,final,-11.618520736694336,-9.204379081726074
126,final,-9.618327140808105,-7.871345043182373
127,final,-9.981127738952637,-7.752478122711182
128,final,-6.605660915374756,-5.3023600578308105
129,final,-14.292455673217773,-11.511184692382812
130,final,-9.633749008178711,-7.507168292999268
131,final,-9.51237678527832,-7.835361957550049
132,final,-4.771462440490723,-3.917691469192505
133,final,-9.875436782836914,-7.749810695648193
134,final,-14.292455673217773,-11.511184692382812
135,final,-7.06218957901001,-5.470052719116211
136,final,-6.9190826416015625,-5.555419445037842
137,final,-7.06218957901001,-5.470052719116211
138,final,-11.61851692199707,-9.204375267028809
139,final,-5.193914890289307,-4.322240352630615
140,final,-6.9281415939331055,-5.564758777618408
141,final,-9.40993595123291,-9.228658676147461
142,final,-6.25271463394165,-5.125880718231201
143,final,-5.290683746337891,-4.029868125915527
144,final,-10.154678344726562,-8.03138542175293
145,final,-9.376485824584961,-9.795184135437012
146,final,-11.693442344665527,-9.869827270507812
147,final,-10.92208194732666,-10.255172729492188
148,final,-6.590383529663086,-5.002390384674072
149,final,-7.909184455871582,-6.111193656921387
150,final,-10.681962966918945,-8.887473106384277
151,final,-10.582756042480469,-10.271645545959473
152,final,-10.340940475463867,-8.917632102966309
153,final,-12.552504539489746,-10.498684883117676
154,final,-6.9281415939331055,-5.564758777618408
155,final,-11.693442344665527,-9.869827270507812
156,final,-13.276239395141602,-10.642349243164062
157,final,-12.742378234863281,-10.42417049407959
158,final,-6.119878768920898,-4.566995620727539
159,final,-11.693442344665527,-9.869827270507812
160,final,-11.992673873901367,-10.331551551818848
161,final,-11.246060371398926,-8.652840614318848
162,final,-11.714608192443848,-9.155957221984863
163,final,-11.694831848144531,-8.966988563537598
164,final,-14.451059341430664,-11.316364288330078
165,final,-4.635361194610596,-3.547118902206421
166,final,-8.050962448120117,-6.144582271575928
167,final,-11.694831848144531,-8.966988563537598
168,final,-6.339413166046143,-4.530076503753662
169,final,-8.765959739685059,-6.57440185546875
170,final,-11.772942543029785,-8.88623046875
171,final,-10.828503608703613,-8.225826263427734
172,final,-7.089242458343506,-5.271102428436279
173,final,-13.133275032043457,-10.673102378845215
174,final,-13.01213264465332,-10.471484184265137
175,final,-7.580574035644531,-5.6399993896484375
176,final,-12.994102478027344,-9.970786094665527
177,final,-10.994708061218262,-9.103267669677734
178,final,-6.559406757354736,-5.057682991027832
179,final,-10.859952926635742,-8.14624309539795
180,final,-7.136842250823975,-5.79498291015625
181,final,-4.646322250366211,-3.6310055255889893
182,final,-4.111124515533447,-3.881852865219116
183,final,-8.87961196899414,-7.051253318786621
184,final,-7.690620422363281,-7.082262992858887
185,final,-5.841535568237305,-4.65835428237915
186,final,-9.662421226501465,-8.052139282226562
187,final,-11.041900634765625,-9.787301063537598
188,final,-7.173552513122559,-5.821866989135742
189,final,-8.567601203918457,-7.643933296203613
190,final,-5.97671365737915,-4.582897186279297
191,final,-7.136842250823975,-5.79498291015625
192,final,-9.125585556030273,-7.614279747009277
193,final,-7.4472126960754395,-6.042810440063477
194,final,-8.768037796020508,-7.804211616516113
195,final,-8.042732238769531,-6.63226318359375
196,final,-9.098608016967773,-7.6833648681640625
197,final,-9.630165100097656,-8.575010299682617
198,final,-10.270298957824707,-8.223936080932617
199,final,-7.319732666015625,-6.694149971008301
200,final,-4.5255537033081055,-3.4159464836120605
201,final,-10.027701377868652,-8.244776725769043
202,final,-9.045977592468262,-8.19896125793457
203,final,-9.595597267150879,-8.529322624206543
204,final,-9.595597267150879,-8.529322624206543
205,final,-4.572178840637207,-3.253410816192627
206,final,-10.647403717041016,-9.437100410461426
207,final,-12.612857818603516,-10.048222541809082
208,final,-9.595597267150879,-8.529322624206543
209,final,-4.572178840637207,-3.253410816192627
210,final,-10.51745319366455,-9.52684497833252
211,final,-9.18941593170166,-8.40251350402832
212,final,-9.18941593170166,-8.40251350402832
213,final,-9.601094245910645,-8.549410820007324
214,final,-10.51745319366455,-9.52684497833252
215,final,-12.526549339294434,-10.079816818237305
216,final,-9.433745384216309,-8.321240425109863
217,final,-11.669835090637207,-9.144620895385742
218,final,-5.048684597015381,-3.7982077598571777
219,final,-6.797041416168213,-5.499917030334473
220,final,-9.119455337524414,-7.822671413421631
221,final,-9.37086009979248,-8.044245719909668
222,final,-9.601064682006836,-8.210277557373047
223,final,-9.776461601257324,-8.379141807556152
224,final,-10.780875205993652,-9.250873565673828
225,final,-6.207796096801758,-5.58192253112793
226,final,-9.862869262695312,-8.736669540405273
227,final,-7.2824273109436035,-6.30015230178833
228,final,-6.198479652404785,-5.73129415512085
229,final,-6.207796096801758,-5.58192253112793
230,final,-10.612089157104492,-9.013504981994629
231,final,-5.170689582824707,-4.794370651245117
232,final,-9.761120796203613,-8.383487701416016
233,final,-11.269139289855957,-9.684225082397461
234,final,-10.893784523010254,-9.609844207763672
235,final,-6.239521026611328,-5.723720550537109
236,final,-6.8880791664123535,-6.009611129760742
237,final,-6.8800506591796875,-6.157913684844971
238,final,-11.876154899597168,-10.54348087310791
239,final,-7.484807968139648,-6.690149784088135
240,final,-6.670807361602783,-5.567076206207275
241,final,-9.234183311462402,-7.575061798095703
242,final,-12.201071739196777,-10.316801071166992
243,final,-9.794896125793457,-8.355016708374023
244,final,-11.08011531829834,-9.227279663085938
245,final,-12.759477615356445,-10.857718467712402
246,final,-9.837777137756348,-8.228004455566406
247,final,-11.422271728515625,-9.768522262573242
248,final,-11.544897079467773,-9.915850639343262
249,final,-9.779568672180176,-8.122334480285645
250,final,-11.138689041137695,-9.345416069030762
251,final,-9.250213623046875,-7.525667190551758
252,final,-8.996003150939941,-7.518065929412842
253,final,-7.54122257232666,-6.300727844238281
254,final,-7.1810197830200195,-6.0904130935668945
255,final,-10.265525817871094,-8.536092758178711
256,final,-10.669748306274414,-9.0646390914917
257,final,-10.867731094360352,-9.062068939208984
258,final,-7.103857040405273,-5.87922477722168
259,final,-5.195719242095947,-4.209261417388916
260,final,-9.42093563079834,-8.515169143676758
261,final,-9.4376802444458,-8.330595016479492
262,final,-8.608622550964355,-7.592047214508057
263,final,-9.743420600891113,-8.62879753112793
264,final,-8.927618980407715,-8.176244735717773
265,final,-9.500879287719727,-8.560867309570312
266,final,-7.448816776275635,-6.7459516525268555
267,final,-8.59544849395752,-7.706353664398193
268,final,-8.941130638122559,-7.972306251525879
269,final,-12.011484146118164,-10.049385070800781
270,final,-6.438978672027588,-5.709529876708984
271,final,-7.583805561065674,-6.217106342315674
272,final,-5.766912460327148,-5.219978332519531
273,final,-9.033061027526855,-8.052141189575195
274,final,-11.629316329956055,-10.448691368103027
275,final,-5.3058576583862305,-4.938448905944824
276,final,-8.118102073669434,-6.758355617523193
277,final,-8.401490211486816,-7.691674709320068
278,final,-8.878070831298828,-8.316144943237305
279,final,-7.710744380950928,-7.040980339050293
280,final,-12.10237979888916,-10.009119987487793
281,final,-11.731316566467285,-9.618420600891113
282,final,-11.12919807434082,-9.594805717468262
283,final,-11.546642303466797,-10.117805480957031
284,final,-6.665478229522705,-5.729528427124023
285,final,-9.83364200592041,-8.639241218566895
286,final,-13.844758987426758,-12.204668045043945
287,final,-10.687097549438477,-8.893287658691406
288,final,-10.482885360717773,-8.889592170715332
289,final,-6.53302526473999,-5.915225982666016
290,final,-13.459639549255371,-11.951650619506836
291,final,-11.774398803710938,-10.405359268188477
292,final,-11.286581039428711,-9.971101760864258
293,final,-13.851043701171875,-12.075916290283203
294,final,-6.492384910583496,-5.830057144165039
295,final,-6.867464542388916,-6.252477645874023
296,final,-9.975605964660645,-8.246153831481934
297,final,-12.170174598693848,-10.074789047241211
298,final,-11.032474517822266,-9.67862606048584
299,final,-13.95326042175293,-12.123733520507812
300,final,-8.911043167114258,-7.821475028991699
301,final,-9.895071983337402,-8.371739387512207
302,final,-6.24397611618042,-5.606479644775391
303,final,-8.457837104797363,-7.222301483154297
304,final,-8.02660083770752,-6.672964096069336
305,final,-9.144185066223145,-8.077898025512695
306,final,-12.129344940185547,-9.271632194519043
307,final,-7.648719310760498,-6.464256286621094
308,final,-5.920064449310303,-4.943103313446045
309,final,-6.142581939697266,-4.7475199699401855
310,final,-11.5125732421875,-8.894722938537598
311,final,-9.341863632202148,-8.178966522216797
312,final,-8.045173645019531,-7.0148606300354
313,final,-7.954058647155762,-6.6506476402282715
314,final,-8.366779327392578,-7.456604480743408
315,final,-5.895808696746826,-5.195540428161621
316,final,-4.710056781768799,-4.1580376625061035
317,final,-8.859963417053223,-7.514652252197266
318,final,-5.6168212890625,-5.095547676086426
319,final,-9.984125137329102,-8.188918113708496
320,final,-5.325709819793701,-4.508817195892334
321,final,-8.502388000488281,-7.397886276245117
322,final,-9.70617389678955,-8.236161231994629
323,final,-7.819401741027832,-6.294463634490967
324,final,-6.528824806213379,-5.522538185119629
325,final,-9.50609302520752,-8.039408683776855
326,final,-8.955364227294922,-7.836372375488281
327,final,-11.8710355758667,-10.301881790161133
328,final,-4.9325151443481445,-4.4074506759643555
329,final,-9.178396224975586,-7.942687034606934
330,final,-5.669395446777344,-4.980189323425293
331,final,-11.642890930175781,-9.986807823181152
332,final,-10.430087089538574,-8.854839324951172
333,final,-9.120304107666016,-8.395605087280273
334,final,-5.146455764770508,-4.512053489685059
335,final,-6.571004867553711,-5.716444492340088
336,final,-7.819058895111084,-6.67050838470459
337,final,-8.853519439697266,-7.642422199249268
338,final,-4.829217910766602,-4.231633186340332
339,final,-9.97716236114502,-8.46551513671875
340,final,-5.237558841705322,-4.574317932128906
341,final,-14.38359546661377,-12.801216125488281
342,final,-13.357290267944336,-10.90291690826416
343,final,-11.401199340820312,-9.753375053405762
344,final,-8.520365715026855,-7.981196880340576
345,final,-5.7366623878479,-4.5584211349487305
346,final,-13.488858222961426,-11.27230453491211
347,final,-11.103872299194336,-9.134040832519531
348,final,-13.192428588867188,-11.331207275390625
349,final,-7.8903350830078125,-7.406195163726807
350,final,-10.632223129272461,-9.135699272155762
351,final,-14.121255874633789,-12.212852478027344
352,final,-11.996739387512207,-9.978242874145508
353,final,-16.109392166137695,-13.234326362609863
354,final,-5.789392948150635,-4.82330322265625
355,final,-11.074847221374512,-9.763564109802246
356,final,-15.660684585571289,-13.154994010925293
357,final,-14.132308959960938,-12.290390968322754
358,final,-11.252293586730957,-10.396773338317871
359,final,-11.733662605285645,-10.406468391418457
360,final,-7.707173824310303,-6.988001346588135
361,final,-12.769946098327637,-10.205723762512207
362,final,-7.086048126220703,-5.638398170471191
363,final,-4.9369120597839355,-4.49404239654541
364,final,-7.612542152404785,-5.914846897125244
365,final,-10.2310791015625,-8.457077980041504
366,final,-10.39538860321045,-9.306717872619629
367,final,-10.418717384338379,-8.38593864440918
368,final,-11.191909790039062,-9.114861488342285
369,final,-12.585502624511719,-10.58630084991455
370,final,-10.969712257385254,-9.54375171661377
371,final,-13.5167818069458,-11.231173515319824
372,final,-12.749090194702148,-10.965980529785156
373,final,-15.1218843460083,-12.611621856689453
374,final,-9.93217945098877,-8.984618186950684
375,final,-7.263430118560791,-6.022377967834473
376,final,-7.867409706115723,-7.1192193031311035
377,final,-12.769946098327637,-10.205723762512207
378,final,-4.9369120597839355,-4.49404239654541
379,final,-11.22467041015625,-9.839112281799316
380,final,-6.4526214599609375,-6.9338908195495605
381,final,-10.940009117126465,-9.865345001220703
382,final,-7.729353904724121,-7.343900203704834
383,final,-11.472853660583496,-10.54365062713623
384,final,-5.89617395401001,-5.217488765716553
385,final,-8.755045890808105,-10.19351577758789
386,final,-10.497955322265625,-9.587763786315918
387,final,-10.975132942199707,-8.944168090820312
388,final,-6.960098743438721,-7.416815757751465
389,final,-8.324837684631348,-9.32056999206543
390,final,-8.075763702392578,-10.17623233795166
391,final,-6.988549709320068,-6.091146469116211
392,final,-11.969481468200684,-11.559401512145996
393,final,-11.207951545715332,-9.325471878051758
394,final,-7.4598283767700195,-6.542779445648193
395,final,-13.991800308227539,-14.335176467895508
396,final,-11.401627540588379,-9.86209487915039
397,final,-9.748879432678223,-11.88908863067627
398,final,-6.118106365203857,-5.20996618270874
399,final,-6.410041809082031,-5.084789276123047
400,final,-12.054301261901855,-10.733857154846191
401,final,-12.631410598754883,-10.266162872314453
402,final,-12.553045272827148,-11.194296836853027
403,final,-8.360394477844238,-7.340030193328857
404,final,-12.699943542480469,-10.51607608795166
405,final,-12.828903198242188,-10.784568786621094
406,final,-13.500693321228027,-11.23436164855957
407,final,-7.606435298919678,-6.659407615661621
408,final,-10.9548978805542,-10.040322303771973
409,final,-10.620694160461426,-9.214981079101562
410,final,-9.005868911743164,-7.8560309410095215
411,final,-12.307394981384277,-10.47368049621582
412,final,-11.875696182250977,-11.123042106628418
413,final,-6.728725433349609,-6.266927242279053
414,final,-9.093050956726074,-7.861164569854736
415,final,-13.871055603027344,-11.798946380615234
416,final,-12.648839950561523,-11.467025756835938
417,final,-13.604942321777344,-11.421177864074707
418,final,-12.44876766204834,-10.818408012390137
419,final,-8.360394477844238,-7.340030193328857
420,final,-8.059284210205078,-6.732145309448242
421,final,-9.948636054992676,-8.800129890441895
422,final,-8.812228202819824,-9.084857940673828
423,final,-8.061776161193848,-8.247617721557617
424,final,-8.663999557495117,-7.784362316131592
425,final,-10.061805725097656,-8.451409339904785
426,final,-10.00949764251709,-8.539238929748535
427,final,-11.744874000549316,-9.775047302246094
428,final,-6.980271816253662,-6.060250759124756
429,final,-7.797509670257568,-6.825182914733887
430,final,-14.060961723327637,-11.661725997924805
431,final,-8.458390235900879,-7.457720756530762
432,final,-5.586127281188965,-5.147362232208252
433,final,-12.466096878051758,-11.029848098754883
434,final,-11.996831893920898,-10.478343963623047
435,final,-6.0024943351745605,-5.099602699279785
436,final,-8.433128356933594,-8.50084400177002
437,final,-6.372471332550049,-5.647435665130615
438,final,-9.09880542755127,-7.885260581970215
439,final,-8.305974960327148,-7.326968193054199
440,final,-10.691994667053223,-10.14272403717041
441,final,-5.207859516143799,-4.296547889709473
442,final,-8.75216293334961,-7.774323463439941
443,final,-8.160634994506836,-7.120514869689941
444,final,-10.181885719299316,-9.55946159362793
445,final,-6.3569536209106445,-5.285400867462158
446,final,-13.18166732788086,-12.991114616394043
447,final,-12.049899101257324,-9.653534889221191
448,final,-5.905754566192627,-5.265653610229492
449,final,-6.756869316101074,-6.0475640296936035
450,final,-11.988543510437012,-11.563497543334961
451,final,-10.913467407226562,-10.364472389221191
452,final,-12.79819107055664,-11.136026382446289
453,final,-5.949891567230225,-5.248283386230469
454,final,-5.541370868682861,-4.8729681968688965
455,final,-6.399467945098877,-5.483282089233398
456,final,-7.43181848526001,-6.480166435241699
457,final,-9.882820129394531,-10.800880432128906
458,final,-10.336379051208496,-11.077109336853027
459,final,-9.552742004394531,-8.364680290222168
460,final,-11.314577102661133,-9.862883567810059
461,final,-3.77064847946167,-3.695159673690796
462,final,-3.8943276405334473,-3.993786096572876
463,final,-8.19511890411377,-7.756686687469482
464,final,-7.291406631469727,-7.106518745422363
465,final,-7.204806804656982,-7.137977600097656
466,final,-6.324640274047852,-5.953620910644531
467,final,-6.009334564208984,-5.445057392120361
468,final,-6.2056498527526855,-5.983928203582764
469,final,-8.398838996887207,-7.524514675140381
470,final,-8.523828506469727,-7.645742893218994
471,final,-12.444092750549316,-11.414132118225098
472,final,-8.945693969726562,-8.308107376098633
473,final,-8.355520248413086,-7.490093231201172
474,final,-6.505080699920654,-6.347794532775879
475,final,-4.479349613189697,-4.373157978057861
476,final,-7.02919340133667,-6.65259313583374
477,final,-7.307585716247559,-6.704704284667969
478,final,-7.814816951751709,-7.331585884094238
479,final,-4.77492094039917,-4.810314655303955
480,final,-7.505372047424316,-7.037557125091553
481,final,-6.3325395584106445,-5.6319966316223145
482,final,-8.517128944396973,-7.434632301330566
483,final,-3.79779052734375,-3.4889719486236572
484,final,-3.9924206733703613,-3.453603744506836
485,final,-4.1620774269104,-4.18303918838501
486,final,-4.1620774269104,-4.18303918838501
487,final,-7.164742469787598,-6.571465492248535
488,final,-3.796696186065674,-3.0576658248901367
489,final,-9.290586471557617,-7.754261016845703
490,final,-8.52924919128418,-7.118318557739258
491,final,-11.887924194335938,-10.220142364501953
492,final,-4.1620774269104,-4.18303918838501
493,final,-3.5476691722869873,-3.1360673904418945
494,final,-4.4611053466796875,-3.5783534049987793
495,final,-6.814877986907959,-5.582737445831299
496,final,-5.478840351104736,-4.4635820388793945
497,final,-7.801225662231445,-7.129359245300293
498,final,-3.5476691722869873,-3.1360673904418945
499,final,-5.527033805847168,-4.465267658233643
500,final,-5.497802257537842,-5.368983745574951
501,final,-6.987623691558838,-7.254610061645508
502,final,-5.080422401428223,-6.078941822052002
503,final,-10.139287948608398,-11.181648254394531
504,final,-7.912729263305664,-8.631585121154785
505,final,-6.379995822906494,-5.860128879547119
506,final,-6.943413734436035,-6.217136859893799
507,final,-9.449949264526367,-8.645938873291016
508,final,-7.945398807525635,-8.500829696655273
509,final,-6.735327243804932,-8.199235916137695
510,final,-8.874659538269043,-8.15793228149414
511,final,-9.994998931884766,-10.089591979980469
512,final,-4.916850566864014,-6.069642066955566
513,final,-5.844437122344971,-5.137116432189941
514,final,-7.24276876449585,-7.210561275482178
515,final,-9.012887954711914,-7.723381042480469
516,final,-8.850861549377441,-9.188913345336914
517,final,-4.124520301818848,-4.413735866546631
518,final,-7.640246391296387,-7.298205852508545
519,final,-9.505705833435059,-9.809682846069336
520,final,-9.528986930847168,-8.755399703979492
521,final,-10.728436470031738,-9.721851348876953
522,final,-7.900968074798584,-7.075592994689941
523,final,-7.85386848449707,-7.32042932510376
524,final,-6.334245681762695,-5.826839923858643
525,final,-8.25094223022461,-7.62637996673584
526,final,-5.050055027008057,-3.842235803604126
527,final,-8.036458015441895,-7.546854019165039
528,final,-11.53397274017334,-10.499202728271484
529,final,-6.668751239776611,-6.176762104034424
530,final,-8.281365394592285,-7.835057258605957
531,final,-9.9445219039917,-9.284322738647461
532,final,-8.673308372497559,-7.792691230773926
533,final,-10.282543182373047,-9.36392593383789
534,final,-7.901041030883789,-6.690911293029785
535,final,-5.487420082092285,-4.402522087097168
536,final,-6.384201526641846,-5.741315841674805
537,final,-9.9445219039917,-9.284322738647461
538,final,-5.176731109619141,-4.5342326164245605
539,final,-5.601461410522461,-4.889974594116211
540,final,-4.0220136642456055,-3.8689146041870117
541,final,-4.811887741088867,-4.381338596343994
542,final,-7.464107036590576,-6.6880784034729
543,final,-4.632657527923584,-4.476561546325684
544,final,-4.240429878234863,-3.820272207260132
545,final,-5.738231182098389,-5.375313758850098
546,final,-4.577794551849365,-4.115819931030273
547,final,-7.624646186828613,-6.650075912475586
548,final,-5.6595635414123535,-5.943165302276611
549,final,-7.931141376495361,-7.110391139984131
550,final,-5.100611209869385,-4.548051834106445
551,final,-8.852560043334961,-8.123172760009766
552,final,-6.066547870635986,-5.76055908203125
553,final,-7.482186317443848,-6.569709300994873
554,final,-7.781509876251221,-6.834156036376953
555,final,-6.244473934173584,-5.397533416748047
556,final,-5.000210762023926,-4.585460186004639
557,final,-7.388493537902832,-6.426855564117432
558,final,-4.959902286529541,-4.821457386016846
559,final,-6.537652969360352,-5.434154987335205
560,final,-9.80477523803711,-8.427674293518066
561,final,-5.700288772583008,-4.766583442687988
562,final,-8.579063415527344,-7.1701507568359375
563,final,-7.293333530426025,-7.665960311889648
564,final,-9.964917182922363,-8.68366813659668
565,final,-3.9548261165618896,-3.3845326900482178
566,final,-9.347684860229492,-8.347298622131348
567,final,-7.057021141052246,-6.09005880355835
568,final,-8.134933471679688,-6.910159587860107
569,final,-5.467109680175781,-4.6960296630859375
570,final,-7.023039817810059,-5.9125213623046875
571,final,-8.233686447143555,-7.052396774291992
572,final,-6.97822904586792,-6.34716272354126
573,final,-11.039470672607422,-9.957606315612793
574,final,-6.411276340484619,-6.697248458862305
575,final,-5.519830703735352,-5.176393508911133
576,final,-4.566409587860107,-3.9482474327087402
577,final,-3.593979835510254,-3.137122392654419
578,final,-3.9447286128997803,-3.9142372608184814
579,final,-5.497151851654053,-5.1809401512146
580,final,-4.147459506988525,-3.8689684867858887
581,final,-10.184420585632324,-8.652560234069824
582,final,-4.9917802810668945,-4.174351692199707
583,final,-11.176192283630371,-9.65307903289795
584,final,-8.490097999572754,-7.553915500640869
585,final,-6.4451704025268555,-5.431586742401123
586,final,-4.354541301727295,-3.5083224773406982
587,final,-10.319378852844238,-8.59782886505127
588,final,-8.904805183410645,-7.613858222961426
589,final,-8.779698371887207,-7.438648700714111
590,final,-12.485748291015625,-10.408086776733398
591,final,-12.579666137695312,-10.712662696838379
592,final,-10.08906364440918,-8.480961799621582
593,final,-4.689610481262207,-4.418357849121094
594,final,-4.269834518432617,-3.4480676651000977
595,final,-10.738848686218262,-8.7133207321167
596,final,-6.291510105133057,-5.281230449676514
597,final,-6.432396411895752,-5.8202619552612305
598,final,-10.603572845458984,-9.001925468444824
599,final,-8.452272415161133,-7.218563556671143
600,final,-8.9428071975708,-7.5778727531433105
601,final,-10.09371566772461,-7.959558963775635
602,final,-8.69402027130127,-6.740464210510254
603,final,-12.70804500579834,-10.250903129577637
604,final,-8.9428071975708,-7.5778727531433105
605,final,-6.523832321166992,-5.217299938201904
606,final,-9.050966262817383,-6.910176753997803
607,final,-6.065598487854004,-4.9491167068481445
608,final,-8.731107711791992,-6.725034236907959
609,final,-10.66170883178711,-8.795966148376465
610,final,-5.628725528717041,-4.57096004486084
611,final,-8.69402027130127,-6.740464210510254
612,final,-5.940415382385254,-4.614970684051514
613,final,-8.435729026794434,-6.743222236633301
614,final,-6.391693115234375,-4.7874226570129395
615,final,-6.514446258544922,-5.15008020401001
616,final,-9.29149341583252,-7.421951770782471
617,final,-10.060643196105957,-7.971871852874756
618,final,-6.422515392303467,-5.0146074295043945
619,final,-8.924199104309082,-7.732010841369629
620,final,-7.1865620613098145,-6.770245552062988
621,final,-9.802216529846191,-8.38995361328125
622,final,-11.527938842773438,-9.615330696105957
623,final,-5.232882976531982,-4.692081451416016
624,final,-8.46908950805664,-7.66979455947876
625,final,-9.213386535644531,-8.891947746276855
626,final,-9.91115951538086,-9.515094757080078
627,final,-5.675641059875488,-4.396035194396973
628,final,-8.464268684387207,-7.758625507354736
629,final,-10.029865264892578,-8.409977912902832
630,final,-10.285037994384766,-8.019468307495117
631,final,-11.563488006591797,-9.92016315460205
632,final,-4.9787397384643555,-4.491989612579346
633,final,-4.969847679138184,-4.511495590209961
634,final,-7.275705337524414,-6.838350772857666
635,final,-4.90218448638916,-4.5688676834106445
636,final,-7.321451187133789,-7.290801048278809
637,final,-6.609058856964111,-5.703983783721924
638,final,-8.490738868713379,-8.534708976745605
639,final,-5.915651321411133,-4.506110191345215
640,final,-9.982696533203125,-7.840449333190918
641,final,-7.142189979553223,-6.231396675109863
642,final,-9.218375205993652,-7.711832046508789
643,final,-9.988883018493652,-8.371915817260742
644,final,-9.976592063903809,-8.959238052368164
645,final,-7.191842079162598,-5.808854579925537
646,final,-11.909748077392578,-10.092785835266113
647,final,-10.333270072937012,-7.9340925216674805
648,final,-12.160843849182129,-9.722823143005371
649,final,-11.2263822555542,-9.304342269897461
650,final,-10.815190315246582,-9.399711608886719
651,final,-7.464688777923584,-6.632424354553223
652,final,-5.275149822235107,-4.674725532531738
653,final,-12.242831230163574,-8.942435264587402
654,final,-9.590947151184082,-8.545404434204102
655,final,-12.694611549377441,-10.377327919006348
656,final,-10.589375495910645,-9.170762062072754
657,final,-10.072402954101562,-9.029498100280762
658,final,-11.703465461730957,-9.820855140686035
659,final,-10.346243858337402,-7.900633811950684
660,final,-8.68120002746582,-7.385273456573486
661,final,-7.378470420837402,-6.332985877990723
662,final,-10.891200065612793,-8.705791473388672
663,final,-5.995532512664795,-5.119690895080566
664,final,-6.982274532318115,-6.812037467956543
665,final,-7.9898576736450195,-7.120756149291992
666,final,-4.43374490737915,-3.6443426609039307
667,final,-9.099504470825195,-7.38298225402832
668,final,-6.971273899078369,-6.539190292358398
669,final,-5.567065238952637,-4.969929218292236
670,final,-8.363423347473145,-7.318376541137695
671,final,-4.989401817321777,-4.241240501403809
672,final,-6.675744533538818,-5.758340835571289
673,final,-4.568915843963623,-4.048759937286377
674,final,-8.363426208496094,-7.3183770179748535
675,final,-7.421972751617432,-6.281152725219727
676,final,-11.978981971740723,-9.700322151184082
677,final,-8.140897750854492,-7.127387523651123
678,final,-8.091131210327148,-7.16254997253418
679,final,-9.03889274597168,-8.068599700927734
680,final,-8.612695693969727,-6.979954242706299
681,final,-7.81190824508667,-6.5560760498046875
682,final,-5.417252063751221,-4.22432279586792
683,final,-9.325927734375,-7.8211774826049805
684,final,-6.8270416259765625,-5.346497535705566
685,final,-7.896374702453613,-6.601663589477539
686,final,-9.363531112670898,-7.73997688293457
687,final,-4.498039722442627,-3.5091192722320557
688,final,-8.163013458251953,-6.895488262176514
689,final,-11.484440803527832,-9.86905288696289
690,final,-6.869746685028076,-5.501334190368652
691,final,-5.636656761169434,-4.858391761779785
692,final,-8.442116737365723,-7.084514617919922
693,final,-7.935226917266846,-6.538379669189453
694,final,-9.271078109741211,-7.857354164123535
695,final,-9.009035110473633,-7.771857738494873
696,final,-9.529509544372559,-7.8096442222595215
697,final,-8.002351760864258,-6.586375713348389
698,final,-6.52102518081665,-5.26298189163208
699,final,-6.788547515869141,-5.3818888664245605
0,best,-9.383747100830078,-7.352972030639648
1,best,-9.64716625213623,-7.993371963500977
2,best,-4.643120288848877,-3.770232677459717
3,best,-14.285470962524414,-11.952583312988281
4,best,-8.523541450500488,-6.322755336761475
5,best,-9.335532188415527,-7.831747531890869
6,best,-12.818942070007324,-10.24520206451416
7,best,-9.300963401794434,-8.156908988952637
8,best,-4.834997653961182,-3.743159055709839
9,best,-4.643120288848877,-3.770232677459717
10,best,-11.444755554199219,-9.08874225616455
11,best,-4.8646674156188965,-3.840235471725464
12,best,-10.119660377502441,-7.697887420654297
13,best,-11.41075611114502,-8.747844696044922
14,best,-4.834997653961182,-3.743159055709839
15,best,-11.875775337219238,-10.065434455871582
16,best,-10.182564735412598,-8.682793617248535
17,best,-10.43554973602295,-8.864834785461426
18,best,-14.794061660766602,-12.398163795471191
19,best,-8.378557205200195,-6.9673919677734375
20,best,-5.241871356964111,-4.094784259796143
21,best,-10.425484657287598,-8.499372482299805
22,best,-11.948022842407227,-9.379255294799805
23,best,-6.601782321929932,-4.731016635894775
24,best,-11.20942497253418,-9.406167030334473
25,best,-6.601782321929932,-4.731016635894775
26,best,-14.282424926757812,-11.102394104003906
27,best,-12.402695655822754,-9.867729187011719
28,best,-5.006032943725586,-4.021611213684082
29,best,-11.412599563598633,-8.662821769714355
30,best,-6.830469131469727,-5.502706050872803
31,best,-9.259642601013184,-7.556167125701904
32,best,-11.948020935058594,-9.379254341125488
33,best,-9.259644508361816,-7.556166172027588
34,best,-9.335391998291016,-7.293676853179932
35,best,-12.173271179199219,-9.903597831726074
36,best,-5.006032466888428,-4.021609783172607
37,best,-9.259644508361816,-7.556166172027588
38,best,-4.8107218742370605,-3.704427719116211
39,best,-6.686005115509033,-5.304316520690918
40,best,-7.439658164978027,-6.118922710418701
41,best,-7.4066267013549805,-5.94533634185791
42,best,-5.927735328674316,-4.591262340545654
43,best,-10.904409408569336,-9.128973960876465
44,best,-10.091222763061523,-9.48334789276123
45,best,-9.707768440246582,-8.543192863464355
46,best,-7.5447235107421875,-6.288553237915039
47,best,-6.468879699707031,-5.2112812995910645
48,best,-13.696630477905273,-11.537899017333984
49,best,-6.2140679359436035,-5.113184452056885
50,best,-10.721189498901367,-8.587362289428711
51,best,-13.767034530639648,-10.877495765686035
52,best,-6.716010093688965,-5.118131637573242
53,best,-10.872491836547852,-9.660128593444824
54,best,-10.469475746154785,-8.732105255126953
55,best,-7.551026344299316,-6.2302422523498535
56,best,-7.5203962326049805,-6.230886459350586
57,best,-6.892762184143066,-5.307748794555664
58,best,-7.761560916900635,-5.6557207107543945
59,best,-9.60405445098877,-8.028023719787598
60,best,-12.050228118896484,-10.213021278381348
61,best,-11.622880935668945,-8.933587074279785
62,best,-17.83463478088379,-14.218523979187012
63,best,-13.593478202819824,-10.527688026428223
64,best,-7.293104648590088,-5.879155158996582
65,best,-6.477628231048584,-5.399467468261719
66,best,-8.632123947143555,-6.472384452819824
67,best,-14.865511894226074,-11.894471168518066
68,best,-11.011275291442871,-8.710198402404785
69,best,-9.916552543640137,-8.4990873336792
70,best,-13.895096778869629,-10.88222599029541
71,best,-16.279491424560547,-13.512707710266113
72,best,-8.893404960632324,-7.253612995147705
73,best,-9.837702751159668,-8.097240447998047
74,best,-10.569293022155762,-8.990909576416016
75,best,-12.823663711547852,-10.195365905761719
76,best,-8.307079315185547,-6.384535789489746
77,best,-13.367210388183594,-10.93960189819336
78,best,-5.907141208648682,-5.034491539001465
79,best,-6.689652919769287,-5.116323947906494
80,best,-3.929574489593506,-3.274254083633423
81,best,-4.762320041656494,-3.4901821613311768
82,best,-6.997413635253906,-5.112128734588623
83,best,-4.4464240074157715,-3.924231767654419
84,best,-10.219799041748047,-8.736927032470703
85,best,-10.354104042053223,-8.297710418701172
86,best,-10.302583694458008,-8.54763126373291
87,best,-8.632462501525879,-7.243791580200195
88,best,-9.086607933044434,-7.334874629974365
89,best,-4.350285053253174,-3.5607242584228516
90,best,-6.601872444152832,-5.5848588943481445
91,best,-11.181071281433105,-8.926362991333008
92,best,-5.776778697967529,-4.751181125640869
93,best,-5.376110076904297,-3.9974162578582764
94,best,-5.522091865539551,-4.20421028137207
95,best,-10.675435066223145,-9.1681547164917
96,best,-4.60026741027832,-3.499072790145874
97,best,-5.583735466003418,-5.1314616203308105
98,best,-10.583992004394531,-8.404256820678711
99,best,-6.0560431480407715,-5.410752296447754
100,best,-8.878629684448242,-7.61043119430542
101,best,-6.901180267333984,-5.07970666885376
102,best,-14.023590087890625,-11.444314956665039
103,best,-9.377974510192871,-7.550279140472412
104,best,-9.377974510192871,-7.550279140472412
105,best,-5.5497307777404785,-4.420244216918945
106,best,-11.056145668029785,-8.744306564331055
107,best,-8.150957107543945,-7.497748374938965
108,best,-4.9630208015441895,-3.9710521697998047
109,best,-13.113892555236816,-10.726460456848145
110,best,-12.802360534667969,-9.813300132751465
111,best,-5.39481782913208,-3.758903980255127
112,best,-13.689488410949707,-10.915838241577148
113,best,-13.567939758300781,-10.201163291931152
114,best,-9.608593940734863,-7.901554107666016
115,best,-5.225619792938232,-4.241564750671387
116,best,-10.81523609161377,-8.372699737548828
117,best,-9.813881874084473,-8.08116626739502
118,best,-11.056145668029785,-8.744306564331055
119,best,-11.180580139160156,-8.24899673461914
120,best,-3.9840657711029053,-3.341432809829712
121,best,-4.353285312652588,-3.6594831943511963
122,best,-9.912211418151855,-8.355501174926758
123,best,-8.063901901245117,-6.260744094848633
124,best,-5.533746242523193,-4.634521484375
125,best,-11.285974502563477,-9.319426536560059
126,best,-10.603227615356445,-8.933737754821777
127,best,-10.426305770874023,-8.500500679016113
128,best,-5.9998459815979,-5.07503080368042
129,best,-14.233495712280273,-11.85655689239502
130,best,-7.771483421325684,-6.118443012237549
131,best,-7.434597969055176,-6.341393947601318
132,best,-4.26130485534668,-3.6542892456054688
133,best,-10.782907485961914,-8.886284828186035
134,best,-14.233495712280273,-11.85655689239502
135,best,-5.642967224121094,-4.664000034332275
136,best,-5.760373592376709,-4.746029853820801
137,best,-5.642967224121094,-4.664000034332275
138,best,-11.285970687866211,-9.319422721862793
139,best,-4.0987935066223145,-3.5951380729675293
140,best,-6.507536888122559,-5.255341529846191
141,best,-9.816325187683105,-8.099467277526855
142,best,-5.490896224975586,-4.440854549407959
143,best,-4.849945068359375,-3.700867176055908
144,best,-10.849492073059082,-8.590866088867188
145,best,-7.864071846008301,-6.565043926239014
146,best,-12.339640617370605,-10.372517585754395
147,best,-10.943794250488281,-9.215497016906738
148,best,-5.760601997375488,-4.273395538330078
149,best,-7.093701362609863,-5.41473388671875
150,best,-10.12763500213623,-8.149940490722656
151,best,-10.54090690612793,-8.746236801147461
152,best,-10.75749683380127,-8.2691650390625
153,best,-12.540685653686523,-10.412644386291504
154,best,-6.507536888122559,-5.255341529846191
155,best,-12.339640617370605,-10.372517585754395
156,best,-13.279679298400879,-10.559001922607422
157,best,-12.801024436950684,-10.454315185546875
158,best,-5.729367733001709,-4.262354373931885
159,best,-12.339640617370605,-10.372517585754395
160,best,-12.03289794921875,-10.463841438293457
161,best,-9.10172176361084,-7.165048122406006
162,best,-11.359698295593262,-9.005415916442871
163,best,-12.191524505615234,-9.710213661193848
164,best,-15.242464065551758,-12.34375
165,best,-4.502496242523193,-3.6383919715881348
166,best,-7.44430685043335,-5.905220985412598
167,best,-12.191524505615234,-9.710213661193848
168,best,-5.4924492835998535,-3.9688785076141357
169,best,-8.060580253601074,-6.1040496826171875
170,best,-12.211191177368164,-9.582955360412598
171,best,-10.211424827575684,-7.902507781982422
172,best,-6.46328592300415,-4.930936336517334
173,best,-13.079597473144531,-10.683249473571777
174,best,-12.847841262817383,-10.548614501953125
175,best,-7.1831488609313965,-5.44968843460083
176,best,-12.570612907409668,-10.052340507507324
177,best,-10.53603744506836,-9.178561210632324
178,best,-5.422586441040039,-4.343960285186768
179,best,-8.912687301635742,-6.637516021728516
180,best,-6.785209655761719,-5.115214824676514
181,best,-4.449657440185547,-3.3093764781951904
182,best,-4.100975036621094,-3.061171054840088
183,best,-9.071788787841797,-6.985194206237793
184,best,-6.336034774780273,-5.187937259674072
185,best,-5.44936466217041,-4.369059085845947
186,best,-9.704076766967773,-7.700704097747803
187,best,-10.987485885620117,-8.73090648651123
188,best,-6.999977111816406,-5.416741847991943
189,best,-9.184797286987305,-7.5355682373046875
190,best,-5.637556076049805,-4.243760585784912
191,best,-6.785209655761719,-5.115214824676514
192,best,-8.722159385681152,-6.612097263336182
193,best,-6.858254432678223,-5.317221641540527
194,best,-8.245194435119629,-6.379091262817383
195,best,-7.952061176300049,-6.664602756500244
196,best,-9.727090835571289,-7.605149745941162
197,best,-8.31433391571045,-6.390793323516846
198,best,-11.0711030960083,-8.18651294708252
199,best,-6.678133487701416,-5.482959270477295
200,best,-4.013262748718262,-3.100080966949463
201,best,-9.654081344604492,-7.604867458343506
202,best,-9.476736068725586,-7.513014793395996
203,best,-7.912379741668701,-5.79465913772583
204,best,-7.912379741668701,-5.79465913772583
205,best,-4.589911460876465,-3.239684581756592
206,best,-10.63821792602539,-8.323392868041992
207,best,-12.634299278259277,-10.109161376953125
208,best,-7.912379741668701,-5.79465913772583
209,best,-4.589911460876465,-3.239684581756592
210,best,-10.461915016174316,-8.36397933959961
211,best,-7.554633617401123,-5.6504340171813965
212,best,-7.554633617401123,-5.6504340171813965
213,best,-10.24629020690918,-7.956593990325928
214,best,-10.461915016174316,-8.36397933959961
215,best,-12.455718994140625,-10.100043296813965
216,best,-10.084271430969238,-7.726840496063232
217,best,-12.560816764831543,-9.966317176818848
218,best,-4.7826032638549805,-3.5966951847076416
219,best,-5.627321720123291,-4.1836419105529785
220,best,-7.826059818267822,-6.68507194519043
221,best,-9.004368782043457,-7.753767013549805
222,best,-8.123955726623535,-6.977948188781738
223,best,-8.161881446838379,-7.050095558166504
224,best,-10.706950187683105,-9.286419868469238
225,best,-5.226559638977051,-4.912240028381348
226,best,-9.305256843566895,-8.300207138061523
227,best,-6.762428283691406,-5.963799476623535
228,best,-5.263030052185059,-5.112923622131348
229,best,-5.226559638977051,-4.912240028381348
230,best,-10.261366844177246,-8.908354759216309
231,best,-4.950154781341553,-4.732855319976807
232,best,-9.596822738647461,-8.76729965209961
233,best,-10.91414737701416,-9.779751777648926
234,best,-10.640063285827637,-9.5469331741333
235,best,-5.330869674682617,-5.100156307220459
236,best,-6.343532085418701,-5.626107692718506
237,best,-6.398411750793457,-5.814410209655762
238,best,-12.367246627807617,-11.179732322692871
239,best,-6.562343120574951,-6.003746509552002
240,best,-6.12253475189209,-5.209465980529785
241,best,-8.632760047912598,-7.336567401885986
242,best,-12.17233943939209,-10.459457397460938
243,best,-9.200884819030762,-7.976173400878906
244,best,-11.60150146484375,-9.853273391723633
245,best,-12.612785339355469,-10.94703483581543
246,best,-9.256525039672852,-8.142810821533203
247,best,-11.950510025024414,-10.388751029968262
248,best,-12.0616455078125,-10.501986503601074
249,best,-9.983850479125977,-8.531463623046875
250,best,-11.720145225524902,-9.974161148071289
251,best,-7.542630672454834,-6.328968048095703
252,best,-7.587742805480957,-6.469290733337402
253,best,-6.573252201080322,-5.6384477615356445
254,best,-6.276034832000732,-5.411090850830078
255,best,-9.673935890197754,-8.174610137939453
256,best,-10.412646293640137,-8.936691284179688
257,best,-10.58421516418457,-9.069787979125977
258,best,-6.301975250244141,-5.278627872467041
259,best,-4.6913275718688965,-3.877011299133301
260,best,-9.27794361114502,-8.338918685913086
261,best,-9.448384284973145,-8.417136192321777
262,best,-8.927427291870117,-7.858268737792969
263,best,-9.580236434936523,-8.509942054748535
264,best,-8.679429054260254,-7.868231296539307
265,best,-8.945196151733398,-8.21828556060791
266,best,-6.899852752685547,-6.187122821807861
267,best,-8.334030151367188,-7.453515529632568
268,best,-9.158138275146484,-8.194864273071289
269,best,-12.035711288452148,-9.992201805114746
270,best,-5.831137180328369,-5.146437644958496
271,best,-6.841218948364258,-5.520155429840088
272,best,-5.217673301696777,-4.647119045257568
273,best,-8.739973068237305,-7.731359958648682
274,best,-11.692691802978516,-10.434072494506836
275,best,-5.007228851318359,-4.614140033721924
276,best,-7.35892391204834,-5.985500812530518
277,best,-8.14875316619873,-7.4483184814453125
278,best,-8.410606384277344,-7.9522480964660645
279,best,-6.99591588973999,-6.300601005554199
280,best,-12.016953468322754,-9.891145706176758
281,best,-10.357008934020996,-9.343846321105957
282,best,-11.483266830444336,-9.940977096557617
283,best,-11.009600639343262,-9.646116256713867
284,best,-6.347513198852539,-5.517484188079834
285,best,-9.44758415222168,-8.255046844482422
286,best,-13.854290962219238,-12.292600631713867
287,best,-10.934310913085938,-9.683502197265625
288,best,-9.1312255859375,-7.789135932922363
289,best,-6.08024263381958,-5.501437664031982
290,best,-13.532557487487793,-11.993454933166504
291,best,-11.630921363830566,-10.33121395111084
292,best,-10.785975456237793,-9.640615463256836
293,best,-13.785545349121094,-12.185662269592285
294,best,-6.043241500854492,-5.434150695800781
295,best,-6.109695911407471,-5.608005046844482
296,best,-8.712263107299805,-7.181694030761719
297,best,-12.120119094848633,-10.032630920410156
298,best,-10.48625373840332,-9.327875137329102
299,best,-13.966654777526855,-12.163031578063965
300,best,-8.794771194458008,-7.733700752258301
301,best,-9.524104118347168,-8.019414901733398
302,best,-5.343643665313721,-5.026419639587402
303,best,-8.308579444885254,-7.220241546630859
304,best,-6.723893642425537,-5.860016345977783
305,best,-7.939652442932129,-7.0318450927734375
306,best,-12.081507682800293,-9.216504096984863
307,best,-6.8946075439453125,-6.190769195556641
308,best,-5.709497451782227,-4.684830188751221
309,best,-5.547570705413818,-4.689132213592529
310,best,-11.07657241821289,-8.457987785339355
311,best,-9.70059585571289,-8.485712051391602
312,best,-7.956167697906494,-6.966882228851318
313,best,-7.15562629699707,-6.415053844451904
314,best,-8.035161018371582,-7.040318012237549
315,best,-5.7055439949035645,-5.055636405944824
316,best,-4.429181098937988,-3.884787082672119
317,best,-8.44540023803711,-7.5662617683410645
318,best,-5.3942646980285645,-4.891470909118652
319,best,-8.73367691040039,-7.100160121917725
320,best,-4.829287528991699,-4.13771915435791
321,best,-9.095541954040527,-8.00755786895752
322,best,-9.483220100402832,-7.9473066329956055
323,best,-6.990127086639404,-5.634134292602539
324,best,-5.944758415222168,-4.988376617431641
325,best,-9.247509002685547,-7.592469692230225
326,best,-9.168692588806152,-8.226860046386719
327,best,-11.907539367675781,-10.470921516418457
328,best,-4.657049179077148,-4.318558692932129
329,best,-8.780596733093262,-7.697853088378906
330,best,-4.90580940246582,-4.420319557189941
331,best,-11.657759666442871,-10.14883041381836
332,best,-10.448508262634277,-8.973101615905762
333,best,-8.682336807250977,-7.8712897300720215
334,best,-4.806750774383545,-4.269277572631836
335,best,-6.195161819458008,-5.423985958099365
336,best,-7.268837928771973,-6.124849319458008
337,best,-7.62075662612915,-6.656929016113281
338,best,-4.814343452453613,-4.126035690307617
339,best,-9.995834350585938,-8.490572929382324
340,best,-5.018367767333984,-4.428873062133789
341,best,-15.347119331359863,-13.880114555358887
342,best,-13.233424186706543,-11.046988487243652
343,best,-12.424464225769043,-10.77203369140625
344,best,-7.420457363128662,-7.06898832321167
345,best,-5.663880825042725,-4.395131587982178
346,best,-13.498327255249023,-11.487946510314941
347,best,-9.123863220214844,-7.494647979736328
348,best,-13.219050407409668,-11.397968292236328
349,best,-7.279504776000977,-6.898138999938965
350,best,-8.656683921813965,-7.617223262786865
351,best,-15.248501777648926,-13.350688934326172
352,best,-11.470545768737793,-9.438261985778809
353,best,-16.091922760009766,-13.4419527053833
354,best,-5.607569217681885,-4.8150153160095215
355,best,-10.4679536819458,-9.33751392364502
356,best,-15.862791061401367,-13.327189445495605
357,best,-15.074315071105957,-13.178375244140625
358,best,-9.455781936645508,-8.96629810333252
359,best,-11.184407234191895,-9.915410995483398
360,best,-7.067850589752197,-6.4955735206604
361,best,-12.395182609558105,-10.042729377746582
362,best,-6.599938869476318,-5.281651020050049
363,best,-4.810449600219727,-4.536343097686768
364,best,-6.312797546386719,-5.1827392578125
365,best,-8.57713508605957,-8.028728485107422
366,best,-8.358251571655273,-8.23007869720459
367,best,-9.810403823852539,-7.948240280151367
368,best,-11.75568675994873,-9.620390892028809
369,best,-12.534961700439453,-10.579802513122559
370,best,-9.074482917785645,-8.03656005859375
371,best,-14.472101211547852,-12.230945587158203
372,best,-12.510700225830078,-10.9681978225708
373,best,-15.24663257598877,-12.797508239746094
374,best,-9.311655044555664,-9.08908462524414
375,best,-6.158535957336426,-5.2089715003967285
376,best,-6.542379856109619,-6.57199239730835
377,best,-12.395182609558105,-10.042729377746582
378,best,-4.810449600219727,-4.536343097686768
379,best,-10.667506217956543,-9.971009254455566
380,best,-6.328359127044678,-6.03287410736084
381,best,-11.323018074035645,-9.573408126831055
382,best,-7.306396484375,-6.89130973815918
383,best,-11.298090934753418,-10.1586275100708
384,best,-5.741690635681152,-5.080712795257568
385,best,-7.833592414855957,-8.17861557006836
386,best,-10.880598068237305,-9.381739616394043
387,best,-11.70445442199707,-9.49993896484375
388,best,-6.225289344787598,-6.296123027801514
389,best,-7.461001873016357,-7.589412212371826
390,best,-7.18850040435791,-8.002618789672852
391,best,-6.279596328735352,-5.3810930252075195
392,best,-12.599782943725586,-11.194055557250977
393,best,-11.908159255981445,-9.847258567810059
394,best,-7.097792148590088,-6.272921085357666
395,best,-14.064101219177246,-13.645447731018066
396,best,-11.118589401245117,-9.710926055908203
397,best,-8.485908508300781,-9.754525184631348
398,best,-5.99887228012085,-5.025351047515869
399,best,-6.304807662963867,-4.955513954162598
400,best,-12.010632514953613,-10.64208698272705
401,best,-13.687214851379395,-11.250030517578125
402,best,-13.706396102905273,-12.304068565368652
403,best,-7.812657356262207,-6.756124019622803
404,best,-10.743565559387207,-8.840176582336426
405,best,-12.417503356933594,-10.370147705078125
406,best,-12.938633918762207,-11.427816390991211
407,best,-6.525182723999023,-5.872428894042969
408,best,-9.336804389953613,-8.604474067687988
409,best,-11.46072006225586,-9.981234550476074
410,best,-7.680398941040039,-6.764983177185059
411,best,-10.506242752075195,-8.96953296661377
412,best,-11.38959789276123,-10.632087707519531
413,best,-6.611447811126709,-6.16279935836792
414,best,-8.628376960754395,-7.6078619956970215
415,best,-13.938204765319824,-12.09872055053711
416,best,-10.801400184631348,-9.844538688659668
417,best,-13.673433303833008,-11.479422569274902
418,best,-11.912035942077637,-10.534260749816895
419,best,-7.812656879425049,-6.756124019622803
420,best,-7.579606056213379,-6.3308281898498535
421,best,-9.857083320617676,-8.739758491516113
422,best,-7.80776309967041,-8.291385650634766
423,best,-8.727916717529297,-8.08503246307373
424,best,-8.95134162902832,-8.171708106994629
425,best,-10.802773475646973,-9.139317512512207
426,best,-11.654891967773438,-8.71509838104248
427,best,-11.662545204162598,-9.702838897705078
428,best,-6.27874755859375,-5.372843265533447
429,best,-7.004663944244385,-6.365502834320068
430,best,-14.524438858032227,-11.694146156311035
431,best,-6.878207683563232,-5.695779800415039
432,best,-5.375735282897949,-4.8937458992004395
433,best,-13.019037246704102,-10.771427154541016
434,best,-11.833526611328125,-10.452956199645996
435,best,-5.483070373535156,-4.706944942474365
436,best,-7.717831134796143,-7.509932041168213
437,best,-5.87290096282959,-5.255502223968506
438,best,-9.116312026977539,-8.05184268951416
439,best,-8.136838912963867,-7.327499866485596
440,best,-9.059210777282715,-7.818050861358643
441,best,-5.18452262878418,-4.199804782867432
442,best,-7.662433624267578,-6.840096473693848
443,best,-7.286574363708496,-6.368752956390381
444,best,-8.532649993896484,-7.290432453155518
445,best,-5.5759429931640625,-4.5663628578186035
446,best,-13.316084861755371,-12.639814376831055
447,best,-11.813720703125,-9.480659484863281
448,best,-5.605996608734131,-5.051032066345215
449,best,-6.367530345916748,-5.438288688659668
450,best,-12.749129295349121,-11.166909217834473
451,best,-10.528019905090332,-9.181588172912598
452,best,-13.658635139465332,-10.968130111694336
453,best,-5.592479228973389,-4.94937801361084
454,best,-5.368699073791504,-4.334351062774658
455,best,-5.667752742767334,-4.792072296142578
456,best,-6.532803535461426,-5.714261054992676
457,best,-8.870396614074707,-8.983905792236328
458,best,-10.02548599243164,-9.85990047454834
459,best,-8.087677955627441,-7.044088840484619
460,best,-11.835396766662598,-10.413457870483398
461,best,-3.518273115158081,-3.5576508045196533
462,best,-3.693582057952881,-3.889908790588379
463,best,-6.843634605407715,-6.614400863647461
464,best,-7.261080265045166,-7.111217498779297
465,best,-6.975539684295654,-6.80966329574585
466,best,-5.547268867492676,-5.291640281677246
467,best,-5.534186363220215,-5.05660343170166
468,best,-5.754271030426025,-5.629415988922119
469,best,-7.55928897857666,-6.996194362640381
470,best,-7.056041717529297,-6.2653937339782715
471,best,-12.315508842468262,-11.542074203491211
472,best,-8.687761306762695,-8.294230461120605
473,best,-8.547779083251953,-7.947940826416016
474,best,-7.067205429077148,-6.85916805267334
475,best,-4.290124416351318,-4.192925453186035
476,best,-5.0329389572143555,-5.072081565856934
477,best,-7.023292541503906,-6.4783196449279785
478,best,-7.434214115142822,-6.929437160491943
479,best,-4.498379230499268,-4.651439189910889
480,best,-5.444828033447266,-5.8003764152526855
481,best,-6.5483293533325195,-6.113450050354004
482,best,-7.069972515106201,-6.623527526855469
483,best,-3.5268924236297607,-3.381521701812744
484,best,-3.6575164794921875,-3.2106919288635254
485,best,-3.5477802753448486,-3.8102834224700928
486,best,-3.5477802753448486,-3.8102834224700928
487,best,-7.093051433563232,-6.539035797119141
488,best,-2.9114692211151123,-2.735269069671631
489,best,-7.517384052276611,-6.572591781616211
490,best,-8.88461685180664,-8.067887306213379
491,best,-11.807202339172363,-10.317399978637695
492,best,-3.5477802753448486,-3.8102834224700928
493,best,-3.107095718383789,-2.939276695251465
494,best,-4.27764892578125,-3.522881269454956
495,best,-6.304460048675537,-5.271592140197754
496,best,-3.728135347366333,-3.579690456390381
497,best,-7.367129802703857,-7.048213005065918
498,best,-3.107095718383789,-2.939276695251465
499,best,-5.086972713470459,-4.254011154174805
500,best,-5.302481174468994,-5.165704727172852
501,best,-6.170119762420654,-5.899214267730713
502,best,-4.782398700714111,-5.636344909667969
503,best,-10.668993949890137,-11.481026649475098
504,best,-6.976029872894287,-6.7489914894104
505,best,-6.104484558105469,-5.517484664916992
506,best,-6.585514068603516,-5.853267192840576
507,best,-9.334691047668457,-8.514100074768066
508,best,-7.694857120513916,-7.809048652648926
509,best,-6.4269208908081055,-6.517512798309326
510,best,-9.4928560256958,-8.718717575073242
511,best,-10.472664833068848,-9.734235763549805
512,best,-4.539509296417236,-5.597328186035156
513,best,-5.265385627746582,-4.53258752822876
514,best,-7.086637496948242,-6.599925518035889
515,best,-7.941794395446777,-6.718926429748535
516,best,-8.451424598693848,-9.019908905029297
517,best,-3.816291093826294,-4.004780292510986
518,best,-7.705297470092773,-7.213496685028076
519,best,-9.400816917419434,-9.41211986541748
520,best,-8.265710830688477,-7.424929618835449
521,best,-10.8212251663208,-9.674915313720703
522,best,-6.8082756996154785,-6.283970355987549
523,best,-7.79081392288208,-7.28867244720459
524,best,-5.483867645263672,-4.976369857788086
525,best,-8.10567855834961,-7.5290021896362305
526,best,-4.688590049743652,-3.625623941421509
527,best,-7.559670448303223,-7.091206073760986
528,best,-12.176024436950684,-10.934593200683594
529,best,-5.806708335876465,-5.3965678215026855
530,best,-7.132519245147705,-6.823349952697754
531,best,-8.555534362792969,-8.831469535827637
532,best,-7.758421421051025,-7.0793938636779785
533,best,-9.835679054260254,-8.893996238708496
534,best,-7.650250434875488,-6.434389114379883
535,best,-4.684844970703125,-4.225697040557861
536,best,-5.505924701690674,-5.024794101715088
537,best,-8.555534362792969,-8.831469535827637
538,best,-4.906205177307129,-4.33927583694458
539,best,-4.487849235534668,-4.453430652618408
540,best,-3.592848062515259,-3.512188196182251
541,best,-4.617818832397461,-4.225712776184082
542,best,-6.273353099822998,-5.792227268218994
543,best,-4.524447917938232,-4.4110212326049805
544,best,-3.8974368572235107,-3.466172218322754
545,best,-5.065142631530762,-4.6160173416137695
546,best,-4.345112323760986,-3.8310835361480713
547,best,-6.2752766609191895,-5.915855407714844
548,best,-5.4293036460876465,-5.334585189819336
549,best,-7.5950822830200195,-6.791321277618408
550,best,-4.687195301055908,-3.9982218742370605
551,best,-8.916401863098145,-8.152386665344238
552,best,-5.155567169189453,-4.720508098602295
553,best,-6.864264488220215,-5.939315319061279
554,best,-7.575468063354492,-6.674139022827148
555,best,-5.56190299987793,-4.756470203399658
556,best,-4.30811882019043,-3.9362831115722656
557,best,-6.8243937492370605,-5.994174957275391
558,best,-4.480909824371338,-4.161217212677002
559,best,-6.397426605224609,-5.727280139923096
560,best,-9.866473197937012,-8.5313138961792
561,best,-5.4205641746521,-4.486172676086426
562,best,-8.999200820922852,-7.538547039031982
563,best,-6.807841777801514,-7.267240524291992
564,best,-10.470623016357422,-9.056758880615234
565,best,-3.755974054336548,-3.277120590209961
566,best,-9.358796119689941,-8.363136291503906
567,best,-6.450798034667969,-5.395797252655029
568,best,-7.806917667388916,-6.653055667877197
569,best,-4.805989742279053,-4.013051986694336
570,best,-6.2677903175354,-5.160938262939453
571,best,-8.838457107543945,-7.459274768829346
572,best,-6.185575485229492,-5.711639404296875
573,best,-10.89009952545166,-9.823139190673828
574,best,-5.742240905761719,-5.443113327026367
575,best,-5.108604907989502,-4.408199787139893
576,best,-4.602738380432129,-4.356045722961426
577,best,-3.283383369445801,-2.8733913898468018
578,best,-3.4876022338867188,-3.617506742477417
579,best,-5.006714820861816,-4.221436023712158
580,best,-4.082177639007568,-3.861363410949707
581,best,-10.188849449157715,-8.817643165588379
582,best,-4.064433574676514,-3.516174793243408
583,best,-11.850699424743652,-10.525176048278809
584,best,-8.013617515563965,-7.151302337646484
585,best,-5.458221912384033,-4.724254608154297
586,best,-4.295971393585205,-3.487656593322754
587,best,-10.352410316467285,-8.731620788574219
588,best,-8.518768310546875,-7.293201446533203
589,best,-9.313945770263672,-8.065448760986328
590,best,-12.465484619140625,-10.496667861938477
591,best,-12.574787139892578,-10.923537254333496
592,best,-9.81155776977539,-8.38585090637207
593,best,-3.7462246417999268,-3.7432851791381836
594,best,-3.7294974327087402,-3.1018519401550293
595,best,-10.472410202026367,-8.906744956970215
596,best,-5.33142614364624,-4.516326427459717
597,best,-5.357214450836182,-5.014992713928223
598,best,-10.571211814880371,-9.090078353881836
599,best,-7.242315769195557,-6.8614349365234375
600,best,-6.980894565582275,-6.657278537750244
601,best,-9.957468032836914,-8.063343048095703
602,best,-9.5386323928833,-7.600794792175293
603,best,-12.768397331237793,-10.46776294708252
604,best,-6.980894565582275,-6.657278537750244
605,best,-5.431267261505127,-4.426395893096924
606,best,-9.917208671569824,-7.8487725257873535
607,best,-5.643717288970947,-4.7785539627075195
608,best,-9.537469863891602,-7.642898082733154
609,best,-11.224934577941895,-9.578222274780273
610,best,-5.0154900550842285,-4.22007942199707
611,best,-9.5386323928833,-7.600795269012451
612,best,-5.465771198272705,-4.365135669708252
613,best,-7.845082759857178,-6.531407833099365
614,best,-5.19997501373291,-4.000617504119873
615,best,-5.405233860015869,-4.385712146759033
616,best,-8.674529075622559,-7.188945293426514
617,best,-9.76159954071045,-7.9228668212890625
618,best,-5.530340671539307,-4.426775932312012
619,best,-9.420424461364746,-8.596291542053223
620,best,-6.420891761779785,-5.63506555557251
621,best,-9.687650680541992,-8.168431282043457
622,best,-12.150237083435059,-10.14646053314209
623,best,-4.960493087768555,-4.453996658325195
624,best,-8.160078048706055,-7.174118995666504
625,best,-8.85367488861084,-8.973749160766602
626,best,-10.028268814086914,-9.067310333251953
627,best,-5.552427291870117,-4.34824275970459
628,best,-8.113133430480957,-6.783045291900635
629,best,-9.924415588378906,-8.397550582885742
630,best,-10.070499420166016,-7.891058921813965
631,best,-11.617712020874023,-9.747865676879883
632,best,-4.952280044555664,-4.476819038391113
633,best,-4.51048469543457,-3.9931983947753906
634,best,-6.543499946594238,-5.694564342498779
635,best,-4.823727607727051,-4.222095489501953
636,best,-6.584432125091553,-6.4898810386657715
637,best,-6.244586944580078,-5.222103595733643
638,best,-8.269065856933594,-7.904285907745361
639,best,-5.497289180755615,-3.9917399883270264
640,best,-8.520797729492188,-6.440242290496826
641,best,-6.565467357635498,-5.83907413482666
642,best,-8.68224048614502,-7.4307122230529785
643,best,-9.654431343078613,-8.104065895080566
644,best,-8.563754081726074,-7.7299017906188965
645,best,-6.919688701629639,-5.649979591369629
646,best,-11.824974060058594,-10.30831241607666
647,best,-7.2105560302734375,-6.603703498840332
648,best,-12.009501457214355,-9.743795394897461
649,best,-10.83958911895752,-9.499063491821289
650,best,-10.280217170715332,-9.351712226867676
651,best,-6.487390995025635,-5.895623207092285
652,best,-4.441988468170166,-4.14837121963501
653,best,-11.187806129455566,-9.10004997253418
654,best,-8.03613567352295,-7.206730365753174
655,best,-13.294685363769531,-11.121560096740723
656,best,-10.460826873779297,-9.200642585754395
657,best,-9.466782569885254,-8.815794944763184
658,best,-11.557978630065918,-9.881913185119629
659,best,-9.45745849609375,-8.5951566696167
660,best,-8.976174354553223,-7.781345844268799
661,best,-6.162516117095947,-5.311692237854004
662,best,-11.485780715942383,-9.258176803588867
663,best,-5.142373085021973,-4.514214038848877
664,best,-5.494376182556152,-5.018606185913086
665,best,-7.5908308029174805,-6.8273606300354
666,best,-4.3112359046936035,-3.528090000152588
667,best,-7.966330528259277,-6.370940208435059
668,best,-5.558502674102783,-5.0652546882629395
669,best,-4.845114707946777,-4.395535945892334
670,best,-7.987026691436768,-7.209078311920166
671,best,-4.824001312255859,-4.173731327056885
672,best,-5.691125869750977,-5.083907604217529
673,best,-3.981504201889038,-3.5244967937469482
674,best,-7.987025737762451,-7.209077835083008
675,best,-7.252480983734131,-6.603787422180176
676,best,-12.134025573730469,-9.84885025024414
677,best,-7.536762237548828,-6.715617656707764
678,best,-7.495059967041016,-6.704774856567383
679,best,-9.038604736328125,-8.130390167236328
680,best,-7.499198913574219,-5.843480110168457
681,best,-7.4758710861206055,-6.212724685668945
682,best,-4.773726463317871,-3.6373090744018555
683,best,-9.107759475708008,-7.701019287109375
684,best,-5.983024597167969,-4.618277072906494
685,best,-6.512106418609619,-5.477728843688965
686,best,-9.323822021484375,-7.708019256591797
687,best,-4.351040840148926,-3.470022439956665
688,best,-6.797163486480713,-5.680950164794922
689,best,-11.574204444885254,-10.050161361694336
690,best,-6.313910484313965,-4.948073387145996
691,best,-5.177000045776367,-4.4689106941223145
692,best,-7.275082111358643,-6.133304595947266
693,best,-7.646219730377197,-6.316508769989014
694,best,-8.919778823852539,-7.623435974121094
695,best,-8.922514915466309,-7.723762512207031
696,best,-9.431408882141113,-7.756124496459961
697,best,-7.818892478942871,-6.29799222946167
698,best,-6.39080286026001,-5.116650104522705
699,best,-6.1244707107543945,-4.691686153411865
