item_id,model_state,do,pp
0,initial,-7.609408378601074,-6.958959579467773
1,initial,-7.729918479919434,-7.3425774574279785
2,initial,-6.978126525878906,-6.463330268859863
3,initial,-9.431556701660156,-8.540772438049316
4,initial,-7.283380031585693,-6.003211975097656
5,initial,-7.5307416915893555,-7.228023052215576
6,initial,-9.492289543151855,-8.51952075958252
7,initial,-8.260961532592773,-6.794803619384766
8,initial,-7.390363693237305,-6.026524066925049
9,initial,-6.978126525878906,-6.463330268859863
10,initial,-9.463510513305664,-7.6945061683654785
11,initial,-6.842670440673828,-6.428108215332031
12,initial,-7.891809940338135,-6.244375705718994
13,initial,-9.494158744812012,-7.795585632324219
14,initial,-7.390363693237305,-6.026524066925049
15,initial,-9.821598052978516,-8.260798454284668
16,initial,-8.026042938232422,-6.516629695892334
17,initial,-7.700902938842773,-6.690711975097656
18,initial,-9.912698745727539,-8.747949600219727
19,initial,-6.919825077056885,-6.557539463043213
20,initial,-6.879997253417969,-6.3943610191345215
21,initial,-7.512937545776367,-6.507400035858154
22,initial,-8.744119644165039,-7.984861373901367
23,initial,-7.658935070037842,-6.701457500457764
24,initial,-8.610727310180664,-7.757260799407959
25,initial,-7.658935070037842,-6.701457500457764
26,initial,-9.216004371643066,-8.21957015991211
27,initial,-9.08250617980957,-8.482037544250488
28,initial,-7.412593841552734,-6.752600193023682
29,initial,-9.277511596679688,-8.102715492248535
30,initial,-7.464328289031982,-6.872012138366699
31,initial,-7.7990522384643555,-6.744051456451416
32,initial,-8.744119644165039,-7.984861373901367
33,initial,-7.799054145812988,-6.744052410125732
34,initial,-7.573397159576416,-7.145193576812744
35,initial,-9.066425323486328,-8.156505584716797
36,initial,-7.412595272064209,-6.752599239349365
37,initial,-7.799054145812988,-6.744052410125732
38,initial,-6.855262279510498,-6.582141399383545
39,initial,-6.923863887786865,-6.408940315246582
40,initial,-7.10085916519165,-6.206768035888672
41,initial,-7.461123466491699,-6.602397918701172
42,initial,-7.320326328277588,-6.74558687210083
43,initial,-8.232169151306152,-7.638242721557617
44,initial,-8.03529167175293,-6.639720439910889
45,initial,-7.194882392883301,-6.179368019104004
46,initial,-7.3955512046813965,-6.519217014312744
47,initial,-7.872892379760742,-6.893083095550537
48,initial,-8.2695894241333,-7.6564154624938965
49,initial,-7.2461395263671875,-6.506216526031494
50,initial,-7.891372203826904,-7.15278434753418
51,initial,-8.332192420959473,-7.921648979187012
52,initial,-8.181466102600098,-7.0449700355529785
53,initial,-7.627957820892334,-7.403237342834473
54,initial,-7.493339538574219,-7.406661033630371
55,initial,-7.355758190155029,-6.443211555480957
56,initial,-7.211662292480469,-6.243288516998291
57,initial,-6.491357326507568,-6.259719371795654
58,initial,-7.979461669921875,-6.525785446166992
59,initial,-7.51558256149292,-6.382995128631592
60,initial,-8.24297046661377,-7.264059543609619
61,initial,-9.343754768371582,-7.755494594573975
62,initial,-10.219804763793945,-8.997687339782715
63,initial,-9.877591133117676,-8.7284517288208
64,initial,-8.477898597717285,-7.205517768859863
65,initial,-7.7036614418029785,-6.949217796325684
66,initial,-8.695061683654785,-7.220981121063232
67,initial,-10.294264793395996,-9.320856094360352
68,initial,-9.138860702514648,-7.56494665145874
69,initial,-8.667092323303223,-7.289808750152588
70,initial,-8.40907096862793,-7.894028663635254
71,initial,-9.916722297668457,-8.95852279663086
72,initial,-7.570143222808838,-6.531505584716797
73,initial,-7.757881164550781,-7.078152179718018
74,initial,-7.117905616760254,-6.503222465515137
75,initial,-9.458659172058105,-8.475985527038574
76,initial,-8.6304292678833,-7.217642784118652
77,initial,-9.68605899810791,-8.750258445739746
78,initial,-7.515602111816406,-6.932174205780029
79,initial,-8.434629440307617,-7.15331506729126
80,initial,-5.858063697814941,-5.571878433227539
81,initial,-6.363779067993164,-5.489212512969971
82,initial,-7.598748207092285,-6.6712799072265625
83,initial,-7.057698726654053,-6.257852077484131
84,initial,-6.881834030151367,-6.620911598205566
85,initial,-8.014145851135254,-7.5245747566223145
86,initial,-7.710264205932617,-7.0748419761657715
87,initial,-7.083670616149902,-6.644911289215088
88,initial,-7.01485013961792,-6.5541462898254395
89,initial,-5.682137489318848,-5.295475959777832
90,initial,-6.66494083404541,-5.788460731506348
91,initial,-8.145337104797363,-8.096778869628906
92,initial,-6.1995673179626465,-5.458521842956543
93,initial,-6.722505569458008,-6.301662921905518
94,initial,-6.673981189727783,-6.2230224609375
95,initial,-7.1134209632873535,-6.7675347328186035
96,initial,-6.223844051361084,-5.6259684562683105
97,initial,-6.691323757171631,-5.794689178466797
98,initial,-7.8981733322143555,-7.478428840637207
99,initial,-6.220357894897461,-5.633034706115723
100,initial,-7.50845193862915,-6.661864280700684
101,initial,-7.198351860046387,-6.502100944519043
102,initial,-8.689547538757324,-7.515927314758301
103,initial,-7.403923511505127,-6.202515602111816
104,initial,-7.403923511505127,-6.202515602111816
105,initial,-7.504742622375488,-6.297702312469482
106,initial,-8.235255241394043,-7.217552661895752
107,initial,-8.04677963256836,-7.05043363571167
108,initial,-6.5902099609375,-5.818485736846924
109,initial,-8.9996337890625,-8.186960220336914
110,initial,-8.486868858337402,-7.570672512054443
111,initial,-7.235555171966553,-6.194326400756836
112,initial,-8.449633598327637,-7.6078782081604
113,initial,-8.595210075378418,-7.424666404724121
114,initial,-6.972740650177002,-6.199278831481934
115,initial,-7.832240104675293,-6.881429672241211
116,initial,-8.53683090209961,-8.239962577819824
117,initial,-7.645956516265869,-6.83502197265625
118,initial,-8.235255241394043,-7.217552661895752
119,initial,-8.682188987731934,-7.582790851593018
120,initial,-7.113246917724609,-5.843905448913574
121,initial,-7.003354549407959,-5.847632884979248
122,initial,-7.599374294281006,-6.264518737792969
123,initial,-7.635197639465332,-5.74619722366333
124,initial,-6.858584403991699,-6.259769916534424
125,initial,-9.347990036010742,-7.535497665405273
126,initial,-9.086359024047852,-7.991449356079102
127,initial,-8.9608154296875,-6.7535080909729
128,initial,-7.67079496383667,-6.323177337646484
129,initial,-9.231679916381836,-7.620890140533447
130,initial,-7.275825500488281,-5.854428768157959
131,initial,-6.7226080894470215,-6.331470012664795
132,initial,-6.969795227050781,-6.130367755889893
133,initial,-9.233926773071289,-7.474422454833984
134,initial,-9.231679916381836,-7.620890140533447
135,initial,-7.364509582519531,-6.060140609741211
136,initial,-6.95590353012085,-5.939417362213135
137,initial,-7.364509582519531,-6.060140609741211
138,initial,-9.347990036010742,-7.535497665405273
139,initial,-7.4121246337890625,-6.4308905601501465
140,initial,-6.675068378448486,-6.08590030670166
141,initial,-7.402747631072998,-6.890613079071045
142,initial,-7.571996688842773,-6.562104225158691
143,initial,-6.178802967071533,-5.317816734313965
144,initial,-8.2490873336792,-7.568281173706055
145,initial,-7.028034687042236,-5.938690185546875
146,initial,-8.287848472595215,-7.286005020141602
147,initial,-8.248204231262207,-7.474437236785889
148,initial,-7.726787090301514,-6.761630058288574
149,initial,-7.494215965270996,-6.570929527282715
150,initial,-7.88024377822876,-6.808427810668945
151,initial,-7.7922468185424805,-7.310788631439209
152,initial,-8.08983325958252,-7.317158222198486
153,initial,-7.860910892486572,-7.428957939147949
154,initial,-6.675068378448486,-6.08590030670166
155,initial,-8.287848472595215,-7.286005020141602
156,initial,-8.17558479309082,-7.618110656738281
157,initial,-8.106454849243164,-7.504639625549316
158,initial,-7.054023742675781,-6.205377578735352
159,initial,-8.287848472595215,-7.286005020141602
160,initial,-8.950150489807129,-7.85675048828125
161,initial,-8.82261848449707,-6.8640971183776855
162,initial,-8.355545043945312,-7.649860858917236
163,initial,-9.537029266357422,-8.272955894470215
164,initial,-9.525233268737793,-8.475462913513184
165,initial,-7.10517692565918,-6.024065971374512
166,initial,-8.720466613769531,-7.223597049713135
167,initial,-9.537029266357422,-8.272955894470215
168,initial,-8.428668022155762,-7.35585880279541
169,initial,-8.133070945739746,-7.175106048583984
170,initial,-9.747197151184082,-7.54214334487915
171,initial,-9.03750991821289,-7.138474941253662
172,initial,-7.652646541595459,-6.67186975479126
173,initial,-9.548678398132324,-8.773375511169434
174,initial,-8.92102336883545,-8.183131217956543
175,initial,-8.505215644836426,-7.2911834716796875
176,initial,-9.713388442993164,-8.18712329864502
177,initial,-7.680510997772217,-6.575997352600098
178,initial,-7.86525297164917,-6.595892906188965
179,initial,-8.701593399047852,-7.077583312988281
180,initial,-6.849503517150879,-6.265409469604492
181,initial,-6.194342613220215,-5.219790458679199
182,initial,-6.218527793884277,-5.773425579071045
183,initial,-6.799980640411377,-6.292769908905029
184,initial,-6.595211505889893,-5.720755577087402
185,initial,-7.087001800537109,-6.563805103302002
186,initial,-6.742794513702393,-6.267885208129883
187,initial,-8.628323554992676,-7.678642272949219
188,initial,-6.220277786254883,-5.588134765625
189,initial,-7.232391357421875,-6.669851779937744
190,initial,-7.5843305587768555,-6.402191638946533
191,initial,-6.849503517150879,-6.265409469604492
192,initial,-6.823100566864014,-6.4213361740112305
193,initial,-7.191059112548828,-6.70658016204834
194,initial,-6.524387359619141,-6.0068678855896
195,initial,-7.422812461853027,-6.8416900634765625
196,initial,-7.423361778259277,-6.751465797424316
197,initial,-7.850144386291504,-6.309700012207031
198,initial,-7.8869853019714355,-7.491127967834473
199,initial,-6.594204425811768,-6.0781755447387695
200,initial,-6.5253987312316895,-5.3764848709106445
201,initial,-7.528048515319824,-6.414603233337402
202,initial,-7.79788064956665,-6.691133975982666
203,initial,-7.522361755371094,-6.083820819854736
204,initial,-7.522361755371094,-6.083820819854736
205,initial,-7.255309104919434,-5.975708961486816
206,initial,-8.84172534942627,-8.006072998046875
207,initial,-8.74438762664795,-7.802723407745361
208,initial,-7.522361755371094,-6.083820819854736
209,initial,-7.255309104919434,-5.975708961486816
210,initial,-8.056281089782715,-7.068100929260254
211,initial,-7.749454021453857,-6.51940393447876
212,initial,-7.749454021453857,-6.51940393447876
213,initial,-7.97467565536499,-6.924248695373535
214,initial,-8.056281089782715,-7.068100929260254
215,initial,-8.349089622497559,-7.275383949279785
216,initial,-8.24438762664795,-7.048614501953125
217,initial,-9.14020824432373,-7.574073314666748
218,initial,-6.97738790512085,-5.785903453826904
219,initial,-7.190980434417725,-5.7389421463012695
220,initial,-6.739184379577637,-6.818553447723389
221,initial,-6.861900806427002,-6.970117092132568
222,initial,-6.73980712890625,-6.877349376678467
223,initial,-6.937695026397705,-7.263016223907471
224,initial,-7.802155494689941,-7.080063819885254
225,initial,-7.758179664611816,-7.417802810668945
226,initial,-6.934623718261719,-6.9503655433654785
227,initial,-6.971492767333984,-6.5494818687438965
228,initial,-7.603198528289795,-7.320980548858643
229,initial,-7.758179664611816,-7.417802810668945
230,initial,-7.754272937774658,-7.164088249206543
231,initial,-6.496501922607422,-6.0653462409973145
232,initial,-7.707823276519775,-6.953982353210449
233,initial,-8.52982234954834,-7.691673278808594
234,initial,-8.46752643585205,-7.653923988342285
235,initial,-7.471568584442139,-6.907464027404785
236,initial,-6.380342483520508,-6.262660503387451
237,initial,-6.813629627227783,-6.412813186645508
238,initial,-8.674334526062012,-7.645647048950195
239,initial,-7.241026878356934,-7.273466110229492
240,initial,-6.436487674713135,-6.62995719909668
241,initial,-7.3333845138549805,-7.012541770935059
242,initial,-7.8650007247924805,-7.601484775543213
243,initial,-7.06354284286499,-7.036784648895264
244,initial,-7.622815132141113,-7.426319122314453
245,initial,-8.113847732543945,-7.769893646240234
246,initial,-6.875790119171143,-7.1334381103515625
247,initial,-7.993565559387207,-7.403620719909668
248,initial,-8.161478996276855,-7.86374044418335
249,initial,-7.867025852203369,-7.6672258377075195
250,initial,-7.7220563888549805,-7.392910003662109
251,initial,-6.613934516906738,-6.698571681976318
252,initial,-6.535823822021484,-6.586956024169922
253,initial,-7.1468586921691895,-7.338626384735107
254,initial,-6.595424652099609,-6.595600128173828
255,initial,-7.370232582092285,-7.302948951721191
256,initial,-8.348649978637695,-7.926607131958008
257,initial,-8.523493766784668,-8.108011245727539
258,initial,-6.546273231506348,-6.791501045227051
259,initial,-5.7949700355529785,-5.848930358886719
260,initial,-6.526637554168701,-6.612772464752197
261,initial,-6.432440280914307,-6.59311580657959
262,initial,-6.182007789611816,-6.09051513671875
263,initial,-6.970242977142334,-6.94186544418335
264,initial,-7.041074752807617,-6.709893703460693
265,initial,-6.876153469085693,-6.850775241851807
266,initial,-6.35547399520874,-6.370291233062744
267,initial,-6.246877670288086,-6.277183532714844
268,initial,-6.504161357879639,-6.462313652038574
269,initial,-6.733921527862549,-6.873315334320068
270,initial,-6.9602508544921875,-6.721574306488037
271,initial,-5.820504665374756,-6.192796230316162
272,initial,-5.967026710510254,-6.037126541137695
273,initial,-6.43029260635376,-6.1826958656311035
274,initial,-7.236539840698242,-6.951131343841553
275,initial,-5.4955291748046875,-5.7403788566589355
276,initial,-6.399404525756836,-6.444492340087891
277,initial,-6.200288772583008,-6.318630218505859
278,initial,-6.742779731750488,-6.6884446144104
279,initial,-6.902685642242432,-6.568884372711182
280,initial,-8.5205717086792,-8.424261093139648
281,initial,-7.969789981842041,-8.052844047546387
282,initial,-7.969998836517334,-7.420072078704834
283,initial,-7.706513404846191,-7.516862869262695
284,initial,-7.101778984069824,-6.754446029663086
285,initial,-6.804686546325684,-6.886040687561035
286,initial,-8.345002174377441,-8.160776138305664
287,initial,-8.155208587646484,-7.687445640563965
288,initial,-7.983340740203857,-7.9120306968688965
289,initial,-6.937019348144531,-6.829270362854004
290,initial,-7.953006744384766,-8.043928146362305
291,initial,-8.377038955688477,-8.148584365844727
292,initial,-7.8431220054626465,-7.55546236038208
293,initial,-8.276516914367676,-8.045204162597656
294,initial,-6.468623161315918,-6.403435230255127
295,initial,-7.517654895782471,-7.523691654205322
296,initial,-7.389404773712158,-7.2509284019470215
297,initial,-8.642728805541992,-8.451602935791016
298,initial,-7.3781657218933105,-7.14215087890625
299,initial,-8.08629035949707,-8.092316627502441
300,initial,-6.948227882385254,-6.534202575683594
301,initial,-7.199086666107178,-7.089771747589111
302,initial,-6.144854545593262,-6.188461780548096
303,initial,-7.121379375457764,-6.76205587387085
304,initial,-6.276638984680176,-6.075263500213623
305,initial,-7.008443832397461,-6.9845871925354
306,initial,-8.096447944641113,-7.81096887588501
307,initial,-6.323225498199463,-6.150516510009766
308,initial,-6.542266845703125,-6.27156400680542
309,initial,-6.041093349456787,-5.979670524597168
310,initial,-7.4810051918029785,-7.403418064117432
311,initial,-7.0251336097717285,-6.778522968292236
312,initial,-6.849505424499512,-6.613565921783447
313,initial,-6.490774631500244,-6.266598224639893
314,initial,-6.464576721191406,-6.294187068939209
315,initial,-6.172826290130615,-6.173675060272217
316,initial,-5.571521759033203,-5.565991401672363
317,initial,-7.08842134475708,-7.0132598876953125
318,initial,-6.062905788421631,-6.085673809051514
319,initial,-7.063786029815674,-7.051172733306885
320,initial,-5.891591548919678,-5.440542697906494
321,initial,-7.0521159172058105,-6.628205299377441
322,initial,-6.726778507232666,-6.708986759185791
323,initial,-7.11771297454834,-6.725786209106445
324,initial,-7.516950607299805,-7.3268232345581055
325,initial,-6.651791095733643,-6.5352325439453125
326,initial,-7.214051246643066,-6.9799652099609375
327,initial,-7.930331230163574,-7.37438440322876
328,initial,-5.980721473693848,-5.743716716766357
329,initial,-7.543891429901123,-7.396223068237305
330,initial,-6.658680438995361,-6.407069206237793
331,initial,-7.394049644470215,-7.130300521850586
332,initial,-7.51387882232666,-6.83332633972168
333,initial,-6.507542610168457,-6.4179887771606445
334,initial,-6.1342668533325195,-6.171993732452393
335,initial,-6.297482967376709,-6.243624210357666
336,initial,-7.426784038543701,-7.290168762207031
337,initial,-6.789288520812988,-6.643986225128174
338,initial,-5.640019416809082,-5.407332420349121
339,initial,-7.323598861694336,-6.668764591217041
340,initial,-6.79278039932251,-6.539933204650879
341,initial,-10.283513069152832,-9.290003776550293
342,initial,-10.015321731567383,-8.760085105895996
343,initial,-9.979101181030273,-8.795412063598633
344,initial,-7.984188079833984,-7.972049713134766
345,initial,-7.509851932525635,-7.27490758895874
346,initial,-9.61733341217041,-8.195832252502441
347,initial,-7.549439907073975,-7.520334720611572
348,initial,-9.71888256072998,-8.316886901855469
349,initial,-8.1345796585083,-7.863541603088379
350,initial,-8.051067352294922,-8.446269989013672
351,initial,-10.415263175964355,-9.225454330444336
352,initial,-8.143555641174316,-7.441130638122559
353,initial,-9.604997634887695,-8.5125093460083
354,initial,-7.265922546386719,-7.038025856018066
355,initial,-8.401524543762207,-8.282079696655273
356,initial,-9.985437393188477,-9.43365478515625
357,initial,-10.330944061279297,-9.54785442352295
358,initial,-8.596628189086914,-7.759164810180664
359,initial,-8.323771476745605,-7.33847188949585
360,initial,-8.010397911071777,-7.873269081115723
361,initial,-9.470988273620605,-8.643725395202637
362,initial,-7.242459774017334,-7.313689708709717
363,initial,-7.199122905731201,-7.7924628257751465
364,initial,-7.183189392089844,-7.384284496307373
365,initial,-7.165858268737793,-7.147886276245117
366,initial,-7.826197624206543,-8.234389305114746
367,initial,-8.674088478088379,-8.065407752990723
368,initial,-9.244529724121094,-8.554434776306152
369,initial,-9.825091361999512,-9.49317455291748
370,initial,-8.119206428527832,-7.778052806854248
371,initial,-9.79829216003418,-9.511345863342285
372,initial,-9.563082695007324,-8.508410453796387
373,initial,-9.98481559753418,-9.576115608215332
374,initial,-8.014134407043457,-8.473492622375488
375,initial,-6.794775485992432,-6.784295558929443
376,initial,-7.701096534729004,-8.14029312133789
377,initial,-9.470988273620605,-8.643725395202637
378,initial,-7.199122905731201,-7.7924628257751465
379,initial,-7.682804107666016,-7.940823078155518
380,initial,-7.1034417152404785,-7.505578994750977
381,initial,-7.889666557312012,-7.823164939880371
382,initial,-6.883705139160156,-6.991069316864014
383,initial,-8.11865520477295,-8.163464546203613
384,initial,-6.530093669891357,-6.3679728507995605
385,initial,-7.617740631103516,-7.837220191955566
386,initial,-7.118907928466797,-7.4518961906433105
387,initial,-8.30747127532959,-7.978239059448242
388,initial,-7.492109298706055,-7.42085075378418
389,initial,-7.4913010597229,-7.111964225769043
390,initial,-7.2045578956604,-7.5860514640808105
391,initial,-7.920812606811523,-7.1891045570373535
392,initial,-7.329161643981934,-7.2911696434021
393,initial,-8.520855903625488,-8.266646385192871
394,initial,-7.2647175788879395,-7.255275249481201
395,initial,-8.284930229187012,-8.353075981140137
396,initial,-7.566835880279541,-7.84800386428833
397,initial,-6.935084819793701,-6.508285045623779
398,initial,-7.130457878112793,-7.352485656738281
399,initial,-6.965649604797363,-7.095524787902832
400,initial,-8.365236282348633,-7.939084529876709
401,initial,-9.377293586730957,-8.413711547851562
402,initial,-9.315114974975586,-9.648170471191406
403,initial,-7.708384037017822,-7.611332416534424
404,initial,-9.324296951293945,-7.660937786102295
405,initial,-9.285700798034668,-7.746212482452393
406,initial,-8.545516014099121,-7.908205986022949
407,initial,-8.023957252502441,-8.157285690307617
408,initial,-8.352465629577637,-7.846062660217285
409,initial,-8.403721809387207,-7.74904203414917
410,initial,-7.8370137214660645,-7.40413236618042
411,initial,-8.91242504119873,-8.426583290100098
412,initial,-8.950621604919434,-8.847763061523438
413,initial,-8.565841674804688,-7.801028728485107
414,initial,-9.075837135314941,-8.567468643188477
415,initial,-9.827881813049316,-8.879425048828125
416,initial,-9.504672050476074,-9.123555183410645
417,initial,-9.682939529418945,-9.018783569335938
418,initial,-8.136563301086426,-7.715753078460693
419,initial,-7.708384990692139,-7.611332416534424
420,initial,-7.787426471710205,-7.528238773345947
421,initial,-6.687327861785889,-6.4532952308654785
422,initial,-6.8524346351623535,-6.569593906402588
423,initial,-6.949514389038086,-6.80959939956665
424,initial,-6.516429901123047,-6.5084028244018555
425,initial,-7.931195259094238,-7.676270961761475
426,initial,-7.922506809234619,-7.8083391189575195
427,initial,-8.406542778015137,-8.359482765197754
428,initial,-7.776629447937012,-7.5272088050842285
429,initial,-6.039815425872803,-6.21235990524292
430,initial,-9.72503662109375,-9.139744758605957
431,initial,-6.897382736206055,-6.858711242675781
432,initial,-6.8609514236450195,-6.966888904571533
433,initial,-8.282461166381836,-7.66384744644165
434,initial,-7.572087287902832,-7.3174004554748535
435,initial,-6.68704080581665,-6.369410514831543
436,initial,-6.4084672927856445,-6.192440986633301
437,initial,-6.627168655395508,-6.277223587036133
438,initial,-6.8208746910095215,-6.555643558502197
439,initial,-6.855340003967285,-6.840515613555908
440,initial,-7.920665740966797,-7.157992362976074
441,initial,-6.1076340675354,-6.098762035369873
442,initial,-7.840265274047852,-7.487165927886963
443,initial,-7.23568868637085,-6.7873148918151855
444,initial,-7.579187870025635,-6.935802936553955
445,initial,-7.972314357757568,-7.469445705413818
446,initial,-8.570112228393555,-8.204333305358887
447,initial,-8.38779354095459,-7.722034454345703
448,initial,-7.4564208984375,-6.979485511779785
449,initial,-6.745699405670166,-6.383279800415039
450,initial,-8.09827709197998,-7.3628339767456055
451,initial,-7.441159248352051,-6.907774925231934
452,initial,-8.236709594726562,-7.4217023849487305
453,initial,-7.2983574867248535,-6.623190402984619
454,initial,-6.753830909729004,-6.3976945877075195
455,initial,-7.395521640777588,-6.787238121032715
456,initial,-7.468369960784912,-7.044188022613525
457,initial,-7.1210503578186035,-6.625667572021484
458,initial,-7.710226535797119,-7.193024635314941
459,initial,-7.6802077293396,-7.0152058601379395
460,initial,-8.578264236450195,-7.7482757568359375
461,initial,-5.763645648956299,-5.919305801391602
462,initial,-5.635859966278076,-5.8533101081848145
463,initial,-7.172939300537109,-6.962732315063477
464,initial,-7.029390335083008,-6.675320625305176
465,initial,-6.781404495239258,-6.551545143127441
466,initial,-6.317072868347168,-6.1433024406433105
467,initial,-6.350822448730469,-6.334482192993164
468,initial,-6.738696098327637,-6.762701511383057
469,initial,-6.791496276855469,-6.663544654846191
470,initial,-6.387892723083496,-6.719011306762695
471,initial,-8.827296257019043,-8.15062427520752
472,initial,-6.870608806610107,-6.718985557556152
473,initial,-7.139994144439697,-6.75128173828125
474,initial,-6.611181735992432,-6.525668144226074
475,initial,-6.348841667175293,-6.720516681671143
476,initial,-5.514518737792969,-5.898838520050049
477,initial,-6.891600131988525,-6.597747802734375
478,initial,-6.252888202667236,-6.412395477294922
479,initial,-6.061346054077148,-6.2232747077941895
480,initial,-5.689723491668701,-5.684354305267334
481,initial,-6.657822608947754,-6.457700252532959
482,initial,-6.755402088165283,-6.8779144287109375
483,initial,-5.684853553771973,-5.713683128356934
484,initial,-5.522502422332764,-5.876932144165039
485,initial,-6.22175931930542,-6.152045726776123
486,initial,-6.22175931930542,-6.152045726776123
487,initial,-6.736837863922119,-6.539299011230469
488,initial,-5.58404541015625,-5.662524700164795
489,initial,-7.254328727722168,-7.16337776184082
490,initial,-7.395421028137207,-7.0263285636901855
491,initial,-8.460023880004883,-7.861748218536377
492,initial,-6.22175931930542,-6.152045726776123
493,initial,-5.592998027801514,-5.614075660705566
494,initial,-6.114158630371094,-6.176599979400635
495,initial,-7.232229709625244,-7.209422588348389
496,initial,-5.66801643371582,-5.720013618469238
497,initial,-6.0791120529174805,-6.2909836769104
498,initial,-5.592998027801514,-5.614075660705566
499,initial,-7.154896259307861,-7.05483341217041
500,initial,-5.996114730834961,-6.367324352264404
501,initial,-5.9826979637146,-5.89934778213501
502,initial,-6.233511447906494,-6.115026950836182
503,initial,-7.465183734893799,-7.411862373352051
504,initial,-6.354578018188477,-5.8933234214782715
505,initial,-6.329885005950928,-6.032508373260498
506,initial,-6.3754377365112305,-6.797178745269775
507,initial,-7.43446159362793,-7.47860860824585
508,initial,-6.3811445236206055,-6.293532371520996
509,initial,-6.4759368896484375,-6.028234481811523
510,initial,-7.784095764160156,-7.616786003112793
511,initial,-7.258023738861084,-7.19684362411499
512,initial,-6.668100833892822,-6.587604999542236
513,initial,-6.759228706359863,-6.670385837554932
514,initial,-6.521011829376221,-6.638792514801025
515,initial,-7.05759859085083,-6.891651153564453
516,initial,-6.8823747634887695,-6.481550216674805
517,initial,-5.642344951629639,-5.6730194091796875
518,initial,-6.712921619415283,-6.849475860595703
519,initial,-7.552164077758789,-7.485696315765381
520,initial,-7.670411109924316,-6.980060577392578
521,initial,-7.6550822257995605,-7.373703956604004
522,initial,-7.854423999786377,-7.374300956726074
523,initial,-7.136229515075684,-6.897602081298828
524,initial,-6.830080032348633,-6.349750518798828
525,initial,-7.453953266143799,-7.354006290435791
526,initial,-5.905318737030029,-5.928083896636963
527,initial,-5.956955432891846,-6.3188796043396
528,initial,-8.322327613830566,-7.928901195526123
529,initial,-7.451272487640381,-7.20194673538208
530,initial,-6.872989177703857,-6.446980953216553
531,initial,-8.158283233642578,-8.12064266204834
532,initial,-8.835180282592773,-8.176961898803711
533,initial,-7.0907697677612305,-6.718633651733398
534,initial,-8.219900131225586,-7.786037921905518
535,initial,-6.410115718841553,-6.257055282592773
536,initial,-6.752383232116699,-6.72759485244751
537,initial,-8.158283233642578,-8.12064266204834
538,initial,-6.061779022216797,-6.152299404144287
539,initial,-6.5564422607421875,-6.425687789916992
540,initial,-5.47183084487915,-5.640500545501709
541,initial,-5.803109169006348,-5.665063381195068
542,initial,-6.008094787597656,-5.98806619644165
543,initial,-5.511905670166016,-5.722672939300537
544,initial,-5.700612545013428,-5.67243766784668
545,initial,-5.774948596954346,-5.80824089050293
546,initial,-5.997530460357666,-5.932385444641113
547,initial,-6.398635387420654,-6.460592746734619
548,initial,-5.6419501304626465,-5.502589225769043
549,initial,-6.2550764083862305,-5.836090564727783
550,initial,-6.08898401260376,-6.018278121948242
551,initial,-6.7127604484558105,-6.6089301109313965
552,initial,-5.761005878448486,-6.094223499298096
553,initial,-7.216577053070068,-6.883631706237793
554,initial,-6.692863464355469,-6.781005859375
555,initial,-7.0168352127075195,-6.780842304229736
556,initial,-5.5379743576049805,-5.770652770996094
557,initial,-6.047364711761475,-5.993232727050781
558,initial,-5.8575439453125,-5.617991924285889
559,initial,-5.815057277679443,-6.135092735290527
560,initial,-7.385343551635742,-7.212686061859131
561,initial,-6.547010898590088,-6.315553188323975
562,initial,-7.334155082702637,-7.252294540405273
563,initial,-5.888574600219727,-5.924872875213623
564,initial,-7.359496116638184,-7.107779502868652
565,initial,-5.396889686584473,-5.400339603424072
566,initial,-6.7731475830078125,-6.686348915100098
567,initial,-6.839757919311523,-6.427137851715088
568,initial,-6.363404273986816,-6.770174026489258
569,initial,-6.5533928871154785,-6.5222578048706055
570,initial,-6.746066093444824,-6.7310686111450195
571,initial,-6.605828285217285,-6.226930141448975
572,initial,-6.878540992736816,-6.616678714752197
573,initial,-7.569159507751465,-7.325638771057129
574,initial,-5.66978645324707,-5.60206937789917
575,initial,-5.860777378082275,-5.593979358673096
576,initial,-6.072626113891602,-5.739544868469238
577,initial,-5.192647933959961,-5.170078754425049
578,initial,-5.82392692565918,-5.815891742706299
579,initial,-5.854861259460449,-5.441350936889648
580,initial,-6.844338893890381,-6.860834121704102
581,initial,-8.024033546447754,-7.389327049255371
582,initial,-7.003032207489014,-6.563832759857178
583,initial,-8.697402954101562,-7.4578399658203125
584,initial,-7.295503616333008,-6.940371513366699
585,initial,-6.383889198303223,-6.292710304260254
586,initial,-6.299197196960449,-6.159750938415527
587,initial,-7.984835147857666,-7.3100738525390625
588,initial,-7.504775524139404,-7.143584728240967
589,initial,-7.790231227874756,-6.928645133972168
590,initial,-8.1367769241333,-7.292356014251709
591,initial,-8.06984806060791,-7.16655969619751
592,initial,-8.072184562683105,-7.254238605499268
593,initial,-6.930034160614014,-6.602797508239746
594,initial,-6.05743932723999,-5.87580680847168
595,initial,-8.0899076461792,-6.977829933166504
596,initial,-6.239598751068115,-6.125459671020508
597,initial,-7.554110050201416,-7.1967949867248535
598,initial,-8.21987247467041,-7.090325355529785
599,initial,-7.24622106552124,-6.549161434173584
600,initial,-7.131534576416016,-6.882182598114014
601,initial,-8.638278007507324,-7.880923271179199
602,initial,-8.769932746887207,-8.063310623168945
603,initial,-8.054034233093262,-7.429073810577393
604,initial,-7.131534576416016,-6.882182598114014
605,initial,-7.113525390625,-6.919388771057129
606,initial,-8.049933433532715,-7.409109592437744
607,initial,-7.529580116271973,-7.042284965515137
608,initial,-7.896202087402344,-7.375362873077393
609,initial,-8.004559516906738,-7.49332332611084
610,initial,-6.9060750007629395,-6.691873550415039
611,initial,-8.769932746887207,-8.063310623168945
612,initial,-6.68520975112915,-6.546445846557617
613,initial,-7.357364654541016,-6.867648124694824
614,initial,-6.5565185546875,-6.520639896392822
615,initial,-7.065925598144531,-6.731245994567871
616,initial,-6.602405548095703,-6.465995788574219
617,initial,-7.8026652336120605,-7.330153465270996
618,initial,-6.842911243438721,-6.7181549072265625
619,initial,-8.154584884643555,-7.409197807312012
620,initial,-7.028839588165283,-6.673673152923584
621,initial,-7.391751289367676,-7.03876256942749
622,initial,-7.948153018951416,-7.987395286560059
623,initial,-6.474981307983398,-6.397150993347168
624,initial,-6.731096267700195,-6.506612777709961
625,initial,-7.358238220214844,-6.974698066711426
626,initial,-7.438530921936035,-7.138266563415527
627,initial,-6.14857292175293,-6.251584053039551
628,initial,-6.5143513679504395,-6.085300445556641
629,initial,-7.757002830505371,-7.483205318450928
630,initial,-7.303976058959961,-7.18432092666626
631,initial,-7.271383285522461,-6.991903305053711
632,initial,-6.288705825805664,-6.32259464263916
633,initial,-5.878023147583008,-5.803755760192871
634,initial,-7.324062824249268,-6.738199234008789
635,initial,-5.780086994171143,-5.662797451019287
636,initial,-7.218108177185059,-6.751077651977539
637,initial,-6.176420211791992,-5.97482967376709
638,initial,-7.096332550048828,-6.762311935424805
639,initial,-6.220211505889893,-6.109835624694824
640,initial,-7.792280673980713,-7.074721813201904
641,initial,-7.648681163787842,-7.491923809051514
642,initial,-7.187530994415283,-6.71133279800415
643,initial,-7.7948317527771,-7.074738502502441
644,initial,-8.050033569335938,-7.22957181930542
645,initial,-8.076598167419434,-7.524130821228027
646,initial,-8.677867889404297,-8.437849998474121
647,initial,-7.521714687347412,-6.694497108459473
648,initial,-8.638357162475586,-8.278890609741211
649,initial,-8.283974647521973,-7.932895183563232
650,initial,-7.732143878936768,-7.21585750579834
651,initial,-7.256596565246582,-6.559844970703125
652,initial,-7.331523418426514,-6.7064409255981445
653,initial,-8.029436111450195,-7.253169059753418
654,initial,-7.670327663421631,-6.948803901672363
655,initial,-8.250993728637695,-8.262248039245605
656,initial,-8.724750518798828,-7.99683141708374
657,initial,-8.491476058959961,-7.867228984832764
658,initial,-8.390182495117188,-7.946793556213379
659,initial,-8.264555931091309,-7.337307929992676
660,initial,-7.208329200744629,-6.947375774383545
661,initial,-5.786356449127197,-5.411076545715332
662,initial,-8.069212913513184,-7.5343017578125
663,initial,-6.881311893463135,-6.909395694732666
664,initial,-5.713446617126465,-5.99625825881958
665,initial,-6.2447710037231445,-6.151785373687744
666,initial,-5.93756103515625,-5.941142559051514
667,initial,-7.029374599456787,-6.526514530181885
668,initial,-5.7068586349487305,-5.59245491027832
669,initial,-5.460267543792725,-5.533759593963623
670,initial,-7.205001354217529,-7.104031562805176
671,initial,-6.09672737121582,-6.228280544281006
672,initial,-6.911553382873535,-6.784627914428711
673,initial,-5.979220390319824,-5.904797077178955
674,initial,-7.205000877380371,-7.104031562805176
675,initial,-6.653109073638916,-6.782093524932861
676,initial,-8.434207916259766,-7.802289962768555
677,initial,-6.346402168273926,-6.1878204345703125
678,initial,-6.8315935134887695,-6.6289825439453125
679,initial,-7.151391506195068,-6.861436367034912
680,initial,-6.365103721618652,-6.171061992645264
681,initial,-6.910197734832764,-6.358419895172119
682,initial,-6.276285171508789,-6.267417907714844
683,initial,-7.765767574310303,-6.924800395965576
684,initial,-7.334431171417236,-6.817097187042236
685,initial,-6.482147693634033,-5.8133769035339355
686,initial,-7.21903133392334,-6.648466110229492
687,initial,-6.0141072273254395,-5.885162830352783
688,initial,-6.906639099121094,-6.386412143707275
689,initial,-7.93118143081665,-7.188630104064941
690,initial,-6.28713321685791,-5.954279899597168
691,initial,-6.449864387512207,-6.0224690437316895
692,initial,-6.76936674118042,-6.545200347900391
693,initial,-6.757462978363037,-6.045454025268555
694,initial,-6.586647987365723,-6.74251651763916
695,initial,-7.0416131019592285,-6.93359899520874
696,initial,-7.602485656738281,-7.214532852172852
697,initial,-6.365299701690674,-6.15641450881958
698,initial,-6.775649070739746,-6.479604721069336
699,initial,-6.114076614379883,-5.68964958190918
0,final,-7.228156089782715,-6.42554235458374
1,final,-7.133910179138184,-6.488091945648193
2,final,-6.207334518432617,-5.540324687957764
3,final,-8.701164245605469,-7.702630996704102
4,final,-6.766579627990723,-5.417686939239502
5,final,-6.8815178871154785,-6.42913818359375
6,final,-8.684791564941406,-7.577578067779541
7,final,-7.4022369384765625,-6.043594837188721
8,final,-6.664927005767822,-5.344035625457764
9,final,-6.207334518432617,-5.540324687957764
10,final,-8.672978401184082,-7.04662561416626
11,final,-6.133406162261963,-5.479737281799316
12,final,-7.1574296951293945,-5.567472457885742
13,final,-8.412646293640137,-6.912738800048828
14,final,-6.664927005767822,-5.344035625457764
15,final,-8.843413352966309,-7.274149417877197
16,final,-7.101840019226074,-5.891957759857178
17,final,-6.978029727935791,-5.8735785484313965
18,final,-9.336252212524414,-7.915563106536865
19,final,-6.452585697174072,-5.9300217628479
20,final,-6.329953670501709,-5.653029441833496
21,final,-6.978587627410889,-5.852225303649902
22,final,-8.100106239318848,-7.289364337921143
23,final,-7.145717620849609,-6.0329413414001465
24,final,-7.722896575927734,-6.863534927368164
25,final,-7.145717620849609,-6.0329413414001465
26,final,-8.644122123718262,-7.570302963256836
27,final,-8.631062507629395,-7.5636444091796875
28,final,-6.902885913848877,-6.080066680908203
29,final,-8.717000961303711,-7.451599597930908
30,final,-6.93671989440918,-6.171180725097656
31,final,-6.97964334487915,-6.036558628082275
32,final,-8.100105285644531,-7.289364337921143
33,final,-6.979643821716309,-6.036558628082275
34,final,-6.7137017250061035,-6.327457427978516
35,final,-8.475019454956055,-7.354067325592041
36,final,-6.902884006500244,-6.080066680908203
37,final,-6.979643821716309,-6.036558628082275
38,final,-6.254798889160156,-5.719473838806152
39,final,-6.455660343170166,-5.777720928192139
40,final,-6.748497009277344,-5.5977301597595215
41,final,-7.0376996994018555,-5.94149923324585
42,final,-6.928980827331543,-6.265537261962891
43,final,-7.787420749664307,-6.983410835266113
44,final,-7.335755825042725,-6.0026774406433105
45,final,-6.842527389526367,-5.6272358894348145
46,final,-6.8576531410217285,-5.926032543182373
47,final,-7.469510078430176,-6.331339359283447
48,final,-7.960005283355713,-7.0260009765625
49,final,-6.860221862792969,-5.947183609008789
50,final,-7.4269914627075195,-6.610843658447266
51,final,-8.047554016113281,-7.3908562660217285
52,final,-7.794929027557373,-6.483781814575195
53,final,-7.201784610748291,-6.677970886230469
54,final,-7.137317657470703,-6.795557022094727
55,final,-6.825128078460693,-5.844637870788574
56,final,-6.905817031860352,-5.7254438400268555
57,final,-6.162349224090576,-5.599857807159424
58,final,-7.3080902099609375,-5.858892440795898
59,final,-6.933176517486572,-5.86598014831543
60,final,-7.801217555999756,-6.291362285614014
61,final,-8.915694236755371,-7.0409464836120605
62,final,-9.959834098815918,-8.144044876098633
63,final,-9.790175437927246,-7.8530120849609375
64,final,-8.308053016662598,-6.583528995513916
65,final,-7.3978190422058105,-6.0932793617248535
66,final,-8.421699523925781,-6.6163811683654785
67,final,-9.887380599975586,-8.485095977783203
68,final,-8.879422187805176,-6.917877197265625
69,final,-8.385567665100098,-6.793994903564453
70,final,-8.26540756225586,-7.32970666885376
71,final,-9.708294868469238,-8.283577919006348
72,final,-7.614111423492432,-6.1593756675720215
73,final,-7.747201919555664,-6.428342342376709
74,final,-7.163830757141113,-5.82376766204834
75,final,-9.132129669189453,-7.691483020782471
76,final,-8.36831283569336,-6.46221399307251
77,final,-9.522082328796387,-7.941843509674072
78,final,-7.1409149169921875,-6.236721038818359
79,final,-8.242356300354004,-6.5995283126831055
80,final,-5.493016719818115,-5.024223804473877
81,final,-5.9376397132873535,-4.987565994262695
82,final,-6.869419097900391,-6.069178104400635
83,final,-6.7323760986328125,-5.826601982116699
84,final,-6.504777431488037,-6.1293487548828125
85,final,-7.384889125823975,-6.826160430908203
86,final,-7.307023525238037,-6.41856575012207
87,final,-6.66216516494751,-6.125941276550293
88,final,-6.595409393310547,-6.089102268218994
89,final,-5.373426914215088,-4.875207424163818
90,final,-6.315555572509766,-5.534594535827637
91,final,-7.684075355529785,-7.5960917472839355
92,final,-5.829432010650635,-4.923819541931152
93,final,-6.151401519775391,-5.670124530792236
94,final,-6.086208343505859,-5.509003639221191
95,final,-6.806944847106934,-6.276618957519531
96,final,-5.932589054107666,-5.239871025085449
97,final,-6.376450538635254,-5.435384750366211
98,final,-7.325074195861816,-6.729631423950195
99,final,-5.810495376586914,-5.336463451385498
100,final,-7.0865797996521,-6.227143287658691
101,final,-6.741621494293213,-5.783366680145264
102,final,-8.288820266723633,-6.857298851013184
103,final,-6.706855773925781,-5.643153667449951
104,final,-6.706855773925781,-5.643153667449951
105,final,-6.944103240966797,-5.655652046203613
106,final,-7.626458644866943,-6.609467506408691
107,final,-7.679280757904053,-6.588675498962402
108,final,-6.107015132904053,-5.110766410827637
109,final,-8.551867485046387,-7.511392116546631
110,final,-7.830758571624756,-6.938858985900879
111,final,-6.651061534881592,-5.418037414550781
112,final,-7.8507561683654785,-6.914058208465576
113,final,-7.8942551612854,-6.785643577575684
114,final,-6.484969139099121,-5.4602837562561035
115,final,-7.344794750213623,-6.262876987457275
116,final,-8.019841194152832,-7.476402759552002
117,final,-6.8460774421691895,-6.0615973472595215
118,final,-7.626458644866943,-6.609467506408691
119,final,-8.06717300415039,-7.029842853546143
120,final,-6.256628513336182,-5.166788578033447
121,final,-6.273850917816162,-5.249290466308594
122,final,-6.730976581573486,-5.751476287841797
123,final,-7.106099605560303,-5.171367645263672
124,final,-6.1500244140625,-5.361942291259766
125,final,-8.402193069458008,-6.94679069519043
126,final,-8.433796882629395,-7.318289279937744
127,final,-7.817453861236572,-5.845647811889648
128,final,-6.933943271636963,-5.752574443817139
129,final,-8.3402681350708,-7.121640682220459
130,final,-6.858150482177734,-5.264682292938232
131,final,-6.181862831115723,-5.566535949707031
132,final,-6.2927093505859375,-5.480792999267578
133,final,-8.390554428100586,-6.826016902923584
134,final,-8.3402681350708,-7.121640682220459
135,final,-6.657905578613281,-5.181490421295166
136,final,-6.318162441253662,-5.39989709854126
137,final,-6.657905578613281,-5.181490421295166
138,final,-8.402193069458008,-6.9467902183532715
139,final,-6.770923614501953,-5.843225955963135
140,final,-6.382406234741211,-5.648143291473389
141,final,-6.975825786590576,-6.149418830871582
142,final,-7.175839900970459,-6.123396873474121
143,final,-5.8310627937316895,-4.847232341766357
144,final,-7.763575553894043,-6.991744041442871
145,final,-6.570104122161865,-5.3320465087890625
146,final,-7.9647111892700195,-6.827629089355469
147,final,-7.810887336730957,-6.946465015411377
148,final,-7.352725982666016,-6.319630146026611
149,final,-7.150169372558594,-6.1577887535095215
150,final,-7.440211296081543,-6.3694305419921875
151,final,-7.377187252044678,-6.782014846801758
152,final,-7.581294536590576,-6.531863212585449
153,final,-7.57845401763916,-7.033048629760742
154,final,-6.382406234741211,-5.648143291473389
155,final,-7.9647111892700195,-6.827629089355469
156,final,-7.890735149383545,-7.2075300216674805
157,final,-7.767181396484375,-7.105525016784668
158,final,-6.706552505493164,-5.737179756164551
159,final,-7.9647111892700195,-6.827629089355469
160,final,-8.57968807220459,-7.21845817565918
161,final,-8.468133926391602,-6.263187408447266
162,final,-8.269259452819824,-7.083369255065918
163,final,-8.96429443359375,-7.2895121574401855
164,final,-9.183361053466797,-7.8390374183654785
165,final,-6.6470160484313965,-5.368656635284424
166,final,-8.465428352355957,-6.6966986656188965
167,final,-8.96429443359375,-7.2895121574401855
168,final,-8.113447189331055,-6.711776256561279
169,final,-7.821622371673584,-6.638905048370361
170,final,-9.525715827941895,-6.711958408355713
171,final,-8.718012809753418,-6.249813556671143
172,final,-7.320312023162842,-6.109076976776123
173,final,-9.217256546020508,-8.084931373596191
174,final,-8.690269470214844,-7.57121467590332
175,final,-8.077581405639648,-6.6683831214904785
176,final,-9.630325317382812,-7.637112140655518
177,final,-7.230347156524658,-6.081421375274658
178,final,-7.688373565673828,-6.087399005889893
179,final,-8.238397598266602,-6.251908779144287
180,final,-6.3769731521606445,-5.822874069213867
181,final,-5.7501325607299805,-4.794434070587158
182,final,-5.870062828063965,-5.386410236358643
183,final,-6.349838733673096,-5.8545966148376465
184,final,-6.279943466186523,-5.387455940246582
185,final,-6.629676342010498,-6.07130241394043
186,final,-6.343836784362793,-5.819731712341309
187,final,-8.129209518432617,-7.141118049621582
188,final,-5.774901390075684,-4.9594197273254395
189,final,-6.872225284576416,-6.335343837738037
190,final,-7.180726051330566,-5.9368696212768555
191,final,-6.3769731521606445,-5.822874069213867
192,final,-6.46092414855957,-6.069178104400635
193,final,-6.814242362976074,-6.285586357116699
194,final,-6.259539604187012,-5.710222244262695
195,final,-7.039365291595459,-6.492819786071777
196,final,-7.113889694213867,-6.4834489822387695
197,final,-7.471306800842285,-5.800955295562744
198,final,-7.380663871765137,-6.993527412414551
199,final,-6.239477157592773,-5.548548698425293
200,final,-6.063235759735107,-4.852773189544678
201,final,-7.097235202789307,-5.979038238525391
202,final,-7.077657699584961,-5.820070743560791
203,final,-6.771511554718018,-5.410944938659668
204,final,-6.771511554718018,-5.410944938659668
205,final,-6.724038124084473,-5.407382011413574
206,final,-8.352783203125,-7.453718662261963
207,final,-8.214374542236328,-7.314583778381348
208,final,-6.771511554718018,-5.410944938659668
209,final,-6.724038124084473,-5.407382011413574
210,final,-7.496266841888428,-6.472487449645996
211,final,-7.169094085693359,-5.905322551727295
212,final,-7.169094085693359,-5.905322551727295
213,final,-7.139089584350586,-6.0589752197265625
214,final,-7.496266841888428,-6.472487449645996
215,final,-7.9556884765625,-6.8116607666015625
216,final,-7.408799648284912,-6.230423450469971
217,final,-8.632186889648438,-7.126729488372803
218,final,-6.575859069824219,-5.28964900970459
219,final,-6.328245162963867,-4.9215874671936035
220,final,-6.381017208099365,-6.4028825759887695
221,final,-6.3925275802612305,-6.430074691772461
222,final,-6.3001203536987305,-6.345534801483154
223,final,-6.479762077331543,-6.717400550842285
224,final,-7.380807399749756,-6.6944780349731445
225,final,-7.281177520751953,-7.01999044418335
226,final,-6.4056596755981445,-6.5979132652282715
227,final,-6.466849327087402,-6.172876834869385
228,final,-7.055314540863037,-6.967026233673096
229,final,-7.281177520751953,-7.01999044418335
230,final,-7.243113040924072,-6.8186564445495605
231,final,-5.944647312164307,-5.7521233558654785
232,final,-6.91355037689209,-6.515701770782471
233,final,-7.906089782714844,-7.258822441101074
234,final,-7.890517711639404,-7.3555378913879395
235,final,-6.910282611846924,-6.552878379821777
236,final,-5.898283004760742,-5.933664321899414
237,final,-6.334650039672852,-6.084063529968262
238,final,-8.103555679321289,-7.318909645080566
239,final,-6.822678565979004,-6.905392646789551
240,final,-6.080799579620361,-6.332633018493652
241,final,-6.701752662658691,-6.542491912841797
242,final,-7.5348381996154785,-7.300603866577148
243,final,-6.742041110992432,-6.701647758483887
244,final,-7.208617210388184,-7.066779136657715
245,final,-7.812958717346191,-7.486265182495117
246,final,-6.4792585372924805,-6.6915283203125
247,final,-7.627181053161621,-7.131345272064209
248,final,-7.7384185791015625,-7.543369293212891
249,final,-7.163211345672607,-7.177910327911377
250,final,-7.333099365234375,-7.094448089599609
251,final,-6.078514575958252,-6.208950996398926
252,final,-6.127303123474121,-6.291447162628174
253,final,-6.7780303955078125,-6.954431533813477
254,final,-6.3271708488464355,-6.331053733825684
255,final,-7.016533374786377,-6.937840938568115
256,final,-8.017827987670898,-7.584403038024902
257,final,-8.073113441467285,-7.6995849609375
258,final,-6.275702476501465,-6.481367588043213
259,final,-5.401021957397461,-5.560613632202148
260,final,-6.262771129608154,-6.2905097007751465
261,final,-6.171392440795898,-6.326388359069824
262,final,-5.862050533294678,-5.763340950012207
263,final,-6.769229412078857,-6.700833797454834
264,final,-6.680256366729736,-6.363032817840576
265,final,-6.624170780181885,-6.538222789764404
266,final,-6.140918731689453,-6.1277055740356445
267,final,-5.856996536254883,-5.911036968231201
268,final,-6.165842056274414,-6.05524206161499
269,final,-6.53754997253418,-6.66370153427124
270,final,-6.6757988929748535,-6.459787368774414
271,final,-5.420217037200928,-5.81456184387207
272,final,-5.705816268920898,-5.788842678070068
273,final,-5.983892917633057,-5.734787940979004
274,final,-7.036803722381592,-6.7451934814453125
275,final,-5.286280155181885,-5.401320457458496
276,final,-5.9383320808410645,-6.00020694732666
277,final,-5.816466331481934,-5.957709312438965
278,final,-6.497972011566162,-6.41378927230835
279,final,-6.4231276512146,-6.117622375488281
280,final,-8.300885200500488,-8.004315376281738
281,final,-7.605579853057861,-7.531932830810547
282,final,-7.825204372406006,-7.131000518798828
283,final,-7.591543674468994,-7.300099849700928
284,final,-7.028994560241699,-6.423551082611084
285,final,-6.753614902496338,-6.4932074546813965
286,final,-8.19214153289795,-7.882939338684082
287,final,-7.893030643463135,-7.302158832550049
288,final,-7.741458892822266,-7.486664295196533
289,final,-6.967047691345215,-6.499922275543213
290,final,-7.76277494430542,-7.651358604431152
291,final,-8.26161003112793,-7.850959777832031
292,final,-7.819817066192627,-7.263021469116211
293,final,-8.164389610290527,-7.824955940246582
294,final,-6.248420715332031,-6.01155948638916
295,final,-7.327919960021973,-7.187349796295166
296,final,-7.276937007904053,-6.9435014724731445
297,final,-8.479223251342773,-8.095525741577148
298,final,-7.3942975997924805,-6.902415752410889
299,final,-7.9543609619140625,-7.807862281799316
300,final,-6.622087001800537,-6.232664585113525
301,final,-6.902037143707275,-6.847287178039551
302,final,-5.641852378845215,-5.761987686157227
303,final,-6.799479961395264,-6.524860382080078
304,final,-6.024889945983887,-5.7861480712890625
305,final,-6.587749004364014,-6.569252014160156
306,final,-7.742636680603027,-7.488417148590088
307,final,-5.989914417266846,-5.854646682739258
308,final,-6.227612018585205,-5.934808254241943
309,final,-5.56229305267334,-5.6555256843566895
310,final,-7.193979740142822,-7.103239059448242
311,final,-6.701284885406494,-6.573835372924805
312,final,-6.485540390014648,-6.382330417633057
313,final,-6.170215129852295,-5.944126605987549
314,final,-6.1835551261901855,-6.051788806915283
315,final,-5.869823455810547,-5.944030284881592
316,final,-5.253239154815674,-5.32600212097168
317,final,-6.782403469085693,-6.77470588684082
318,final,-5.738039016723633,-5.835176944732666
319,final,-6.681335926055908,-6.650333404541016
320,final,-5.587376117706299,-5.0987958908081055
321,final,-6.616979122161865,-6.24639892578125
322,final,-6.432102680206299,-6.428744316101074
323,final,-6.351781845092773,-6.14081335067749
324,final,-7.102781295776367,-7.022111415863037
325,final,-6.240816116333008,-6.2163987159729
326,final,-6.684448719024658,-6.586483955383301
327,final,-7.599684715270996,-7.053542137145996
328,final,-5.649480819702148,-5.459308624267578
329,final,-6.914111614227295,-6.907251358032227
330,final,-6.3187255859375,-6.067687034606934
331,final,-7.039792537689209,-6.813364028930664
332,final,-7.0830230712890625,-6.4904398918151855
333,final,-6.1884236335754395,-6.038322448730469
334,final,-5.664438724517822,-5.730502605438232
335,final,-5.899753570556641,-5.936661720275879
336,final,-7.080974102020264,-6.921082973480225
337,final,-6.273138046264648,-6.2369160652160645
338,final,-5.287837028503418,-5.087827205657959
339,final,-6.892454147338867,-6.330376625061035
340,final,-6.306350231170654,-6.3718366622924805
341,final,-9.707987785339355,-9.128384590148926
342,final,-9.290867805480957,-8.362642288208008
343,final,-9.218403816223145,-8.39147663116455
344,final,-7.494211673736572,-7.565323829650879
345,final,-6.750243663787842,-6.786190509796143
346,final,-8.963493347167969,-7.901219844818115
347,final,-7.0009765625,-7.025424957275391
348,final,-8.860048294067383,-7.867160797119141
349,final,-7.525979518890381,-7.457833290100098
350,final,-7.517098426818848,-7.940627574920654
351,final,-9.747215270996094,-8.947670936584473
352,final,-7.302785396575928,-7.0264387130737305
353,final,-8.786025047302246,-8.157047271728516
354,final,-6.361501216888428,-6.5231781005859375
355,final,-7.659139156341553,-7.824368000030518
356,final,-9.342584609985352,-9.144946098327637
357,final,-9.840907096862793,-9.340481758117676
358,final,-8.206485748291016,-7.5359416007995605
359,final,-7.449878692626953,-6.953011512756348
360,final,-7.56692361831665,-7.502288341522217
361,final,-8.879720687866211,-8.126215934753418
362,final,-6.8203253746032715,-6.905038356781006
363,final,-6.674615383148193,-7.468740940093994
364,final,-6.40545129776001,-6.811899662017822
365,final,-6.643742561340332,-6.773609161376953
366,final,-7.214293003082275,-7.881862163543701
367,final,-7.8137526512146,-7.536518573760986
368,final,-8.392256736755371,-8.035868644714355
369,final,-9.375843048095703,-9.152591705322266
370,final,-7.704855918884277,-7.552055358886719
371,final,-9.303277015686035,-9.194955825805664
372,final,-9.06184196472168,-8.157100677490234
373,final,-9.54786205291748,-9.297496795654297
374,final,-7.270783424377441,-8.223978996276855
375,final,-6.502264976501465,-6.771556854248047
376,final,-7.017913818359375,-7.790523529052734
377,final,-8.879720687866211,-8.126215934753418
378,final,-6.674615383148193,-7.468740940093994
379,final,-7.32819128036499,-7.720181941986084
380,final,-6.774074077606201,-7.19024658203125
381,final,-7.420316219329834,-7.432976245880127
382,final,-6.7015790939331055,-6.691424369812012
383,final,-7.896594047546387,-8.009084701538086
384,final,-6.302631855010986,-6.25333309173584
385,final,-7.1660871505737305,-7.537349224090576
386,final,-6.684154987335205,-7.1428937911987305
387,final,-7.8506550788879395,-7.659459590911865
388,final,-7.2001447677612305,-7.284494876861572
389,final,-6.861961364746094,-6.592425346374512
390,final,-6.692878723144531,-7.2269487380981445
391,final,-7.497220039367676,-6.970340728759766
392,final,-7.060143947601318,-6.968195915222168
393,final,-8.18459701538086,-8.036575317382812
394,final,-6.9301347732543945,-6.91541862487793
395,final,-8.07947826385498,-8.267866134643555
396,final,-7.198872089385986,-7.49202823638916
397,final,-6.5212297439575195,-6.117913722991943
398,final,-6.662144184112549,-6.88209867477417
399,final,-6.619296073913574,-6.743314743041992
400,final,-8.30395793914795,-7.854769229888916
401,final,-9.610289573669434,-8.095006942749023
402,final,-9.344000816345215,-9.57662296295166
403,final,-7.7172064781188965,-7.217986583709717
404,final,-9.10759449005127,-7.430548191070557
405,final,-9.019367218017578,-7.457594394683838
406,final,-8.328482627868652,-7.557304382324219
407,final,-7.745975494384766,-7.725041389465332
408,final,-8.516586303710938,-7.63128137588501
409,final,-8.215279579162598,-7.660251140594482
410,final,-7.646290302276611,-6.845694065093994
411,final,-8.756279945373535,-8.09550952911377
412,final,-8.754228591918945,-8.503594398498535
413,final,-8.541529655456543,-7.501750469207764
414,final,-8.820608139038086,-8.231382369995117
415,final,-9.56664752960205,-8.4148530960083
416,final,-9.259836196899414,-8.675785064697266
417,final,-9.30267333984375,-8.596268653869629
418,final,-7.630725383758545,-7.3621039390563965
419,final,-7.717207431793213,-7.217986583709717
420,final,-7.430781841278076,-7.192635536193848
421,final,-6.482749938964844,-6.451058387756348
422,final,-6.535674095153809,-6.367579460144043
423,final,-6.5709028244018555,-6.568799018859863
424,final,-6.161590576171875,-6.390316486358643
425,final,-7.403189659118652,-7.406963348388672
426,final,-7.407037258148193,-7.443802833557129
427,final,-7.944630146026611,-8.170406341552734
428,final,-7.4125142097473145,-7.349403381347656
429,final,-5.742946147918701,-6.239435195922852
430,final,-9.349454879760742,-8.920350074768066
431,final,-6.501298427581787,-6.615579128265381
432,final,-6.485379695892334,-6.690444469451904
433,final,-7.895506381988525,-7.463494300842285
434,final,-7.242674350738525,-7.267107009887695
435,final,-6.262028694152832,-6.251185417175293
436,final,-6.08860969543457,-6.011357307434082
437,final,-6.188844680786133,-5.920699119567871
438,final,-6.436917304992676,-6.301432132720947
439,final,-6.538449764251709,-6.778784275054932
440,final,-7.070951461791992,-6.668424129486084
441,final,-5.762022018432617,-5.951926231384277
442,final,-7.111469745635986,-6.96806001663208
443,final,-6.5845465660095215,-6.346638202667236
444,final,-6.942312717437744,-6.52089786529541
445,final,-7.474496364593506,-7.246608734130859
446,final,-8.171838760375977,-7.8098578453063965
447,final,-7.801732540130615,-7.402229309082031
448,final,-6.924201965332031,-6.46860408782959
449,final,-6.434920310974121,-6.02925443649292
450,final,-7.746195316314697,-7.017823219299316
451,final,-6.945281028747559,-6.6101884841918945
452,final,-7.622167110443115,-7.128818511962891
453,final,-6.70884370803833,-6.100403785705566
454,final,-6.405826091766357,-6.021538734436035
455,final,-6.7536821365356445,-6.493805885314941
456,final,-6.853264808654785,-6.586416244506836
457,final,-6.671079635620117,-6.225974082946777
458,final,-7.022892475128174,-6.676891803741455
459,final,-7.1744608879089355,-6.761305332183838
460,final,-8.059170722961426,-7.337272644042969
461,final,-5.303893089294434,-5.5776872634887695
462,final,-5.221761226654053,-5.5465850830078125
463,final,-6.663111209869385,-6.517821311950684
464,final,-6.5196404457092285,-6.2870378494262695
465,final,-6.244967937469482,-6.157032012939453
466,final,-5.766429901123047,-5.6680707931518555
467,final,-5.659547328948975,-5.759803771972656
468,final,-6.165961742401123,-6.276885032653809
469,final,-6.3906121253967285,-6.239856719970703
470,final,-5.943053722381592,-6.190605163574219
471,final,-8.245749473571777,-7.8423237800598145
472,final,-6.4620537757873535,-6.398210048675537
473,final,-6.765871047973633,-6.391988277435303
474,final,-6.295003890991211,-6.169584274291992
475,final,-5.707284927368164,-6.161624431610107
476,final,-5.13846492767334,-5.534611701965332
477,final,-6.246947765350342,-6.188372611999512
478,final,-5.797889232635498,-6.014634609222412
479,final,-5.59347677230835,-5.856436252593994
480,final,-5.435647964477539,-5.428557395935059
481,final,-6.335021495819092,-6.080389976501465
482,final,-6.325461387634277,-6.477036476135254
483,final,-5.416346073150635,-5.419424057006836
484,final,-5.1716814041137695,-5.4745259284973145
485,final,-5.923274993896484,-5.869638442993164
486,final,-5.923274993896484,-5.869638442993164
487,final,-6.5072102546691895,-6.171006202697754
488,final,-5.2005157470703125,-5.297618389129639
489,final,-6.758018970489502,-6.6570281982421875
490,final,-6.705355167388916,-6.467697620391846
491,final,-8.146543502807617,-7.485856056213379
492,final,-5.923274993896484,-5.869638442993164
493,final,-5.259418487548828,-5.269897937774658
494,final,-5.630054473876953,-5.629714012145996
495,final,-6.864319324493408,-6.82968282699585
496,final,-5.139664649963379,-5.183008670806885
497,final,-5.820261001586914,-5.989259719848633
498,final,-5.259418487548828,-5.269897937774658
499,final,-6.711128234863281,-6.678157329559326
500,final,-5.835343837738037,-6.067962169647217
501,final,-5.669995307922363,-5.557056903839111
502,final,-5.937570095062256,-5.674752712249756
503,final,-7.197897911071777,-7.033999443054199
504,final,-5.941359996795654,-5.528919219970703
505,final,-5.985617637634277,-5.5627970695495605
506,final,-6.108729362487793,-6.445799350738525
507,final,-7.1504058837890625,-7.101210594177246
508,final,-5.958292007446289,-5.8184494972229
509,final,-6.083532810211182,-5.673788547515869
510,final,-7.539615154266357,-7.157404899597168
511,final,-6.9891438484191895,-6.810484886169434
512,final,-6.362911224365234,-6.315210819244385
513,final,-6.4303154945373535,-6.328646659851074
514,final,-6.1941986083984375,-6.335535526275635
515,final,-6.691211223602295,-6.510176658630371
516,final,-6.579247951507568,-6.135646343231201
517,final,-5.405787467956543,-5.288898944854736
518,final,-6.477081298828125,-6.545740604400635
519,final,-7.251838684082031,-7.093173980712891
520,final,-7.267779350280762,-6.43441915512085
521,final,-7.570765018463135,-7.056398391723633
522,final,-7.5758867263793945,-6.728475093841553
523,final,-6.92859411239624,-6.507291316986084
524,final,-6.387633323669434,-5.682847023010254
525,final,-7.2344794273376465,-6.91229248046875
526,final,-5.606444358825684,-5.5648040771484375
527,final,-6.026740074157715,-6.061151027679443
528,final,-8.136710166931152,-7.483997344970703
529,final,-7.129293441772461,-6.737207889556885
530,final,-6.550178050994873,-5.9786763191223145
531,final,-7.9180474281311035,-7.639826774597168
532,final,-8.450188636779785,-7.35963249206543
533,final,-6.849025249481201,-6.21705436706543
534,final,-7.925696849822998,-7.37479305267334
535,final,-6.310251712799072,-5.970395088195801
536,final,-6.42706823348999,-6.119431495666504
537,final,-7.9180474281311035,-7.639826774597168
538,final,-5.841244697570801,-5.8406901359558105
539,final,-6.485917568206787,-6.147912979125977
540,final,-5.266575813293457,-5.412186145782471
541,final,-5.556747913360596,-5.400996208190918
542,final,-5.665853500366211,-5.731180667877197
543,final,-5.283257961273193,-5.475639343261719
544,final,-5.4787678718566895,-5.4806623458862305
545,final,-5.51282262802124,-5.561454772949219
546,final,-5.64448881149292,-5.607316970825195
547,final,-6.179501056671143,-6.156819820404053
548,final,-5.421492099761963,-5.253303527832031
549,final,-5.995635509490967,-5.58516263961792
550,final,-5.785118103027344,-5.7574663162231445
551,final,-6.406878471374512,-6.3758158683776855
552,final,-5.482550144195557,-5.793923377990723
553,final,-6.955386161804199,-6.544363498687744
554,final,-6.3736891746521,-6.430849075317383
555,final,-6.682875633239746,-6.474646091461182
556,final,-5.302668571472168,-5.451961517333984
557,final,-5.699234485626221,-5.683167934417725
558,final,-5.4479146003723145,-5.2095561027526855
559,final,-5.527380466461182,-5.8880815505981445
560,final,-7.153867244720459,-6.9716596603393555
561,final,-6.12730598449707,-5.8627495765686035
562,final,-6.883194923400879,-6.783389568328857
563,final,-5.633335590362549,-5.665027141571045
564,final,-6.921990394592285,-6.68320369720459
565,final,-5.09544563293457,-5.0768914222717285
566,final,-6.5886664390563965,-6.444651126861572
567,final,-6.4195027351379395,-6.027536869049072
568,final,-5.776162147521973,-6.214588165283203
569,final,-6.089468002319336,-6.165857791900635
570,final,-6.0142292976379395,-6.045374870300293
571,final,-6.241692066192627,-5.899223804473877
572,final,-6.5559210777282715,-6.287936210632324
573,final,-7.298439979553223,-6.978968620300293
574,final,-5.217613220214844,-5.2320475578308105
575,final,-5.510596752166748,-5.329439163208008
576,final,-5.627174377441406,-5.225159645080566
577,final,-4.791385650634766,-4.7958664894104
578,final,-5.525335311889648,-5.512549877166748
579,final,-5.439287185668945,-5.104931831359863
580,final,-6.257139682769775,-6.294058322906494
581,final,-7.39279317855835,-6.786895751953125
582,final,-6.481191158294678,-6.032405853271484
583,final,-8.043083190917969,-7.0337395668029785
584,final,-6.6111297607421875,-6.137617588043213
585,final,-5.868540287017822,-5.7453436851501465
586,final,-5.6232380867004395,-5.489834785461426
587,final,-7.333135604858398,-6.70305871963501
588,final,-6.9946208000183105,-6.55911922454834
589,final,-6.975954532623291,-6.164022922515869
590,final,-7.594661235809326,-6.919804096221924
591,final,-7.241336822509766,-6.673220634460449
592,final,-7.318749904632568,-6.5364813804626465
593,final,-6.3413496017456055,-5.942492961883545
594,final,-5.424868583679199,-5.372701644897461
595,final,-7.217980861663818,-6.372360706329346
596,final,-5.633891582489014,-5.6251020431518555
597,final,-6.786980152130127,-6.383875370025635
598,final,-7.402099132537842,-6.4494123458862305
599,final,-6.346185684204102,-5.723731994628906
600,final,-6.555673599243164,-6.1591596603393555
601,final,-8.172623634338379,-7.408876895904541
602,final,-8.364014625549316,-7.549723148345947
603,final,-7.659825801849365,-6.9351091384887695
604,final,-6.555673599243164,-6.1591596603393555
605,final,-6.303568363189697,-5.965751647949219
606,final,-7.5195794105529785,-6.715439796447754
607,final,-7.14631986618042,-6.612725257873535
608,final,-7.390525817871094,-6.7732696533203125
609,final,-7.488716125488281,-6.937207221984863
610,final,-6.456151485443115,-6.152329444885254
611,final,-8.364013671875,-7.5497236251831055
612,final,-6.291473388671875,-6.1565656661987305
613,final,-6.59827995300293,-6.044658660888672
614,final,-5.710290431976318,-5.603929042816162
615,final,-6.34003210067749,-5.9022908210754395
616,final,-6.188260555267334,-6.002995014190674
617,final,-7.388021945953369,-6.8245673179626465
618,final,-6.473786354064941,-6.264430046081543
619,final,-7.412660598754883,-6.646143436431885
620,final,-6.634207725524902,-5.945649147033691
621,final,-7.0713605880737305,-6.565793991088867
622,final,-7.702327728271484,-7.589627742767334
623,final,-6.139803886413574,-5.9163713455200195
624,final,-6.346142768859863,-5.859341621398926
625,final,-7.042268753051758,-6.532712459564209
626,final,-7.11386775970459,-6.7086663246154785
627,final,-5.875341415405273,-5.807957649230957
628,final,-6.047461032867432,-5.4403839111328125
629,final,-7.514664649963379,-7.125875473022461
630,final,-7.052447319030762,-6.7726826667785645
631,final,-7.000787734985352,-6.609285354614258
632,final,-5.9833173751831055,-5.8561224937438965
633,final,-5.553748607635498,-5.264381408691406
634,final,-6.788263320922852,-5.984277248382568
635,final,-5.482787132263184,-5.1845221519470215
636,final,-6.609325408935547,-6.001841068267822
637,final,-5.90333890914917,-5.5890116691589355
638,final,-6.735235214233398,-6.162614822387695
639,final,-5.908533096313477,-5.683290958404541
640,final,-7.479828357696533,-6.534750938415527
641,final,-7.284087657928467,-6.914383411407471
642,final,-7.12599515914917,-5.935997009277344
643,final,-7.368961334228516,-6.194910526275635
644,final,-7.850560665130615,-6.662283897399902
645,final,-7.753838062286377,-7.039636135101318
646,final,-8.301019668579102,-7.825610637664795
647,final,-6.894260406494141,-5.799948215484619
648,final,-8.176128387451172,-7.677909851074219
649,final,-8.010287284851074,-7.502696990966797
650,final,-7.687111854553223,-6.894723892211914
651,final,-7.025366306304932,-6.099398136138916
652,final,-7.0226874351501465,-6.086040496826172
653,final,-7.690332412719727,-6.678859233856201
654,final,-7.26645040512085,-6.2138824462890625
655,final,-8.002026557922363,-7.804288387298584
656,final,-8.457386016845703,-7.40071439743042
657,final,-8.068194389343262,-7.019077777862549
658,final,-8.05449104309082,-7.3597235679626465
659,final,-7.748617172241211,-6.5803351402282715
660,final,-6.686042785644531,-6.411137104034424
661,final,-5.410316467285156,-4.931909561157227
662,final,-7.791234970092773,-7.169198036193848
663,final,-6.590578079223633,-6.460274696350098
664,final,-5.35446310043335,-5.672014236450195
665,final,-5.994497776031494,-5.795770168304443
666,final,-5.589504241943359,-5.541435241699219
667,final,-6.703418731689453,-6.1176629066467285
668,final,-5.406449794769287,-5.237579345703125
669,final,-5.10231351852417,-5.088300704956055
670,final,-6.688348770141602,-6.430776596069336
671,final,-5.611442565917969,-5.759682655334473
672,final,-6.182513236999512,-6.151576519012451
673,final,-5.671481609344482,-5.556395053863525
674,final,-6.688350200653076,-6.430776596069336
675,final,-6.2977681159973145,-6.313234329223633
676,final,-8.166829109191895,-7.491528034210205
677,final,-5.954859256744385,-5.8408732414245605
678,final,-6.478938102722168,-6.248426914215088
679,final,-6.863558769226074,-6.562185764312744
680,final,-5.9305524826049805,-5.786066055297852
681,final,-6.310354709625244,-5.83441162109375
682,final,-5.789568901062012,-5.843253135681152
683,final,-7.3304314613342285,-6.327475547790527
684,final,-6.614293575286865,-6.048541069030762
685,final,-6.055210590362549,-5.32968807220459
686,final,-6.735009670257568,-6.135436058044434
687,final,-5.3952555656433105,-5.308504104614258
688,final,-6.3433356285095215,-5.802675247192383
689,final,-7.661797523498535,-6.808713436126709
690,final,-5.9031243324279785,-5.461772918701172
691,final,-6.088755130767822,-5.51931095123291
692,final,-6.426266670227051,-6.1334357261657715
693,final,-6.094407081604004,-5.296758651733398
694,final,-6.191707611083984,-6.29902982711792
695,final,-6.461803436279297,-6.316160202026367
696,final,-7.059338569641113,-6.769548416137695
697,final,-5.682652950286865,-5.503631591796875
698,final,-6.375385284423828,-5.990665912628174
699,final,-5.595008850097656,-5.138411521911621
0,best,-7.228156089782715,-6.42554235458374
1,best,-7.133910179138184,-6.488091945648193
2,best,-6.207334518432617,-5.540324687957764
3,best,-8.701164245605469,-7.702630996704102
4,best,-6.766579627990723,-5.417686939239502
5,best,-6.8815178871154785,-6.42913818359375
6,best,-8.684791564941406,-7.577578067779541
7,best,-7.4022369384765625,-6.043594837188721
8,best,-6.664927005767822,-5.344035625457764
9,best,-6.207334518432617,-5.540324687957764
10,best,-8.672978401184082,-7.04662561416626
11,best,-6.133406162261963,-5.479737281799316
12,best,-7.1574296951293945,-5.567472457885742
13,best,-8.412646293640137,-6.912738800048828
14,best,-6.664927005767822,-5.344035625457764
15,best,-8.843413352966309,-7.274149417877197
16,best,-7.101840019226074,-5.891957759857178
17,best,-6.978029727935791,-5.8735785484313965
18,best,-9.336252212524414,-7.915563106536865
19,best,-6.452585697174072,-5.9300217628479
20,best,-6.329953670501709,-5.653029441833496
21,best,-6.978587627410889,-5.852225303649902
22,best,-8.100106239318848,-7.289364337921143
23,best,-7.145717620849609,-6.0329413414001465
24,best,-7.722896575927734,-6.863534927368164
25,best,-7.145717620849609,-6.0329413414001465
26,best,-8.644122123718262,-7.570302963256836
27,best,-8.631062507629395,-7.5636444091796875
28,best,-6.902885913848877,-6.080066680908203
29,best,-8.717000961303711,-7.451599597930908
30,best,-6.93671989440918,-6.171180725097656
31,best,-6.97964334487915,-6.036558628082275
32,best,-8.100105285644531,-7.289364337921143
33,best,-6.979643821716309,-6.036558628082275
34,best,-6.7137017250061035,-6.327457427978516
35,best,-8.475019454956055,-7.354067325592041
36,best,-6.902884006500244,-6.080066680908203
37,best,-6.979643821716309,-6.036558628082275
38,best,-6.254798889160156,-5.719473838806152
39,best,-6.455660343170166,-5.777720928192139
40,best,-6.748497009277344,-5.5977301597595215
41,best,-7.0376996994018555,-5.94149923324585
42,best,-6.928980827331543,-6.265537261962891
43,best,-7.787420749664307,-6.983410835266113
44,best,-7.335755825042725,-6.0026774406433105
45,best,-6.842527389526367,-5.6272358894348145
46,best,-6.8576531410217285,-5.926032543182373
47,best,-7.469510078430176,-6.331339359283447
48,best,-7.960005283355713,-7.0260009765625
49,best,-6.860221862792969,-5.947183609008789
50,best,-7.4269914627075195,-6.610843658447266
51,best,-8.047554016113281,-7.3908562660217285
52,best,-7.794929027557373,-6.483781814575195
53,best,-7.201784610748291,-6.677970886230469
54,best,-7.137317657470703,-6.795557022094727
55,best,-6.825128078460693,-5.844637870788574
56,best,-6.905817031860352,-5.7254438400268555
57,best,-6.162349224090576,-5.599857807159424
58,best,-7.3080902099609375,-5.858892440795898
59,best,-6.933176517486572,-5.86598014831543
60,best,-7.801217555999756,-6.291362285614014
61,best,-8.915694236755371,-7.0409464836120605
62,best,-9.959834098815918,-8.144044876098633
63,best,-9.790175437927246,-7.8530120849609375
64,best,-8.308053016662598,-6.583528995513916
65,best,-7.3978190422058105,-6.0932793617248535
66,best,-8.421699523925781,-6.6163811683654785
67,best,-9.887380599975586,-8.485095977783203
68,best,-8.879422187805176,-6.917877197265625
69,best,-8.385567665100098,-6.793994903564453
70,best,-8.26540756225586,-7.32970666885376
71,best,-9.708294868469238,-8.283577919006348
72,best,-7.614111423492432,-6.1593756675720215
73,best,-7.747201919555664,-6.428342342376709
74,best,-7.163830757141113,-5.82376766204834
75,best,-9.132129669189453,-7.691483020782471
76,best,-8.36831283569336,-6.46221399307251
77,best,-9.522082328796387,-7.941843509674072
78,best,-7.1409149169921875,-6.236721038818359
79,best,-8.242356300354004,-6.5995283126831055
80,best,-5.493016719818115,-5.024223804473877
81,best,-5.9376397132873535,-4.987565994262695
82,best,-6.869419097900391,-6.069178104400635
83,best,-6.7323760986328125,-5.826601982116699
84,best,-6.504777431488037,-6.1293487548828125
85,best,-7.384889125823975,-6.826160430908203
86,best,-7.307023525238037,-6.41856575012207
87,best,-6.66216516494751,-6.125941276550293
88,best,-6.595409393310547,-6.089102268218994
89,best,-5.373426914215088,-4.875207424163818
90,best,-6.315555572509766,-5.534594535827637
91,best,-7.684075355529785,-7.5960917472839355
92,best,-5.829432010650635,-4.923819541931152
93,best,-6.151401519775391,-5.670124530792236
94,best,-6.086208343505859,-5.509003639221191
95,best,-6.806944847106934,-6.276618957519531
96,best,-5.932589054107666,-5.239871025085449
97,best,-6.376450538635254,-5.435384750366211
98,best,-7.325074195861816,-6.729631423950195
99,best,-5.810495376586914,-5.336463451385498
100,best,-7.0865797996521,-6.227143287658691
101,best,-6.741621494293213,-5.783366680145264
102,best,-8.288820266723633,-6.857298851013184
103,best,-6.706855773925781,-5.643153667449951
104,best,-6.706855773925781,-5.643153667449951
105,best,-6.944103240966797,-5.655652046203613
106,best,-7.626458644866943,-6.609467506408691
107,best,-7.679280757904053,-6.588675498962402
108,best,-6.107015132904053,-5.110766410827637
109,best,-8.551867485046387,-7.511392116546631
110,best,-7.830758571624756,-6.938858985900879
111,best,-6.651061534881592,-5.418037414550781
112,best,-7.8507561683654785,-6.914058208465576
113,best,-7.8942551612854,-6.785643577575684
114,best,-6.484969139099121,-5.4602837562561035
115,best,-7.344794750213623,-6.262876987457275
116,best,-8.019841194152832,-7.476402759552002
117,best,-6.8460774421691895,-6.0615973472595215
118,best,-7.626458644866943,-6.609467506408691
119,best,-8.06717300415039,-7.029842853546143
120,best,-6.256628513336182,-5.166788578033447
121,best,-6.273850917816162,-5.249290466308594
122,best,-6.730976581573486,-5.751476287841797
123,best,-7.106099605560303,-5.171367645263672
124,best,-6.1500244140625,-5.361942291259766
125,best,-8.402193069458008,-6.94679069519043
126,best,-8.433796882629395,-7.318289279937744
127,best,-7.817453861236572,-5.845647811889648
128,best,-6.933943271636963,-5.752574443817139
129,best,-8.3402681350708,-7.121640682220459
130,best,-6.858150482177734,-5.264682292938232
131,best,-6.181862831115723,-5.566535949707031
132,best,-6.2927093505859375,-5.480792999267578
133,best,-8.390554428100586,-6.826016902923584
134,best,-8.3402681350708,-7.121640682220459
135,best,-6.657905578613281,-5.181490421295166
136,best,-6.318162441253662,-5.39989709854126
137,best,-6.657905578613281,-5.181490421295166
138,best,-8.402193069458008,-6.9467902183532715
139,best,-6.770923614501953,-5.843225955963135
140,best,-6.382406234741211,-5.648143291473389
141,best,-6.975825786590576,-6.149418830871582
142,best,-7.175839900970459,-6.123396873474121
143,best,-5.8310627937316895,-4.847232341766357
144,best,-7.763575553894043,-6.991744041442871
145,best,-6.570104122161865,-5.3320465087890625
146,best,-7.9647111892700195,-6.827629089355469
147,best,-7.810887336730957,-6.946465015411377
148,best,-7.352725982666016,-6.319630146026611
149,best,-7.150169372558594,-6.1577887535095215
150,best,-7.440211296081543,-6.3694305419921875
151,best,-7.377187252044678,-6.782014846801758
152,best,-7.581294536590576,-6.531863212585449
153,best,-7.57845401763916,-7.033048629760742
154,best,-6.382406234741211,-5.648143291473389
155,best,-7.9647111892700195,-6.827629089355469
156,best,-7.890735149383545,-7.2075300216674805
157,best,-7.767181396484375,-7.105525016784668
158,best,-6.706552505493164,-5.737179756164551
159,best,-7.9647111892700195,-6.827629089355469
160,best,-8.57968807220459,-7.21845817565918
161,best,-8.468133926391602,-6.263187408447266
162,best,-8.269259452819824,-7.083369255065918
163,best,-8.96429443359375,-7.2895121574401855
164,best,-9.183361053466797,-7.8390374183654785
165,best,-6.6470160484313965,-5.368656635284424
166,best,-8.465428352355957,-6.6966986656188965
167,best,-8.96429443359375,-7.2895121574401855
168,best,-8.113447189331055,-6.711776256561279
169,best,-7.821622371673584,-6.638905048370361
170,best,-9.525715827941895,-6.711958408355713
171,best,-8.718012809753418,-6.249813556671143
172,best,-7.320312023162842,-6.109076976776123
173,best,-9.217256546020508,-8.084931373596191
174,best,-8.690269470214844,-7.57121467590332
175,best,-8.077581405639648,-6.6683831214904785
176,best,-9.630325317382812,-7.637112140655518
177,best,-7.230347156524658,-6.081421375274658
178,best,-7.688373565673828,-6.087399005889893
179,best,-8.238397598266602,-6.251908779144287
180,best,-6.3769731521606445,-5.822874069213867
181,best,-5.7501325607299805,-4.794434070587158
182,best,-5.870062828063965,-5.386410236358643
183,best,-6.349838733673096,-5.8545966148376465
184,best,-6.279943466186523,-5.387455940246582
185,best,-6.629676342010498,-6.07130241394043
186,best,-6.343836784362793,-5.819731712341309
187,best,-8.129209518432617,-7.141118049621582
188,best,-5.774901390075684,-4.9594197273254395
189,best,-6.872225284576416,-6.335343837738037
190,best,-7.180726051330566,-5.9368696212768555
191,best,-6.3769731521606445,-5.822874069213867
192,best,-6.46092414855957,-6.069178104400635
193,best,-6.814242362976074,-6.285586357116699
194,best,-6.259539604187012,-5.710222244262695
195,best,-7.039365291595459,-6.492819786071777
196,best,-7.113889694213867,-6.4834489822387695
197,best,-7.471306800842285,-5.800955295562744
198,best,-7.380663871765137,-6.993527412414551
199,best,-6.239477157592773,-5.548548698425293
200,best,-6.063235759735107,-4.852773189544678
201,best,-7.097235202789307,-5.979038238525391
202,best,-7.077657699584961,-5.820070743560791
203,best,-6.771511554718018,-5.410944938659668
204,best,-6.771511554718018,-5.410944938659668
205,best,-6.724038124084473,-5.407382011413574
206,best,-8.352783203125,-7.453718662261963
207,best,-8.214374542236328,-7.314583778381348
208,best,-6.771511554718018,-5.410944938659668
209,best,-6.724038124084473,-5.407382011413574
210,best,-7.496266841888428,-6.472487449645996
211,best,-7.169094085693359,-5.905322551727295
212,best,-7.169094085693359,-5.905322551727295
213,best,-7.139089584350586,-6.0589752197265625
214,best,-7.496266841888428,-6.472487449645996
215,best,-7.9556884765625,-6.8116607666015625
216,best,-7.408799648284912,-6.230423450469971
217,best,-8.632186889648438,-7.126729488372803
218,best,-6.575859069824219,-5.28964900970459
219,best,-6.328245162963867,-4.9215874671936035
220,best,-6.381017208099365,-6.4028825759887695
221,best,-6.3925275802612305,-6.430074691772461
222,best,-6.3001203536987305,-6.345534801483154
223,best,-6.479762077331543,-6.717400550842285
224,best,-7.380807399749756,-6.6944780349731445
225,best,-7.281177520751953,-7.01999044418335
226,best,-6.4056596755981445,-6.5979132652282715
227,best,-6.466849327087402,-6.172876834869385
228,best,-7.055314540863037,-6.967026233673096
229,best,-7.281177520751953,-7.01999044418335
230,best,-7.243113040924072,-6.8186564445495605
231,best,-5.944647312164307,-5.7521233558654785
232,best,-6.91355037689209,-6.515701770782471
233,best,-7.906089782714844,-7.258822441101074
234,best,-7.890517711639404,-7.3555378913879395
235,best,-6.910282611846924,-6.552878379821777
236,best,-5.898283004760742,-5.933664321899414
237,best,-6.334650039672852,-6.084063529968262
238,best,-8.103555679321289,-7.318909645080566
239,best,-6.822678565979004,-6.905392646789551
240,best,-6.080799579620361,-6.332633018493652
241,best,-6.701752662658691,-6.542491912841797
242,best,-7.5348381996154785,-7.300603866577148
243,best,-6.742041110992432,-6.701647758483887
244,best,-7.208617210388184,-7.066779136657715
245,best,-7.812958717346191,-7.486265182495117
246,best,-6.4792585372924805,-6.6915283203125
247,best,-7.627181053161621,-7.131345272064209
248,best,-7.7384185791015625,-7.543369293212891
249,best,-7.163211345672607,-7.177910327911377
250,best,-7.333099365234375,-7.094448089599609
251,best,-6.078514575958252,-6.208950996398926
252,best,-6.127303123474121,-6.291447162628174
253,best,-6.7780303955078125,-6.954431533813477
254,best,-6.3271708488464355,-6.331053733825684
255,best,-7.016533374786377,-6.937840938568115
256,best,-8.017827987670898,-7.584403038024902
257,best,-8.073113441467285,-7.6995849609375
258,best,-6.275702476501465,-6.481367588043213
259,best,-5.401021957397461,-5.560613632202148
260,best,-6.262771129608154,-6.2905097007751465
261,best,-6.171392440795898,-6.326388359069824
262,best,-5.862050533294678,-5.763340950012207
263,best,-6.769229412078857,-6.700833797454834
264,best,-6.680256366729736,-6.363032817840576
265,best,-6.624170780181885,-6.538222789764404
266,best,-6.140918731689453,-6.1277055740356445
267,best,-5.856996536254883,-5.911036968231201
268,best,-6.165842056274414,-6.05524206161499
269,best,-6.53754997253418,-6.66370153427124
270,best,-6.6757988929748535,-6.459787368774414
271,best,-5.420217037200928,-5.81456184387207
272,best,-5.705816268920898,-5.788842678070068
273,best,-5.983892917633057,-5.734787940979004
274,best,-7.036803722381592,-6.7451934814453125
275,best,-5.286280155181885,-5.401320457458496
276,best,-5.9383320808410645,-6.00020694732666
277,best,-5.816466331481934,-5.957709312438965
278,best,-6.497972011566162,-6.41378927230835
279,best,-6.4231276512146,-6.117622375488281
280,best,-8.300885200500488,-8.004315376281738
281,best,-7.605579853057861,-7.531932830810547
282,best,-7.825204372406006,-7.131000518798828
283,best,-7.591543674468994,-7.300099849700928
284,best,-7.028994560241699,-6.423551082611084
285,best,-6.753614902496338,-6.4932074546813965
286,best,-8.19214153289795,-7.882939338684082
287,best,-7.893030643463135,-7.302158832550049
288,best,-7.741458892822266,-7.486664295196533
289,best,-6.967047691345215,-6.499922275543213
290,best,-7.76277494430542,-7.651358604431152
291,best,-8.26161003112793,-7.850959777832031
292,best,-7.819817066192627,-7.263021469116211
293,best,-8.164389610290527,-7.824955940246582
294,best,-6.248420715332031,-6.01155948638916
295,best,-7.327919960021973,-7.187349796295166
296,best,-7.276937007904053,-6.9435014724731445
297,best,-8.479223251342773,-8.095525741577148
298,best,-7.3942975997924805,-6.902415752410889
299,best,-7.9543609619140625,-7.807862281799316
300,best,-6.622087001800537,-6.232664585113525
301,best,-6.902037143707275,-6.847287178039551
302,best,-5.641852378845215,-5.761987686157227
303,best,-6.799479961395264,-6.524860382080078
304,best,-6.024889945983887,-5.7861480712890625
305,best,-6.587749004364014,-6.569252014160156
306,best,-7.742636680603027,-7.488417148590088
307,best,-5.989914417266846,-5.854646682739258
308,best,-6.227612018585205,-5.934808254241943
309,best,-5.56229305267334,-5.6555256843566895
310,best,-7.193979740142822,-7.103239059448242
311,best,-6.701284885406494,-6.573835372924805
312,best,-6.485540390014648,-6.382330417633057
313,best,-6.170215129852295,-5.944126605987549
314,best,-6.1835551261901855,-6.051788806915283
315,best,-5.869823455810547,-5.944030284881592
316,best,-5.253239154815674,-5.32600212097168
317,best,-6.782403469085693,-6.77470588684082
318,best,-5.738039016723633,-5.835176944732666
319,best,-6.681335926055908,-6.650333404541016
320,best,-5.587376117706299,-5.0987958908081055
321,best,-6.616979122161865,-6.24639892578125
322,best,-6.432102680206299,-6.428744316101074
323,best,-6.351781845092773,-6.14081335067749
324,best,-7.102781295776367,-7.022111415863037
325,best,-6.240816116333008,-6.2163987159729
326,best,-6.684448719024658,-6.586483955383301
327,best,-7.599684715270996,-7.053542137145996
328,best,-5.649480819702148,-5.459308624267578
329,best,-6.914111614227295,-6.907251358032227
330,best,-6.3187255859375,-6.067687034606934
331,best,-7.039792537689209,-6.813364028930664
332,best,-7.0830230712890625,-6.4904398918151855
333,best,-6.1884236335754395,-6.038322448730469
334,best,-5.664438724517822,-5.730502605438232
335,best,-5.899753570556641,-5.936661720275879
336,best,-7.080974102020264,-6.921082973480225
337,best,-6.273138046264648,-6.2369160652160645
338,best,-5.287837028503418,-5.087827205657959
339,best,-6.892454147338867,-6.330376625061035
340,best,-6.306350231170654,-6.3718366622924805
341,best,-9.707987785339355,-9.128384590148926
342,best,-9.290867805480957,-8.362642288208008
343,best,-9.218403816223145,-8.39147663116455
344,best,-7.494211673736572,-7.565323829650879
345,best,-6.750243663787842,-6.786190509796143
346,best,-8.963493347167969,-7.901219844818115
347,best,-7.0009765625,-7.025424957275391
348,best,-8.860048294067383,-7.867160797119141
349,best,-7.525979518890381,-7.457833290100098
350,best,-7.517098426818848,-7.940627574920654
351,best,-9.747215270996094,-8.947670936584473
352,best,-7.302785396575928,-7.0264387130737305
353,best,-8.786025047302246,-8.157047271728516
354,best,-6.361501216888428,-6.5231781005859375
355,best,-7.659139156341553,-7.824368000030518
356,best,-9.342584609985352,-9.144946098327637
357,best,-9.840907096862793,-9.340481758117676
358,best,-8.206485748291016,-7.5359416007995605
359,best,-7.449878692626953,-6.953011512756348
360,best,-7.56692361831665,-7.502288341522217
361,best,-8.879720687866211,-8.126215934753418
362,best,-6.8203253746032715,-6.905038356781006
363,best,-6.674615383148193,-7.468740940093994
364,best,-6.40545129776001,-6.811899662017822
365,best,-6.643742561340332,-6.773609161376953
366,best,-7.214293003082275,-7.881862163543701
367,best,-7.8137526512146,-7.536518573760986
368,best,-8.392256736755371,-8.035868644714355
369,best,-9.375843048095703,-9.152591705322266
370,best,-7.704855918884277,-7.552055358886719
371,best,-9.303277015686035,-9.194955825805664
372,best,-9.06184196472168,-8.157100677490234
373,best,-9.54786205291748,-9.297496795654297
374,best,-7.270783424377441,-8.223978996276855
375,best,-6.502264976501465,-6.771556854248047
376,best,-7.017913818359375,-7.790523529052734
377,best,-8.879720687866211,-8.126215934753418
378,best,-6.674615383148193,-7.468740940093994
379,best,-7.32819128036499,-7.720181941986084
380,best,-6.774074077606201,-7.19024658203125
381,best,-7.420316219329834,-7.432976245880127
382,best,-6.7015790939331055,-6.691424369812012
383,best,-7.896594047546387,-8.009084701538086
384,best,-6.302631855010986,-6.25333309173584
385,best,-7.1660871505737305,-7.537349224090576
386,best,-6.684154987335205,-7.1428937911987305
387,best,-7.8506550788879395,-7.659459590911865
388,best,-7.2001447677612305,-7.284494876861572
389,best,-6.861961364746094,-6.592425346374512
390,best,-6.692878723144531,-7.2269487380981445
391,best,-7.497220039367676,-6.970340728759766
392,best,-7.060143947601318,-6.968195915222168
393,best,-8.18459701538086,-8.036575317382812
394,best,-6.9301347732543945,-6.91541862487793
395,best,-8.07947826385498,-8.267866134643555
396,best,-7.198872089385986,-7.49202823638916
397,best,-6.5212297439575195,-6.117913722991943
398,best,-6.662144184112549,-6.88209867477417
399,best,-6.619296073913574,-6.743314743041992
400,best,-8.30395793914795,-7.854769229888916
401,best,-9.610289573669434,-8.095006942749023
402,best,-9.344000816345215,-9.57662296295166
403,best,-7.7172064781188965,-7.217986583709717
404,best,-9.10759449005127,-7.430548191070557
405,best,-9.019367218017578,-7.457594394683838
406,best,-8.328482627868652,-7.557304382324219
407,best,-7.745975494384766,-7.725041389465332
408,best,-8.516586303710938,-7.63128137588501
409,best,-8.215279579162598,-7.660251140594482
410,best,-7.646290302276611,-6.845694065093994
411,best,-8.756279945373535,-8.09550952911377
412,best,-8.754228591918945,-8.503594398498535
413,best,-8.541529655456543,-7.501750469207764
414,best,-8.820608139038086,-8.231382369995117
415,best,-9.56664752960205,-8.4148530960083
416,best,-9.259836196899414,-8.675785064697266
417,best,-9.30267333984375,-8.596268653869629
418,best,-7.630725383758545,-7.3621039390563965
419,best,-7.717207431793213,-7.217986583709717
420,best,-7.430781841278076,-7.192635536193848
421,best,-6.482749938964844,-6.451058387756348
422,best,-6.535674095153809,-6.367579460144043
423,best,-6.5709028244018555,-6.568799018859863
424,best,-6.161590576171875,-6.390316486358643
425,best,-7.403189659118652,-7.406963348388672
426,best,-7.407037258148193,-7.443802833557129
427,best,-7.944630146026611,-8.170406341552734
428,best,-7.4125142097473145,-7.349403381347656
429,best,-5.742946147918701,-6.239435195922852
430,best,-9.349454879760742,-8.920350074768066
431,best,-6.501298427581787,-6.615579128265381
432,best,-6.485379695892334,-6.690444469451904
433,best,-7.895506381988525,-7.463494300842285
434,best,-7.242674350738525,-7.267107009887695
435,best,-6.262028694152832,-6.251185417175293
436,best,-6.08860969543457,-6.011357307434082
437,best,-6.188844680786133,-5.920699119567871
438,best,-6.436917304992676,-6.301432132720947
439,best,-6.538449764251709,-6.778784275054932
440,best,-7.070951461791992,-6.668424129486084
441,best,-5.762022018432617,-5.951926231384277
442,best,-7.111469745635986,-6.96806001663208
443,best,-6.5845465660095215,-6.346638202667236
444,best,-6.942312717437744,-6.52089786529541
445,best,-7.474496364593506,-7.246608734130859
446,best,-8.171838760375977,-7.8098578453063965
447,best,-7.801732540130615,-7.402229309082031
448,best,-6.924201965332031,-6.46860408782959
449,best,-6.434920310974121,-6.02925443649292
450,best,-7.746195316314697,-7.017823219299316
451,best,-6.945281028747559,-6.6101884841918945
452,best,-7.622167110443115,-7.128818511962891
453,best,-6.70884370803833,-6.100403785705566
454,best,-6.405826091766357,-6.021538734436035
455,best,-6.7536821365356445,-6.493805885314941
456,best,-6.853264808654785,-6.586416244506836
457,best,-6.671079635620117,-6.225974082946777
458,best,-7.022892475128174,-6.676891803741455
459,best,-7.1744608879089355,-6.761305332183838
460,best,-8.059170722961426,-7.337272644042969
461,best,-5.303893089294434,-5.5776872634887695
462,best,-5.221761226654053,-5.5465850830078125
463,best,-6.663111209869385,-6.517821311950684
464,best,-6.5196404457092285,-6.2870378494262695
465,best,-6.244967937469482,-6.157032012939453
466,best,-5.766429901123047,-5.6680707931518555
467,best,-5.659547328948975,-5.759803771972656
468,best,-6.165961742401123,-6.276885032653809
469,best,-6.3906121253967285,-6.239856719970703
470,best,-5.943053722381592,-6.190605163574219
471,best,-8.245749473571777,-7.8423237800598145
472,best,-6.4620537757873535,-6.398210048675537
473,best,-6.765871047973633,-6.391988277435303
474,best,-6.295003890991211,-6.169584274291992
475,best,-5.707284927368164,-6.161624431610107
476,best,-5.13846492767334,-5.534611701965332
477,best,-6.246947765350342,-6.188372611999512
478,best,-5.797889232635498,-6.014634609222412
479,best,-5.59347677230835,-5.856436252593994
480,best,-5.435647964477539,-5.428557395935059
481,best,-6.335021495819092,-6.080389976501465
482,best,-6.325461387634277,-6.477036476135254
483,best,-5.416346073150635,-5.419424057006836
484,best,-5.1716814041137695,-5.4745259284973145
485,best,-5.923274993896484,-5.869638442993164
486,best,-5.923274993896484,-5.869638442993164
487,best,-6.5072102546691895,-6.171006202697754
488,best,-5.2005157470703125,-5.297618389129639
489,best,-6.758018970489502,-6.6570281982421875
490,best,-6.705355167388916,-6.467697620391846
491,best,-8.146543502807617,-7.485856056213379
492,best,-5.923274993896484,-5.869638442993164
493,best,-5.259418487548828,-5.269897937774658
494,best,-5.630054473876953,-5.629714012145996
495,best,-6.864319324493408,-6.82968282699585
496,best,-5.139664649963379,-5.183008670806885
497,best,-5.820261001586914,-5.989259719848633
498,best,-5.259418487548828,-5.269897937774658
499,best,-6.711128234863281,-6.678157329559326
500,best,-5.835343837738037,-6.067962169647217
501,best,-5.669995307922363,-5.557056903839111
502,best,-5.937570095062256,-5.674752712249756
503,best,-7.197897911071777,-7.033999443054199
504,best,-5.941359996795654,-5.528919219970703
505,best,-5.985617637634277,-5.5627970695495605
506,best,-6.108729362487793,-6.445799350738525
507,best,-7.1504058837890625,-7.101210594177246
508,best,-5.958292007446289,-5.8184494972229
509,best,-6.083532810211182,-5.673788547515869
510,best,-7.539615154266357,-7.157404899597168
511,best,-6.9891438484191895,-6.810484886169434
512,best,-6.362911224365234,-6.315210819244385
513,best,-6.4303154945373535,-6.328646659851074
514,best,-6.1941986083984375,-6.335535526275635
515,best,-6.691211223602295,-6.510176658630371
516,best,-6.579247951507568,-6.135646343231201
517,best,-5.405787467956543,-5.288898944854736
518,best,-6.477081298828125,-6.545740604400635
519,best,-7.251838684082031,-7.093173980712891
520,best,-7.267779350280762,-6.43441915512085
521,best,-7.570765018463135,-7.056398391723633
522,best,-7.5758867263793945,-6.728475093841553
523,best,-6.92859411239624,-6.507291316986084
524,best,-6.387633323669434,-5.682847023010254
525,best,-7.2344794273376465,-6.91229248046875
526,best,-5.606444358825684,-5.5648040771484375
527,best,-6.026740074157715,-6.061151027679443
528,best,-8.136710166931152,-7.483997344970703
529,best,-7.129293441772461,-6.737207889556885
530,best,-6.550178050994873,-5.9786763191223145
531,best,-7.9180474281311035,-7.639826774597168
532,best,-8.450188636779785,-7.35963249206543
533,best,-6.849025249481201,-6.21705436706543
534,best,-7.925696849822998,-7.37479305267334
535,best,-6.310251712799072,-5.970395088195801
536,best,-6.42706823348999,-6.119431495666504
537,best,-7.9180474281311035,-7.639826774597168
538,best,-5.841244697570801,-5.8406901359558105
539,best,-6.485917568206787,-6.147912979125977
540,best,-5.266575813293457,-5.412186145782471
541,best,-5.556747913360596,-5.400996208190918
542,best,-5.665853500366211,-5.731180667877197
543,best,-5.283257961273193,-5.475639343261719
544,best,-5.4787678718566895,-5.4806623458862305
545,best,-5.51282262802124,-5.561454772949219
546,best,-5.64448881149292,-5.607316970825195
547,best,-6.179501056671143,-6.156819820404053
548,best,-5.421492099761963,-5.253303527832031
549,best,-5.995635509490967,-5.58516263961792
550,best,-5.785118103027344,-5.7574663162231445
551,best,-6.406878471374512,-6.3758158683776855
552,best,-5.482550144195557,-5.793923377990723
553,best,-6.955386161804199,-6.544363498687744
554,best,-6.3736891746521,-6.430849075317383
555,best,-6.682875633239746,-6.474646091461182
556,best,-5.302668571472168,-5.451961517333984
557,best,-5.699234485626221,-5.683167934417725
558,best,-5.4479146003723145,-5.2095561027526855
559,best,-5.527380466461182,-5.8880815505981445
560,best,-7.153867244720459,-6.9716596603393555
561,best,-6.12730598449707,-5.8627495765686035
562,best,-6.883194923400879,-6.783389568328857
563,best,-5.633335590362549,-5.665027141571045
564,best,-6.921990394592285,-6.68320369720459
565,best,-5.09544563293457,-5.0768914222717285
566,best,-6.5886664390563965,-6.444651126861572
567,best,-6.4195027351379395,-6.027536869049072
568,best,-5.776162147521973,-6.214588165283203
569,best,-6.089468002319336,-6.165857791900635
570,best,-6.0142292976379395,-6.045374870300293
571,best,-6.241692066192627,-5.899223804473877
572,best,-6.5559210777282715,-6.287936210632324
573,best,-7.298439979553223,-6.978968620300293
574,best,-5.217613220214844,-5.2320475578308105
575,best,-5.510596752166748,-5.329439163208008
576,best,-5.627174377441406,-5.225159645080566
577,best,-4.791385650634766,-4.7958664894104
578,best,-5.525335311889648,-5.512549877166748
579,best,-5.439287185668945,-5.104931831359863
580,best,-6.257139682769775,-6.294058322906494
581,best,-7.39279317855835,-6.786895751953125
582,best,-6.481191158294678,-6.032405853271484
583,best,-8.043083190917969,-7.0337395668029785
584,best,-6.6111297607421875,-6.137617588043213
585,best,-5.868540287017822,-5.7453436851501465
586,best,-5.6232380867004395,-5.489834785461426
587,best,-7.333135604858398,-6.70305871963501
588,best,-6.9946208000183105,-6.55911922454834
589,best,-6.975954532623291,-6.164022922515869
590,best,-7.594661235809326,-6.919804096221924
591,best,-7.241336822509766,-6.673220634460449
592,best,-7.318749904632568,-6.5364813804626465
593,best,-6.3413496017456055,-5.942492961883545
594,best,-5.424868583679199,-5.372701644897461
595,best,-7.217980861663818,-6.372360706329346
596,best,-5.633891582489014,-5.6251020431518555
597,best,-6.786980152130127,-6.383875370025635
598,best,-7.402099132537842,-6.4494123458862305
599,best,-6.346185684204102,-5.723731994628906
600,best,-6.555673599243164,-6.1591596603393555
601,best,-8.172623634338379,-7.408876895904541
602,best,-8.364014625549316,-7.549723148345947
603,best,-7.659825801849365,-6.9351091384887695
604,best,-6.555673599243164,-6.1591596603393555
605,best,-6.303568363189697,-5.965751647949219
606,best,-7.5195794105529785,-6.715439796447754
607,best,-7.14631986618042,-6.612725257873535
608,best,-7.390525817871094,-6.7732696533203125
609,best,-7.488716125488281,-6.937207221984863
610,best,-6.456151485443115,-6.152329444885254
611,best,-8.364013671875,-7.5497236251831055
612,best,-6.291473388671875,-6.1565656661987305
613,best,-6.59827995300293,-6.044658660888672
614,best,-5.710290431976318,-5.603929042816162
615,best,-6.34003210067749,-5.9022908210754395
616,best,-6.188260555267334,-6.002995014190674
617,best,-7.388021945953369,-6.8245673179626465
618,best,-6.473786354064941,-6.264430046081543
619,best,-7.412660598754883,-6.646143436431885
620,best,-6.634207725524902,-5.945649147033691
621,best,-7.0713605880737305,-6.565793991088867
622,best,-7.702327728271484,-7.589627742767334
623,best,-6.139803886413574,-5.9163713455200195
624,best,-6.346142768859863,-5.859341621398926
625,best,-7.042268753051758,-6.532712459564209
626,best,-7.11386775970459,-6.7086663246154785
627,best,-5.875341415405273,-5.807957649230957
628,best,-6.047461032867432,-5.4403839111328125
629,best,-7.514664649963379,-7.125875473022461
630,best,-7.052447319030762,-6.7726826667785645
631,best,-7.000787734985352,-6.609285354614258
632,best,-5.9833173751831055,-5.8561224937438965
633,best,-5.553748607635498,-5.264381408691406
634,best,-6.788263320922852,-5.984277248382568
635,best,-5.482787132263184,-5.1845221519470215
636,best,-6.609325408935547,-6.001841068267822
637,best,-5.90333890914917,-5.5890116691589355
638,best,-6.735235214233398,-6.162614822387695
639,best,-5.908533096313477,-5.683290958404541
640,best,-7.479828357696533,-6.534750938415527
641,best,-7.284087657928467,-6.914383411407471
642,best,-7.12599515914917,-5.935997009277344
643,best,-7.368961334228516,-6.194910526275635
644,best,-7.850560665130615,-6.662283897399902
645,best,-7.753838062286377,-7.039636135101318
646,best,-8.301019668579102,-7.825610637664795
647,best,-6.894260406494141,-5.799948215484619
648,best,-8.176128387451172,-7.677909851074219
649,best,-8.010287284851074,-7.502696990966797
650,best,-7.687111854553223,-6.894723892211914
651,best,-7.025366306304932,-6.099398136138916
652,best,-7.0226874351501465,-6.086040496826172
653,best,-7.690332412719727,-6.678859233856201
654,best,-7.26645040512085,-6.2138824462890625
655,best,-8.002026557922363,-7.804288387298584
656,best,-8.457386016845703,-7.40071439743042
657,best,-8.068194389343262,-7.019077777862549
658,best,-8.05449104309082,-7.3597235679626465
659,best,-7.748617172241211,-6.5803351402282715
660,best,-6.686042785644531,-6.411137104034424
661,best,-5.410316467285156,-4.931909561157227
662,best,-7.791234970092773,-7.169198036193848
663,best,-6.590578079223633,-6.460274696350098
664,best,-5.35446310043335,-5.672014236450195
665,best,-5.994497776031494,-5.795770168304443
666,best,-5.589504241943359,-5.541435241699219
667,best,-6.703418731689453,-6.1176629066467285
668,best,-5.406449794769287,-5.237579345703125
669,best,-5.10231351852417,-5.088300704956055
670,best,-6.688348770141602,-6.430776596069336
671,best,-5.611442565917969,-5.759682655334473
672,best,-6.182513236999512,-6.151576519012451
673,best,-5.671481609344482,-5.556395053863525
674,best,-6.688350200653076,-6.430776596069336
675,best,-6.2977681159973145,-6.313234329223633
676,best,-8.166829109191895,-7.491528034210205
677,best,-5.954859256744385,-5.8408732414245605
678,best,-6.478938102722168,-6.248426914215088
679,best,-6.863558769226074,-6.562185764312744
680,best,-5.9305524826049805,-5.786066055297852
681,best,-6.310354709625244,-5.83441162109375
682,best,-5.789568901062012,-5.843253135681152
683,best,-7.3304314613342285,-6.327475547790527
684,best,-6.614293575286865,-6.048541069030762
685,best,-6.055210590362549,-5.32968807220459
686,best,-6.735009670257568,-6.135436058044434
687,best,-5.3952555656433105,-5.308504104614258
688,best,-6.3433356285095215,-5.802675247192383
689,best,-7.661797523498535,-6.808713436126709
690,best,-5.9031243324279785,-5.461772918701172
691,best,-6.088755130767822,-5.51931095123291
692,best,-6.426266670227051,-6.1334357261657715
693,best,-6.094407081604004,-5.296758651733398
694,best,-6.191707611083984,-6.29902982711792
695,best,-6.461803436279297,-6.316160202026367
696,best,-7.059338569641113,-6.769548416137695
697,best,-5.682652950286865,-5.503631591796875
698,best,-6.375385284423828,-5.990665912628174
699,best,-5.595008850097656,-5.138411521911621
