item_id,model_state,do,pp
0,initial,-7.539736270904541,-6.654178142547607
1,initial,-7.44741678237915,-7.003396511077881
2,initial,-6.550386905670166,-6.3096466064453125
3,initial,-8.39713191986084,-8.110657691955566
4,initial,-7.4724016189575195,-5.920623779296875
5,initial,-7.1805315017700195,-6.650278568267822
6,initial,-9.297052383422852,-8.087533950805664
7,initial,-7.539620876312256,-6.275143146514893
8,initial,-7.584726333618164,-6.377381801605225
9,initial,-6.550386905670166,-6.3096466064453125
10,initial,-9.186403274536133,-7.758495330810547
11,initial,-6.580366134643555,-6.2668938636779785
12,initial,-7.520151615142822,-6.39858865737915
13,initial,-9.271711349487305,-7.390266418457031
14,initial,-7.584726333618164,-6.377381801605225
15,initial,-9.252265930175781,-7.864667892456055
16,initial,-7.250817775726318,-6.494417667388916
17,initial,-7.940741062164307,-7.260083198547363
18,initial,-9.358792304992676,-8.663422584533691
19,initial,-7.012188911437988,-6.148288726806641
20,initial,-7.246126174926758,-6.966033458709717
21,initial,-7.614871501922607,-6.941398620605469
22,initial,-8.874059677124023,-8.208904266357422
23,initial,-7.682125091552734,-6.889837741851807
24,initial,-9.111211776733398,-7.930875778198242
25,initial,-7.682125091552734,-6.889837741851807
26,initial,-9.631373405456543,-8.21544361114502
27,initial,-9.286913871765137,-8.528428077697754
28,initial,-7.3737359046936035,-7.496318340301514
29,initial,-9.387063026428223,-8.21437931060791
30,initial,-7.657341003417969,-7.3473405838012695
31,initial,-7.885380744934082,-6.768008708953857
32,initial,-8.87406063079834,-8.208904266357422
33,initial,-7.885380744934082,-6.768007755279541
34,initial,-7.3634490966796875,-6.951334476470947
35,initial,-9.039142608642578,-8.675838470458984
36,initial,-7.3737359046936035,-7.496318817138672
37,initial,-7.885380744934082,-6.768007755279541
38,initial,-7.087733745574951,-7.1283278465271
39,initial,-7.441871643066406,-6.912747383117676
40,initial,-7.163079738616943,-7.115869998931885
41,initial,-6.807725429534912,-6.480555534362793
42,initial,-6.92518424987793,-6.822105407714844
43,initial,-8.015105247497559,-7.53251838684082
44,initial,-8.011175155639648,-6.79626989364624
45,initial,-7.121946334838867,-6.807756423950195
46,initial,-7.031405925750732,-6.603402614593506
47,initial,-7.60645866394043,-7.455443382263184
48,initial,-8.548242568969727,-8.069855690002441
49,initial,-6.927108287811279,-6.950443744659424
50,initial,-7.453979015350342,-7.305945873260498
51,initial,-8.01319408416748,-7.735964775085449
52,initial,-7.527355670928955,-7.543169021606445
53,initial,-7.797173976898193,-7.495195388793945
54,initial,-7.116458415985107,-7.041589736938477
55,initial,-7.441336631774902,-6.815101623535156
56,initial,-7.2638750076293945,-6.883187770843506
57,initial,-5.863905906677246,-5.728166103363037
58,initial,-7.283634662628174,-6.650840759277344
59,initial,-7.468676567077637,-6.296126365661621
60,initial,-8.377097129821777,-7.2202606201171875
61,initial,-8.7036714553833,-7.504635334014893
62,initial,-10.73831844329834,-9.364489555358887
63,initial,-9.991246223449707,-8.58438777923584
64,initial,-8.136015892028809,-7.660358905792236
65,initial,-8.491922378540039,-7.620334625244141
66,initial,-7.62771463394165,-7.085115909576416
67,initial,-10.63489055633545,-9.213128089904785
68,initial,-9.26019287109375,-7.678231716156006
69,initial,-8.690149307250977,-7.105889797210693
70,initial,-8.475271224975586,-7.087438106536865
71,initial,-10.20948600769043,-8.988968849182129
72,initial,-7.316103458404541,-5.750730037689209
73,initial,-7.9962944984436035,-6.553085803985596
74,initial,-7.228943824768066,-6.2798895835876465
75,initial,-9.333163261413574,-8.210431098937988
76,initial,-8.274395942687988,-7.040348529815674
77,initial,-10.234735488891602,-8.911210060119629
78,initial,-7.678925037384033,-7.006021976470947
79,initial,-7.989725589752197,-7.5187811851501465
80,initial,-5.9825029373168945,-5.4400315284729
81,initial,-6.626981735229492,-5.66729736328125
82,initial,-8.043229103088379,-7.366145610809326
83,initial,-7.103665828704834,-6.506516933441162
84,initial,-7.017755031585693,-6.332664966583252
85,initial,-8.070752143859863,-7.6082587242126465
86,initial,-7.566233158111572,-7.219908714294434
87,initial,-7.371062278747559,-6.563492774963379
88,initial,-7.598978042602539,-6.776281356811523
89,initial,-6.435079574584961,-5.8507537841796875
90,initial,-6.955496311187744,-5.829302787780762
91,initial,-9.087430000305176,-8.568168640136719
92,initial,-6.4085164070129395,-5.624469757080078
93,initial,-6.832343101501465,-6.621188163757324
94,initial,-6.7620062828063965,-6.44859504699707
95,initial,-7.635946273803711,-6.8915534019470215
96,initial,-6.534384727478027,-5.806814193725586
97,initial,-7.407765865325928,-6.488494873046875
98,initial,-8.336138725280762,-7.8301520347595215
99,initial,-6.337002754211426,-5.463637351989746
100,initial,-7.573554992675781,-6.664309024810791
101,initial,-7.153994560241699,-6.7406158447265625
102,initial,-8.406545639038086,-7.8345947265625
103,initial,-7.36444091796875,-6.136153221130371
104,initial,-7.36444091796875,-6.136153221130371
105,initial,-6.74751615524292,-6.789040565490723
106,initial,-8.269719123840332,-7.5863823890686035
107,initial,-8.300675392150879,-7.066553592681885
108,initial,-6.8642354011535645,-6.450643539428711
109,initial,-9.571146965026855,-8.402029991149902
110,initial,-8.398959159851074,-7.561534881591797
111,initial,-6.939664363861084,-6.288110256195068
112,initial,-8.19701099395752,-7.542067050933838
113,initial,-8.811406135559082,-7.751760005950928
114,initial,-6.719616889953613,-6.1087493896484375
115,initial,-7.721974849700928,-7.183081150054932
116,initial,-8.605120658874512,-7.783514499664307
117,initial,-7.761541843414307,-6.7320146560668945
118,initial,-8.269719123840332,-7.5863823890686035
119,initial,-8.494256019592285,-7.481700420379639
120,initial,-7.71351432800293,-6.505326747894287
121,initial,-7.6916680335998535,-6.479184627532959
122,initial,-8.286198616027832,-6.844441890716553
123,initial,-7.789974212646484,-6.130279541015625
124,initial,-7.306677341461182,-6.502682209014893
125,initial,-9.657710075378418,-7.973865985870361
126,initial,-9.169696807861328,-8.437790870666504
127,initial,-9.139902114868164,-7.237931728363037
128,initial,-8.039337158203125,-6.834892272949219
129,initial,-10.04874324798584,-8.200148582458496
130,initial,-7.11468505859375,-5.94481897354126
131,initial,-7.140209197998047,-6.421509265899658
132,initial,-7.164117336273193,-6.69222354888916
133,initial,-9.643823623657227,-7.9600701332092285
134,initial,-10.04874324798584,-8.200148582458496
135,initial,-7.53458309173584,-6.073094844818115
136,initial,-7.2306694984436035,-6.401962757110596
137,initial,-7.53458309173584,-6.073094844818115
138,initial,-9.65771198272705,-7.973865985870361
139,initial,-7.919409275054932,-7.1652069091796875
140,initial,-6.698912620544434,-6.477002143859863
141,initial,-7.453222751617432,-7.130997180938721
142,initial,-7.515716552734375,-7.036362648010254
143,initial,-6.219951629638672,-5.870397567749023
144,initial,-8.314976692199707,-8.00489616394043
145,initial,-7.211802005767822,-6.179019451141357
146,initial,-8.483081817626953,-8.083985328674316
147,initial,-8.321587562561035,-8.012367248535156
148,initial,-7.532688617706299,-7.126039505004883
149,initial,-7.145179748535156,-6.725268840789795
150,initial,-7.872748374938965,-7.009836673736572
151,initial,-7.600624084472656,-7.5427141189575195
152,initial,-7.831600189208984,-7.4027509689331055
153,initial,-7.799247741699219,-7.63725471496582
154,initial,-6.698912620544434,-6.477002143859863
155,initial,-8.483081817626953,-8.083985328674316
156,initial,-8.164956092834473,-7.850008010864258
157,initial,-8.241669654846191,-7.864684104919434
158,initial,-6.674980163574219,-6.312794208526611
159,initial,-8.483081817626953,-8.083985328674316
160,initial,-9.265780448913574,-8.120941162109375
161,initial,-9.054823875427246,-6.787858963012695
162,initial,-8.935001373291016,-7.96112585067749
163,initial,-10.402486801147461,-8.435203552246094
164,initial,-9.937230110168457,-8.659762382507324
165,initial,-7.07607889175415,-6.519420146942139
166,initial,-8.661538124084473,-7.419716835021973
167,initial,-10.402486801147461,-8.435203552246094
168,initial,-8.388897895812988,-7.5754289627075195
169,initial,-7.483251571655273,-7.256014347076416
170,initial,-10.367868423461914,-8.342729568481445
171,initial,-9.028141021728516,-7.02299690246582
172,initial,-7.400651931762695,-6.890071868896484
173,initial,-10.54517650604248,-8.614093780517578
174,initial,-10.298304557800293,-8.982965469360352
175,initial,-8.476154327392578,-7.468943119049072
176,initial,-10.33521556854248,-8.908522605895996
177,initial,-8.113380432128906,-6.967754364013672
178,initial,-8.036674499511719,-7.134077548980713
179,initial,-8.816161155700684,-6.983341693878174
180,initial,-7.207676887512207,-6.864954471588135
181,initial,-6.2427520751953125,-5.6689252853393555
182,initial,-6.427907466888428,-6.170670986175537
183,initial,-7.240350246429443,-6.631047248840332
184,initial,-6.678243160247803,-6.022371768951416
185,initial,-7.896537780761719,-7.24113655090332
186,initial,-7.155986309051514,-6.817331790924072
187,initial,-8.769618034362793,-8.23780345916748
188,initial,-6.03540563583374,-5.414867401123047
189,initial,-7.534406661987305,-7.2190656661987305
190,initial,-7.346591472625732,-6.8776679039001465
191,initial,-7.207676887512207,-6.864954471588135
192,initial,-7.098537921905518,-6.787193298339844
193,initial,-8.020957946777344,-7.506359577178955
194,initial,-6.977870941162109,-6.438714504241943
195,initial,-7.84075927734375,-7.4134016036987305
196,initial,-7.297173500061035,-6.948675632476807
197,initial,-7.853789806365967,-6.833678245544434
198,initial,-8.431920051574707,-7.8865065574646
199,initial,-6.659071922302246,-6.085978031158447
200,initial,-6.826245307922363,-6.138806343078613
201,initial,-7.7430739402771,-6.7726616859436035
202,initial,-8.017350196838379,-7.136887073516846
203,initial,-7.481098175048828,-6.153484344482422
204,initial,-7.481098175048828,-6.153484344482422
205,initial,-7.205788612365723,-6.499654769897461
206,initial,-9.051063537597656,-8.207229614257812
207,initial,-8.998359680175781,-8.117066383361816
208,initial,-7.481098175048828,-6.153484344482422
209,initial,-7.205788612365723,-6.499654769897461
210,initial,-8.164546012878418,-7.443835735321045
211,initial,-7.599903583526611,-6.4787278175354
212,initial,-7.599903583526611,-6.4787278175354
213,initial,-8.357601165771484,-7.354848384857178
214,initial,-8.164546012878418,-7.443835735321045
215,initial,-8.674493789672852,-7.77738618850708
216,initial,-8.395350456237793,-7.378225803375244
217,initial,-8.837050437927246,-7.984958648681641
218,initial,-7.300208568572998,-6.515008926391602
219,initial,-7.15620756149292,-5.849109649658203
220,initial,-6.626233100891113,-6.317406177520752
221,initial,-6.725525856018066,-6.654097557067871
222,initial,-6.774951457977295,-6.8189215660095215
223,initial,-6.714747905731201,-6.66060733795166
224,initial,-7.684417724609375,-7.058152198791504
225,initial,-7.381880283355713,-7.0364179611206055
226,initial,-7.261442184448242,-6.925691604614258
227,initial,-6.985172271728516,-6.717858791351318
228,initial,-7.754605293273926,-6.95245361328125
229,initial,-7.381880283355713,-7.0364179611206055
230,initial,-7.958334922790527,-7.223851680755615
231,initial,-7.182886123657227,-6.435617446899414
232,initial,-8.409445762634277,-7.261003494262695
233,initial,-8.730834007263184,-7.658028602600098
234,initial,-8.678452491760254,-7.669183731079102
235,initial,-7.693653583526611,-6.8217997550964355
236,initial,-6.59317684173584,-6.227903366088867
237,initial,-6.9460978507995605,-6.5578179359436035
238,initial,-8.351022720336914,-7.45499324798584
239,initial,-7.065229892730713,-6.760824203491211
240,initial,-6.238193511962891,-6.099013328552246
241,initial,-7.548024654388428,-7.258879661560059
242,initial,-8.20765209197998,-7.515865325927734
243,initial,-7.330091953277588,-7.194163799285889
244,initial,-8.125003814697266,-7.273682594299316
245,initial,-8.403839111328125,-7.740361213684082
246,initial,-7.235424995422363,-7.027392864227295
247,initial,-8.36757755279541,-7.496411323547363
248,initial,-8.058491706848145,-7.506138801574707
249,initial,-8.173165321350098,-7.655205726623535
250,initial,-7.836440086364746,-7.151207447052002
251,initial,-6.432374000549316,-6.555806636810303
252,initial,-6.84487771987915,-6.797403335571289
253,initial,-7.032546043395996,-6.904473781585693
254,initial,-6.966065883636475,-6.604217052459717
255,initial,-7.704547882080078,-7.528378963470459
256,initial,-8.377110481262207,-7.780783176422119
257,initial,-8.556573867797852,-7.852695465087891
258,initial,-6.84608268737793,-6.565764427185059
259,initial,-5.986023426055908,-5.821817874908447
260,initial,-6.903728008270264,-7.0284833908081055
261,initial,-6.119806289672852,-6.553184509277344
262,initial,-6.489529132843018,-6.026206970214844
263,initial,-6.741369247436523,-6.798529624938965
264,initial,-7.017061710357666,-6.676135063171387
265,initial,-6.768277645111084,-6.701358318328857
266,initial,-6.425954341888428,-6.426005840301514
267,initial,-6.666689872741699,-6.33260440826416
268,initial,-6.941105365753174,-6.533383369445801
269,initial,-6.797964096069336,-6.905620574951172
270,initial,-6.746365547180176,-6.779058456420898
271,initial,-5.367434978485107,-5.696784973144531
272,initial,-6.093194484710693,-5.930901050567627
273,initial,-6.9158101081848145,-6.250063419342041
274,initial,-7.315297603607178,-7.141218662261963
275,initial,-5.433099269866943,-5.6661176681518555
276,initial,-6.008001327514648,-6.036017417907715
277,initial,-6.277148723602295,-6.525174617767334
278,initial,-6.600236415863037,-6.636242866516113
279,initial,-6.590395450592041,-6.395855903625488
280,initial,-9.09675407409668,-8.495088577270508
281,initial,-8.22511100769043,-7.870615005493164
282,initial,-7.993252277374268,-7.420804977416992
283,initial,-7.395051956176758,-7.484158039093018
284,initial,-7.059201240539551,-6.451249122619629
285,initial,-6.971011161804199,-6.475992202758789
286,initial,-8.891682624816895,-8.263716697692871
287,initial,-8.351456642150879,-7.630003929138184
288,initial,-8.066113471984863,-7.275280952453613
289,initial,-6.722566604614258,-6.092671871185303
290,initial,-8.298090934753418,-7.749659061431885
291,initial,-8.787799835205078,-8.303542137145996
292,initial,-8.316120147705078,-7.837320327758789
293,initial,-8.601009368896484,-8.119006156921387
294,initial,-7.306561470031738,-6.537019729614258
295,initial,-7.734975814819336,-7.3858184814453125
296,initial,-7.378758907318115,-6.7739033699035645
297,initial,-8.896417617797852,-8.303330421447754
298,initial,-7.820436954498291,-7.478550434112549
299,initial,-8.238919258117676,-7.763498306274414
300,initial,-7.265950679779053,-6.487951755523682
301,initial,-7.334654331207275,-7.205775737762451
302,initial,-6.298496723175049,-5.871170520782471
303,initial,-7.701261520385742,-7.2495198249816895
304,initial,-6.886520862579346,-6.284246444702148
305,initial,-7.169225692749023,-6.961003303527832
306,initial,-9.126481056213379,-8.182402610778809
307,initial,-6.566666126251221,-6.070059299468994
308,initial,-6.236010551452637,-6.232471942901611
309,initial,-6.328545570373535,-6.101110458374023
310,initial,-8.418741226196289,-8.040854454040527
311,initial,-6.828993320465088,-6.349082946777344
312,initial,-7.063155651092529,-6.744638442993164
313,initial,-6.700933933258057,-6.364908218383789
314,initial,-6.541533946990967,-6.154872894287109
315,initial,-6.670425891876221,-6.286452293395996
316,initial,-5.9693603515625,-5.343660831451416
317,initial,-7.290709972381592,-6.933695316314697
318,initial,-6.290098667144775,-5.97538423538208
319,initial,-8.09019660949707,-7.501399993896484
320,initial,-5.84301233291626,-5.4941253662109375
321,initial,-7.229368209838867,-6.679295539855957
322,initial,-7.36238956451416,-7.056603908538818
323,initial,-7.37966251373291,-6.565924644470215
324,initial,-6.9882330894470215,-6.774650573730469
325,initial,-6.677280426025391,-6.572190284729004
326,initial,-7.297512054443359,-6.776004314422607
327,initial,-8.05200481414795,-7.556264877319336
328,initial,-6.144890785217285,-5.959467887878418
329,initial,-7.6038923263549805,-7.179628849029541
330,initial,-6.465864658355713,-6.022251605987549
331,initial,-7.799460411071777,-7.203158855438232
332,initial,-7.758221626281738,-6.958966255187988
333,initial,-6.823864459991455,-6.475179195404053
334,initial,-6.061694622039795,-5.946564674377441
335,initial,-6.689643383026123,-6.299742698669434
336,initial,-7.437398433685303,-7.108329772949219
337,initial,-6.985597610473633,-6.556705951690674
338,initial,-5.649641036987305,-5.545315742492676
339,initial,-7.163192272186279,-6.689752578735352
340,initial,-6.571654319763184,-6.462830543518066
341,initial,-9.695138931274414,-9.417800903320312
342,initial,-9.052796363830566,-9.033120155334473
343,initial,-9.53631591796875,-9.57038688659668
344,initial,-7.6929779052734375,-7.453269004821777
345,initial,-7.097347259521484,-7.256716251373291
346,initial,-9.802223205566406,-8.86764144897461
347,initial,-7.469673156738281,-7.684594631195068
348,initial,-10.074152946472168,-9.56418514251709
349,initial,-7.691892147064209,-7.243390083312988
350,initial,-8.275506973266602,-8.379059791564941
351,initial,-10.193867683410645,-9.51766300201416
352,initial,-8.29832935333252,-7.8678131103515625
353,initial,-9.220173835754395,-8.792120933532715
354,initial,-6.973756790161133,-7.152510166168213
355,initial,-8.59280014038086,-8.489805221557617
356,initial,-9.918725967407227,-9.236157417297363
357,initial,-9.588949203491211,-9.611927032470703
358,initial,-8.146352767944336,-7.873615264892578
359,initial,-8.607994079589844,-8.222443580627441
360,initial,-7.669891357421875,-7.2727885246276855
361,initial,-9.555195808410645,-9.538737297058105
362,initial,-7.456697940826416,-7.4085235595703125
363,initial,-7.219356060028076,-7.740660667419434
364,initial,-7.106579780578613,-7.46306848526001
365,initial,-7.325173854827881,-7.431342601776123
366,initial,-7.493258476257324,-8.257927894592285
367,initial,-7.944677829742432,-8.319647789001465
368,initial,-9.39077091217041,-9.573641777038574
369,initial,-10.225683212280273,-9.889344215393066
370,initial,-7.610623359680176,-7.863014221191406
371,initial,-9.930570602416992,-9.806366920471191
372,initial,-9.110872268676758,-8.93359088897705
373,initial,-9.940534591674805,-9.646829605102539
374,initial,-7.745125770568848,-8.359856605529785
375,initial,-6.942189693450928,-6.820367336273193
376,initial,-7.53240966796875,-8.291646003723145
377,initial,-9.555195808410645,-9.538737297058105
378,initial,-7.219356060028076,-7.740660667419434
379,initial,-7.917126178741455,-8.254349708557129
380,initial,-6.6015825271606445,-7.377225875854492
381,initial,-7.804661750793457,-8.105648040771484
382,initial,-6.772678375244141,-6.913078308105469
383,initial,-8.684606552124023,-8.946159362792969
384,initial,-6.466911315917969,-6.515505313873291
385,initial,-6.99252986907959,-7.839808940887451
386,initial,-7.320936679840088,-7.857975959777832
387,initial,-8.318425178527832,-8.585102081298828
388,initial,-7.305060386657715,-7.505428791046143
389,initial,-7.344296932220459,-7.616631984710693
390,initial,-6.651206016540527,-7.778377056121826
391,initial,-7.59104061126709,-7.54179573059082
392,initial,-6.944637775421143,-7.4896650314331055
393,initial,-8.162806510925293,-8.586050987243652
394,initial,-7.562110424041748,-7.630838871002197
395,initial,-8.34178638458252,-9.11366081237793
396,initial,-7.907455921173096,-8.402812957763672
397,initial,-6.726262092590332,-7.07465934753418
398,initial,-6.855050086975098,-7.577040672302246
399,initial,-6.56035041809082,-7.051088809967041
400,initial,-9.055116653442383,-8.810930252075195
401,initial,-9.766374588012695,-9.03930950164795
402,initial,-9.841699600219727,-9.98325252532959
403,initial,-7.330192565917969,-7.25016975402832
404,initial,-9.371496200561523,-8.100946426391602
405,initial,-9.214811325073242,-8.49876594543457
406,initial,-8.098747253417969,-7.823831081390381
407,initial,-7.833816051483154,-7.989626884460449
408,initial,-7.950662136077881,-7.415982723236084
409,initial,-7.698663234710693,-7.644114971160889
410,initial,-7.704164981842041,-7.006350994110107
411,initial,-9.530860900878906,-8.451264381408691
412,initial,-9.0391206741333,-8.616873741149902
413,initial,-7.808107852935791,-7.527231693267822
414,initial,-8.605147361755371,-8.674171447753906
415,initial,-9.657968521118164,-8.913385391235352
416,initial,-9.30767822265625,-8.327850341796875
417,initial,-9.194711685180664,-9.601755142211914
418,initial,-8.609111785888672,-8.054039001464844
419,initial,-7.330191612243652,-7.25016975402832
420,initial,-7.662410736083984,-7.778339862823486
421,initial,-7.115965843200684,-6.855458736419678
422,initial,-7.049649238586426,-6.9781036376953125
423,initial,-7.245389938354492,-7.103320121765137
424,initial,-6.516350746154785,-6.577662944793701
425,initial,-8.600247383117676,-8.878622055053711
426,initial,-8.725625991821289,-8.710636138916016
427,initial,-9.650146484375,-9.544178009033203
428,initial,-8.51498031616211,-8.224361419677734
429,initial,-6.171677112579346,-6.259794235229492
430,initial,-9.5540189743042,-9.360369682312012
431,initial,-6.77656364440918,-6.788363456726074
432,initial,-6.808184623718262,-6.9724836349487305
433,initial,-8.440109252929688,-8.552186965942383
434,initial,-7.9395246505737305,-7.729237079620361
435,initial,-7.08891487121582,-6.797060966491699
436,initial,-6.905843734741211,-6.7077741622924805
437,initial,-6.597513198852539,-6.395036220550537
438,initial,-7.280172348022461,-6.965895175933838
439,initial,-7.209527015686035,-7.352433681488037
440,initial,-7.703739166259766,-7.215800762176514
441,initial,-6.234912395477295,-6.108584880828857
442,initial,-7.4984660148620605,-7.455267429351807
443,initial,-7.533782958984375,-7.366703987121582
444,initial,-7.927923202514648,-7.102159023284912
445,initial,-7.97052526473999,-7.50894832611084
446,initial,-8.523601531982422,-8.059733390808105
447,initial,-9.727058410644531,-9.22282600402832
448,initial,-7.9683403968811035,-7.682336807250977
449,initial,-6.701691627502441,-6.759274482727051
450,initial,-7.8966851234436035,-7.649017333984375
451,initial,-8.079047203063965,-7.767184734344482
452,initial,-8.741799354553223,-8.291876792907715
453,initial,-7.445225238800049,-7.333173751831055
454,initial,-7.40242862701416,-7.051675796508789
455,initial,-7.257004261016846,-6.920400142669678
456,initial,-7.001583099365234,-7.436237812042236
457,initial,-7.428998947143555,-6.870733737945557
458,initial,-8.260746002197266,-7.212685585021973
459,initial,-7.672402858734131,-7.5492095947265625
460,initial,-8.302494049072266,-7.2030768394470215
461,initial,-6.08439826965332,-6.170166015625
462,initial,-6.181258678436279,-6.133807182312012
463,initial,-7.979752540588379,-7.329795837402344
464,initial,-7.045745372772217,-6.6543426513671875
465,initial,-6.678328990936279,-6.501748561859131
466,initial,-6.915318012237549,-6.548371315002441
467,initial,-6.626504898071289,-6.117092609405518
468,initial,-7.672719955444336,-7.152143478393555
469,initial,-6.8719048500061035,-6.4925713539123535
470,initial,-7.256984233856201,-7.029340744018555
471,initial,-9.607850074768066,-8.215852737426758
472,initial,-7.165529251098633,-6.660719394683838
473,initial,-7.13415002822876,-6.891395568847656
474,initial,-6.542170524597168,-6.500812530517578
475,initial,-7.076728820800781,-6.762425422668457
476,initial,-5.700262069702148,-5.719041347503662
477,initial,-6.785649299621582,-6.2501678466796875
478,initial,-6.289278030395508,-6.176063060760498
479,initial,-6.139781951904297,-6.2082929611206055
480,initial,-5.920688629150391,-5.874773979187012
481,initial,-6.631174564361572,-6.217952251434326
482,initial,-7.401443958282471,-7.323703289031982
483,initial,-5.948143482208252,-6.06034517288208
484,initial,-5.740222454071045,-5.942286491394043
485,initial,-6.071255683898926,-6.083196640014648
486,initial,-6.071255683898926,-6.083196640014648
487,initial,-6.811213493347168,-6.5449652671813965
488,initial,-5.604705333709717,-5.5378737449646
489,initial,-6.998598575592041,-7.077496528625488
490,initial,-7.67104434967041,-7.281524181365967
491,initial,-8.979072570800781,-8.487088203430176
492,initial,-6.071255683898926,-6.083196640014648
493,initial,-5.668773651123047,-5.662944316864014
494,initial,-6.471696376800537,-6.293588638305664
495,initial,-7.283716678619385,-6.887997150421143
496,initial,-5.732359409332275,-5.769443511962891
497,initial,-6.226779460906982,-6.210352897644043
498,initial,-5.668773651123047,-5.662944316864014
499,initial,-7.020023822784424,-6.729552745819092
500,initial,-5.652862071990967,-6.100526809692383
501,initial,-5.615518569946289,-5.675811290740967
502,initial,-6.585304260253906,-6.59296989440918
503,initial,-8.509900093078613,-7.9947509765625
504,initial,-6.247791767120361,-5.909216403961182
505,initial,-6.348023414611816,-6.514793395996094
506,initial,-5.917587757110596,-6.130497932434082
507,initial,-7.903618812561035,-7.992825984954834
508,initial,-6.359466075897217,-6.398238182067871
509,initial,-6.446222305297852,-6.109550476074219
510,initial,-7.551255226135254,-7.748864650726318
511,initial,-7.455147743225098,-7.391711235046387
512,initial,-6.409191608428955,-6.492733478546143
513,initial,-6.580521583557129,-6.587306022644043
514,initial,-6.383152484893799,-6.331686496734619
515,initial,-6.605605125427246,-6.581851959228516
516,initial,-7.460097312927246,-6.770009994506836
517,initial,-5.540640354156494,-5.681643962860107
518,initial,-7.142979145050049,-7.214761257171631
519,initial,-8.822818756103516,-8.465365409851074
520,initial,-7.929782867431641,-7.283999443054199
521,initial,-7.926887035369873,-7.272494792938232
522,initial,-8.735098838806152,-7.9550604820251465
523,initial,-6.962550640106201,-6.740731716156006
524,initial,-6.791812896728516,-6.231910705566406
525,initial,-7.919180870056152,-7.276177883148193
526,initial,-5.758275032043457,-5.7160844802856445
527,initial,-6.274994373321533,-5.96901273727417
528,initial,-9.18678092956543,-8.349178314208984
529,initial,-7.7611846923828125,-7.079202651977539
530,initial,-7.120748043060303,-6.474909782409668
531,initial,-8.981156349182129,-7.997461318969727
532,initial,-8.706664085388184,-7.720851898193359
533,initial,-7.60559606552124,-6.836263656616211
534,initial,-8.037296295166016,-7.306041240692139
535,initial,-6.524397373199463,-6.312521457672119
536,initial,-7.059855937957764,-6.453491687774658
537,initial,-8.981156349182129,-7.997461318969727
538,initial,-6.003841400146484,-6.149540901184082
539,initial,-6.289425373077393,-6.405269145965576
540,initial,-5.2757649421691895,-5.481928825378418
541,initial,-5.7424540519714355,-5.648473262786865
542,initial,-6.364488124847412,-6.496428966522217
543,initial,-5.825764179229736,-5.962269306182861
544,initial,-5.651190757751465,-5.647605895996094
545,initial,-6.243483066558838,-6.538443565368652
546,initial,-6.023715496063232,-6.097479820251465
547,initial,-6.239860534667969,-6.239689350128174
548,initial,-5.444324970245361,-5.269837379455566
549,initial,-6.12431526184082,-6.063906192779541
550,initial,-6.020199298858643,-6.036128044128418
551,initial,-6.932744026184082,-6.920677661895752
552,initial,-6.166304111480713,-6.234393119812012
553,initial,-7.492003440856934,-7.305749893188477
554,initial,-7.313949108123779,-7.092347621917725
555,initial,-7.319633483886719,-7.1144819259643555
556,initial,-6.028074741363525,-5.891941070556641
557,initial,-6.023301601409912,-6.087009906768799
558,initial,-6.005797863006592,-5.73160982131958
559,initial,-5.714253902435303,-6.065066814422607
560,initial,-7.378939151763916,-7.1889495849609375
561,initial,-7.221403121948242,-6.6472673416137695
562,initial,-7.680518627166748,-7.297415733337402
563,initial,-6.439776420593262,-6.108466625213623
564,initial,-7.775401592254639,-7.300923824310303
565,initial,-5.706544876098633,-5.873169422149658
566,initial,-6.925117015838623,-6.696240425109863
567,initial,-7.454232215881348,-6.872358798980713
568,initial,-6.4620256423950195,-6.449175834655762
569,initial,-6.763088703155518,-6.337320804595947
570,initial,-7.39633846282959,-6.987138271331787
571,initial,-6.956254482269287,-6.544801712036133
572,initial,-7.048551082611084,-6.482434272766113
573,initial,-8.392122268676758,-7.825878620147705
574,initial,-5.652392387390137,-5.38029146194458
575,initial,-5.969639301300049,-5.836419582366943
576,initial,-6.406301021575928,-5.880491733551025
577,initial,-5.154109001159668,-5.206190586090088
578,initial,-5.732964038848877,-5.845454692840576
579,initial,-6.046772480010986,-5.590348720550537
580,initial,-6.802978038787842,-6.37319278717041
581,initial,-8.16666030883789,-7.341433525085449
582,initial,-6.8075995445251465,-6.44698429107666
583,initial,-8.605683326721191,-7.25638484954834
584,initial,-7.197885990142822,-6.568148612976074
585,initial,-6.7049031257629395,-6.255819797515869
586,initial,-6.6803717613220215,-6.076540946960449
587,initial,-8.448660850524902,-7.554157733917236
588,initial,-7.6900763511657715,-7.352219581604004
589,initial,-7.786935329437256,-6.997271537780762
590,initial,-7.97235631942749,-7.086840629577637
591,initial,-9.085433006286621,-7.8110480308532715
592,initial,-8.736983299255371,-7.669638633728027
593,initial,-6.855021953582764,-6.528485298156738
594,initial,-6.40545654296875,-5.850956916809082
595,initial,-8.988309860229492,-7.382876873016357
596,initial,-6.425154685974121,-5.872550010681152
597,initial,-8.205126762390137,-6.985264301300049
598,initial,-9.144063949584961,-7.689818382263184
599,initial,-7.504539489746094,-6.173440456390381
600,initial,-6.804622173309326,-6.800666809082031
601,initial,-9.005900382995605,-8.131178855895996
602,initial,-9.0083589553833,-8.35521411895752
603,initial,-8.833870887756348,-7.964959144592285
604,initial,-6.804622173309326,-6.800666809082031
605,initial,-7.436707973480225,-7.022761821746826
606,initial,-8.588090896606445,-7.852323055267334
607,initial,-7.388974666595459,-6.892886161804199
608,initial,-8.135821342468262,-7.4639482498168945
609,initial,-8.566841125488281,-7.4102020263671875
610,initial,-6.984903812408447,-6.3428263664245605
611,initial,-9.0083589553833,-8.355213165283203
612,initial,-6.86081600189209,-6.407224655151367
613,initial,-7.4333062171936035,-6.817410945892334
614,initial,-6.69625997543335,-6.46765661239624
615,initial,-6.929295063018799,-6.754264831542969
616,initial,-6.974410057067871,-6.575216293334961
617,initial,-8.397669792175293,-7.5936279296875
618,initial,-7.528805732727051,-6.869731903076172
619,initial,-8.179211616516113,-7.440104961395264
620,initial,-6.365090370178223,-6.341273784637451
621,initial,-7.887758731842041,-7.585622787475586
622,initial,-7.374447345733643,-7.329625606536865
623,initial,-6.515909671783447,-6.42023229598999
624,initial,-6.711310386657715,-6.423794269561768
625,initial,-7.93764066696167,-7.213464260101318
626,initial,-7.648134231567383,-7.522330284118652
627,initial,-6.032854080200195,-6.109780311584473
628,initial,-7.018174171447754,-6.406187534332275
629,initial,-8.020797729492188,-7.800699710845947
630,initial,-7.362344264984131,-7.272610187530518
631,initial,-7.327292442321777,-7.280200481414795
632,initial,-6.555301189422607,-6.456392765045166
633,initial,-6.032384872436523,-5.775064468383789
634,initial,-6.710409641265869,-6.5737152099609375
635,initial,-5.822044849395752,-5.878463268280029
636,initial,-7.041595458984375,-6.885847091674805
637,initial,-6.542270660400391,-6.391574859619141
638,initial,-7.26417875289917,-7.0516676902771
639,initial,-6.116854190826416,-6.220694541931152
640,initial,-7.94811487197876,-6.699470520019531
641,initial,-7.4188103675842285,-6.797708034515381
642,initial,-7.658206462860107,-6.328386306762695
643,initial,-8.58186149597168,-7.4290971755981445
644,initial,-8.128028869628906,-7.149648189544678
645,initial,-8.206358909606934,-7.354286193847656
646,initial,-9.669679641723633,-8.443536758422852
647,initial,-7.534755229949951,-6.357316017150879
648,initial,-9.350983619689941,-8.079143524169922
649,initial,-8.272900581359863,-8.054704666137695
650,initial,-8.080327987670898,-7.254403114318848
651,initial,-7.380977153778076,-6.553274154663086
652,initial,-7.0222086906433105,-6.402820587158203
653,initial,-8.080672264099121,-7.2372517585754395
654,initial,-7.942017078399658,-6.955603122711182
655,initial,-8.355887413024902,-7.606900691986084
656,initial,-8.88546371459961,-7.867295265197754
657,initial,-8.67988395690918,-7.5809149742126465
658,initial,-8.67040729522705,-7.6819305419921875
659,initial,-8.2749605178833,-7.009983539581299
660,initial,-7.764393329620361,-7.264804363250732
661,initial,-6.108224868774414,-5.403611183166504
662,initial,-7.7075629234313965,-7.346532821655273
663,initial,-7.477149963378906,-7.425004482269287
664,initial,-6.228227138519287,-5.781076431274414
665,initial,-6.4146857261657715,-6.034597873687744
666,initial,-6.060584545135498,-5.728750228881836
667,initial,-7.184170246124268,-6.889863967895508
668,initial,-6.028812408447266,-5.620959758758545
669,initial,-5.631173133850098,-5.7015838623046875
670,initial,-7.260411262512207,-6.9995856285095215
671,initial,-6.576289653778076,-6.479065895080566
672,initial,-7.610642433166504,-7.084749698638916
673,initial,-6.026456832885742,-5.747025012969971
674,initial,-7.260410785675049,-6.999584674835205
675,initial,-6.916072845458984,-6.698483467102051
676,initial,-8.213727951049805,-7.788783550262451
677,initial,-6.7012505531311035,-6.381354808807373
678,initial,-6.972177982330322,-6.564206123352051
679,initial,-7.471817970275879,-6.953759670257568
680,initial,-7.106514930725098,-6.160148620605469
681,initial,-7.341361999511719,-6.341108322143555
682,initial,-6.5878119468688965,-6.025124549865723
683,initial,-7.886059284210205,-7.202091217041016
684,initial,-7.35198974609375,-6.743109703063965
685,initial,-6.787989616394043,-6.000661373138428
686,initial,-7.2118940353393555,-6.654158592224121
687,initial,-5.943778991699219,-5.9137959480285645
688,initial,-7.075865268707275,-6.068253993988037
689,initial,-8.212411880493164,-7.4945454597473145
690,initial,-6.674195766448975,-6.3656535148620605
691,initial,-6.288791179656982,-5.824080467224121
692,initial,-7.0176191329956055,-6.440371513366699
693,initial,-7.140495777130127,-6.347050666809082
694,initial,-7.230860233306885,-6.905126571655273
695,initial,-8.149036407470703,-7.598995685577393
696,initial,-8.34835147857666,-7.677707672119141
697,initial,-6.804088592529297,-6.045111656188965
698,initial,-6.750795841217041,-6.464509010314941
699,initial,-6.496729373931885,-5.9040961265563965
0,final,-6.280461311340332,-5.037713527679443
1,final,-5.177938938140869,-5.246174335479736
2,final,-4.771913051605225,-4.511083126068115
3,final,-5.986828327178955,-5.709072113037109
4,final,-7.019124507904053,-5.0795769691467285
5,final,-4.691018104553223,-4.589048862457275
6,final,-6.027649879455566,-5.143488883972168
7,final,-5.105931758880615,-4.010019779205322
8,final,-5.710997104644775,-4.200943470001221
9,final,-4.771913051605225,-4.511083126068115
10,final,-6.616023063659668,-4.850336074829102
11,final,-4.387801647186279,-4.261931896209717
12,final,-6.507662773132324,-4.966878414154053
13,final,-6.555084228515625,-4.886439800262451
14,final,-5.710997104644775,-4.200943470001221
15,final,-5.9799885749816895,-4.529697895050049
16,final,-5.856438159942627,-4.768850803375244
17,final,-7.066579341888428,-6.606765270233154
18,final,-6.72134256362915,-6.4698357582092285
19,final,-5.838416576385498,-5.438863277435303
20,final,-4.8337883949279785,-5.095765590667725
21,final,-7.137432098388672,-6.555008411407471
22,final,-5.168562889099121,-5.098772048950195
23,final,-5.4587249755859375,-4.989644527435303
24,final,-6.1790618896484375,-5.770374298095703
25,final,-5.4587249755859375,-4.989644527435303
26,final,-7.102494716644287,-6.497623920440674
27,final,-6.153719425201416,-6.299807071685791
28,final,-4.8096795082092285,-5.387423038482666
29,final,-6.229500770568848,-5.760237216949463
30,final,-5.33227014541626,-5.327349662780762
31,final,-5.533766269683838,-5.267028331756592
32,final,-5.1685638427734375,-5.098772048950195
33,final,-5.533766269683838,-5.267028331756592
34,final,-4.9564104080200195,-5.489207744598389
35,final,-5.506524562835693,-5.893909454345703
36,final,-4.8096795082092285,-5.387423038482666
37,final,-5.533766269683838,-5.267028331756592
38,final,-5.074190139770508,-5.246676921844482
39,final,-6.0303874015808105,-6.269237041473389
40,final,-5.046991348266602,-5.006049156188965
41,final,-5.36406946182251,-5.512739181518555
42,final,-4.658238887786865,-4.86171293258667
43,final,-5.075920581817627,-5.218836784362793
44,final,-5.253487586975098,-5.531603813171387
45,final,-5.872014999389648,-5.935959339141846
46,final,-4.308959484100342,-4.6019206047058105
47,final,-5.028156280517578,-5.264651775360107
48,final,-5.926499366760254,-5.881259918212891
49,final,-4.555658340454102,-4.975366592407227
50,final,-4.973010063171387,-5.2011284828186035
51,final,-5.8279709815979,-5.810635566711426
52,final,-5.1066718101501465,-5.397480010986328
53,final,-5.270865440368652,-5.521039009094238
54,final,-4.59670352935791,-4.953592300415039
55,final,-4.89232873916626,-4.923704147338867
56,final,-5.915792942047119,-5.869791507720947
57,final,-4.343543529510498,-4.243006229400635
58,final,-4.824341297149658,-4.871504783630371
59,final,-5.403347969055176,-5.425206661224365
60,final,-7.661869525909424,-6.92309045791626
61,final,-6.94612979888916,-5.721974849700928
62,final,-7.084364414215088,-6.407566070556641
63,final,-7.794739723205566,-5.5701069831848145
64,final,-6.030886173248291,-5.643444538116455
65,final,-6.5218119621276855,-5.499314785003662
66,final,-6.743757724761963,-5.505878448486328
67,final,-7.214663505554199,-6.08051872253418
68,final,-7.4353742599487305,-6.699402332305908
69,final,-6.592876434326172,-5.616074085235596
70,final,-7.669954776763916,-6.077704429626465
71,final,-7.947907447814941,-6.422057628631592
72,final,-6.506842136383057,-5.403414726257324
73,final,-6.61898946762085,-5.614928722381592
74,final,-7.696933746337891,-6.547286510467529
75,final,-7.069180488586426,-5.619121551513672
76,final,-6.68561315536499,-5.270602226257324
77,final,-7.589268684387207,-6.266971588134766
78,final,-4.706973552703857,-4.735207557678223
79,final,-6.40401029586792,-5.548720836639404
80,final,-4.740742206573486,-4.647152423858643
81,final,-5.420786380767822,-4.817570209503174
82,final,-5.996855735778809,-6.088489532470703
83,final,-6.263288497924805,-5.836543083190918
84,final,-5.401042461395264,-5.381816387176514
85,final,-5.77121639251709,-5.912845611572266
86,final,-6.296960830688477,-6.903843402862549
87,final,-5.298470497131348,-5.263411521911621
88,final,-5.585080146789551,-5.4835968017578125
89,final,-4.696719646453857,-4.432862281799316
90,final,-6.570687294006348,-6.2806501388549805
91,final,-6.5917439460754395,-6.465721607208252
92,final,-5.778957366943359,-5.197755813598633
93,final,-5.692265510559082,-5.557187557220459
94,final,-5.331513404846191,-5.305400371551514
95,final,-5.255844593048096,-5.38755989074707
96,final,-5.924720764160156,-5.527132987976074
97,final,-6.9627556800842285,-6.425930976867676
98,final,-5.794821739196777,-5.9137282371521
99,final,-5.390020370483398,-5.342896461486816
100,final,-6.796142101287842,-6.52664041519165
101,final,-6.508293151855469,-6.233967304229736
102,final,-5.0443115234375,-5.337802886962891
103,final,-5.0576043128967285,-5.187249183654785
104,final,-5.0576043128967285,-5.187249183654785
105,final,-4.3329901695251465,-4.794561386108398
106,final,-5.374023914337158,-5.436193943023682
107,final,-7.144475936889648,-6.696682453155518
108,final,-4.96156644821167,-5.025498390197754
109,final,-7.794517993927002,-7.2909159660339355
110,final,-6.595418453216553,-6.395748615264893
111,final,-5.828605651855469,-5.433681964874268
112,final,-5.877119064331055,-5.98753023147583
113,final,-6.595071792602539,-6.298813819885254
114,final,-5.868405342102051,-5.89029598236084
115,final,-5.95064115524292,-5.9020609855651855
116,final,-6.500834941864014,-6.282003879547119
117,final,-6.2631683349609375,-6.3487162590026855
118,final,-5.374023914337158,-5.436193943023682
119,final,-6.426868438720703,-6.228837490081787
120,final,-6.043954372406006,-4.156190395355225
121,final,-5.752525329589844,-3.9359962940216064
122,final,-8.083247184753418,-6.013638496398926
123,final,-6.749656677246094,-4.538091659545898
124,final,-5.39157772064209,-3.9407312870025635
125,final,-7.059205532073975,-4.9220662117004395
126,final,-6.7401933670043945,-5.205773830413818
127,final,-6.510350227355957,-4.425704479217529
128,final,-6.0453338623046875,-4.264723300933838
129,final,-6.987344264984131,-4.7456183433532715
130,final,-6.272634506225586,-4.434779644012451
131,final,-7.168599605560303,-5.603231430053711
132,final,-5.490522861480713,-4.306879997253418
133,final,-6.813455104827881,-4.557185649871826
134,final,-6.987344264984131,-4.7456183433532715
135,final,-5.444001197814941,-3.370819091796875
136,final,-6.598288059234619,-4.993031978607178
137,final,-5.444001197814941,-3.370819091796875
138,final,-7.059206485748291,-4.922067165374756
139,final,-5.759820938110352,-4.762790679931641
140,final,-5.040454387664795,-4.474287033081055
141,final,-5.263500213623047,-5.042281150817871
142,final,-5.170069694519043,-4.960664749145508
143,final,-4.745210647583008,-4.31014347076416
144,final,-5.5349297523498535,-5.347671985626221
145,final,-5.637746334075928,-5.409555912017822
146,final,-6.050393581390381,-5.762601852416992
147,final,-5.439013957977295,-5.349969387054443
148,final,-5.27544641494751,-5.0956950187683105
149,final,-6.176027297973633,-5.680373668670654
150,final,-6.635858535766602,-6.21062707901001
151,final,-5.069034576416016,-5.001684188842773
152,final,-5.598583698272705,-5.281208515167236
153,final,-5.365551471710205,-5.274380207061768
154,final,-5.040454387664795,-4.474287033081055
155,final,-6.050393581390381,-5.762601852416992
156,final,-5.8029279708862305,-5.562278747558594
157,final,-5.88291597366333,-5.595397472381592
158,final,-5.220070838928223,-4.759738445281982
159,final,-6.050393581390381,-5.762601852416992
160,final,-6.32867431640625,-4.914945602416992
161,final,-8.676921844482422,-6.358845233917236
162,final,-7.10952615737915,-5.755351543426514
163,final,-7.4348859786987305,-5.625146865844727
164,final,-7.828855991363525,-5.863656520843506
165,final,-5.308334827423096,-4.344268321990967
166,final,-7.103776454925537,-5.350866794586182
167,final,-7.4348859786987305,-5.625146865844727
168,final,-5.945194244384766,-4.863734722137451
169,final,-6.493202209472656,-5.171341419219971
170,final,-8.057901382446289,-5.718477725982666
171,final,-7.222765922546387,-5.256209850311279
172,final,-6.179691791534424,-4.970943927764893
173,final,-7.042265892028809,-5.8284430503845215
174,final,-7.434210300445557,-5.915772914886475
175,final,-6.252679347991943,-5.018432140350342
176,final,-8.44420051574707,-5.943704605102539
177,final,-7.845967769622803,-6.3979692459106445
178,final,-6.637376308441162,-5.090305328369141
179,final,-7.834166049957275,-6.151800155639648
180,final,-6.997518062591553,-6.242345333099365
181,final,-5.341913223266602,-4.55964994430542
182,final,-6.10672664642334,-5.521540641784668
183,final,-5.530492305755615,-5.215404987335205
184,final,-6.915531158447266,-6.382201194763184
185,final,-6.636601448059082,-5.812698841094971
186,final,-7.295764446258545,-6.543994426727295
187,final,-5.999283790588379,-5.789238452911377
188,final,-5.1827311515808105,-4.864621162414551
189,final,-7.076543807983398,-6.402673244476318
190,final,-5.701317310333252,-5.390634059906006
191,final,-6.997518062591553,-6.242345333099365
192,final,-6.267397880554199,-5.903363227844238
193,final,-7.828252792358398,-6.9052886962890625
194,final,-7.0369768142700195,-6.2914509773254395
195,final,-6.922979354858398,-6.398332595825195
196,final,-6.858816623687744,-6.251148700714111
197,final,-6.0700273513793945,-5.857613563537598
198,final,-6.538640022277832,-6.006591796875
199,final,-6.398708820343018,-5.872818946838379
200,final,-4.8084588050842285,-4.482637405395508
201,final,-7.648357391357422,-6.915173053741455
202,final,-5.0619096755981445,-5.055797100067139
203,final,-6.519466400146484,-6.15295934677124
204,final,-6.519466400146484,-6.15295934677124
205,final,-6.369469165802002,-5.661073207855225
206,final,-7.030204772949219,-6.322064399719238
207,final,-6.2375102043151855,-5.896596431732178
208,final,-6.519466400146484,-6.15295934677124
209,final,-6.369469165802002,-5.661073207855225
210,final,-5.080327987670898,-4.994446277618408
211,final,-7.508674621582031,-6.709105491638184
212,final,-7.508674621582031,-6.709105491638184
213,final,-6.01886510848999,-5.592555999755859
214,final,-5.080327987670898,-4.994446277618408
215,final,-5.38599967956543,-5.118412971496582
216,final,-6.719973087310791,-6.13126277923584
217,final,-7.476293563842773,-6.701812267303467
218,final,-6.041623592376709,-5.402726173400879
219,final,-4.194885730743408,-4.043798923492432
220,final,-5.1341094970703125,-3.98124098777771
221,final,-5.374176979064941,-4.287685394287109
222,final,-5.976578712463379,-4.7982072830200195
223,final,-5.99730920791626,-4.7916259765625
224,final,-5.252554893493652,-4.4669084548950195
225,final,-5.253032684326172,-4.996438026428223
226,final,-6.6313910484313965,-5.559576511383057
227,final,-5.068727493286133,-4.686883926391602
228,final,-5.249797821044922,-4.665643692016602
229,final,-5.253032684326172,-4.996438026428223
230,final,-5.619910717010498,-4.884854793548584
231,final,-5.733842849731445,-4.806740760803223
232,final,-5.350710391998291,-4.194471836090088
233,final,-5.665567874908447,-4.7687482833862305
234,final,-6.118961811065674,-5.0666961669921875
235,final,-5.078984260559082,-4.430891990661621
236,final,-5.165404319763184,-4.462747097015381
237,final,-5.389698028564453,-4.916982650756836
238,final,-6.3415327072143555,-5.319786071777344
239,final,-6.430131912231445,-5.7299418449401855
240,final,-4.694187164306641,-4.475513935089111
241,final,-5.192509651184082,-4.8660736083984375
242,final,-5.145649433135986,-4.716904640197754
243,final,-6.529458999633789,-6.044295310974121
244,final,-5.756214618682861,-5.132649898529053
245,final,-5.565464496612549,-5.291828632354736
246,final,-6.122289657592773,-5.5029683113098145
247,final,-6.253337383270264,-5.984565734863281
248,final,-6.159549236297607,-5.8822245597839355
249,final,-5.554593086242676,-5.120882511138916
250,final,-5.811020851135254,-5.243366718292236
251,final,-5.610073089599609,-5.093471527099609
252,final,-5.586832523345947,-5.287621021270752
253,final,-5.709041118621826,-5.477560043334961
254,final,-6.000527381896973,-5.6744384765625
255,final,-6.4023051261901855,-5.981759548187256
256,final,-6.032373905181885,-5.6271514892578125
257,final,-5.5182318687438965,-5.161009788513184
258,final,-5.758945941925049,-5.288702011108398
259,final,-4.545065402984619,-4.3729376792907715
260,final,-5.22227668762207,-5.139560222625732
261,final,-4.652942657470703,-4.605340480804443
262,final,-4.603638648986816,-4.4934000968933105
263,final,-5.26025915145874,-5.228028774261475
264,final,-5.101807594299316,-5.010570526123047
265,final,-5.704834938049316,-5.428346157073975
266,final,-5.291121006011963,-5.191952228546143
267,final,-5.228124141693115,-5.07069206237793
268,final,-4.794775009155273,-4.735342979431152
269,final,-4.7864227294921875,-4.743016242980957
270,final,-5.0134406089782715,-4.96443510055542
271,final,-3.843317985534668,-3.978731870651245
272,final,-4.557609558105469,-4.564573287963867
273,final,-4.920419692993164,-4.8292765617370605
274,final,-5.362030506134033,-5.160390377044678
275,final,-4.284066677093506,-4.260370254516602
276,final,-3.99672794342041,-4.236832141876221
277,final,-5.096594333648682,-4.963531017303467
278,final,-5.911040782928467,-5.616419792175293
279,final,-4.573144912719727,-4.53057861328125
280,final,-6.604369163513184,-5.697839736938477
281,final,-6.816949367523193,-5.763988018035889
282,final,-6.40775203704834,-5.788222312927246
283,final,-7.085644721984863,-6.517602443695068
284,final,-5.489668369293213,-4.9019951820373535
285,final,-6.086978435516357,-4.975796222686768
286,final,-6.152393817901611,-5.322368621826172
287,final,-5.913474082946777,-4.893731117248535
288,final,-6.347967624664307,-5.551239967346191
289,final,-5.9961419105529785,-5.122211456298828
290,final,-5.540318012237549,-4.904684066772461
291,final,-6.697712421417236,-5.775119304656982
292,final,-7.311059951782227,-6.462283134460449
293,final,-6.450779914855957,-5.593125343322754
294,final,-5.081583023071289,-4.522546768188477
295,final,-5.662689208984375,-5.23756742477417
296,final,-6.053549289703369,-5.049764633178711
297,final,-6.83076810836792,-5.897958755493164
298,final,-7.300812721252441,-6.502995014190674
299,final,-6.144695281982422,-5.7366180419921875
300,final,-5.164364337921143,-5.108546733856201
301,final,-6.331213474273682,-6.325903415679932
302,final,-4.6714768409729,-4.348931789398193
303,final,-6.229767322540283,-5.692162036895752
304,final,-6.56613302230835,-5.997851848602295
305,final,-6.258306503295898,-6.024625778198242
306,final,-6.672398090362549,-6.2321271896362305
307,final,-5.536082744598389,-5.044326305389404
308,final,-4.692713737487793,-4.72661018371582
309,final,-5.257930755615234,-4.900903701782227
310,final,-7.516380310058594,-6.732933521270752
311,final,-5.793420314788818,-5.510644435882568
312,final,-5.866701126098633,-5.309569835662842
313,final,-5.442501544952393,-5.025731086730957
314,final,-6.33457612991333,-5.421365737915039
315,final,-5.774306774139404,-5.291053771972656
316,final,-5.013824462890625,-4.681802749633789
317,final,-6.033161640167236,-5.789533615112305
318,final,-5.319559097290039,-4.832550048828125
319,final,-7.213611125946045,-6.738364219665527
320,final,-4.118719100952148,-4.077063083648682
321,final,-4.740299701690674,-4.47551155090332
322,final,-6.900672912597656,-6.300893306732178
323,final,-4.763700008392334,-4.59112548828125
324,final,-5.613679885864258,-5.5302324295043945
325,final,-5.972725868225098,-5.7722554206848145
326,final,-5.216724872589111,-5.073812484741211
327,final,-5.4027557373046875,-5.543403625488281
328,final,-5.11573600769043,-4.918652534484863
329,final,-5.8182830810546875,-5.716027736663818
330,final,-4.362649917602539,-4.26532506942749
331,final,-5.07042121887207,-4.901619911193848
332,final,-5.425527095794678,-5.2231268882751465
333,final,-5.4011335372924805,-5.295552730560303
334,final,-4.509696006774902,-4.564322471618652
335,final,-5.068507194519043,-4.926159858703613
336,final,-6.63062858581543,-6.214404582977295
337,final,-5.21856164932251,-5.255357265472412
338,final,-4.322746276855469,-4.256777286529541
339,final,-4.518434524536133,-4.362337589263916
340,final,-5.615058898925781,-5.5210347175598145
341,final,-7.659393310546875,-6.9796881675720215
342,final,-5.9531073570251465,-5.334648132324219
343,final,-6.965395450592041,-6.5181450843811035
344,final,-7.258561611175537,-6.947961330413818
345,final,-5.478826999664307,-4.938868045806885
346,final,-6.420057773590088,-5.416292667388916
347,final,-6.96514368057251,-6.444485187530518
348,final,-6.075539588928223,-5.682582378387451
349,final,-5.958674907684326,-5.7704949378967285
350,final,-7.199010372161865,-6.873810291290283
351,final,-7.412904262542725,-6.676921367645264
352,final,-7.84459924697876,-6.861217021942139
353,final,-6.054617881774902,-5.383775234222412
354,final,-5.419094562530518,-4.581130027770996
355,final,-7.710453033447266,-7.440516948699951
356,final,-6.196461200714111,-5.700563430786133
357,final,-7.56281042098999,-7.593764781951904
358,final,-6.517436981201172,-5.985666751861572
359,final,-7.638944149017334,-7.022416591644287
360,final,-5.513088226318359,-5.917433261871338
361,final,-6.866517543792725,-6.761791706085205
362,final,-5.124658584594727,-5.255680084228516
363,final,-5.654597759246826,-6.1456074714660645
364,final,-4.158533096313477,-5.16273832321167
365,final,-5.82007360458374,-6.4263386726379395
366,final,-6.982821464538574,-7.573652744293213
367,final,-5.184543609619141,-5.866767883300781
368,final,-5.945870876312256,-6.635563373565674
369,final,-6.6989006996154785,-7.245084285736084
370,final,-6.154510021209717,-6.6619391441345215
371,final,-6.947453498840332,-7.542739391326904
372,final,-5.784379005432129,-6.636699676513672
373,final,-6.1556291580200195,-6.806919097900391
374,final,-5.608311176300049,-6.533136367797852
375,final,-6.456667423248291,-6.56280517578125
376,final,-5.049688816070557,-6.025062561035156
377,final,-6.866517543792725,-6.761791706085205
378,final,-5.654597759246826,-6.1456074714660645
379,final,-7.805572986602783,-8.160841941833496
380,final,-5.488590717315674,-6.161678314208984
381,final,-6.119422912597656,-5.973874568939209
382,final,-5.440236568450928,-5.611167907714844
383,final,-6.06982421875,-6.859715461730957
384,final,-5.393287658691406,-5.709599018096924
385,final,-5.002511024475098,-5.696300983428955
386,final,-5.488089084625244,-5.751423358917236
387,final,-5.572369575500488,-5.910283088684082
388,final,-5.318602085113525,-5.951440334320068
389,final,-4.671210765838623,-5.292582988739014
390,final,-4.368227958679199,-5.5330939292907715
391,final,-5.048246383666992,-5.4169793128967285
392,final,-5.327964782714844,-6.0183634757995605
393,final,-5.6513285636901855,-6.191717624664307
394,final,-5.916522979736328,-5.715628623962402
395,final,-5.827136993408203,-6.68481969833374
396,final,-5.673247337341309,-6.199314117431641
397,final,-4.79127836227417,-5.771792411804199
398,final,-5.41144323348999,-5.8187737464904785
399,final,-5.447488784790039,-5.613210201263428
400,final,-6.889978885650635,-6.528523921966553
401,final,-7.582612037658691,-6.548548221588135
402,final,-7.395623683929443,-7.31132173538208
403,final,-6.507869720458984,-6.026554107666016
404,final,-8.504755020141602,-7.297431468963623
405,final,-8.03260326385498,-7.1956787109375
406,final,-8.321440696716309,-7.737702369689941
407,final,-5.655588626861572,-5.2874956130981445
408,final,-7.069070816040039,-6.644387245178223
409,final,-6.048896789550781,-5.590572834014893
410,final,-6.056985378265381,-5.290327548980713
411,final,-7.542605400085449,-6.951524257659912
412,final,-6.419344425201416,-6.4879326820373535
413,final,-6.869470596313477,-6.414471626281738
414,final,-7.1622490882873535,-6.567992210388184
415,final,-6.213157653808594,-6.5189666748046875
416,final,-7.7546796798706055,-7.525033473968506
417,final,-6.303446292877197,-6.056759357452393
418,final,-8.243475914001465,-7.123969554901123
419,final,-6.507869243621826,-6.026554107666016
420,final,-5.976809501647949,-6.369977951049805
421,final,-5.592076778411865,-5.830854892730713
422,final,-6.478095054626465,-6.386263847351074
423,final,-6.422965049743652,-6.470058441162109
424,final,-5.816079616546631,-5.990533828735352
425,final,-6.2707085609436035,-6.601318359375
426,final,-7.045176029205322,-7.201429843902588
427,final,-7.289347171783447,-7.458559989929199
428,final,-6.484415531158447,-6.4616498947143555
429,final,-5.911434173583984,-5.981637477874756
430,final,-6.486271858215332,-6.822994232177734
431,final,-6.4923882484436035,-6.546622276306152
432,final,-5.866518497467041,-5.722803592681885
433,final,-6.352322101593018,-6.729018688201904
434,final,-5.984620094299316,-6.377256393432617
435,final,-5.844489574432373,-5.816082954406738
436,final,-6.410706520080566,-6.655331611633301
437,final,-5.704212665557861,-5.1381940841674805
438,final,-5.374512672424316,-5.573995113372803
439,final,-6.21954345703125,-6.400938510894775
440,final,-6.8463568687438965,-6.762997150421143
441,final,-5.471290111541748,-5.776339530944824
442,final,-5.17111873626709,-5.865963935852051
443,final,-6.562434673309326,-6.418831825256348
444,final,-6.30752420425415,-5.994051933288574
445,final,-6.0442728996276855,-6.188821792602539
446,final,-5.781413555145264,-6.303031921386719
447,final,-6.600456714630127,-6.981441974639893
448,final,-6.485020160675049,-6.071413040161133
449,final,-4.631944179534912,-4.981539726257324
450,final,-5.318583011627197,-6.054486274719238
451,final,-7.143067836761475,-7.225831985473633
452,final,-6.299540042877197,-6.691375732421875
453,final,-5.562217712402344,-5.531536102294922
454,final,-6.06178617477417,-6.010502815246582
455,final,-4.886717796325684,-5.426034450531006
456,final,-6.086682319641113,-6.7342753410339355
457,final,-5.739210605621338,-6.08199405670166
458,final,-6.256784915924072,-6.425037384033203
459,final,-5.547688961029053,-6.064713954925537
460,final,-6.350310325622559,-5.110274791717529
461,final,-5.513270378112793,-4.99209451675415
462,final,-5.835197925567627,-5.224682331085205
463,final,-7.312465190887451,-5.879185676574707
464,final,-6.264848709106445,-5.486239910125732
465,final,-6.297142028808594,-5.463176727294922
466,final,-6.726330757141113,-5.654507160186768
467,final,-5.569460868835449,-4.656477928161621
468,final,-6.523433685302734,-5.532632350921631
469,final,-5.82720422744751,-5.065129280090332
470,final,-7.607909202575684,-6.323949813842773
471,final,-6.555068492889404,-5.195845127105713
472,final,-6.019515037536621,-5.0453386306762695
473,final,-6.89688777923584,-6.080194473266602
474,final,-6.01699686050415,-5.260920524597168
475,final,-6.275454998016357,-5.4391188621521
476,final,-5.975620746612549,-5.06358528137207
477,final,-5.955900192260742,-4.938673973083496
478,final,-6.381367206573486,-5.914100170135498
479,final,-5.730734825134277,-5.265990734100342
480,final,-6.06999397277832,-5.704871654510498
481,final,-5.8284783363342285,-5.196923732757568
482,final,-7.184344291687012,-6.471587657928467
483,final,-5.629830837249756,-5.425940990447998
484,final,-4.868622779846191,-4.720881938934326
485,final,-5.756267547607422,-5.711829662322998
486,final,-5.756267547607422,-5.711829662322998
487,final,-6.278223514556885,-5.920001983642578
488,final,-5.126622200012207,-4.935938835144043
489,final,-6.302140235900879,-5.713418006896973
490,final,-6.337939739227295,-5.687042713165283
491,final,-7.214149475097656,-6.708804130554199
492,final,-5.756267547607422,-5.711829662322998
493,final,-4.937817573547363,-4.710392475128174
494,final,-5.563539028167725,-5.180371284484863
495,final,-5.46396017074585,-5.1905694007873535
496,final,-4.901238441467285,-4.425642490386963
497,final,-6.325998783111572,-5.988292694091797
498,final,-4.937817573547363,-4.710392475128174
499,final,-5.350628852844238,-5.103205680847168
500,final,-5.062216281890869,-5.3962507247924805
501,final,-4.713140487670898,-4.920692443847656
502,final,-5.5618109703063965,-5.475885391235352
503,final,-6.711641788482666,-6.525657653808594
504,final,-5.015704154968262,-5.241607189178467
505,final,-5.044361114501953,-5.0374836921691895
506,final,-4.881216526031494,-4.712701320648193
507,final,-6.398956775665283,-6.259827613830566
508,final,-5.016127109527588,-4.877476692199707
509,final,-5.22292947769165,-5.481704235076904
510,final,-5.793528079986572,-5.624332427978516
511,final,-6.310690402984619,-6.1363959312438965
512,final,-5.366722106933594,-5.578582763671875
513,final,-5.266226768493652,-5.4132914543151855
514,final,-5.237735748291016,-5.709105968475342
515,final,-5.147543430328369,-5.096646308898926
516,final,-6.1868486404418945,-6.253968715667725
517,final,-4.61370325088501,-4.680369853973389
518,final,-6.003873825073242,-6.240458011627197
519,final,-6.578412055969238,-6.426938056945801
520,final,-7.176133155822754,-6.189457416534424
521,final,-6.219942092895508,-5.685888290405273
522,final,-7.184884071350098,-5.949685096740723
523,final,-6.526533126831055,-5.707854270935059
524,final,-5.094721794128418,-4.701994895935059
525,final,-6.885852813720703,-5.753154754638672
526,final,-5.151877403259277,-4.932562828063965
527,final,-6.547359466552734,-6.0356550216674805
528,final,-7.908452033996582,-6.574734210968018
529,final,-5.689208030700684,-5.583529472351074
530,final,-6.5505852699279785,-5.664721488952637
531,final,-7.888847827911377,-6.771486282348633
532,final,-6.162094593048096,-5.142827033996582
533,final,-7.386887550354004,-6.578956127166748
534,final,-6.3129448890686035,-5.517383098602295
535,final,-6.623967170715332,-6.038822650909424
536,final,-5.4697794914245605,-4.610293865203857
537,final,-7.888847827911377,-6.771486282348633
538,final,-5.895256519317627,-5.654446601867676
539,final,-6.35933780670166,-5.909777641296387
540,final,-5.086543083190918,-5.153812885284424
541,final,-5.380766868591309,-5.205386161804199
542,final,-6.227421283721924,-6.067959308624268
543,final,-5.443682670593262,-5.50123405456543
544,final,-5.453151226043701,-5.5574259757995605
545,final,-6.530919551849365,-6.202589988708496
546,final,-5.734113693237305,-5.672765731811523
547,final,-6.131053447723389,-5.829481601715088
548,final,-5.0414137840271,-5.020355224609375
549,final,-6.336165904998779,-6.2214741706848145
550,final,-5.8944830894470215,-5.799316883087158
551,final,-6.037403583526611,-5.786039352416992
552,final,-6.169992923736572,-6.158093452453613
553,final,-6.782637119293213,-6.672671794891357
554,final,-6.424077987670898,-6.415743350982666
555,final,-6.090210914611816,-5.893652439117432
556,final,-5.0108442306518555,-5.16062593460083
557,final,-6.183204650878906,-5.90067720413208
558,final,-4.857326507568359,-4.8168792724609375
559,final,-5.338708400726318,-5.420724868774414
560,final,-6.141296863555908,-6.084255695343018
561,final,-6.123223304748535,-5.700237274169922
562,final,-6.747879981994629,-6.254673480987549
563,final,-5.830636501312256,-5.962541103363037
564,final,-7.1190385818481445,-6.342305660247803
565,final,-4.987818717956543,-5.077742099761963
566,final,-5.08125114440918,-5.080496788024902
567,final,-6.838901996612549,-6.609715938568115
568,final,-4.9759039878845215,-4.761548042297363
569,final,-5.7897162437438965,-5.603915214538574
570,final,-6.553576469421387,-5.6411004066467285
571,final,-6.166942119598389,-6.11042594909668
572,final,-5.963015079498291,-5.620352745056152
573,final,-6.518605709075928,-6.075632095336914
574,final,-4.600462913513184,-4.8431806564331055
575,final,-5.718521595001221,-5.76942777633667
576,final,-5.259308815002441,-5.080922603607178
577,final,-4.304598808288574,-4.456491470336914
578,final,-5.466390609741211,-5.555148601531982
579,final,-5.295044422149658,-5.424306869506836
580,final,-6.185414791107178,-5.1345648765563965
581,final,-5.355183124542236,-4.445888996124268
582,final,-4.812366485595703,-4.460720539093018
583,final,-5.863019943237305,-4.551338195800781
584,final,-6.112911224365234,-4.875525951385498
585,final,-5.9833855628967285,-5.13350772857666
586,final,-5.579734802246094,-4.409050941467285
587,final,-6.0553436279296875,-5.016480445861816
588,final,-6.935359954833984,-5.668793201446533
589,final,-5.407104969024658,-4.515190601348877
590,final,-4.918218612670898,-3.839414596557617
591,final,-6.332624912261963,-4.837487697601318
592,final,-5.8902740478515625,-4.90755033493042
593,final,-5.164309978485107,-4.602444171905518
594,final,-4.586528301239014,-3.674191951751709
595,final,-6.0193963050842285,-4.563014030456543
596,final,-5.690474510192871,-4.552342414855957
597,final,-6.165119171142578,-4.683400630950928
598,final,-6.665750980377197,-5.059686183929443
599,final,-5.669135570526123,-4.273228168487549
600,final,-7.14845609664917,-6.369448661804199
601,final,-6.90698766708374,-6.256141185760498
602,final,-7.001680850982666,-6.096314907073975
603,final,-6.285614490509033,-5.633577823638916
604,final,-7.14845609664917,-6.369448661804199
605,final,-4.937184810638428,-4.660140037536621
606,final,-6.42084264755249,-5.4366455078125
607,final,-5.998490333557129,-5.458378791809082
608,final,-5.287557601928711,-4.769638538360596
609,final,-6.861616611480713,-6.016243934631348
610,final,-5.313950538635254,-4.655149459838867
611,final,-7.001680850982666,-6.096314430236816
612,final,-4.766139030456543,-4.299136161804199
613,final,-5.564556121826172,-4.97792911529541
614,final,-4.147789001464844,-3.8331844806671143
615,final,-5.60037088394165,-5.303866863250732
616,final,-6.30346155166626,-5.589835166931152
617,final,-5.684548854827881,-5.128552436828613
618,final,-6.976840496063232,-6.397994518280029
619,final,-6.6592559814453125,-6.142945289611816
620,final,-5.059391975402832,-4.812387943267822
621,final,-4.985987186431885,-4.986186504364014
622,final,-6.48225736618042,-6.411901473999023
623,final,-4.921903133392334,-4.536807060241699
624,final,-4.997946739196777,-4.735299587249756
625,final,-6.473286151885986,-6.11474084854126
626,final,-5.989628791809082,-5.925358295440674
627,final,-4.869102478027344,-4.720555782318115
628,final,-4.440624713897705,-4.263621807098389
629,final,-6.445905685424805,-5.978569984436035
630,final,-5.187515735626221,-5.147408485412598
631,final,-5.416546821594238,-5.076966285705566
632,final,-5.676224708557129,-5.2446112632751465
633,final,-4.674051761627197,-4.246624946594238
634,final,-5.047952651977539,-4.962789535522461
635,final,-4.910722732543945,-4.469672203063965
636,final,-5.1810150146484375,-5.209591388702393
637,final,-4.784676551818848,-4.484921932220459
638,final,-5.868723392486572,-5.713268756866455
639,final,-4.637574672698975,-4.523582458496094
640,final,-6.239442348480225,-5.044164180755615
641,final,-6.138476848602295,-4.913656711578369
642,final,-6.178179740905762,-5.164870262145996
643,final,-6.53363561630249,-5.543956279754639
644,final,-7.381708145141602,-6.73983907699585
645,final,-6.678049564361572,-5.5656538009643555
646,final,-6.676485538482666,-5.599467754364014
647,final,-6.830681324005127,-5.284327507019043
648,final,-6.761769771575928,-5.521116733551025
649,final,-7.858155727386475,-6.837257385253906
650,final,-8.350449562072754,-7.2929229736328125
651,final,-6.892930030822754,-5.8455939292907715
652,final,-5.350548267364502,-4.532585620880127
653,final,-5.202211380004883,-4.080732822418213
654,final,-6.831266403198242,-5.7555155754089355
655,final,-6.195924758911133,-5.025227069854736
656,final,-7.059577941894531,-5.830146789550781
657,final,-7.098501205444336,-5.973457336425781
658,final,-5.651458263397217,-4.627649784088135
659,final,-6.232694149017334,-4.785536766052246
660,final,-5.826663494110107,-5.480154991149902
661,final,-5.437925338745117,-4.914012908935547
662,final,-6.522368907928467,-6.2374958992004395
663,final,-6.2946906089782715,-6.005733489990234
664,final,-5.9670844078063965,-5.523263454437256
665,final,-6.774804592132568,-6.063920974731445
666,final,-5.907573223114014,-5.221556663513184
667,final,-5.336497783660889,-5.543913841247559
668,final,-5.91523551940918,-5.349777698516846
669,final,-5.645888328552246,-5.353508949279785
670,final,-6.335865497589111,-6.220072269439697
671,final,-5.53584623336792,-5.173197269439697
672,final,-6.291332721710205,-5.8890299797058105
673,final,-4.975825309753418,-4.587494373321533
674,final,-6.335865020751953,-6.220071792602539
675,final,-6.544486999511719,-6.079629898071289
676,final,-6.23917293548584,-5.970978736877441
677,final,-5.2883219718933105,-4.729133129119873
678,final,-5.9760661125183105,-5.56535530090332
679,final,-6.517879486083984,-5.907588481903076
680,final,-6.318480968475342,-5.823276042938232
681,final,-5.271942138671875,-5.334089756011963
682,final,-5.303736209869385,-5.063507080078125
683,final,-5.243821620941162,-5.129567623138428
684,final,-5.347412109375,-4.748076915740967
685,final,-4.80635929107666,-4.665367603302002
686,final,-4.260533332824707,-4.221391201019287
687,final,-5.127964019775391,-4.952810764312744
688,final,-6.167077541351318,-5.890974044799805
689,final,-5.080496788024902,-5.052173614501953
690,final,-6.543233394622803,-6.011775016784668
691,final,-4.592105865478516,-4.417923450469971
692,final,-6.644132137298584,-6.235750675201416
693,final,-5.109188079833984,-4.90239953994751
694,final,-6.904218673706055,-6.489741802215576
695,final,-5.810719013214111,-5.807617664337158
696,final,-6.521216869354248,-6.103565216064453
697,final,-4.741115093231201,-4.430731296539307
698,final,-5.811947345733643,-5.394124507904053
699,final,-5.700026988983154,-5.449336051940918
0,best,-6.189389705657959,-4.410868167877197
1,best,-4.9156389236450195,-4.387564182281494
2,best,-4.330125331878662,-3.8751442432403564
3,best,-5.8158440589904785,-5.027419567108154
4,best,-6.5739030838012695,-4.475037574768066
5,best,-4.439149379730225,-3.824747085571289
6,best,-6.474937438964844,-4.676199436187744
7,best,-4.53172492980957,-3.4495506286621094
8,best,-5.499073505401611,-4.012300491333008
9,best,-4.330125331878662,-3.8751442432403564
10,best,-6.14859676361084,-4.329057693481445
11,best,-4.276979923248291,-3.9085071086883545
12,best,-6.506021976470947,-4.454692363739014
13,best,-6.237122535705566,-3.946483850479126
14,best,-5.499073505401611,-4.012300491333008
15,best,-5.8792853355407715,-4.387063503265381
16,best,-5.482425689697266,-4.692861080169678
17,best,-6.465721607208252,-5.293492794036865
18,best,-6.869860649108887,-5.626851558685303
19,best,-5.885408878326416,-4.714054107666016
20,best,-5.3040618896484375,-4.584626197814941
21,best,-6.369373798370361,-5.403448581695557
22,best,-4.894885063171387,-4.374374866485596
23,best,-5.2543559074401855,-4.387415409088135
24,best,-5.893627166748047,-4.5626020431518555
25,best,-5.2543559074401855,-4.387415409088135
26,best,-6.747675895690918,-5.233358383178711
27,best,-6.371823787689209,-5.355011463165283
28,best,-4.7172160148620605,-4.484419345855713
29,best,-6.031172275543213,-4.8239617347717285
30,best,-5.268136501312256,-4.680805683135986
31,best,-5.253883361816406,-4.2686238288879395
32,best,-4.894885540008545,-4.374375343322754
33,best,-5.253882884979248,-4.2686238288879395
34,best,-4.803442478179932,-4.481825351715088
35,best,-5.743818759918213,-5.027368068695068
36,best,-4.717216491699219,-4.484419345855713
37,best,-5.253882884979248,-4.2686238288879395
38,best,-5.093040943145752,-4.500767230987549
39,best,-5.9280853271484375,-4.996147155761719
40,best,-5.284909248352051,-4.507160186767578
41,best,-5.044648170471191,-4.5753326416015625
42,best,-4.503748416900635,-4.235487461090088
43,best,-5.338830471038818,-4.609425067901611
44,best,-6.050746440887451,-4.747921943664551
45,best,-5.490499496459961,-5.000433444976807
46,best,-5.08321475982666,-4.082094192504883
47,best,-5.321375846862793,-4.680028438568115
48,best,-6.2209320068359375,-4.997255325317383
49,best,-4.648362159729004,-4.176230430603027
50,best,-5.288136005401611,-4.490460395812988
51,best,-5.740748882293701,-4.879018783569336
52,best,-5.270920276641846,-4.733831405639648
53,best,-5.594246864318848,-4.52768087387085
54,best,-4.5823283195495605,-4.199801921844482
55,best,-5.588003635406494,-4.328061580657959
56,best,-5.888934135437012,-4.937680721282959
57,best,-4.125611305236816,-3.6097679138183594
58,best,-5.213448524475098,-4.182318687438965
59,best,-5.6743268966674805,-4.633602142333984
60,best,-6.981736660003662,-5.777333736419678
61,best,-6.805726528167725,-5.394191741943359
62,best,-7.609109401702881,-5.515202045440674
63,best,-7.367436408996582,-5.177395343780518
64,best,-6.331441879272461,-5.222606658935547
65,best,-6.310672760009766,-4.767343044281006
66,best,-6.421800136566162,-4.982117652893066
67,best,-7.990624904632568,-5.7240891456604
68,best,-7.576389312744141,-5.682380199432373
69,best,-6.442301273345947,-5.030872344970703
70,best,-6.891442775726318,-4.67402982711792
71,best,-7.747305870056152,-5.6009955406188965
72,best,-5.972188949584961,-4.346867561340332
73,best,-5.700824737548828,-4.384706974029541
74,best,-6.647612571716309,-5.109277725219727
75,best,-6.9148359298706055,-4.9525465965271
76,best,-6.0704193115234375,-4.716845512390137
77,best,-7.606330871582031,-5.574319362640381
78,best,-4.539360046386719,-3.9829137325286865
79,best,-6.473586559295654,-5.084990978240967
80,best,-4.2626633644104,-3.975642204284668
81,best,-4.518608570098877,-3.9920082092285156
82,best,-5.795605659484863,-5.707815170288086
83,best,-5.7051825523376465,-4.798245906829834
84,best,-4.540314674377441,-4.256025314331055
85,best,-5.446047306060791,-5.220013618469238
86,best,-5.856942176818848,-5.78584623336792
87,best,-4.6638922691345215,-4.290270805358887
88,best,-4.838744163513184,-4.39063835144043
89,best,-4.033785820007324,-3.754498243331909
90,best,-6.079983711242676,-5.358616352081299
91,best,-6.211806774139404,-5.971642971038818
92,best,-4.586606979370117,-4.26369571685791
93,best,-5.031530857086182,-5.045449256896973
94,best,-4.799036979675293,-4.809942245483398
95,best,-4.973613739013672,-4.516600131988525
96,best,-5.194879055023193,-4.555293560028076
97,best,-6.317035675048828,-5.466148376464844
98,best,-5.514611721038818,-5.419528961181641
99,best,-4.906225204467773,-4.5146284103393555
100,best,-6.551249027252197,-4.987563133239746
101,best,-5.338138103485107,-4.906160831451416
102,best,-5.275441646575928,-4.600135803222656
103,best,-5.129552841186523,-4.462120532989502
104,best,-5.129552841186523,-4.462120532989502
105,best,-4.351831912994385,-3.9093899726867676
106,best,-5.473626613616943,-4.426363945007324
107,best,-6.944722652435303,-5.369873046875
108,best,-5.0030198097229,-4.156540393829346
109,best,-7.380363464355469,-5.839595317840576
110,best,-5.779932022094727,-4.748939037322998
111,best,-5.288365840911865,-4.241000175476074
112,best,-5.414649963378906,-4.6247992515563965
113,best,-6.059816360473633,-4.914945125579834
114,best,-5.099916934967041,-4.69495964050293
115,best,-5.541763782501221,-4.520876407623291
116,best,-6.088486194610596,-4.928918361663818
117,best,-5.758694171905518,-4.718139171600342
118,best,-5.473626613616943,-4.426363945007324
119,best,-6.1510233879089355,-4.818251132965088
120,best,-5.140323638916016,-3.655735731124878
121,best,-5.221550941467285,-3.7096638679504395
122,best,-6.555473804473877,-5.149404048919678
123,best,-6.136049270629883,-4.071211338043213
124,best,-5.062193870544434,-3.5972073078155518
125,best,-6.322384357452393,-4.230990886688232
126,best,-5.89107608795166,-4.382893085479736
127,best,-5.679851531982422,-3.6072661876678467
128,best,-5.3721089363098145,-3.778728723526001
129,best,-6.440158843994141,-4.172097206115723
130,best,-5.806272029876709,-3.8594934940338135
131,best,-6.197967052459717,-4.746314525604248
132,best,-4.8948140144348145,-3.9292922019958496
133,best,-5.962913513183594,-3.8572044372558594
134,best,-6.440158843994141,-4.172097206115723
135,best,-5.164307594299316,-3.1890509128570557
136,best,-5.389766216278076,-4.001278877258301
137,best,-5.164307594299316,-3.1890509128570557
138,best,-6.322383880615234,-4.230990886688232
139,best,-4.9910359382629395,-3.891160249710083
140,best,-4.844475269317627,-3.898465871810913
141,best,-5.3001556396484375,-4.035027503967285
142,best,-5.0415215492248535,-4.25120210647583
143,best,-4.519071578979492,-3.7092580795288086
144,best,-5.80852746963501,-4.530811309814453
145,best,-5.535747051239014,-4.594171524047852
146,best,-5.977482318878174,-4.86726188659668
147,best,-5.718033790588379,-4.519651412963867
148,best,-5.129986763000488,-4.297721862792969
149,best,-5.676022529602051,-4.778687477111816
150,best,-6.1311726570129395,-5.23649787902832
151,best,-5.109726905822754,-4.0227789878845215
152,best,-5.444857120513916,-4.254770278930664
153,best,-5.341616153717041,-4.292724609375
154,best,-4.844475269317627,-3.898465871810913
155,best,-5.977482318878174,-4.86726188659668
156,best,-5.622642517089844,-4.494250774383545
157,best,-5.743167400360107,-4.557521343231201
158,best,-5.064324855804443,-4.168482780456543
159,best,-5.977482318878174,-4.86726188659668
160,best,-6.021114826202393,-4.008036136627197
161,best,-7.830296516418457,-5.3755621910095215
162,best,-7.082542896270752,-4.889492511749268
163,best,-7.801980018615723,-5.000442028045654
164,best,-7.8601531982421875,-5.075056076049805
165,best,-4.807659149169922,-3.693664789199829
166,best,-6.420693874359131,-4.66890287399292
167,best,-7.801980018615723,-5.000442028045654
168,best,-5.772894382476807,-4.212918758392334
169,best,-6.1793341636657715,-4.565196514129639
170,best,-7.421748161315918,-4.815242290496826
171,best,-6.142239570617676,-4.336681842803955
172,best,-6.209268093109131,-4.692650318145752
173,best,-6.227208614349365,-4.675033092498779
174,best,-6.939134120941162,-5.059239864349365
175,best,-5.905788421630859,-4.4160542488098145
176,best,-7.664786338806152,-5.173902988433838
177,best,-6.6672587394714355,-5.313920497894287
178,best,-5.778061389923096,-4.112173557281494
179,best,-7.291445255279541,-5.21874475479126
180,best,-5.6708478927612305,-5.318253993988037
181,best,-4.129190921783447,-3.7642738819122314
182,best,-5.42067813873291,-4.784275054931641
183,best,-4.485507965087891,-4.079267501831055
184,best,-6.043705463409424,-5.387240409851074
185,best,-5.849397659301758,-5.39355993270874
186,best,-5.886587142944336,-5.684384822845459
187,best,-6.017076015472412,-5.124951362609863
188,best,-3.923194169998169,-3.700436592102051
189,best,-5.9643378257751465,-5.3827996253967285
190,best,-5.297364234924316,-4.766251564025879
191,best,-5.6708478927612305,-5.318253993988037
192,best,-5.482545852661133,-4.754639625549316
193,best,-6.439552307128906,-5.995363712310791
194,best,-6.106508255004883,-5.411970138549805
195,best,-6.156671524047852,-5.461319446563721
196,best,-5.84475040435791,-5.098999977111816
197,best,-5.979386329650879,-5.207956314086914
198,best,-5.760729789733887,-5.201827049255371
199,best,-5.305821895599365,-4.815201759338379
200,best,-4.726258277893066,-3.6504054069519043
201,best,-6.418808937072754,-5.291271209716797
202,best,-5.1769490242004395,-3.944725513458252
203,best,-5.705677509307861,-4.663188934326172
204,best,-5.705677509307861,-4.663188934326172
205,best,-5.647047519683838,-4.3107805252075195
206,best,-6.3703227043151855,-4.910953998565674
207,best,-5.604684352874756,-4.6056389808654785
208,best,-5.705677509307861,-4.663188934326172
209,best,-5.647047519683838,-4.3107805252075195
210,best,-5.031472682952881,-3.7322540283203125
211,best,-6.604457855224609,-5.28244686126709
212,best,-6.604457855224609,-5.28244686126709
213,best,-5.580202102661133,-4.0541839599609375
214,best,-5.031472682952881,-3.7322540283203125
215,best,-5.572606563568115,-4.291743278503418
216,best,-6.259273052215576,-4.53806209564209
217,best,-6.871260166168213,-4.952430248260498
218,best,-5.487668037414551,-4.209532737731934
219,best,-4.262399196624756,-3.203397035598755
220,best,-4.937391757965088,-4.306737899780273
221,best,-5.263246059417725,-4.538769721984863
222,best,-5.420589923858643,-4.883234977722168
223,best,-5.352782249450684,-4.719043731689453
224,best,-4.91220760345459,-4.680737018585205
225,best,-4.845501899719238,-4.866077899932861
226,best,-5.855691909790039,-5.476710796356201
227,best,-4.842834949493408,-4.722708702087402
228,best,-4.831900596618652,-4.773603439331055
229,best,-4.845501899719238,-4.866077899932861
230,best,-5.334037780761719,-4.907153129577637
231,best,-5.11220645904541,-4.917333602905273
232,best,-4.759024620056152,-4.448972225189209
233,best,-5.148772716522217,-5.073328018188477
234,best,-5.48687219619751,-5.205981731414795
235,best,-4.695629119873047,-4.5839619636535645
236,best,-4.673641681671143,-4.402150630950928
237,best,-5.046207904815674,-4.825589656829834
238,best,-5.623785495758057,-5.179352283477783
239,best,-5.66926383972168,-5.454478740692139
240,best,-4.230683326721191,-4.420988082885742
241,best,-4.7029500007629395,-4.860870361328125
242,best,-4.9466376304626465,-4.664825439453125
243,best,-5.940275192260742,-5.826743125915527
244,best,-5.056798458099365,-4.734335422515869
245,best,-5.1959099769592285,-5.195837020874023
246,best,-5.3978986740112305,-5.347519397735596
247,best,-5.521134853363037,-5.302881240844727
248,best,-5.255706310272217,-5.214317321777344
249,best,-4.915897369384766,-5.160475730895996
250,best,-5.007368564605713,-4.69476842880249
251,best,-4.953619956970215,-5.027011871337891
252,best,-5.177913665771484,-5.279059886932373
253,best,-5.219099998474121,-5.270411014556885
254,best,-5.390063285827637,-5.236364364624023
255,best,-5.851123809814453,-5.849013805389404
256,best,-5.479762554168701,-5.455611705780029
257,best,-5.020023822784424,-5.286957740783691
258,best,-5.160572052001953,-4.950456619262695
259,best,-4.284052848815918,-4.309147357940674
260,best,-5.007504940032959,-4.956498622894287
261,best,-4.410632610321045,-4.3769612312316895
262,best,-4.331509590148926,-3.9969887733459473
263,best,-4.948694705963135,-4.877938747406006
264,best,-4.86403226852417,-4.654139041900635
265,best,-5.311328887939453,-5.249518394470215
266,best,-4.947220802307129,-4.8503923416137695
267,best,-5.267463684082031,-4.962092399597168
268,best,-4.608575820922852,-4.649292945861816
269,best,-4.647226333618164,-4.427705764770508
270,best,-4.6726484298706055,-4.801271438598633
271,best,-3.865000009536743,-3.9529967308044434
272,best,-4.03763484954834,-4.139161586761475
273,best,-5.12859582901001,-4.731667518615723
274,best,-5.230306148529053,-4.9955854415893555
275,best,-4.250137805938721,-4.087364673614502
276,best,-4.20111083984375,-4.088406562805176
277,best,-4.959765911102295,-4.890691757202148
278,best,-5.298956394195557,-5.392823219299316
279,best,-4.761899948120117,-4.628394603729248
280,best,-6.4499616622924805,-5.970536231994629
281,best,-6.204412937164307,-5.894725799560547
282,best,-5.948577880859375,-5.692464351654053
283,best,-6.588955879211426,-6.450085163116455
284,best,-5.3498430252075195,-4.921518325805664
285,best,-5.647494316101074,-4.850647926330566
286,best,-6.1147050857543945,-5.53109884262085
287,best,-5.658169746398926,-5.189521789550781
288,best,-6.000348091125488,-5.68974494934082
289,best,-5.6949462890625,-4.932355880737305
290,best,-5.261086940765381,-4.883770942687988
291,best,-6.070488452911377,-5.753201007843018
292,best,-6.756983757019043,-6.3183465003967285
293,best,-6.125213623046875,-5.527896404266357
294,best,-5.023481369018555,-4.639995098114014
295,best,-5.312542915344238,-5.113028526306152
296,best,-5.625351428985596,-5.26655912399292
297,best,-6.44827938079834,-5.882047653198242
298,best,-6.607808589935303,-6.261819839477539
299,best,-5.578392505645752,-5.335447311401367
300,best,-4.766094207763672,-4.729719161987305
301,best,-5.999701499938965,-5.916008472442627
302,best,-4.518316268920898,-4.367120742797852
303,best,-6.192657947540283,-5.5748515129089355
304,best,-6.02641487121582,-5.55689001083374
305,best,-5.845412254333496,-5.832261085510254
306,best,-6.808725357055664,-6.377095699310303
307,best,-4.885137557983398,-4.660214424133301
308,best,-4.503354549407959,-4.646301746368408
309,best,-4.752645015716553,-4.90797758102417
310,best,-7.066021919250488,-6.750842571258545
311,best,-4.744215965270996,-4.701328754425049
312,best,-5.615036487579346,-5.094954013824463
313,best,-4.884644031524658,-4.819355487823486
314,best,-5.098216533660889,-4.934497833251953
315,best,-5.311642169952393,-5.144848823547363
316,best,-4.567727565765381,-4.364603519439697
317,best,-5.634961128234863,-5.505486011505127
318,best,-4.809411525726318,-4.669873237609863
319,best,-6.9303083419799805,-6.6079607009887695
320,best,-4.09794282913208,-3.7408478260040283
321,best,-4.776589870452881,-4.388946533203125
322,best,-6.2658867835998535,-5.678749084472656
323,best,-4.810286998748779,-4.479147434234619
324,best,-5.313488483428955,-4.791114807128906
325,best,-5.16151237487793,-5.004971504211426
326,best,-4.987452030181885,-4.617461204528809
327,best,-5.195219993591309,-5.062141418457031
328,best,-4.863798141479492,-4.475719928741455
329,best,-5.534082889556885,-5.2235870361328125
330,best,-4.32239294052124,-3.8066914081573486
331,best,-4.936486721038818,-4.4401021003723145
332,best,-5.439992904663086,-4.880865097045898
333,best,-4.969640731811523,-4.760705947875977
334,best,-4.231056213378906,-4.020866394042969
335,best,-4.743899822235107,-4.448170185089111
336,best,-5.999080657958984,-5.570361614227295
337,best,-5.015865802764893,-4.765463829040527
338,best,-3.9610557556152344,-3.872011661529541
339,best,-4.51901912689209,-3.9794201850891113
340,best,-4.862349033355713,-5.22951078414917
341,best,-7.362966060638428,-6.68699312210083
342,best,-5.412693977355957,-4.90162467956543
343,best,-6.140344619750977,-6.080872058868408
344,best,-6.8077263832092285,-6.226875305175781
345,best,-5.12588357925415,-5.051425933837891
346,best,-6.245786190032959,-5.346649646759033
347,best,-6.210928916931152,-5.452857971191406
348,best,-6.30639123916626,-6.204526424407959
349,best,-5.880341053009033,-5.5313286781311035
350,best,-6.867781162261963,-6.16257905960083
351,best,-7.2987871170043945,-6.546985626220703
352,best,-7.137943744659424,-6.558910846710205
353,best,-5.74728536605835,-5.274312496185303
354,best,-4.671973705291748,-4.474532127380371
355,best,-6.816582202911377,-6.465806007385254
356,best,-6.477441310882568,-5.870931148529053
357,best,-7.248105525970459,-7.024327754974365
358,best,-6.913132667541504,-6.1322784423828125
359,best,-6.981963634490967,-6.919486999511719
360,best,-5.42285680770874,-5.563040733337402
361,best,-6.164730072021484,-6.043622970581055
362,best,-4.889639854431152,-4.714987754821777
363,best,-5.2661285400390625,-5.5480427742004395
364,best,-4.587034702301025,-4.785162448883057
365,best,-5.730496883392334,-5.419074535369873
366,best,-6.461302757263184,-6.6433796882629395
367,best,-4.577890872955322,-5.489246845245361
368,best,-5.5919013023376465,-6.448611736297607
369,best,-6.8090972900390625,-6.867203235626221
370,best,-6.4283447265625,-6.312730312347412
371,best,-6.5257248878479,-6.714420795440674
372,best,-5.9701247215271,-6.202852725982666
373,best,-6.1658101081848145,-6.500363826751709
374,best,-4.9403510093688965,-5.577490329742432
375,best,-5.529323101043701,-5.9290666580200195
376,best,-5.226075649261475,-5.839015960693359
377,best,-6.164730072021484,-6.043622970581055
378,best,-5.2661285400390625,-5.5480427742004395
379,best,-6.909555435180664,-6.985891819000244
380,best,-5.2652387619018555,-5.349384784698486
381,best,-5.517360210418701,-5.117650508880615
382,best,-5.372689723968506,-5.3276591300964355
383,best,-6.557562828063965,-6.436318874359131
384,best,-5.222036361694336,-5.271917819976807
385,best,-5.36425256729126,-5.545448303222656
386,best,-5.142026424407959,-4.872479438781738
387,best,-5.928657531738281,-5.9382853507995605
388,best,-5.306259632110596,-5.307298183441162
389,best,-5.265230655670166,-4.886364936828613
390,best,-4.91070032119751,-5.389436721801758
391,best,-5.282958507537842,-5.382864952087402
392,best,-4.950263500213623,-4.766163349151611
393,best,-6.274659156799316,-6.022365570068359
394,best,-5.770349025726318,-5.259549617767334
395,best,-6.028465270996094,-6.382141590118408
396,best,-5.424106121063232,-5.3374786376953125
397,best,-5.222301006317139,-4.9773030281066895
398,best,-5.271551609039307,-5.219155311584473
399,best,-5.307928562164307,-5.373591423034668
400,best,-7.026704788208008,-6.557414531707764
401,best,-7.707108974456787,-6.103199481964111
402,best,-8.409463882446289,-7.151772975921631
403,best,-6.472471714019775,-5.592023849487305
404,best,-7.746870994567871,-6.239718914031982
405,best,-8.104662895202637,-6.922292709350586
406,best,-7.552404880523682,-6.792405605316162
407,best,-5.766580104827881,-5.109415531158447
408,best,-6.934500217437744,-6.062512397766113
409,best,-5.810034275054932,-5.590743064880371
410,best,-5.536600589752197,-4.558566570281982
411,best,-8.071144104003906,-6.56851053237915
412,best,-6.3981828689575195,-5.8660149574279785
413,best,-6.667507648468018,-6.0978312492370605
414,best,-6.664906024932861,-6.174859523773193
415,best,-6.136733055114746,-5.784255504608154
416,best,-7.908725738525391,-6.980352878570557
417,best,-6.577162742614746,-6.334053039550781
418,best,-7.1613616943359375,-6.511120319366455
419,best,-6.472470283508301,-5.592023849487305
420,best,-5.834287643432617,-6.053053379058838
421,best,-5.105044841766357,-5.385771751403809
422,best,-5.814553737640381,-5.571695804595947
423,best,-5.741164207458496,-5.551393508911133
424,best,-4.948144435882568,-5.14525842666626
425,best,-6.116499423980713,-6.4040727615356445
426,best,-6.489084720611572,-6.594605922698975
427,best,-6.938509941101074,-7.056248188018799
428,best,-6.152344703674316,-6.367306709289551
429,best,-4.984845161437988,-4.963922500610352
430,best,-6.852529048919678,-6.779096603393555
431,best,-5.661994934082031,-5.491702079772949
432,best,-5.216432094573975,-5.201076984405518
433,best,-6.126861572265625,-5.9826226234436035
434,best,-5.532769680023193,-6.266300678253174
435,best,-5.186426639556885,-5.734883785247803
436,best,-5.976686477661133,-5.761597156524658
437,best,-4.471662998199463,-4.4653449058532715
438,best,-4.83135986328125,-4.780646324157715
439,best,-5.775862693786621,-6.117932319641113
440,best,-6.354057788848877,-5.567948341369629
441,best,-4.813249588012695,-4.96455192565918
442,best,-5.757297515869141,-5.433111667633057
443,best,-5.530600547790527,-5.322460174560547
444,best,-6.215272426605225,-5.217607021331787
445,best,-5.5343403816223145,-5.477199077606201
446,best,-5.4939188957214355,-5.344586372375488
447,best,-6.620347499847412,-6.799903869628906
448,best,-5.607387542724609,-5.48429536819458
449,best,-4.3741230964660645,-4.098987579345703
450,best,-5.0371575355529785,-4.718782901763916
451,best,-6.107138633728027,-5.70768404006958
452,best,-5.76524543762207,-5.3175225257873535
453,best,-4.852528095245361,-4.917237281799316
454,best,-5.798075199127197,-4.931594371795654
455,best,-4.66324520111084,-4.798758029937744
456,best,-5.318532466888428,-5.852592468261719
457,best,-5.925773620605469,-5.06228494644165
458,best,-5.999304294586182,-5.281537055969238
459,best,-5.8582892417907715,-5.613383769989014
460,best,-5.893405914306641,-4.764532089233398
461,best,-4.925675868988037,-4.682234764099121
462,best,-5.051180839538574,-4.693971157073975
463,best,-6.643779277801514,-5.72092866897583
464,best,-5.387569904327393,-4.976828098297119
465,best,-5.244874477386475,-4.791277885437012
466,best,-5.589033603668213,-4.834711074829102
467,best,-4.827315807342529,-4.003438472747803
468,best,-5.743441104888916,-5.092526435852051
469,best,-5.003198623657227,-4.486210823059082
470,best,-6.778475284576416,-5.604897499084473
471,best,-6.273559093475342,-5.38406229019165
472,best,-5.291599750518799,-4.586129188537598
473,best,-6.003965377807617,-5.2887349128723145
474,best,-5.119307041168213,-4.7125043869018555
475,best,-5.522036075592041,-4.994935035705566
476,best,-4.989593505859375,-4.39459753036499
477,best,-4.726987838745117,-4.358582973480225
478,best,-5.098713397979736,-4.820796012878418
479,best,-4.90140962600708,-4.579651355743408
480,best,-5.224294185638428,-5.046149253845215
481,best,-4.703988075256348,-4.4602437019348145
482,best,-6.599537372589111,-5.939660549163818
483,best,-4.858293533325195,-4.732229232788086
484,best,-4.09599494934082,-3.9214072227478027
485,best,-4.779213905334473,-4.74458646774292
486,best,-4.779213905334473,-4.74458646774292
487,best,-5.25362491607666,-5.056752681732178
488,best,-4.403453826904297,-4.247552871704102
489,best,-5.6175384521484375,-5.356149673461914
490,best,-5.430988788604736,-4.912009239196777
491,best,-6.647987365722656,-5.923688888549805
492,best,-4.779213905334473,-4.74458646774292
493,best,-4.351713180541992,-4.138628005981445
494,best,-5.011420249938965,-4.562773704528809
495,best,-5.107198238372803,-4.891331672668457
496,best,-4.185024738311768,-4.0063700675964355
497,best,-5.144590377807617,-4.91275691986084
498,best,-4.351713180541992,-4.138628005981445
499,best,-5.043272495269775,-4.7849321365356445
500,best,-4.669168472290039,-4.688136577606201
501,best,-4.165011405944824,-4.013534069061279
502,best,-5.414219379425049,-4.864556789398193
503,best,-6.553943157196045,-5.914154052734375
504,best,-4.983035087585449,-4.706599712371826
505,best,-4.8101396560668945,-4.521636486053467
506,best,-4.586547374725342,-4.358437538146973
507,best,-6.182828903198242,-5.653754234313965
508,best,-4.564007759094238,-4.185822486877441
509,best,-5.25075626373291,-4.885402202606201
510,best,-5.69474983215332,-5.2674560546875
511,best,-5.875210285186768,-5.324276447296143
512,best,-4.934319019317627,-5.151766300201416
513,best,-4.7517924308776855,-4.520983695983887
514,best,-4.8450212478637695,-4.821096897125244
515,best,-5.288209915161133,-4.835444927215576
516,best,-5.969611644744873,-5.42008113861084
517,best,-4.136857509613037,-3.8521053791046143
518,best,-5.767884254455566,-5.587893009185791
519,best,-6.696176528930664,-6.096270561218262
520,best,-6.666356086730957,-5.629854679107666
521,best,-5.585972309112549,-4.711249351501465
522,best,-6.919074058532715,-5.643249034881592
523,best,-5.633951663970947,-5.044025897979736
524,best,-4.55415153503418,-3.868245840072632
525,best,-6.573938846588135,-5.307823181152344
526,best,-4.490825653076172,-4.327624797821045
527,best,-5.580575466156006,-4.741301536560059
528,best,-7.142849922180176,-5.819978713989258
529,best,-5.113486289978027,-4.838632583618164
530,best,-5.935060501098633,-5.294569969177246
531,best,-7.93838357925415,-6.497195720672607
532,best,-6.207610607147217,-5.28674840927124
533,best,-6.570059776306152,-5.607304573059082
534,best,-5.908147811889648,-5.312822341918945
535,best,-5.821502685546875,-5.288602828979492
536,best,-5.234598159790039,-4.109285354614258
537,best,-7.93838357925415,-6.497195720672607
538,best,-5.130038261413574,-4.964549541473389
539,best,-5.372377395629883,-5.065861225128174
540,best,-4.286976337432861,-4.456630229949951
541,best,-4.409758567810059,-4.470059871673584
542,best,-5.666677951812744,-5.581504821777344
543,best,-4.849586486816406,-4.924463272094727
544,best,-4.7326531410217285,-4.755302429199219
545,best,-5.434989929199219,-5.613710403442383
546,best,-5.0713605880737305,-5.116034984588623
547,best,-5.494723320007324,-5.29310417175293
548,best,-4.134354114532471,-4.245469093322754
549,best,-5.256471157073975,-4.966403484344482
550,best,-4.908750534057617,-4.657227516174316
551,best,-5.308318614959717,-5.136730670928955
552,best,-5.185914993286133,-5.238489627838135
553,best,-6.004798889160156,-5.891005039215088
554,best,-5.7641167640686035,-5.636163711547852
555,best,-5.4568963050842285,-5.420481204986572
556,best,-4.190464496612549,-4.324768543243408
557,best,-4.976080894470215,-4.845475673675537
558,best,-4.479433536529541,-4.473599433898926
559,best,-4.6750807762146,-4.498927593231201
560,best,-5.2379069328308105,-4.8376007080078125
561,best,-5.55804967880249,-4.8246026039123535
562,best,-5.871129035949707,-5.245305061340332
563,best,-5.371225357055664,-5.170469760894775
564,best,-5.82225227355957,-5.222783088684082
565,best,-4.4836931228637695,-4.498629570007324
566,best,-4.517043590545654,-4.298203468322754
567,best,-5.787379741668701,-5.310819149017334
568,best,-4.324334144592285,-4.068653583526611
569,best,-4.704681396484375,-4.417141914367676
570,best,-5.865744113922119,-4.9498724937438965
571,best,-5.371927261352539,-4.986188888549805
572,best,-5.462218284606934,-4.850525856018066
573,best,-6.091446876525879,-5.403583526611328
574,best,-3.887476682662964,-3.709371328353882
575,best,-4.928349018096924,-4.678084373474121
576,best,-4.814896583557129,-4.093395233154297
577,best,-3.768444776535034,-3.636324167251587
578,best,-4.886529922485352,-4.7495198249816895
579,best,-4.791105270385742,-4.338708400726318
580,best,-5.258484363555908,-4.527818202972412
581,best,-5.355383396148682,-4.401560306549072
582,best,-4.462146759033203,-4.031371116638184
583,best,-5.377496719360352,-4.155547142028809
584,best,-4.981108665466309,-4.061644554138184
585,best,-5.102445125579834,-4.506019115447998
586,best,-4.697213172912598,-3.911930561065674
587,best,-5.551562786102295,-4.494563102722168
588,best,-6.460521221160889,-5.246286869049072
589,best,-5.1557698249816895,-4.250441074371338
590,best,-4.700977802276611,-3.718431234359741
591,best,-5.586453914642334,-4.405360698699951
592,best,-5.530525207519531,-4.435311794281006
593,best,-4.228482723236084,-3.7138571739196777
594,best,-4.214067459106445,-3.6141533851623535
595,best,-5.223051071166992,-4.221864223480225
596,best,-4.768645286560059,-4.0705342292785645
597,best,-5.746750354766846,-4.554542541503906
598,best,-5.812727451324463,-4.538662910461426
599,best,-4.275110721588135,-3.4040870666503906
600,best,-5.921810150146484,-5.503015995025635
601,best,-6.280838489532471,-5.621405601501465
602,best,-6.14990758895874,-5.569897174835205
603,best,-5.629028797149658,-4.846033573150635
604,best,-5.921810150146484,-5.503015995025635
605,best,-4.553615093231201,-4.116107940673828
606,best,-5.425740718841553,-4.818143367767334
607,best,-5.174521446228027,-4.786856651306152
608,best,-4.755894660949707,-4.242031574249268
609,best,-5.373390197753906,-4.682203769683838
610,best,-4.408336162567139,-3.9881882667541504
611,best,-6.14990758895874,-5.569897174835205
612,best,-4.240007400512695,-3.82241153717041
613,best,-4.526060104370117,-4.07934045791626
614,best,-4.297621726989746,-3.8694894313812256
615,best,-5.040695667266846,-4.688662528991699
616,best,-5.144134998321533,-4.728598594665527
617,best,-5.371492862701416,-4.770530700683594
618,best,-5.937656879425049,-5.304134368896484
619,best,-5.609676361083984,-5.172534465789795
620,best,-5.009977340698242,-4.342054843902588
621,best,-5.437662124633789,-4.687278747558594
622,best,-5.6652655601501465,-5.237424373626709
623,best,-4.717035293579102,-4.1681437492370605
624,best,-4.631107330322266,-3.789158344268799
625,best,-6.202394485473633,-5.518178462982178
626,best,-5.9140543937683105,-5.261695861816406
627,best,-4.5652666091918945,-4.081542015075684
628,best,-4.559573173522949,-3.914583921432495
629,best,-6.253327369689941,-5.326296329498291
630,best,-5.122003555297852,-4.667491436004639
631,best,-5.138501167297363,-4.340933799743652
632,best,-5.249567031860352,-4.585450172424316
633,best,-4.476922035217285,-3.73591947555542
634,best,-5.019926071166992,-4.582895278930664
635,best,-4.514667987823486,-3.885406017303467
636,best,-5.410713195800781,-4.772159099578857
637,best,-4.697170734405518,-4.258721828460693
638,best,-5.5679826736450195,-4.831329822540283
639,best,-4.515242576599121,-4.2355241775512695
640,best,-5.9210333824157715,-4.949492931365967
641,best,-5.606953144073486,-4.390614032745361
642,best,-5.221526145935059,-3.9607439041137695
643,best,-5.36499547958374,-4.748753547668457
644,best,-6.694355010986328,-5.8546905517578125
645,best,-5.968310356140137,-5.012948036193848
646,best,-6.858577728271484,-5.326699256896973
647,best,-5.566152572631836,-4.492019176483154
648,best,-6.269155502319336,-5.218199729919434
649,best,-7.2702956199646,-6.45493745803833
650,best,-7.04126501083374,-6.169309616088867
651,best,-5.54481840133667,-4.713090419769287
652,best,-4.348311424255371,-3.617704391479492
653,best,-4.8478007316589355,-3.9025776386260986
654,best,-5.870312213897705,-5.020233154296875
655,best,-5.898257732391357,-4.649791240692139
656,best,-6.286098003387451,-5.200245380401611
657,best,-6.045172214508057,-5.179676532745361
658,best,-5.915046691894531,-4.775382041931152
659,best,-5.0258684158325195,-3.9146270751953125
660,best,-5.5041823387146,-4.949549198150635
661,best,-4.5980658531188965,-4.216752052307129
662,best,-5.8325300216674805,-5.611845970153809
663,best,-5.428249359130859,-5.363292217254639
664,best,-5.181413173675537,-4.967083930969238
665,best,-5.041052341461182,-5.007354736328125
666,best,-4.498547554016113,-4.454891681671143
667,best,-5.447402477264404,-5.079183578491211
668,best,-5.053168296813965,-4.713972568511963
669,best,-3.9465649127960205,-4.194716930389404
670,best,-5.469217300415039,-5.448977947235107
671,best,-4.878079414367676,-4.797629356384277
672,best,-5.698421955108643,-5.596386432647705
673,best,-4.285319805145264,-3.9783427715301514
674,best,-5.469217300415039,-5.448977947235107
675,best,-5.65151309967041,-5.527512073516846
676,best,-6.005950450897217,-5.597256183624268
677,best,-4.620608329772949,-4.443548679351807
678,best,-5.327884674072266,-5.091469764709473
679,best,-5.697699069976807,-5.224279403686523
680,best,-5.861189365386963,-4.8499298095703125
681,best,-4.838757514953613,-4.283771991729736
682,best,-4.496545791625977,-3.9664971828460693
683,best,-4.889105796813965,-4.38421630859375
684,best,-5.030918598175049,-4.062270641326904
685,best,-4.961048603057861,-4.0814642906188965
686,best,-4.419960975646973,-3.8736701011657715
687,best,-4.190608024597168,-3.8951873779296875
688,best,-5.6409406661987305,-4.927789688110352
689,best,-4.985461711883545,-4.352199554443359
690,best,-5.268685340881348,-4.619665145874023
691,best,-3.9736621379852295,-3.4628584384918213
692,best,-5.894474506378174,-5.194360733032227
693,best,-4.580338478088379,-3.995776653289795
694,best,-5.605792045593262,-5.3260369300842285
695,best,-5.085964679718018,-4.757678985595703
696,best,-5.669485569000244,-5.268927574157715
697,best,-4.222935199737549,-3.3296000957489014
698,best,-4.991732120513916,-4.239798069000244
699,best,-4.489156246185303,-4.023319721221924
