item_id,model_state,do,pp
0,initial,-7.987133979797363,-6.473320484161377
1,initial,-7.694821357727051,-7.0306715965271
2,initial,-7.290860652923584,-6.385941028594971
3,initial,-9.156142234802246,-7.97779655456543
4,initial,-8.029481887817383,-5.736486911773682
5,initial,-7.27075719833374,-6.706554412841797
6,initial,-9.238755226135254,-7.69531774520874
7,initial,-7.5960493087768555,-6.519466400146484
8,initial,-7.413392543792725,-6.191887855529785
9,initial,-7.290860652923584,-6.385941028594971
10,initial,-8.574792861938477,-7.356655120849609
11,initial,-6.817968845367432,-6.194706439971924
12,initial,-8.206335067749023,-6.530445575714111
13,initial,-8.417206764221191,-6.537064075469971
14,initial,-7.413392543792725,-6.191887855529785
15,initial,-8.707409858703613,-7.474700927734375
16,initial,-7.604228973388672,-6.821589946746826
17,initial,-7.954666614532471,-6.8831658363342285
18,initial,-10.045656204223633,-8.56766414642334
19,initial,-7.095084190368652,-6.677417278289795
20,initial,-7.1751837730407715,-6.614471435546875
21,initial,-7.777408599853516,-6.834212303161621
22,initial,-8.904817581176758,-7.701540470123291
23,initial,-7.865519046783447,-7.115443229675293
24,initial,-8.376408576965332,-6.875226974487305
25,initial,-7.865519046783447,-7.115443229675293
26,initial,-9.43541431427002,-8.417716979980469
27,initial,-9.296845436096191,-8.06708812713623
28,initial,-7.449301242828369,-6.8872175216674805
29,initial,-8.919842720031738,-7.7358078956604
30,initial,-7.9959540367126465,-7.261271953582764
31,initial,-7.672964572906494,-6.670511722564697
32,initial,-8.904817581176758,-7.701541423797607
33,initial,-7.672964572906494,-6.670512676239014
34,initial,-7.444709777832031,-6.947473049163818
35,initial,-8.867088317871094,-7.848568439483643
36,initial,-7.449302673339844,-6.887217044830322
37,initial,-7.672964572906494,-6.670512676239014
38,initial,-7.506755828857422,-6.725180625915527
39,initial,-7.436447620391846,-6.695328235626221
40,initial,-7.337975978851318,-6.897732734680176
41,initial,-7.251455783843994,-6.594985008239746
42,initial,-6.938591003417969,-6.507810592651367
43,initial,-8.703182220458984,-7.819344520568848
44,initial,-8.394330978393555,-6.9920854568481445
45,initial,-7.5981364250183105,-6.651634693145752
46,initial,-7.535716533660889,-6.537606716156006
47,initial,-7.713149070739746,-7.04686164855957
48,initial,-8.66201114654541,-8.084531784057617
49,initial,-6.764492511749268,-6.61297607421875
50,initial,-8.15514087677002,-6.9818949699401855
51,initial,-8.202108383178711,-7.780702590942383
52,initial,-7.7048821449279785,-7.0536675453186035
53,initial,-7.370048999786377,-6.770151138305664
54,initial,-7.807358264923096,-6.996210098266602
55,initial,-8.050865173339844,-6.898919105529785
56,initial,-6.881752014160156,-6.502516269683838
57,initial,-6.422903060913086,-6.067903518676758
58,initial,-8.316518783569336,-6.7172980308532715
59,initial,-8.133042335510254,-6.9544477462768555
60,initial,-8.745184898376465,-7.399409770965576
61,initial,-9.664828300476074,-7.978328227996826
62,initial,-10.567167282104492,-9.23918628692627
63,initial,-10.24018669128418,-8.20981502532959
64,initial,-8.213622093200684,-7.341197490692139
65,initial,-8.002921104431152,-7.235869407653809
66,initial,-8.114420890808105,-7.4673848152160645
67,initial,-10.967691421508789,-9.188248634338379
68,initial,-9.276942253112793,-7.602384090423584
69,initial,-8.863031387329102,-7.058851718902588
70,initial,-7.84209680557251,-7.667111873626709
71,initial,-9.401079177856445,-8.9454984664917
72,initial,-7.171164035797119,-6.297089576721191
73,initial,-7.740512847900391,-7.029118061065674
74,initial,-7.000113487243652,-6.538100719451904
75,initial,-9.47830867767334,-7.64514684677124
76,initial,-8.714539527893066,-7.22263240814209
77,initial,-9.483488082885742,-8.16087532043457
78,initial,-8.022703170776367,-6.942899227142334
79,initial,-8.023262977600098,-7.071528911590576
80,initial,-6.089999198913574,-5.436611652374268
81,initial,-6.190375804901123,-5.315583229064941
82,initial,-8.294916152954102,-7.225389003753662
83,initial,-6.936464786529541,-6.325242519378662
84,initial,-6.825873374938965,-6.033998489379883
85,initial,-8.149059295654297,-6.829021453857422
86,initial,-8.24058723449707,-7.11988639831543
87,initial,-7.074312686920166,-6.100584030151367
88,initial,-7.056155681610107,-6.008699417114258
89,initial,-5.873341083526611,-5.193890571594238
90,initial,-6.995015621185303,-5.846985816955566
91,initial,-9.441794395446777,-8.115255355834961
92,initial,-6.258626937866211,-5.33195161819458
93,initial,-6.792757987976074,-6.56619930267334
94,initial,-7.026649475097656,-6.337893486022949
95,initial,-7.170963287353516,-6.207820892333984
96,initial,-6.373124122619629,-5.833383560180664
97,initial,-6.910120487213135,-6.139428615570068
98,initial,-8.204987525939941,-7.234355449676514
99,initial,-6.262496471405029,-5.326417446136475
100,initial,-7.591018199920654,-6.038233280181885
101,initial,-7.593144416809082,-6.365779876708984
102,initial,-8.71608829498291,-7.425382137298584
103,initial,-7.8645339012146,-6.372532844543457
104,initial,-7.8645339012146,-6.372532844543457
105,initial,-7.205648899078369,-6.166708469390869
106,initial,-8.334724426269531,-7.0158843994140625
107,initial,-7.942296504974365,-6.494339942932129
108,initial,-6.599230766296387,-5.918960094451904
109,initial,-9.283889770507812,-8.255824089050293
110,initial,-8.778239250183105,-7.721975803375244
111,initial,-7.321671962738037,-6.2279229164123535
112,initial,-8.9854736328125,-7.4686737060546875
113,initial,-8.747764587402344,-7.352348804473877
114,initial,-7.249744415283203,-6.239270210266113
115,initial,-7.661124229431152,-6.75966739654541
116,initial,-8.60496997833252,-6.936028480529785
117,initial,-7.805531978607178,-6.482640266418457
118,initial,-8.334724426269531,-7.0158843994140625
119,initial,-8.60757064819336,-7.068560600280762
120,initial,-7.757144927978516,-6.437415599822998
121,initial,-7.505107879638672,-6.129479885101318
122,initial,-7.946496486663818,-6.8449811935424805
123,initial,-7.492280006408691,-5.908899784088135
124,initial,-7.5341362953186035,-6.528015613555908
125,initial,-9.323369026184082,-8.173004150390625
126,initial,-8.976333618164062,-8.013435363769531
127,initial,-8.452637672424316,-7.050665378570557
128,initial,-8.217582702636719,-6.7172040939331055
129,initial,-9.839921951293945,-8.006075859069824
130,initial,-7.753192901611328,-5.813815593719482
131,initial,-7.18948221206665,-6.367581844329834
132,initial,-7.437002658843994,-6.404720306396484
133,initial,-9.080446243286133,-7.767286777496338
134,initial,-9.839921951293945,-8.006075859069824
135,initial,-7.541806697845459,-6.331257343292236
136,initial,-7.661554336547852,-6.281442165374756
137,initial,-7.541806697845459,-6.331257343292236
138,initial,-9.323369026184082,-8.173004150390625
139,initial,-7.735511779785156,-6.832411289215088
140,initial,-7.0521464347839355,-6.375791072845459
141,initial,-7.7139153480529785,-6.624199867248535
142,initial,-7.5901641845703125,-6.98206901550293
143,initial,-6.81851053237915,-6.022161960601807
144,initial,-8.576760292053223,-7.768939018249512
145,initial,-7.801261901855469,-6.208643436431885
146,initial,-9.230201721191406,-8.279939651489258
147,initial,-9.008957862854004,-8.10290813446045
148,initial,-7.627680778503418,-6.950791835784912
149,initial,-7.113229274749756,-6.434415817260742
150,initial,-8.085881233215332,-7.135006427764893
151,initial,-8.054774284362793,-7.13179874420166
152,initial,-8.035642623901367,-6.986699104309082
153,initial,-8.321667671203613,-7.6165666580200195
154,initial,-7.0521464347839355,-6.375791072845459
155,initial,-9.230201721191406,-8.279939651489258
156,initial,-8.314416885375977,-7.7659687995910645
157,initial,-8.649765968322754,-8.052513122558594
158,initial,-7.333026885986328,-6.342106342315674
159,initial,-9.230201721191406,-8.279939651489258
160,initial,-8.519983291625977,-7.467323303222656
161,initial,-8.57838249206543,-6.6934990882873535
162,initial,-9.088356971740723,-8.092927932739258
163,initial,-10.815143585205078,-8.295185089111328
164,initial,-11.21802043914795,-9.01860523223877
165,initial,-7.396003246307373,-6.246520042419434
166,initial,-8.823006629943848,-7.370846748352051
167,initial,-10.815143585205078,-8.295185089111328
168,initial,-8.66178035736084,-7.428088665008545
169,initial,-8.138492584228516,-7.413674354553223
170,initial,-9.846426010131836,-7.762523651123047
171,initial,-8.547871589660645,-6.860169887542725
172,initial,-7.9639892578125,-7.049989223480225
173,initial,-10.11634635925293,-8.61115550994873
174,initial,-10.333709716796875,-8.944182395935059
175,initial,-8.86345100402832,-7.499171257019043
176,initial,-10.740860939025879,-8.99285888671875
177,initial,-8.16136360168457,-6.785431861877441
178,initial,-7.897294998168945,-6.746273994445801
179,initial,-9.467936515808105,-7.229640483856201
180,initial,-7.151439189910889,-6.522549152374268
181,initial,-5.835170269012451,-5.257754802703857
182,initial,-6.430636405944824,-6.155852794647217
183,initial,-6.720882415771484,-6.073496341705322
184,initial,-6.73970890045166,-5.605864524841309
185,initial,-8.17061710357666,-7.410610675811768
186,initial,-7.144149303436279,-6.686124324798584
187,initial,-8.704096794128418,-7.72479248046875
188,initial,-6.1008806228637695,-5.308959007263184
189,initial,-7.3479437828063965,-7.008064270019531
190,initial,-7.721311092376709,-6.563643455505371
191,initial,-7.151439189910889,-6.522549152374268
192,initial,-6.995261192321777,-6.432404518127441
193,initial,-8.060564994812012,-7.476250648498535
194,initial,-6.4818878173828125,-6.33779764175415
195,initial,-7.641653060913086,-7.152636528015137
196,initial,-7.020608901977539,-6.8240251541137695
197,initial,-7.78924560546875,-6.237534046173096
198,initial,-8.345815658569336,-7.516048431396484
199,initial,-6.683538436889648,-5.85975456237793
200,initial,-6.73974084854126,-5.652425289154053
201,initial,-7.750209808349609,-6.851254463195801
202,initial,-7.717121601104736,-6.525990009307861
203,initial,-7.237040996551514,-5.772541046142578
204,initial,-7.237040996551514,-5.772541046142578
205,initial,-7.226715087890625,-6.32743501663208
206,initial,-8.805378913879395,-7.6724042892456055
207,initial,-8.812413215637207,-7.7640557289123535
208,initial,-7.237040996551514,-5.772541046142578
209,initial,-7.226715087890625,-6.32743501663208
210,initial,-8.146590232849121,-6.868331432342529
211,initial,-7.604377746582031,-6.254570484161377
212,initial,-7.604377746582031,-6.254570484161377
213,initial,-7.99443244934082,-6.683993816375732
214,initial,-8.146590232849121,-6.868331432342529
215,initial,-8.330400466918945,-7.427765846252441
216,initial,-8.196337699890137,-6.903805255889893
217,initial,-9.129167556762695,-7.881974220275879
218,initial,-7.672301769256592,-6.318504333496094
219,initial,-7.407033443450928,-5.716894626617432
220,initial,-7.1415486335754395,-6.678023815155029
221,initial,-7.24248743057251,-6.968837261199951
222,initial,-7.4318342208862305,-6.8372063636779785
223,initial,-7.366668224334717,-7.008566856384277
224,initial,-7.963713645935059,-7.353580951690674
225,initial,-7.380189895629883,-6.9767231941223145
226,initial,-7.471189498901367,-6.967916488647461
227,initial,-7.4900736808776855,-6.929556846618652
228,initial,-7.46933650970459,-7.035215377807617
229,initial,-7.380189895629883,-6.9767231941223145
230,initial,-7.704212665557861,-7.0328474044799805
231,initial,-7.286988258361816,-6.472294330596924
232,initial,-7.4642767906188965,-7.068806171417236
233,initial,-8.315844535827637,-7.436470031738281
234,initial,-7.770167827606201,-7.141051292419434
235,initial,-7.585130214691162,-7.061676025390625
236,initial,-6.931297302246094,-6.315526008605957
237,initial,-7.056188583374023,-6.513062477111816
238,initial,-8.48054313659668,-7.464936256408691
239,initial,-6.977602005004883,-6.505810737609863
240,initial,-6.319370746612549,-6.234302997589111
241,initial,-7.5786848068237305,-7.364134311676025
242,initial,-8.214498519897461,-7.610813140869141
243,initial,-7.62373685836792,-7.201253414154053
244,initial,-8.383718490600586,-7.804454326629639
245,initial,-8.218649864196777,-7.8221659660339355
246,initial,-7.29124641418457,-7.1652960777282715
247,initial,-8.480990409851074,-7.778215408325195
248,initial,-8.152780532836914,-7.703868389129639
249,initial,-7.748063087463379,-7.430914878845215
250,initial,-7.927759647369385,-7.268670082092285
251,initial,-6.813485145568848,-6.720998287200928
252,initial,-6.887327671051025,-6.585178852081299
253,initial,-6.993135452270508,-7.003627777099609
254,initial,-6.931436061859131,-6.543185710906982
255,initial,-8.020001411437988,-7.626827716827393
256,initial,-8.256769180297852,-7.574522018432617
257,initial,-8.692824363708496,-8.270654678344727
258,initial,-6.5407233238220215,-6.322608947753906
259,initial,-6.239899635314941,-6.075398921966553
260,initial,-6.76994514465332,-7.022158622741699
261,initial,-6.609552383422852,-6.9483513832092285
262,initial,-6.22314453125,-5.735901832580566
263,initial,-6.5869903564453125,-6.538468837738037
264,initial,-7.211635112762451,-6.78566837310791
265,initial,-6.634974002838135,-6.870728969573975
266,initial,-6.531002998352051,-6.399327278137207
267,initial,-7.19647216796875,-6.6284990310668945
268,initial,-6.723796367645264,-6.541820526123047
269,initial,-7.004112243652344,-6.738494873046875
270,initial,-6.665402412414551,-6.4404401779174805
271,initial,-6.266176700592041,-6.271910667419434
272,initial,-6.191181659698486,-5.831092357635498
273,initial,-7.6084418296813965,-7.092126369476318
274,initial,-7.347293376922607,-6.980257987976074
275,initial,-6.032168388366699,-6.532783508300781
276,initial,-7.034431457519531,-6.423140048980713
277,initial,-6.549015522003174,-7.114588737487793
278,initial,-6.483282566070557,-6.838475227355957
279,initial,-7.262160301208496,-6.801770210266113
280,initial,-9.277552604675293,-8.383200645446777
281,initial,-8.35848331451416,-7.835840225219727
282,initial,-7.842774391174316,-7.523416519165039
283,initial,-7.4764404296875,-7.658827781677246
284,initial,-7.582691192626953,-7.219125747680664
285,initial,-6.713717937469482,-6.906871795654297
286,initial,-8.734726905822754,-8.283788681030273
287,initial,-8.404380798339844,-7.811801910400391
288,initial,-8.656907081604004,-8.002029418945312
289,initial,-6.815279006958008,-6.908986568450928
290,initial,-8.854037284851074,-8.19878101348877
291,initial,-8.374543190002441,-7.764983177185059
292,initial,-8.480218887329102,-8.150843620300293
293,initial,-8.493627548217773,-7.71393346786499
294,initial,-7.146259784698486,-6.806265830993652
295,initial,-7.267846584320068,-6.8668646812438965
296,initial,-8.162625312805176,-7.082502365112305
297,initial,-9.134563446044922,-8.049835205078125
298,initial,-8.05672836303711,-7.552605628967285
299,initial,-8.627646446228027,-7.758137226104736
300,initial,-7.127799034118652,-6.702330112457275
301,initial,-7.523176670074463,-7.103385925292969
302,initial,-6.465428352355957,-6.048557758331299
303,initial,-7.128148078918457,-6.871967315673828
304,initial,-6.532888889312744,-6.143354892730713
305,initial,-7.327152729034424,-6.88766622543335
306,initial,-9.097713470458984,-8.78837776184082
307,initial,-6.266254901885986,-5.981325149536133
308,initial,-6.6590399742126465,-6.628832817077637
309,initial,-6.110414028167725,-5.789799213409424
310,initial,-8.246732711791992,-8.333359718322754
311,initial,-6.558762550354004,-6.2755208015441895
312,initial,-6.828217029571533,-6.556030750274658
313,initial,-6.49533224105835,-6.3727707862854
314,initial,-6.2493896484375,-6.0201592445373535
315,initial,-6.177698135375977,-5.9837470054626465
316,initial,-5.768369197845459,-5.502153396606445
317,initial,-7.068192005157471,-6.890288829803467
318,initial,-5.952350616455078,-5.658415794372559
319,initial,-8.040239334106445,-7.614158630371094
320,initial,-6.344101428985596,-6.005738735198975
321,initial,-7.272341728210449,-6.907555103302002
322,initial,-7.273880958557129,-7.111575126647949
323,initial,-7.420638084411621,-6.7610249519348145
324,initial,-7.281639099121094,-6.862954616546631
325,initial,-6.691097736358643,-6.309847831726074
326,initial,-6.60208797454834,-6.423440933227539
327,initial,-7.894015312194824,-7.588828086853027
328,initial,-6.3005828857421875,-6.068437099456787
329,initial,-7.597064971923828,-7.175764083862305
330,initial,-6.511139392852783,-6.38522481918335
331,initial,-7.772540092468262,-7.371762752532959
332,initial,-7.8023223876953125,-7.108068466186523
333,initial,-6.791738510131836,-6.681303977966309
334,initial,-6.506629943847656,-6.364994049072266
335,initial,-6.682840347290039,-6.243595123291016
336,initial,-7.325775146484375,-7.258200168609619
337,initial,-6.809971809387207,-6.568573951721191
338,initial,-5.68339729309082,-5.360060214996338
339,initial,-6.906890869140625,-6.523655414581299
340,initial,-6.926774501800537,-6.3469390869140625
341,initial,-9.524202346801758,-9.0039644241333
342,initial,-9.801889419555664,-8.752561569213867
343,initial,-9.869874954223633,-9.22949504852295
344,initial,-8.078896522521973,-7.338703632354736
345,initial,-7.805488586425781,-7.049770832061768
346,initial,-9.155749320983887,-8.321333885192871
347,initial,-7.918185234069824,-7.818370342254639
348,initial,-9.968551635742188,-8.998592376708984
349,initial,-7.942079544067383,-7.309378147125244
350,initial,-8.317032814025879,-8.768355369567871
351,initial,-10.398611068725586,-9.802922248840332
352,initial,-8.35369873046875,-7.425113201141357
353,initial,-10.316020011901855,-9.074544906616211
354,initial,-8.161032676696777,-7.116476535797119
355,initial,-8.087939262390137,-7.863378047943115
356,initial,-10.447755813598633,-9.902609825134277
357,initial,-9.610211372375488,-8.958861351013184
358,initial,-8.83901309967041,-7.954415798187256
359,initial,-8.45481014251709,-7.509975910186768
360,initial,-8.13898754119873,-7.560369968414307
361,initial,-10.06670093536377,-9.396973609924316
362,initial,-7.862064838409424,-7.259059429168701
363,initial,-7.568386554718018,-7.62050199508667
364,initial,-7.864943027496338,-7.6671929359436035
365,initial,-7.493966579437256,-7.160996913909912
366,initial,-7.6083269119262695,-7.88519287109375
367,initial,-8.330329895019531,-8.621878623962402
368,initial,-9.312309265136719,-9.193924903869629
369,initial,-10.432232856750488,-10.082720756530762
370,initial,-8.67668342590332,-8.23404312133789
371,initial,-10.269096374511719,-9.935580253601074
372,initial,-9.737332344055176,-9.061448097229004
373,initial,-10.412606239318848,-10.14172649383545
374,initial,-7.533639430999756,-7.93023157119751
375,initial,-6.944320201873779,-6.694144248962402
376,initial,-7.852769374847412,-8.207426071166992
377,initial,-10.06670093536377,-9.396973609924316
378,initial,-7.568386554718018,-7.62050199508667
379,initial,-8.13589096069336,-7.878316402435303
380,initial,-6.786433696746826,-7.448393821716309
381,initial,-7.969135284423828,-7.790010452270508
382,initial,-7.16697359085083,-7.126296043395996
383,initial,-8.593294143676758,-9.10791301727295
384,initial,-6.751483917236328,-6.539813995361328
385,initial,-7.855604648590088,-7.760808944702148
386,initial,-7.595334053039551,-7.585980415344238
387,initial,-8.7918062210083,-8.762202262878418
388,initial,-7.236736297607422,-7.3275628089904785
389,initial,-7.924763202667236,-7.738205432891846
390,initial,-7.576308250427246,-7.792367935180664
391,initial,-7.879449367523193,-7.649898052215576
392,initial,-7.539530277252197,-7.293464183807373
393,initial,-8.632843971252441,-8.42684555053711
394,initial,-7.5958781242370605,-7.833004474639893
395,initial,-8.383347511291504,-8.770903587341309
396,initial,-7.9126811027526855,-8.183219909667969
397,initial,-7.297961235046387,-6.934057712554932
398,initial,-7.1244025230407715,-7.52254056930542
399,initial,-7.057615280151367,-6.989224433898926
400,initial,-8.667338371276855,-8.206033706665039
401,initial,-9.919588088989258,-8.881142616271973
402,initial,-11.279367446899414,-10.602129936218262
403,initial,-7.234580993652344,-7.48063850402832
404,initial,-9.341130256652832,-8.11914348602295
405,initial,-9.135393142700195,-8.299613952636719
406,initial,-8.164857864379883,-7.8660783767700195
407,initial,-8.931891441345215,-8.08395004272461
408,initial,-8.18923282623291,-7.9537529945373535
409,initial,-8.248442649841309,-7.6818718910217285
410,initial,-8.724068641662598,-8.260875701904297
411,initial,-10.423057556152344,-9.174931526184082
412,initial,-9.058830261230469,-8.668065071105957
413,initial,-8.436878204345703,-7.609803676605225
414,initial,-9.315425872802734,-8.567926406860352
415,initial,-9.866021156311035,-8.593436241149902
416,initial,-10.419841766357422,-9.425202369689941
417,initial,-9.326122283935547,-9.108603477478027
418,initial,-8.344849586486816,-7.774786472320557
419,initial,-7.234580993652344,-7.48063850402832
420,initial,-8.162949562072754,-7.5231781005859375
421,initial,-6.660686016082764,-6.077250003814697
422,initial,-6.70245885848999,-6.448795795440674
423,initial,-6.955787658691406,-6.693572044372559
424,initial,-6.430753231048584,-6.331691265106201
425,initial,-8.184667587280273,-7.795124530792236
426,initial,-8.72917366027832,-8.391327857971191
427,initial,-9.396214485168457,-8.974431991577148
428,initial,-8.94655704498291,-8.30215835571289
429,initial,-6.105607032775879,-6.118739604949951
430,initial,-9.556710243225098,-9.274864196777344
431,initial,-6.998386859893799,-6.7460832595825195
432,initial,-6.759779930114746,-6.766478061676025
433,initial,-8.56721305847168,-7.830703258514404
434,initial,-7.908458709716797,-7.33762264251709
435,initial,-6.968183517456055,-6.3737382888793945
436,initial,-6.467981338500977,-6.15547513961792
437,initial,-6.535113334655762,-6.077441215515137
438,initial,-6.829051494598389,-6.1896820068359375
439,initial,-6.834417819976807,-6.981606960296631
440,initial,-8.396842002868652,-7.537136077880859
441,initial,-6.404294967651367,-5.748296737670898
442,initial,-8.139652252197266,-7.8102030754089355
443,initial,-7.597408294677734,-7.079002857208252
444,initial,-8.234516143798828,-7.251468181610107
445,initial,-8.324073791503906,-7.544732093811035
446,initial,-8.388777732849121,-7.70078182220459
447,initial,-9.290623664855957,-8.795530319213867
448,initial,-7.8986287117004395,-7.6148600578308105
449,initial,-7.186549663543701,-6.4318318367004395
450,initial,-8.178441047668457,-7.23906946182251
451,initial,-7.879749298095703,-6.8849568367004395
452,initial,-8.573532104492188,-7.517744541168213
453,initial,-7.840200901031494,-6.9784159660339355
454,initial,-7.574638843536377,-6.739040374755859
455,initial,-7.640845775604248,-7.178104400634766
456,initial,-7.399156093597412,-6.891221046447754
457,initial,-7.337310791015625,-6.556520938873291
458,initial,-8.214390754699707,-7.045501232147217
459,initial,-7.921047210693359,-7.230879783630371
460,initial,-8.465421676635742,-7.620436668395996
461,initial,-5.920713901519775,-5.720259189605713
462,initial,-5.7803850173950195,-5.707611560821533
463,initial,-7.68558406829834,-7.431790351867676
464,initial,-6.43758487701416,-6.664437294006348
465,initial,-6.016336917877197,-6.232050895690918
466,initial,-6.449886798858643,-6.304511547088623
467,initial,-6.6066718101501465,-6.286797523498535
468,initial,-7.6124043464660645,-7.5405120849609375
469,initial,-6.4911417961120605,-6.546952247619629
470,initial,-7.227102756500244,-7.419245719909668
471,initial,-8.596818923950195,-7.735680103302002
472,initial,-6.724576950073242,-6.406904697418213
473,initial,-7.030592918395996,-6.767243385314941
474,initial,-6.457651138305664,-6.572582244873047
475,initial,-7.334207057952881,-7.066248416900635
476,initial,-5.725976467132568,-5.685334205627441
477,initial,-6.120403289794922,-6.206357002258301
478,initial,-6.062137126922607,-6.13380241394043
479,initial,-6.034645080566406,-5.774816036224365
480,initial,-5.357306957244873,-5.466932773590088
481,initial,-6.5978474617004395,-6.355538368225098
482,initial,-7.40380334854126,-7.402034759521484
483,initial,-5.7311811447143555,-5.701888561248779
484,initial,-5.462093353271484,-5.490979194641113
485,initial,-6.038402557373047,-5.9146199226379395
486,initial,-6.038402557373047,-5.9146199226379395
487,initial,-6.8090338706970215,-6.650054931640625
488,initial,-5.7217230796813965,-5.378839492797852
489,initial,-7.088486194610596,-6.886911869049072
490,initial,-7.245757579803467,-7.04227876663208
491,initial,-8.956438064575195,-8.700502395629883
492,initial,-6.038402557373047,-5.9146199226379395
493,initial,-5.464018821716309,-5.33314323425293
494,initial,-6.594181060791016,-6.2287373542785645
495,initial,-7.417787551879883,-7.220308303833008
496,initial,-5.608438968658447,-5.760313510894775
497,initial,-6.224538326263428,-6.0656561851501465
498,initial,-5.464018821716309,-5.33314323425293
499,initial,-7.081118583679199,-7.110254764556885
500,initial,-5.692743301391602,-5.885192394256592
501,initial,-5.927361011505127,-5.817821025848389
502,initial,-6.947017669677734,-7.039993762969971
503,initial,-8.935218811035156,-8.283422470092773
504,initial,-6.587181568145752,-6.139474868774414
505,initial,-6.677239418029785,-6.351984977722168
506,initial,-6.456212043762207,-6.642063617706299
507,initial,-7.94179630279541,-7.803133487701416
508,initial,-6.443605422973633,-6.447508335113525
509,initial,-6.523974418640137,-6.073596477508545
510,initial,-7.7432098388671875,-7.523848533630371
511,initial,-7.897951126098633,-7.636364936828613
512,initial,-6.612429141998291,-6.423725605010986
513,initial,-6.404979705810547,-6.418381214141846
514,initial,-6.721012592315674,-6.656350612640381
515,initial,-7.19699764251709,-6.944871425628662
516,initial,-7.445089817047119,-6.786806106567383
517,initial,-5.550886154174805,-5.539631366729736
518,initial,-7.022480487823486,-6.973593235015869
519,initial,-8.695195198059082,-8.251856803894043
520,initial,-7.9764251708984375,-6.956342697143555
521,initial,-7.314892768859863,-7.068729400634766
522,initial,-8.642581939697266,-7.931086540222168
523,initial,-6.755048751831055,-6.7117719650268555
524,initial,-6.629253387451172,-6.229464054107666
525,initial,-7.936055660247803,-7.282534122467041
526,initial,-5.596137046813965,-5.6280622482299805
527,initial,-5.640467643737793,-6.066508769989014
528,initial,-9.11082649230957,-8.543509483337402
529,initial,-7.628265380859375,-7.060604572296143
530,initial,-6.83198356628418,-6.540247917175293
531,initial,-9.28787899017334,-8.393141746520996
532,initial,-9.206377029418945,-8.253037452697754
533,initial,-7.3267011642456055,-6.7256927490234375
534,initial,-8.24703311920166,-7.907614707946777
535,initial,-6.460351467132568,-6.175020217895508
536,initial,-6.924465179443359,-6.459103584289551
537,initial,-9.28787899017334,-8.393141746520996
538,initial,-5.6781325340271,-5.764927864074707
539,initial,-6.245608329772949,-6.280367851257324
540,initial,-5.22896671295166,-5.181541442871094
541,initial,-5.697813987731934,-5.300815582275391
542,initial,-5.98933219909668,-5.899800777435303
543,initial,-5.3470635414123535,-5.499422073364258
544,initial,-5.496392250061035,-5.357550621032715
545,initial,-6.411868572235107,-6.181807518005371
546,initial,-6.295995235443115,-6.309893608093262
547,initial,-6.239694595336914,-6.107426166534424
548,initial,-5.489723205566406,-5.2540202140808105
549,initial,-6.271005153656006,-5.646387577056885
550,initial,-6.118896007537842,-5.9648332595825195
551,initial,-6.811009407043457,-6.504629135131836
552,initial,-6.376685619354248,-6.27808952331543
553,initial,-8.168909072875977,-7.299189567565918
554,initial,-7.3483567237854,-7.362771987915039
555,initial,-7.600022792816162,-6.997125625610352
556,initial,-5.415806770324707,-5.577692031860352
557,initial,-6.14485502243042,-5.988030910491943
558,initial,-5.774725437164307,-5.469709396362305
559,initial,-5.426820278167725,-5.7955322265625
560,initial,-7.040632247924805,-6.766972541809082
561,initial,-7.350037574768066,-6.868666648864746
562,initial,-7.2481160163879395,-7.079084396362305
563,initial,-6.0842132568359375,-5.7188801765441895
564,initial,-8.410384178161621,-7.746076583862305
565,initial,-6.159752368927002,-5.741382122039795
566,initial,-6.361567974090576,-6.22367000579834
567,initial,-7.585763931274414,-6.867495536804199
568,initial,-6.120352745056152,-6.407376289367676
569,initial,-7.283790588378906,-6.894191741943359
570,initial,-7.655543327331543,-7.42671012878418
571,initial,-6.890042781829834,-6.26383638381958
572,initial,-6.927440166473389,-6.925015449523926
573,initial,-8.300875663757324,-7.8563690185546875
574,initial,-5.48401403427124,-5.2880539894104
575,initial,-5.962432861328125,-5.46094274520874
576,initial,-6.185687065124512,-5.743276596069336
577,initial,-5.328022480010986,-4.917938709259033
578,initial,-5.810614109039307,-5.5591607093811035
579,initial,-5.93204927444458,-5.230950832366943
580,initial,-7.313792705535889,-6.36924934387207
581,initial,-7.999348163604736,-7.434302806854248
582,initial,-6.857485294342041,-6.141434669494629
583,initial,-8.73436450958252,-7.476710319519043
584,initial,-7.177613735198975,-6.500019073486328
585,initial,-6.834563255310059,-6.179030418395996
586,initial,-7.218695640563965,-5.936413288116455
587,initial,-7.708292007446289,-7.0800933837890625
588,initial,-7.666651248931885,-7.1951470375061035
589,initial,-6.98109245300293,-6.660691261291504
590,initial,-8.299365043640137,-7.126811981201172
591,initial,-8.708378791809082,-7.453553199768066
592,initial,-7.989021301269531,-7.155697822570801
593,initial,-7.0948166847229,-6.490229606628418
594,initial,-6.4213056564331055,-5.694899082183838
595,initial,-7.927040100097656,-6.905274391174316
596,initial,-6.6888017654418945,-5.810460567474365
597,initial,-7.244790554046631,-6.854264259338379
598,initial,-7.80540657043457,-7.187233924865723
599,initial,-7.00019645690918,-6.333287715911865
600,initial,-6.957984924316406,-6.607430458068848
601,initial,-8.458175659179688,-7.852331638336182
602,initial,-8.593890190124512,-7.989044189453125
603,initial,-8.618437767028809,-7.832616329193115
604,initial,-6.957984924316406,-6.607430458068848
605,initial,-7.104854583740234,-6.71010160446167
606,initial,-7.954099178314209,-7.291473388671875
607,initial,-7.693358898162842,-7.284358501434326
608,initial,-7.896583557128906,-7.215969085693359
609,initial,-8.632360458374023,-7.738620758056641
610,initial,-7.135140419006348,-6.62758207321167
611,initial,-8.593891143798828,-7.989044189453125
612,initial,-6.981625556945801,-6.403322219848633
613,initial,-7.0212321281433105,-6.6269073486328125
614,initial,-6.969618320465088,-6.629699230194092
615,initial,-7.21986198425293,-6.807311534881592
616,initial,-7.031349182128906,-6.403219223022461
617,initial,-8.294145584106445,-7.432307720184326
618,initial,-7.12338399887085,-6.729961395263672
619,initial,-7.929500102996826,-7.161858081817627
620,initial,-7.411716461181641,-6.578647613525391
621,initial,-7.96180534362793,-7.328476905822754
622,initial,-8.117436408996582,-7.8112311363220215
623,initial,-6.9534454345703125,-6.39435338973999
624,initial,-6.980762004852295,-6.3070502281188965
625,initial,-7.8084540367126465,-7.193345546722412
626,initial,-8.437917709350586,-7.693186283111572
627,initial,-6.645170211791992,-5.907900810241699
628,initial,-7.523723602294922,-6.377447605133057
629,initial,-7.841032981872559,-7.363504886627197
630,initial,-7.455056667327881,-6.901331424713135
631,initial,-7.5560197830200195,-7.100849151611328
632,initial,-6.882575988769531,-6.3213300704956055
633,initial,-6.517266750335693,-5.904862880706787
634,initial,-7.7912492752075195,-6.737118721008301
635,initial,-5.970510482788086,-5.616484642028809
636,initial,-8.031331062316895,-7.1340765953063965
637,initial,-6.907827377319336,-6.334637641906738
638,initial,-7.84824800491333,-7.01308012008667
639,initial,-6.757394790649414,-6.110931396484375
640,initial,-8.488924980163574,-6.676371097564697
641,initial,-7.957360744476318,-7.141061782836914
642,initial,-7.131344795227051,-6.419123649597168
643,initial,-8.59264087677002,-7.263487339019775
644,initial,-8.250823020935059,-7.335662841796875
645,initial,-8.54062557220459,-7.618522644042969
646,initial,-9.48840618133545,-8.260090827941895
647,initial,-7.257066249847412,-6.2009453773498535
648,initial,-9.020245552062988,-7.822642803192139
649,initial,-8.274563789367676,-7.947139263153076
650,initial,-7.909674644470215,-7.340660095214844
651,initial,-7.066771507263184,-6.438786506652832
652,initial,-7.359145164489746,-6.431400299072266
653,initial,-7.435415267944336,-6.8356614112854
654,initial,-8.153124809265137,-6.735617160797119
655,initial,-9.433777809143066,-7.992279052734375
656,initial,-8.535367012023926,-7.525829315185547
657,initial,-9.122978210449219,-7.847815036773682
658,initial,-9.133173942565918,-7.76053524017334
659,initial,-7.515086650848389,-6.587200164794922
660,initial,-7.391462802886963,-6.787802696228027
661,initial,-5.81171989440918,-5.0103325843811035
662,initial,-8.005011558532715,-7.456150531768799
663,initial,-7.4847540855407715,-7.170501708984375
664,initial,-5.943569660186768,-5.567747116088867
665,initial,-6.227774620056152,-5.9153852462768555
666,initial,-5.845941066741943,-5.779272079467773
667,initial,-7.23574161529541,-6.378834247589111
668,initial,-5.496861934661865,-5.272584915161133
669,initial,-5.549313545227051,-5.420914173126221
670,initial,-7.373116493225098,-6.7796759605407715
671,initial,-6.504349708557129,-6.22521448135376
672,initial,-7.8531107902526855,-7.327183246612549
673,initial,-6.014729022979736,-5.6510138511657715
674,initial,-7.373116493225098,-6.77967643737793
675,initial,-6.783968925476074,-6.526546001434326
676,initial,-8.31648063659668,-7.673654556274414
677,initial,-6.522889614105225,-6.099212646484375
678,initial,-6.902586936950684,-6.607387065887451
679,initial,-7.09105920791626,-6.780999660491943
680,initial,-6.808975696563721,-5.743890762329102
681,initial,-6.657085418701172,-5.945407867431641
682,initial,-6.644436359405518,-6.051770210266113
683,initial,-7.36276388168335,-6.778297424316406
684,initial,-6.93427038192749,-6.299578666687012
685,initial,-6.337158203125,-5.336673736572266
686,initial,-7.0893449783325195,-6.489408016204834
687,initial,-6.305081367492676,-5.789695739746094
688,initial,-6.7656097412109375,-5.795504570007324
689,initial,-7.738251686096191,-6.941441535949707
690,initial,-6.39226770401001,-5.966219425201416
691,initial,-6.47247314453125,-5.942298412322998
692,initial,-6.738255500793457,-6.252717971801758
693,initial,-6.75095272064209,-5.971124172210693
694,initial,-7.058271884918213,-6.842184066772461
695,initial,-7.5570573806762695,-7.105687618255615
696,initial,-7.986975193023682,-7.311418533325195
697,initial,-6.5078864097595215,-5.842883110046387
698,initial,-6.9926300048828125,-6.408907413482666
699,initial,-6.418108940124512,-5.686129093170166
0,final,-5.667344570159912,-4.609356880187988
1,final,-4.953056335449219,-4.238830089569092
2,final,-5.53673791885376,-4.517336368560791
3,final,-5.903977394104004,-5.040043354034424
4,final,-5.798103332519531,-4.170565128326416
5,final,-4.764826774597168,-4.071080684661865
6,final,-6.342735767364502,-5.334603786468506
7,final,-5.106795787811279,-4.494872570037842
8,final,-5.613905429840088,-4.641533851623535
9,final,-5.53673791885376,-4.517336368560791
10,final,-7.811472415924072,-6.595731735229492
11,final,-5.342180252075195,-4.474388599395752
12,final,-4.077296257019043,-2.8124501705169678
13,final,-5.756795406341553,-4.385495662689209
14,final,-5.613905429840088,-4.641533851623535
15,final,-6.449313163757324,-5.48171854019165
16,final,-4.476612091064453,-3.73736310005188
17,final,-6.542600154876709,-5.431714057922363
18,final,-6.3116865158081055,-5.502111911773682
19,final,-5.587145805358887,-4.817425727844238
20,final,-5.39220666885376,-4.628416538238525
21,final,-6.088999271392822,-4.950294017791748
22,final,-6.042613983154297,-4.890060901641846
23,final,-5.181384563446045,-4.258734226226807
24,final,-5.35196590423584,-4.150339603424072
25,final,-5.181384563446045,-4.258734226226807
26,final,-5.580918312072754,-4.58612585067749
27,final,-6.003752708435059,-5.292123794555664
28,final,-5.18580961227417,-4.455761909484863
29,final,-7.257255554199219,-5.9917120933532715
30,final,-5.494918346405029,-4.745296955108643
31,final,-4.566845893859863,-3.627009391784668
32,final,-6.042614936828613,-4.890061855316162
33,final,-4.5668463706970215,-3.627009630203247
34,final,-4.691613674163818,-4.03493070602417
35,final,-6.033120155334473,-5.277491092681885
36,final,-5.185810089111328,-4.4557623863220215
37,final,-4.5668463706970215,-3.627009630203247
38,final,-5.559179306030273,-4.7242326736450195
39,final,-5.084060192108154,-4.405045986175537
40,final,-5.8733344078063965,-5.177341938018799
41,final,-5.834117412567139,-4.7746734619140625
42,final,-5.993991851806641,-4.840478897094727
43,final,-7.890567302703857,-6.378759860992432
44,final,-5.110752582550049,-4.429178237915039
45,final,-6.757674694061279,-5.4583306312561035
46,final,-5.208029747009277,-4.811892509460449
47,final,-6.294809341430664,-5.142275810241699
48,final,-7.454336643218994,-6.523113250732422
49,final,-5.80153751373291,-5.196743965148926
50,final,-7.44608736038208,-6.009425163269043
51,final,-7.188484191894531,-5.9878387451171875
52,final,-6.360899925231934,-5.267665863037109
53,final,-6.1407318115234375,-5.469719409942627
54,final,-7.763312816619873,-6.571072578430176
55,final,-5.677639484405518,-4.774208068847656
56,final,-5.805632591247559,-5.26812744140625
57,final,-5.813911437988281,-4.807933330535889
58,final,-5.418700218200684,-4.120706558227539
59,final,-5.5672149658203125,-4.298794746398926
60,final,-8.032282829284668,-6.382194519042969
61,final,-6.579367637634277,-4.713795185089111
62,final,-8.537369728088379,-7.291404724121094
63,final,-7.4100518226623535,-5.66775369644165
64,final,-6.007269382476807,-5.237576007843018
65,final,-6.73285436630249,-5.279422760009766
66,final,-5.831823348999023,-4.814327239990234
67,final,-8.57894515991211,-6.672321319580078
68,final,-6.977391242980957,-5.771829128265381
69,final,-6.419842720031738,-4.8285393714904785
70,final,-5.523187637329102,-4.613211154937744
71,final,-7.034956932067871,-5.791595935821533
72,final,-5.394315719604492,-4.35291051864624
73,final,-5.282991409301758,-4.483498573303223
74,final,-6.2410430908203125,-5.385645866394043
75,final,-6.604339599609375,-5.038026809692383
76,final,-6.918111324310303,-5.209700107574463
77,final,-6.611758232116699,-5.077362537384033
78,final,-6.21234655380249,-4.808197975158691
79,final,-5.604314804077148,-4.516486644744873
80,final,-4.2350664138793945,-3.618443250656128
81,final,-4.697670936584473,-3.8536934852600098
82,final,-5.513693332672119,-4.528207302093506
83,final,-5.037351608276367,-4.327722549438477
84,final,-4.871560096740723,-4.155001163482666
85,final,-6.183712005615234,-5.265974998474121
86,final,-6.927036285400391,-5.37876033782959
87,final,-6.300079345703125,-5.331527233123779
88,final,-5.129485130310059,-4.147902965545654
89,final,-4.508188724517822,-3.716827869415283
90,final,-5.268678188323975,-4.462691307067871
91,final,-7.400876522064209,-6.088829040527344
92,final,-4.67624568939209,-3.9514312744140625
93,final,-5.70702600479126,-4.682306289672852
94,final,-5.869016647338867,-4.869509696960449
95,final,-5.645442008972168,-4.720665454864502
96,final,-4.459603786468506,-3.7319390773773193
97,final,-4.943778991699219,-4.230745792388916
98,final,-6.170521259307861,-5.199029922485352
99,final,-4.280684947967529,-3.578659772872925
100,final,-5.875728130340576,-3.8971002101898193
101,final,-5.984875679016113,-4.156410217285156
102,final,-6.891078472137451,-5.1690673828125
103,final,-4.468521595001221,-2.8665051460266113
104,final,-4.468521595001221,-2.8665051460266113
105,final,-5.416069984436035,-4.082981109619141
106,final,-6.244768142700195,-4.298519611358643
107,final,-6.538515567779541,-4.38359260559082
108,final,-5.235065937042236,-3.9307594299316406
109,final,-7.048288822174072,-4.973986625671387
110,final,-5.835598468780518,-3.8985824584960938
111,final,-5.865132808685303,-4.1498847007751465
112,final,-6.474380970001221,-4.622310161590576
113,final,-6.022974491119385,-4.032463550567627
114,final,-6.26414155960083,-4.767324447631836
115,final,-6.208179950714111,-4.443630218505859
116,final,-6.6792144775390625,-4.527841091156006
117,final,-5.558137893676758,-3.5964865684509277
118,final,-6.244768142700195,-4.298519611358643
119,final,-7.164365291595459,-5.129917621612549
120,final,-5.243855953216553,-4.518956661224365
121,final,-5.112517833709717,-4.469418048858643
122,final,-6.090263366699219,-5.337586879730225
123,final,-5.008518695831299,-4.243150234222412
124,final,-3.6504104137420654,-2.9904582500457764
125,final,-5.824794769287109,-5.057775020599365
126,final,-7.019020080566406,-5.948963642120361
127,final,-5.2769389152526855,-4.619019985198975
128,final,-5.188553810119629,-4.573100566864014
129,final,-6.671292304992676,-5.731080532073975
130,final,-4.866878986358643,-3.734095811843872
131,final,-5.0073652267456055,-4.181311130523682
132,final,-4.867213726043701,-4.09442663192749
133,final,-7.451066493988037,-6.463694095611572
134,final,-6.671292304992676,-5.731080532073975
135,final,-4.267006874084473,-3.3464763164520264
136,final,-4.65160608291626,-3.7128639221191406
137,final,-4.267006874084473,-3.3464763164520264
138,final,-5.824795246124268,-5.057775020599365
139,final,-4.582462787628174,-3.589766263961792
140,final,-5.519909858703613,-4.655376434326172
141,final,-5.804590702056885,-4.843381881713867
142,final,-5.572782516479492,-4.347273826599121
143,final,-5.458710670471191,-4.519956111907959
144,final,-7.423562049865723,-6.029200077056885
145,final,-6.026249885559082,-4.909490585327148
146,final,-6.0678558349609375,-4.993090629577637
147,final,-6.3777875900268555,-5.138481140136719
148,final,-5.760875701904297,-4.521975994110107
149,final,-5.715524196624756,-4.7265625
150,final,-6.699735164642334,-5.5261735916137695
151,final,-6.223384380340576,-5.235414505004883
152,final,-6.229931354522705,-5.030805587768555
153,final,-6.5869903564453125,-5.67266321182251
154,final,-5.519909858703613,-4.655376434326172
155,final,-6.0678558349609375,-4.993090629577637
156,final,-6.864666938781738,-5.692877292633057
157,final,-6.837859153747559,-5.735304355621338
158,final,-5.997591972351074,-4.919153213500977
159,final,-6.0678558349609375,-4.993090629577637
160,final,-6.248689651489258,-4.879002094268799
161,final,-6.7678985595703125,-4.8538970947265625
162,final,-5.698946475982666,-4.562676429748535
163,final,-7.126442909240723,-5.207212924957275
164,final,-7.0562424659729,-5.18582010269165
165,final,-5.648614406585693,-4.551396369934082
166,final,-6.424760341644287,-4.836278438568115
167,final,-7.126442909240723,-5.207212924957275
168,final,-6.385365962982178,-4.848495960235596
169,final,-5.318713665008545,-4.647160530090332
170,final,-6.690728664398193,-4.915695667266846
171,final,-5.991419792175293,-4.267710208892822
172,final,-5.452725887298584,-4.741263389587402
173,final,-7.509860038757324,-5.56681489944458
174,final,-6.369011878967285,-5.023839473724365
175,final,-6.631462097167969,-5.253544807434082
176,final,-7.033714294433594,-5.305441856384277
177,final,-6.534990310668945,-5.397498607635498
178,final,-5.794493198394775,-4.099117279052734
179,final,-7.4930548667907715,-5.610105991363525
180,final,-4.997788429260254,-4.380859375
181,final,-4.265898704528809,-3.6926276683807373
182,final,-4.476834297180176,-3.979550361633301
183,final,-4.784008026123047,-4.009054183959961
184,final,-4.696966171264648,-4.091925621032715
185,final,-6.073357582092285,-5.240995407104492
186,final,-5.8633880615234375,-5.121913909912109
187,final,-5.972479820251465,-4.612583160400391
188,final,-3.99746036529541,-3.4055795669555664
189,final,-4.4943132400512695,-4.077369689941406
190,final,-5.299686431884766,-4.099610328674316
191,final,-4.997788429260254,-4.380859375
192,final,-4.44154167175293,-3.951651096343994
193,final,-5.784409999847412,-5.039799690246582
194,final,-4.786835193634033,-4.307999610900879
195,final,-4.718683242797852,-4.266882419586182
196,final,-4.148385047912598,-3.8156638145446777
197,final,-5.287261009216309,-4.029458999633789
198,final,-5.876195430755615,-5.1550397872924805
199,final,-4.078488826751709,-3.6758341789245605
200,final,-4.635913848876953,-3.4040777683258057
201,final,-6.0629777908325195,-4.562040328979492
202,final,-5.181159496307373,-3.552128314971924
203,final,-5.484468936920166,-3.738527774810791
204,final,-5.484468936920166,-3.738527774810791
205,final,-5.21130895614624,-3.7923359870910645
206,final,-6.415321350097656,-4.517398834228516
207,final,-5.994561672210693,-4.286581516265869
208,final,-5.484468936920166,-3.738527774810791
209,final,-5.21130895614624,-3.7923359870910645
210,final,-5.452681064605713,-3.8538758754730225
211,final,-5.915994167327881,-4.19816255569458
212,final,-5.915994167327881,-4.19816255569458
213,final,-5.380068302154541,-3.8811001777648926
214,final,-5.452681064605713,-3.8538758754730225
215,final,-6.035069942474365,-4.382067680358887
216,final,-5.3008623123168945,-3.6242904663085938
217,final,-5.588817596435547,-3.94325852394104
218,final,-5.064517498016357,-3.781601905822754
219,final,-3.8195221424102783,-2.5092086791992188
220,final,-5.54337215423584,-4.965514183044434
221,final,-4.7954325675964355,-4.4041290283203125
222,final,-5.986968040466309,-5.500794887542725
223,final,-6.109290599822998,-5.60310173034668
224,final,-6.412600040435791,-5.982200622558594
225,final,-5.4933061599731445,-5.41981315612793
226,final,-6.757080078125,-6.286517143249512
227,final,-5.5114054679870605,-5.348210334777832
228,final,-5.918595790863037,-5.7273993492126465
229,final,-5.4933061599731445,-5.41981315612793
230,final,-6.142584800720215,-5.7827887535095215
231,final,-6.049055099487305,-5.930355072021484
232,final,-5.8488359451293945,-5.6294355392456055
233,final,-6.997656345367432,-6.530079364776611
234,final,-6.659672737121582,-6.409189224243164
235,final,-5.818264007568359,-5.5720062255859375
236,final,-5.759591579437256,-5.410181045532227
237,final,-5.78493070602417,-5.513995170593262
238,final,-6.576473712921143,-6.470681190490723
239,final,-5.6863813400268555,-5.528430938720703
240,final,-5.28114652633667,-5.2277607917785645
241,final,-5.111598968505859,-4.883515357971191
242,final,-6.436072826385498,-5.994574546813965
243,final,-6.570294380187988,-6.241354942321777
244,final,-5.824648380279541,-5.500533103942871
245,final,-6.351282596588135,-6.141638278961182
246,final,-6.2992448806762695,-5.964130401611328
247,final,-6.130229949951172,-5.884110450744629
248,final,-5.991452693939209,-5.858803749084473
249,final,-5.675075531005859,-5.408478736877441
250,final,-5.785861492156982,-5.5006794929504395
251,final,-5.89536714553833,-5.537941932678223
252,final,-5.592620372772217,-5.248305320739746
253,final,-5.197264194488525,-5.165164947509766
254,final,-5.481839179992676,-5.248300075531006
255,final,-6.346678733825684,-6.0812225341796875
256,final,-6.165717124938965,-5.963833808898926
257,final,-6.234310626983643,-5.95029878616333
258,final,-5.360666275024414,-5.068851470947266
259,final,-5.271821022033691,-5.064266204833984
260,final,-6.150907516479492,-5.551202297210693
261,final,-6.474710464477539,-5.8707275390625
262,final,-5.829679012298584,-5.024733543395996
263,final,-6.37201452255249,-5.800716400146484
264,final,-5.97081995010376,-5.543384552001953
265,final,-6.7674560546875,-6.15913200378418
266,final,-5.730698585510254,-5.216977119445801
267,final,-5.522055625915527,-4.947299003601074
268,final,-5.9505839347839355,-5.135027885437012
269,final,-6.7350239753723145,-5.915770530700684
270,final,-5.937726020812988,-5.372006416320801
271,final,-5.327748775482178,-4.790450096130371
272,final,-5.699109077453613,-5.285430431365967
273,final,-5.212416648864746,-4.549173831939697
274,final,-6.65987491607666,-6.163760185241699
275,final,-5.5341997146606445,-5.189634323120117
276,final,-5.384059906005859,-4.784149169921875
277,final,-5.341084957122803,-4.890396595001221
278,final,-6.8521857261657715,-6.38348388671875
279,final,-5.375774383544922,-4.950524806976318
280,final,-7.5000786781311035,-6.64412784576416
281,final,-5.983428955078125,-5.233260154724121
282,final,-6.330031394958496,-6.061400413513184
283,final,-7.291316509246826,-6.855069637298584
284,final,-6.527641296386719,-5.5710625648498535
285,final,-4.842990875244141,-4.465246200561523
286,final,-7.506560802459717,-6.554535388946533
287,final,-7.756554126739502,-7.113650321960449
288,final,-6.996816158294678,-6.073368072509766
289,final,-5.941181659698486,-5.353796005249023
290,final,-7.903224468231201,-6.593432426452637
291,final,-7.004565715789795,-6.315103530883789
292,final,-7.524841785430908,-6.7421674728393555
293,final,-7.7542548179626465,-6.798004150390625
294,final,-5.88577127456665,-5.003407001495361
295,final,-6.4440789222717285,-5.696004867553711
296,final,-7.025792598724365,-5.979548454284668
297,final,-7.7409892082214355,-6.927838325500488
298,final,-7.6387128829956055,-6.921726703643799
299,final,-8.011838912963867,-6.859099864959717
300,final,-5.671246528625488,-4.98942232131958
301,final,-6.834865570068359,-5.906811237335205
302,final,-3.9892172813415527,-3.7697036266326904
303,final,-5.351274490356445,-4.949338436126709
304,final,-5.2104411125183105,-4.963919162750244
305,final,-6.354900360107422,-5.940856456756592
306,final,-7.36842679977417,-6.670201301574707
307,final,-4.4892754554748535,-4.483473300933838
308,final,-5.609466075897217,-4.551309585571289
309,final,-5.4558234214782715,-5.087607383728027
310,final,-7.4309210777282715,-6.753172397613525
311,final,-5.3647661209106445,-4.834272861480713
312,final,-4.932871341705322,-4.5805792808532715
313,final,-4.42212438583374,-4.353205680847168
314,final,-5.853601455688477,-5.353817462921143
315,final,-4.882192134857178,-4.6675310134887695
316,final,-4.399242877960205,-4.240787982940674
317,final,-5.478403568267822,-5.273310661315918
318,final,-4.483310222625732,-4.294403553009033
319,final,-6.945281982421875,-6.506453037261963
320,final,-5.026695251464844,-4.154202938079834
321,final,-7.177774429321289,-5.832379341125488
322,final,-6.807366371154785,-5.779648780822754
323,final,-5.164290904998779,-3.863409996032715
324,final,-6.060823440551758,-5.020610332489014
325,final,-6.719784259796143,-5.546436786651611
326,final,-6.026485919952393,-4.969639301300049
327,final,-6.297092437744141,-5.238853931427002
328,final,-5.588359355926514,-4.9422760009765625
329,final,-5.12551736831665,-4.179086685180664
330,final,-5.436587810516357,-4.463873863220215
331,final,-6.761103630065918,-5.572719573974609
332,final,-6.7626953125,-5.695670127868652
333,final,-6.211787223815918,-5.390504360198975
334,final,-5.128348350524902,-4.26564884185791
335,final,-5.383291244506836,-4.698321342468262
336,final,-6.1826982498168945,-5.029874324798584
337,final,-5.298210144042969,-4.29090690612793
338,final,-5.312206745147705,-4.447392463684082
339,final,-6.081234931945801,-5.067436218261719
340,final,-5.007386684417725,-4.632963180541992
341,final,-6.615259647369385,-6.788464069366455
342,final,-7.029121398925781,-6.381943225860596
343,final,-8.39493465423584,-7.739910125732422
344,final,-5.547025680541992,-4.877295017242432
345,final,-6.165804386138916,-5.178776741027832
346,final,-7.2875566482543945,-6.578305721282959
347,final,-6.030106544494629,-5.681027889251709
348,final,-7.464944362640381,-6.759011745452881
349,final,-5.569247722625732,-4.8747758865356445
350,final,-6.633659362792969,-6.83038330078125
351,final,-7.636903285980225,-7.654628276824951
352,final,-7.180459499359131,-5.993306636810303
353,final,-7.729113578796387,-6.809694766998291
354,final,-6.4958343505859375,-5.50233793258667
355,final,-7.097087860107422,-6.871621608734131
356,final,-8.120540618896484,-7.91409158706665
357,final,-5.991154670715332,-6.227983474731445
358,final,-6.269320011138916,-5.348276615142822
359,final,-7.2250213623046875,-6.626509189605713
360,final,-5.814319610595703,-4.804018974304199
361,final,-6.21875,-5.869472026824951
362,final,-5.628115177154541,-4.963301658630371
363,final,-5.611471176147461,-5.500054359436035
364,final,-4.239161491394043,-3.9207465648651123
365,final,-5.241745471954346,-4.500489234924316
366,final,-5.600417137145996,-5.82322883605957
367,final,-5.309207916259766,-5.313012599945068
368,final,-6.065423488616943,-5.705240726470947
369,final,-7.115119934082031,-6.924623012542725
370,final,-5.902245998382568,-4.948291301727295
371,final,-7.070320129394531,-6.9182658195495605
372,final,-6.681427955627441,-5.773709774017334
373,final,-7.927604675292969,-7.728725433349609
374,final,-4.733989715576172,-5.328995227813721
375,final,-4.5492448806762695,-4.381474494934082
376,final,-4.204803943634033,-4.657258033752441
377,final,-6.21875,-5.869472026824951
378,final,-5.611471176147461,-5.500054359436035
379,final,-6.608291149139404,-6.287351131439209
380,final,-6.197566986083984,-5.852788925170898
381,final,-7.006211280822754,-6.158669948577881
382,final,-6.289662837982178,-5.294409275054932
383,final,-6.576454162597656,-6.305580139160156
384,final,-5.563450813293457,-5.121209144592285
385,final,-5.739739894866943,-5.515218734741211
386,final,-6.525294780731201,-5.974501132965088
387,final,-8.42890739440918,-7.284737586975098
388,final,-6.05211877822876,-5.519530773162842
389,final,-5.235379695892334,-4.647918224334717
390,final,-5.166462421417236,-5.33174467086792
391,final,-6.310182094573975,-5.327994346618652
392,final,-6.357642650604248,-5.858807563781738
393,final,-8.121796607971191,-6.917402267456055
394,final,-6.960976600646973,-6.439842224121094
395,final,-7.336141109466553,-7.038569450378418
396,final,-6.680050849914551,-6.134456634521484
397,final,-5.840451717376709,-5.099518299102783
398,final,-6.516803741455078,-6.1298909187316895
399,final,-6.654232978820801,-5.66657829284668
400,final,-6.043528079986572,-5.288697242736816
401,final,-9.559427261352539,-7.801302433013916
402,final,-10.316810607910156,-9.126200675964355
403,final,-5.821284770965576,-5.179044246673584
404,final,-7.874807834625244,-6.427754878997803
405,final,-5.8361053466796875,-4.8279709815979
406,final,-7.517444133758545,-6.517299175262451
407,final,-7.192312717437744,-5.808574676513672
408,final,-5.978503704071045,-5.081848621368408
409,final,-7.45063591003418,-6.766029357910156
410,final,-5.30946683883667,-4.465052127838135
411,final,-7.674674987792969,-6.2794508934021
412,final,-6.432636260986328,-5.652365207672119
413,final,-7.26555871963501,-5.853270530700684
414,final,-7.5579752922058105,-6.831310749053955
415,final,-8.2650785446167,-6.864210605621338
416,final,-8.272727012634277,-6.978759765625
417,final,-7.4120893478393555,-6.716436862945557
418,final,-7.61930513381958,-6.989587306976318
419,final,-5.821284294128418,-5.179044246673584
420,final,-6.24729061126709,-5.063072204589844
421,final,-5.198906898498535,-4.699562072753906
422,final,-5.1845550537109375,-5.077239513397217
423,final,-5.034958362579346,-4.530980110168457
424,final,-4.073132038116455,-3.930535316467285
425,final,-7.62101411819458,-7.197518825531006
426,final,-6.868226051330566,-6.076750755310059
427,final,-7.447479724884033,-7.003716468811035
428,final,-7.027486801147461,-5.998050212860107
429,final,-3.9967970848083496,-3.9124319553375244
430,final,-7.6183671951293945,-6.986484050750732
431,final,-5.264289379119873,-5.144232749938965
432,final,-4.731389045715332,-4.795357704162598
433,final,-6.3447747230529785,-5.352063179016113
434,final,-6.261132717132568,-5.700261116027832
435,final,-5.500810623168945,-4.990698337554932
436,final,-4.82922887802124,-4.2915215492248535
437,final,-5.012180805206299,-4.575385093688965
438,final,-5.572737693786621,-4.796299934387207
439,final,-4.785164833068848,-4.522096157073975
440,final,-6.723794460296631,-5.634287357330322
441,final,-5.018294334411621,-4.125716686248779
442,final,-5.15802001953125,-3.8635122776031494
443,final,-6.0294318199157715,-4.934864521026611
444,final,-6.065698623657227,-4.749168872833252
445,final,-6.634068012237549,-4.923686504364014
446,final,-6.6614603996276855,-4.9681525230407715
447,final,-6.7588982582092285,-5.1875505447387695
448,final,-6.521463871002197,-5.293703079223633
449,final,-5.444098472595215,-4.262585639953613
450,final,-5.919605255126953,-4.60713529586792
451,final,-6.996761798858643,-5.69118595123291
452,final,-6.377508163452148,-4.874920845031738
453,final,-6.030148983001709,-4.841854572296143
454,final,-5.751889705657959,-4.380693435668945
455,final,-5.838104724884033,-4.738886833190918
456,final,-5.4157328605651855,-4.22537899017334
457,final,-5.698326110839844,-4.066353797912598
458,final,-4.957096099853516,-3.3839991092681885
459,final,-5.788787841796875,-4.625816345214844
460,final,-5.364111423492432,-5.0299530029296875
461,final,-4.271594524383545,-4.032684803009033
462,final,-4.023770332336426,-3.986208200454712
463,final,-5.821324825286865,-5.803810119628906
464,final,-4.1138739585876465,-4.196901798248291
465,final,-3.838935375213623,-3.9490280151367188
466,final,-5.002382755279541,-4.784555435180664
467,final,-4.91634464263916,-4.453645706176758
468,final,-5.685329437255859,-5.718908309936523
469,final,-3.723099708557129,-3.803900957107544
470,final,-5.71720552444458,-5.575997352600098
471,final,-6.294732093811035,-6.047027587890625
472,final,-4.1890482902526855,-4.1758623123168945
473,final,-4.158516883850098,-4.158252716064453
474,final,-5.063089370727539,-5.04019832611084
475,final,-5.746026039123535,-5.4815497398376465
476,final,-3.714266538619995,-3.655177593231201
477,final,-3.7911763191223145,-3.9701952934265137
478,final,-4.856194019317627,-4.6727447509765625
479,final,-3.872297763824463,-3.6361818313598633
480,final,-3.428776502609253,-3.3950774669647217
481,final,-4.7658257484436035,-4.638926029205322
482,final,-5.541989803314209,-5.261928558349609
483,final,-3.9099502563476562,-3.7604868412017822
484,final,-3.9698376655578613,-3.7566192150115967
485,final,-3.785623550415039,-3.546100616455078
486,final,-3.785623550415039,-3.546100616455078
487,final,-3.8045942783355713,-3.763721466064453
488,final,-3.6531174182891846,-3.409184455871582
489,final,-5.157970905303955,-4.81959867477417
490,final,-5.112098693847656,-4.725951194763184
491,final,-6.557507038116455,-6.2718586921691895
492,final,-3.785623550415039,-3.546100616455078
493,final,-3.577299118041992,-3.384932518005371
494,final,-5.1218366622924805,-4.638433933258057
495,final,-4.94378137588501,-4.780412673950195
496,final,-2.605300188064575,-2.5456910133361816
497,final,-4.902871131896973,-4.552468299865723
498,final,-3.577299118041992,-3.384932518005371
499,final,-4.812448024749756,-4.70012092590332
500,final,-4.4454731941223145,-4.2705078125
501,final,-4.086838245391846,-4.004171848297119
502,final,-5.884181976318359,-5.70028018951416
503,final,-6.369909286499023,-6.09158182144165
504,final,-3.654318332672119,-3.5057926177978516
505,final,-5.405562400817871,-4.892419338226318
506,final,-5.549143314361572,-5.159308910369873
507,final,-6.4374518394470215,-6.061027526855469
508,final,-5.309747695922852,-4.882160186767578
509,final,-3.7331717014312744,-3.5216681957244873
510,final,-6.872165203094482,-6.359861850738525
511,final,-6.29327392578125,-5.908193111419678
512,final,-4.753683090209961,-4.664571762084961
513,final,-5.42343807220459,-5.010591506958008
514,final,-4.434026718139648,-4.463731288909912
515,final,-5.506522178649902,-5.172759056091309
516,final,-6.247490882873535,-5.657722473144531
517,final,-4.372071266174316,-4.3831915855407715
518,final,-5.0606513023376465,-4.825873374938965
519,final,-6.342409133911133,-6.1093549728393555
520,final,-6.301723957061768,-5.331267356872559
521,final,-5.8724493980407715,-5.235054969787598
522,final,-6.040680885314941,-5.095188140869141
523,final,-4.137741565704346,-4.187087059020996
524,final,-4.098189353942871,-3.5883822441101074
525,final,-5.046823501586914,-4.5174241065979
526,final,-3.956688642501831,-3.8360369205474854
527,final,-4.932640552520752,-4.784414291381836
528,final,-6.616962909698486,-5.904284954071045
529,final,-5.7792229652404785,-5.1483988761901855
530,final,-3.7551896572113037,-3.3406288623809814
531,final,-7.119382381439209,-6.260595798492432
532,final,-5.924182415008545,-4.9550652503967285
533,final,-6.801760673522949,-5.873857498168945
534,final,-6.574193954467773,-5.741628170013428
535,final,-4.927438259124756,-4.302436828613281
536,final,-4.299835681915283,-3.7350049018859863
537,final,-7.119382381439209,-6.260595798492432
538,final,-4.239501953125,-4.186255931854248
539,final,-4.599562168121338,-4.080787658691406
540,final,-3.610949754714966,-3.3510069847106934
541,final,-3.9189565181732178,-3.559641122817993
542,final,-4.70298433303833,-4.385103225708008
543,final,-3.8732781410217285,-3.64850115776062
544,final,-3.9381823539733887,-3.6141135692596436
545,final,-4.829568386077881,-4.426278591156006
546,final,-4.920664310455322,-4.371143817901611
547,final,-4.5033464431762695,-4.497993469238281
548,final,-3.7335288524627686,-3.3305182456970215
549,final,-5.382964611053467,-4.800425052642822
550,final,-4.554005146026611,-4.09791374206543
551,final,-5.019137859344482,-4.580495357513428
552,final,-4.655118942260742,-4.3661417961120605
553,final,-6.213301658630371,-5.279293537139893
554,final,-5.106686592102051,-4.6480560302734375
555,final,-6.102704048156738,-5.226186275482178
556,final,-4.154802322387695,-4.0834641456604
557,final,-4.331851959228516,-3.9849910736083984
558,final,-3.687896966934204,-3.2306339740753174
559,final,-3.801560401916504,-3.67918062210083
560,final,-5.611973285675049,-4.775123119354248
561,final,-5.921846866607666,-4.937853813171387
562,final,-5.682635307312012,-4.5401387214660645
563,final,-4.526357650756836,-4.03901481628418
564,final,-6.153717041015625,-4.85557746887207
565,final,-4.411691665649414,-3.699091672897339
566,final,-4.850651741027832,-4.366714954376221
567,final,-5.977779388427734,-4.931946754455566
568,final,-4.605340003967285,-3.647801399230957
569,final,-5.7326226234436035,-4.741081714630127
570,final,-5.38729190826416,-4.243503570556641
571,final,-4.8642897605896,-3.7231836318969727
572,final,-5.014124870300293,-4.454099178314209
573,final,-6.621760368347168,-5.595710277557373
574,final,-3.4212474822998047,-2.8780336380004883
575,final,-4.1624860763549805,-3.3621666431427
576,final,-5.081796646118164,-4.261213779449463
577,final,-3.572162389755249,-2.8826181888580322
578,final,-4.088503837585449,-3.710909605026245
579,final,-4.026025772094727,-3.1827356815338135
580,final,-4.8181538581848145,-4.651884078979492
581,final,-5.0922064781188965,-4.821719646453857
582,final,-4.331367492675781,-3.843642234802246
583,final,-5.1344428062438965,-5.183816432952881
584,final,-3.9158194065093994,-4.017668724060059
585,final,-4.349324703216553,-4.067638874053955
586,final,-5.098973274230957,-4.546559810638428
587,final,-5.039304256439209,-4.909119129180908
588,final,-3.77282977104187,-3.6929726600646973
589,final,-4.372550010681152,-4.1875691413879395
590,final,-5.488775253295898,-5.12314510345459
591,final,-6.101136684417725,-5.774253845214844
592,final,-4.755753040313721,-4.620636463165283
593,final,-4.20162296295166,-4.068790912628174
594,final,-4.425233364105225,-3.9986674785614014
595,final,-5.521903991699219,-5.130813121795654
596,final,-4.343593120574951,-4.0051493644714355
597,final,-4.189486980438232,-4.018251895904541
598,final,-5.199402332305908,-5.011680603027344
599,final,-3.639362096786499,-4.079361915588379
600,final,-4.586751461029053,-4.488909721374512
601,final,-5.3306708335876465,-5.200980186462402
602,final,-6.533266544342041,-6.2975945472717285
603,final,-5.671106338500977,-5.437277317047119
604,final,-4.586751461029053,-4.488909721374512
605,final,-3.4159412384033203,-3.3244566917419434
606,final,-6.413921356201172,-6.030010223388672
607,final,-4.533879280090332,-4.467120170593262
608,final,-6.2306437492370605,-5.864372253417969
609,final,-4.38439416885376,-4.421920299530029
610,final,-4.131694316864014,-4.052547931671143
611,final,-6.533266067504883,-6.297593593597412
612,final,-4.381543159484863,-4.276050090789795
613,final,-3.820417642593384,-3.978361129760742
614,final,-3.314213991165161,-3.1555349826812744
615,final,-3.5478334426879883,-3.3440630435943604
616,final,-5.2151899337768555,-4.981901168823242
617,final,-4.523081302642822,-4.38677453994751
618,final,-4.560584545135498,-4.476293563842773
619,final,-4.4217143058776855,-4.371602535247803
620,final,-4.706478595733643,-4.28910493850708
621,final,-5.2954020500183105,-5.139259338378906
622,final,-5.976757526397705,-5.596077919006348
623,final,-5.171374320983887,-4.829537391662598
624,final,-5.1911444664001465,-4.951572895050049
625,final,-6.192549705505371,-5.907064914703369
626,final,-6.101742744445801,-5.69442081451416
627,final,-5.698464393615723,-5.024632453918457
628,final,-5.276656627655029,-4.7427849769592285
629,final,-6.0267839431762695,-5.542674541473389
630,final,-5.972982406616211,-5.105924129486084
631,final,-6.253110885620117,-5.785029411315918
632,final,-5.37959098815918,-5.029600620269775
633,final,-4.355613708496094,-4.127457141876221
634,final,-4.692505836486816,-4.379922389984131
635,final,-5.077040672302246,-4.697938442230225
636,final,-4.49222469329834,-4.36263370513916
637,final,-4.961817264556885,-4.553960800170898
638,final,-5.179841041564941,-5.02064847946167
639,final,-5.261058330535889,-4.626993656158447
640,final,-6.0722527503967285,-5.06069278717041
641,final,-5.464881420135498,-4.713437080383301
642,final,-4.677215099334717,-4.289510726928711
643,final,-6.366926670074463,-5.249687671661377
644,final,-5.821905612945557,-5.081772327423096
645,final,-6.3575921058654785,-5.691396713256836
646,final,-6.702587127685547,-5.971823692321777
647,final,-4.6784892082214355,-4.45734977722168
648,final,-7.108711242675781,-6.126112461090088
649,final,-4.333409786224365,-4.428463935852051
650,final,-6.560447692871094,-5.940547466278076
651,final,-5.071969032287598,-4.46359920501709
652,final,-4.796095371246338,-4.459900379180908
653,final,-5.450889587402344,-4.9769439697265625
654,final,-5.551389217376709,-4.674704551696777
655,final,-6.386144638061523,-5.268152713775635
656,final,-5.170534610748291,-5.034732818603516
657,final,-5.938660144805908,-5.396209239959717
658,final,-6.822227478027344,-5.513903617858887
659,final,-4.483763217926025,-4.322584629058838
660,final,-5.096250534057617,-4.80684757232666
661,final,-4.656426429748535,-3.9616286754608154
662,final,-5.384860515594482,-4.762816905975342
663,final,-5.7708845138549805,-5.386719703674316
664,final,-4.117333889007568,-3.7995522022247314
665,final,-5.07149600982666,-4.697512149810791
666,final,-4.717369556427002,-4.397850513458252
667,final,-5.193259239196777,-4.259373188018799
668,final,-3.6641266345977783,-3.4569008350372314
669,final,-3.896211624145508,-3.7263853549957275
670,final,-4.669871807098389,-4.719386577606201
671,final,-5.038113117218018,-4.886141300201416
672,final,-4.832388401031494,-4.583990097045898
673,final,-3.8667337894439697,-3.749964714050293
674,final,-4.6698713302612305,-4.719386100769043
675,final,-4.352942943572998,-4.341053485870361
676,final,-5.9267377853393555,-5.21530818939209
677,final,-4.13834285736084,-3.9714066982269287
678,final,-4.454998970031738,-4.403697967529297
679,final,-4.734767913818359,-4.5872392654418945
680,final,-4.9997053146362305,-4.079551696777344
681,final,-4.412962436676025,-3.716348648071289
682,final,-4.81957483291626,-4.115905284881592
683,final,-4.625938415527344,-3.8538947105407715
684,final,-4.238834857940674,-3.448227882385254
685,final,-4.537737846374512,-3.436088800430298
686,final,-5.245171070098877,-4.153039932250977
687,final,-4.703962326049805,-3.90494704246521
688,final,-5.067791938781738,-4.176493167877197
689,final,-5.619238376617432,-4.798608779907227
690,final,-4.692363739013672,-3.919299602508545
691,final,-4.112788200378418,-3.576836585998535
692,final,-4.805994987487793,-4.217874050140381
693,final,-4.70688009262085,-3.7224931716918945
694,final,-6.014609336853027,-5.283074855804443
695,final,-4.888584136962891,-4.128509521484375
696,final,-5.316257476806641,-4.251326560974121
697,final,-4.329899787902832,-3.5610511302948
698,final,-4.887291431427002,-4.057362079620361
699,final,-4.513171195983887,-3.53964900970459
0,best,-5.4389801025390625,-4.28483247756958
1,best,-4.8022589683532715,-4.048957347869873
2,best,-5.220768451690674,-4.226819038391113
3,best,-5.950870990753174,-5.1166253089904785
4,best,-5.6977925300598145,-4.07158899307251
5,best,-4.594362735748291,-3.9621143341064453
6,best,-6.3542046546936035,-5.254391670227051
7,best,-4.817756175994873,-4.305488109588623
8,best,-5.432209491729736,-4.480797290802002
9,best,-5.220768451690674,-4.226819038391113
10,best,-7.682727813720703,-6.522124767303467
11,best,-5.176199436187744,-4.3128437995910645
12,best,-4.082314491271973,-2.8196933269500732
13,best,-5.741086483001709,-4.35607385635376
14,best,-5.432209491729736,-4.480797290802002
15,best,-6.350854396820068,-5.468154430389404
16,best,-4.320534706115723,-3.683464765548706
17,best,-6.47410774230957,-5.293396472930908
18,best,-6.399927616119385,-5.517152309417725
19,best,-5.492306709289551,-4.747711181640625
20,best,-5.249235153198242,-4.433976173400879
21,best,-6.094583988189697,-4.9092912673950195
22,best,-5.827561378479004,-4.756927013397217
23,best,-5.062864780426025,-4.151205539703369
24,best,-5.439164161682129,-4.217019081115723
25,best,-5.062864780426025,-4.151205539703369
26,best,-5.739275932312012,-4.73101806640625
27,best,-6.124762535095215,-5.307124137878418
28,best,-5.131442070007324,-4.387251853942871
29,best,-7.294979095458984,-6.030585765838623
30,best,-5.320390701293945,-4.546705722808838
31,best,-4.48930025100708,-3.5415775775909424
32,best,-5.8275628089904785,-4.756927490234375
33,best,-4.489299774169922,-3.5415780544281006
34,best,-4.549996376037598,-3.8317654132843018
35,best,-5.87490177154541,-5.065013408660889
36,best,-5.131441593170166,-4.3872528076171875
37,best,-4.489299774169922,-3.5415780544281006
38,best,-5.2660627365112305,-4.408791542053223
39,best,-4.809567928314209,-4.150934219360352
40,best,-5.713342189788818,-5.023479461669922
41,best,-5.630645751953125,-4.611811637878418
42,best,-5.977541923522949,-4.850318908691406
43,best,-7.864490032196045,-6.323564529418945
44,best,-5.133622169494629,-4.350097179412842
45,best,-6.814182758331299,-5.43312931060791
46,best,-5.199686527252197,-4.755582809448242
47,best,-6.271465301513672,-5.098968029022217
48,best,-7.34023380279541,-6.363712310791016
49,best,-5.733406066894531,-5.17329216003418
50,best,-7.545923709869385,-5.9881510734558105
51,best,-7.178059101104736,-5.969222068786621
52,best,-6.33871603012085,-5.237277507781982
53,best,-6.116322040557861,-5.4006829261779785
54,best,-7.738141059875488,-6.5323805809021
55,best,-5.64471435546875,-4.699676036834717
56,best,-5.611400604248047,-5.112270832061768
57,best,-5.630989074707031,-4.630437850952148
58,best,-5.462234020233154,-4.1442437171936035
59,best,-5.520744323730469,-4.292651176452637
60,best,-7.985170364379883,-6.326581001281738
61,best,-6.624671936035156,-4.684134483337402
62,best,-8.443988800048828,-7.090846538543701
63,best,-7.358162879943848,-5.647586822509766
64,best,-6.066094875335693,-5.148232936859131
65,best,-6.447438716888428,-4.928029537200928
66,best,-5.7437310218811035,-4.70343542098999
67,best,-8.372236251831055,-6.4096150398254395
68,best,-6.9265289306640625,-5.503345012664795
69,best,-6.287503719329834,-4.634995937347412
70,best,-5.715577602386475,-4.7424397468566895
71,best,-7.189323425292969,-5.800148010253906
72,best,-5.324656009674072,-4.233992576599121
73,best,-5.193047046661377,-4.305017471313477
74,best,-6.280544281005859,-5.385986804962158
75,best,-6.689400672912598,-5.076480865478516
76,best,-6.6666340827941895,-4.990931510925293
77,best,-6.791090488433838,-5.154359817504883
78,best,-6.2104268074035645,-4.793900012969971
79,best,-5.719324588775635,-4.5347490310668945
80,best,-4.178721904754639,-3.5619680881500244
81,best,-4.595735549926758,-3.7234928607940674
82,best,-5.579493522644043,-4.587090015411377
83,best,-5.073646545410156,-4.338496685028076
84,best,-4.848685264587402,-4.157207489013672
85,best,-6.174915790557861,-5.2376909255981445
86,best,-6.938756942749023,-5.351956844329834
87,best,-6.193863391876221,-5.228983402252197
88,best,-5.00217342376709,-4.060786247253418
89,best,-4.45069694519043,-3.6748034954071045
90,best,-5.249166488647461,-4.445730209350586
91,best,-7.29644250869751,-5.989439964294434
92,best,-4.521173477172852,-3.7758736610412598
93,best,-5.545470714569092,-4.499029159545898
94,best,-5.659932613372803,-4.643430233001709
95,best,-5.5110907554626465,-4.5934977531433105
96,best,-4.439281463623047,-3.7054319381713867
97,best,-4.8994669914245605,-4.165390491485596
98,best,-6.160038948059082,-5.232415199279785
99,best,-4.207674026489258,-3.5298972129821777
100,best,-5.801417827606201,-3.7369987964630127
101,best,-5.844355583190918,-4.061098575592041
102,best,-6.745933532714844,-4.915611267089844
103,best,-4.5721306800842285,-2.953986644744873
104,best,-4.5721306800842285,-2.953986644744873
105,best,-5.355668067932129,-3.9652576446533203
106,best,-6.318312168121338,-4.2987823486328125
107,best,-6.471950531005859,-4.236742973327637
108,best,-5.191707611083984,-3.8014020919799805
109,best,-7.13048791885376,-5.025578498840332
110,best,-5.987678050994873,-4.022448539733887
111,best,-5.573850154876709,-3.8879144191741943
112,best,-6.5409674644470215,-4.687172889709473
113,best,-6.197864055633545,-4.148251533508301
114,best,-6.318366050720215,-4.761295318603516
115,best,-6.210263729095459,-4.429965496063232
116,best,-6.747278690338135,-4.540480613708496
117,best,-5.497143268585205,-3.4617836475372314
118,best,-6.318312168121338,-4.2987823486328125
119,best,-7.208155155181885,-5.121490955352783
120,best,-4.9307169914245605,-4.217301845550537
121,best,-4.945959568023682,-4.3091654777526855
122,best,-5.975247859954834,-5.24953031539917
123,best,-4.762053966522217,-4.044991493225098
124,best,-3.738086223602295,-3.0367090702056885
125,best,-5.821920871734619,-5.077749252319336
126,best,-7.0812225341796875,-5.948379039764404
127,best,-5.244218349456787,-4.561875820159912
128,best,-4.985025405883789,-4.3812479972839355
129,best,-6.487631797790527,-5.554983615875244
130,best,-4.685493469238281,-3.5445048809051514
131,best,-4.9941558837890625,-4.140727996826172
132,best,-4.786125659942627,-3.9838709831237793
133,best,-7.367630958557129,-6.4093337059021
134,best,-6.487631797790527,-5.554983615875244
135,best,-4.1625261306762695,-3.3130836486816406
136,best,-4.406880855560303,-3.4669525623321533
137,best,-4.1625261306762695,-3.3130836486816406
138,best,-5.821920871734619,-5.077749252319336
139,best,-4.600499153137207,-3.614359140396118
140,best,-5.40122127532959,-4.551827430725098
141,best,-5.845672130584717,-4.873105049133301
142,best,-5.601428985595703,-4.3854899406433105
143,best,-5.3746209144592285,-4.389578819274902
144,best,-7.472960472106934,-6.0190606117248535
145,best,-6.056659698486328,-4.885880947113037
146,best,-6.188451290130615,-5.068962097167969
147,best,-6.324453830718994,-5.080477237701416
148,best,-5.814076900482178,-4.561983585357666
149,best,-5.595941543579102,-4.595666885375977
150,best,-6.701136589050293,-5.484132766723633
151,best,-6.147850513458252,-5.16987419128418
152,best,-6.2608513832092285,-5.040539741516113
153,best,-6.565452575683594,-5.633699893951416
154,best,-5.40122127532959,-4.551827430725098
155,best,-6.188451290130615,-5.068962097167969
156,best,-6.842437744140625,-5.658351421356201
157,best,-6.796199321746826,-5.6842498779296875
158,best,-5.940213203430176,-4.834959030151367
159,best,-6.188451290130615,-5.068962097167969
160,best,-6.073073387145996,-4.681313991546631
161,best,-6.560325622558594,-4.698190212249756
162,best,-5.8044819831848145,-4.635149955749512
163,best,-7.178933620452881,-5.2324299812316895
164,best,-7.165650367736816,-5.268471717834473
165,best,-5.426113605499268,-4.2396440505981445
166,best,-6.223021984100342,-4.663206577301025
167,best,-7.178933620452881,-5.2324299812316895
168,best,-6.505324840545654,-4.840415954589844
169,best,-5.244269847869873,-4.522917747497559
170,best,-6.611947536468506,-4.867734432220459
171,best,-5.711586952209473,-4.068498611450195
172,best,-5.382379055023193,-4.614863872528076
173,best,-7.459657192230225,-5.441854476928711
174,best,-6.5229291915893555,-5.074895858764648
175,best,-6.600221157073975,-5.116758823394775
176,best,-7.034266471862793,-5.326160907745361
177,best,-6.552689075469971,-5.330584526062012
178,best,-5.730153560638428,-4.0668230056762695
179,best,-7.528850555419922,-5.477607250213623
180,best,-4.882239818572998,-4.254515171051025
181,best,-4.17100191116333,-3.550347089767456
182,best,-4.39371395111084,-3.8973867893218994
183,best,-4.635169506072998,-3.89274001121521
184,best,-4.7002692222595215,-4.10667085647583
185,best,-6.031558990478516,-5.179420471191406
186,best,-5.876836776733398,-5.123483657836914
187,best,-5.903326988220215,-4.5597333908081055
188,best,-3.8450374603271484,-3.2580151557922363
189,best,-4.5979461669921875,-4.193879127502441
190,best,-5.231362342834473,-4.024220943450928
191,best,-4.882239818572998,-4.254515171051025
192,best,-4.3859944343566895,-3.9256603717803955
193,best,-5.674585342407227,-4.924785614013672
194,best,-4.7881879806518555,-4.332889080047607
195,best,-4.782779693603516,-4.360436916351318
196,best,-4.25341796875,-3.933978319168091
197,best,-5.22764253616333,-3.960257053375244
198,best,-5.802206993103027,-5.098650932312012
199,best,-4.037948131561279,-3.6463115215301514
200,best,-4.686474323272705,-3.3341832160949707
201,best,-6.050295352935791,-4.550841331481934
202,best,-5.408895969390869,-3.6581435203552246
203,best,-5.455624103546143,-3.693591594696045
204,best,-5.455624103546143,-3.693591594696045
205,best,-4.9721879959106445,-3.582221746444702
206,best,-6.352453708648682,-4.477214336395264
207,best,-5.964666366577148,-4.245815277099609
208,best,-5.455624103546143,-3.693591594696045
209,best,-4.9721879959106445,-3.582221746444702
210,best,-5.3320631980896,-3.7045040130615234
211,best,-5.960249423980713,-4.2174506187438965
212,best,-5.960249423980713,-4.2174506187438965
213,best,-5.474609375,-3.929347276687622
214,best,-5.3320631980896,-3.7045040130615234
215,best,-6.146081447601318,-4.376181125640869
216,best,-5.411461353302002,-3.7094995975494385
217,best,-5.74327278137207,-4.1150126457214355
218,best,-4.989898204803467,-3.696240186691284
219,best,-3.863513231277466,-2.4604647159576416
220,best,-5.432055950164795,-4.816257476806641
221,best,-4.792037010192871,-4.339604377746582
222,best,-5.914312839508057,-5.351611614227295
223,best,-6.06201696395874,-5.541354179382324
224,best,-6.263952732086182,-5.774885177612305
225,best,-5.512540340423584,-5.425168514251709
226,best,-6.669375896453857,-6.139829635620117
227,best,-5.3589277267456055,-5.170915126800537
228,best,-5.876380920410156,-5.682253360748291
229,best,-5.512540340423584,-5.425168514251709
230,best,-6.113117218017578,-5.727488994598389
231,best,-5.781798362731934,-5.612475872039795
232,best,-5.826144695281982,-5.534084320068359
233,best,-6.793961048126221,-6.346485137939453
234,best,-6.6218953132629395,-6.363458633422852
235,best,-5.76640510559082,-5.49181604385376
236,best,-5.54384183883667,-5.162357330322266
237,best,-5.634427070617676,-5.33003044128418
238,best,-6.550152778625488,-6.436458587646484
239,best,-5.567410469055176,-5.397252559661865
240,best,-5.135092735290527,-5.082086563110352
241,best,-5.046848773956299,-4.761140823364258
242,best,-6.394407749176025,-5.9319000244140625
243,best,-6.521608829498291,-6.158624172210693
244,best,-5.908566474914551,-5.552867889404297
245,best,-6.275526523590088,-6.093806266784668
246,best,-6.248576641082764,-5.899843215942383
247,best,-6.176117420196533,-5.9145965576171875
248,best,-6.021788120269775,-5.899988651275635
249,best,-5.687382698059082,-5.379717826843262
250,best,-5.840014457702637,-5.526805877685547
251,best,-5.873775482177734,-5.486208915710449
252,best,-5.494439125061035,-5.110470294952393
253,best,-4.967676162719727,-4.9917521476745605
254,best,-5.307528495788574,-5.06129789352417
255,best,-6.2724833488464355,-6.004303455352783
256,best,-6.207728862762451,-6.002607822418213
257,best,-6.136997222900391,-5.844970703125
258,best,-5.185673713684082,-4.891791820526123
259,best,-5.135968208312988,-4.914768695831299
260,best,-6.129496097564697,-5.525773048400879
261,best,-6.396220684051514,-5.765002250671387
262,best,-5.833820819854736,-4.948487281799316
263,best,-6.352027893066406,-5.758961200714111
264,best,-5.925007343292236,-5.451455116271973
265,best,-6.687007904052734,-6.081823348999023
266,best,-5.5476884841918945,-5.050851345062256
267,best,-5.523068428039551,-4.911848068237305
268,best,-5.914815902709961,-5.072903633117676
269,best,-6.659500598907471,-5.833326816558838
270,best,-5.942121982574463,-5.343622207641602
271,best,-5.327625751495361,-4.736809730529785
272,best,-5.647470951080322,-5.266491889953613
273,best,-5.200340747833252,-4.4770636558532715
274,best,-6.596179962158203,-6.061722278594971
275,best,-5.402324676513672,-5.046350955963135
276,best,-5.385808944702148,-4.70659065246582
277,best,-5.322803974151611,-4.84581184387207
278,best,-6.8009796142578125,-6.314155578613281
279,best,-5.404177188873291,-4.891524314880371
280,best,-7.585002899169922,-6.6955366134643555
281,best,-6.012259483337402,-5.230844497680664
282,best,-6.329225063323975,-6.022147178649902
283,best,-7.263784408569336,-6.77381706237793
284,best,-6.342840194702148,-5.394852161407471
285,best,-4.9015984535217285,-4.487254619598389
286,best,-7.545055866241455,-6.523495674133301
287,best,-7.782606601715088,-6.989284038543701
288,best,-6.942485809326172,-5.988072395324707
289,best,-5.928488731384277,-5.292542934417725
290,best,-7.813460350036621,-6.5245256423950195
291,best,-7.038670539855957,-6.327956676483154
292,best,-7.5223541259765625,-6.647793292999268
293,best,-7.746970176696777,-6.762160778045654
294,best,-5.745968818664551,-4.806410312652588
295,best,-6.496923446655273,-5.678034782409668
296,best,-6.966916084289551,-5.890653610229492
297,best,-7.764554023742676,-6.948112487792969
298,best,-7.563852787017822,-6.826566696166992
299,best,-7.898826599121094,-6.7985615730285645
300,best,-5.578446388244629,-4.893937110900879
301,best,-6.79257345199585,-5.853946208953857
302,best,-4.051815986633301,-3.8005712032318115
303,best,-5.41659688949585,-5.03274393081665
304,best,-5.199001312255859,-4.971024513244629
305,best,-6.32035493850708,-5.908988952636719
306,best,-7.346261978149414,-6.622701168060303
307,best,-4.451096057891846,-4.439836025238037
308,best,-5.494495868682861,-4.4280009269714355
309,best,-5.255242347717285,-4.885807514190674
310,best,-7.467429161071777,-6.727025985717773
311,best,-5.354994773864746,-4.895577430725098
312,best,-4.976986885070801,-4.655155658721924
313,best,-4.396047592163086,-4.319958209991455
314,best,-5.843122482299805,-5.3152384757995605
315,best,-4.784817695617676,-4.597121715545654
316,best,-4.3441162109375,-4.175144672393799
317,best,-5.4065842628479,-5.244750499725342
318,best,-4.393244743347168,-4.2095208168029785
319,best,-6.92010498046875,-6.480741024017334
320,best,-4.877280235290527,-3.937152862548828
321,best,-7.294430732727051,-5.882653713226318
322,best,-6.798370838165283,-5.744088172912598
323,best,-5.190488815307617,-3.85532808303833
324,best,-6.104665756225586,-5.049074172973633
325,best,-6.708859920501709,-5.46035099029541
326,best,-6.095605850219727,-4.989518165588379
327,best,-6.281298637390137,-5.187570571899414
328,best,-5.458924293518066,-4.736512184143066
329,best,-5.159017562866211,-4.1859283447265625
330,best,-5.582000255584717,-4.518486976623535
331,best,-6.701902866363525,-5.547633647918701
332,best,-6.687619686126709,-5.578671932220459
333,best,-6.191484451293945,-5.286485195159912
334,best,-5.077474594116211,-4.146445274353027
335,best,-5.260200500488281,-4.524151802062988
336,best,-6.166928768157959,-4.920621871948242
337,best,-5.26802921295166,-4.241209030151367
338,best,-5.098840713500977,-4.152867794036865
339,best,-5.967121601104736,-4.949864387512207
340,best,-4.866553783416748,-4.468000411987305
341,best,-6.611220359802246,-6.7418341636657715
342,best,-6.921360969543457,-6.2786383628845215
343,best,-8.324828147888184,-7.714361190795898
344,best,-5.3601837158203125,-4.6982269287109375
345,best,-5.81128454208374,-4.894149303436279
346,best,-7.152554512023926,-6.4559149742126465
347,best,-6.037498474121094,-5.68731164932251
348,best,-7.221299648284912,-6.510416030883789
349,best,-5.456085681915283,-4.749125957489014
350,best,-6.661820411682129,-6.819694519042969
351,best,-7.815550804138184,-7.758431911468506
352,best,-7.088307857513428,-5.862313270568848
353,best,-7.597450256347656,-6.657049655914307
354,best,-6.186162948608398,-5.260265350341797
355,best,-7.151966094970703,-6.855980396270752
356,best,-8.119266510009766,-7.855747222900391
357,best,-6.1108293533325195,-6.260198593139648
358,best,-6.047093868255615,-5.221462726593018
359,best,-7.138829708099365,-6.463505744934082
360,best,-5.655534267425537,-4.7079386711120605
361,best,-6.263079643249512,-5.963901519775391
362,best,-5.491325378417969,-4.843697547912598
363,best,-5.268136024475098,-5.1723456382751465
364,best,-4.237822532653809,-3.8607349395751953
365,best,-5.093530178070068,-4.352029323577881
366,best,-5.473313331604004,-5.630471706390381
367,best,-5.170001029968262,-5.200223445892334
368,best,-6.114565372467041,-5.731876373291016
369,best,-7.291110038757324,-7.054088592529297
370,best,-5.773199558258057,-4.889978885650635
371,best,-7.298300266265869,-7.083555698394775
372,best,-6.561112880706787,-5.713653087615967
373,best,-7.944750785827637,-7.712378025054932
374,best,-4.528127193450928,-5.100703716278076
375,best,-4.381972789764404,-4.244638442993164
376,best,-4.162610054016113,-4.568164348602295
377,best,-6.263079643249512,-5.963901519775391
378,best,-5.268136024475098,-5.1723456382751465
379,best,-6.5334153175354,-6.173909664154053
380,best,-5.89140510559082,-5.577746391296387
381,best,-6.9593939781188965,-6.143563747406006
382,best,-6.186333656311035,-5.138898849487305
383,best,-6.65593957901001,-6.301858901977539
384,best,-5.443105697631836,-4.9914984703063965
385,best,-5.7032341957092285,-5.411123275756836
386,best,-6.515894889831543,-5.993721961975098
387,best,-8.430256843566895,-7.261712551116943
388,best,-6.076423168182373,-5.471490859985352
389,best,-5.23891019821167,-4.569098949432373
390,best,-5.1281938552856445,-5.2401580810546875
391,best,-6.375735282897949,-5.319366931915283
392,best,-6.432915687561035,-5.911754608154297
393,best,-8.121444702148438,-6.881507396697998
394,best,-6.889773368835449,-6.306244373321533
395,best,-7.237608909606934,-6.909955024719238
396,best,-6.746230125427246,-6.161609649658203
397,best,-5.777040958404541,-4.983891010284424
398,best,-6.352833271026611,-5.936853885650635
399,best,-6.438990592956543,-5.488039493560791
400,best,-6.1431708335876465,-5.329827308654785
401,best,-9.542211532592773,-7.665426731109619
402,best,-10.264093399047852,-9.015417098999023
403,best,-5.80635404586792,-5.140036582946777
404,best,-7.847460746765137,-6.347332000732422
405,best,-5.799076557159424,-4.77205228805542
406,best,-7.6011576652526855,-6.4895195960998535
407,best,-7.135366439819336,-5.810428619384766
408,best,-5.961824893951416,-5.021620750427246
409,best,-7.4933762550354,-6.726837158203125
410,best,-5.344938278198242,-4.50258207321167
411,best,-7.496792793273926,-6.155857086181641
412,best,-6.380682945251465,-5.569110870361328
413,best,-6.92644739151001,-5.61896276473999
414,best,-7.439216136932373,-6.694155693054199
415,best,-8.168655395507812,-6.720392227172852
416,best,-8.310518264770508,-6.944847106933594
417,best,-7.233263969421387,-6.483907699584961
418,best,-7.658905506134033,-6.952666282653809
419,best,-5.80635404586792,-5.140036582946777
420,best,-6.14434289932251,-4.962638854980469
421,best,-5.141512393951416,-4.615128040313721
422,best,-5.183419704437256,-5.101350784301758
423,best,-5.079632759094238,-4.572929382324219
424,best,-4.212685585021973,-4.06807279586792
425,best,-7.570601940155029,-7.152403831481934
426,best,-6.9073357582092285,-6.07105016708374
427,best,-7.350203514099121,-6.98837947845459
428,best,-7.0430378913879395,-5.9927802085876465
429,best,-3.9684791564941406,-3.913393974304199
430,best,-7.62520170211792,-7.0197434425354
431,best,-5.250112533569336,-5.186866283416748
432,best,-4.662276268005371,-4.779739856719971
433,best,-6.451488018035889,-5.444692611694336
434,best,-6.281708717346191,-5.65720796585083
435,best,-5.469829559326172,-4.917240142822266
436,best,-4.797092914581299,-4.266891002655029
437,best,-4.878679275512695,-4.440476417541504
438,best,-5.401422500610352,-4.6187744140625
439,best,-4.845089912414551,-4.617049217224121
440,best,-6.655019283294678,-5.688666343688965
441,best,-4.824117660522461,-3.939298391342163
442,best,-5.200192928314209,-3.8982856273651123
443,best,-5.822440147399902,-4.850925922393799
444,best,-6.017181873321533,-4.7999138832092285
445,best,-6.680741310119629,-4.925995826721191
446,best,-6.6001105308532715,-4.9109721183776855
447,best,-6.8429741859436035,-5.247450828552246
448,best,-6.426075458526611,-5.235201835632324
449,best,-5.291007041931152,-4.072497844696045
450,best,-6.002693176269531,-4.5771050453186035
451,best,-6.958836078643799,-5.583598613739014
452,best,-6.483562469482422,-4.969244956970215
453,best,-5.854767799377441,-4.7014079093933105
454,best,-5.6346211433410645,-4.281927585601807
455,best,-5.8583197593688965,-4.70084810256958
456,best,-5.254778861999512,-4.085037708282471
457,best,-5.677916049957275,-4.004960060119629
458,best,-4.937830924987793,-3.356152296066284
459,best,-5.6702423095703125,-4.427370548248291
460,best,-5.424336910247803,-5.051918029785156
461,best,-4.217059135437012,-3.964642286300659
462,best,-3.958259105682373,-3.902763605117798
463,best,-5.660717487335205,-5.6890106201171875
464,best,-4.15809440612793,-4.197150230407715
465,best,-3.8469440937042236,-3.888291597366333
466,best,-4.789491653442383,-4.615434169769287
467,best,-4.760135650634766,-4.291462421417236
468,best,-5.522613525390625,-5.582170009613037
469,best,-3.7420201301574707,-3.7555549144744873
470,best,-5.7385149002075195,-5.555165767669678
471,best,-6.162680149078369,-5.945775032043457
472,best,-4.168442726135254,-4.104020118713379
473,best,-4.2816243171691895,-4.24688720703125
474,best,-5.05022668838501,-4.982437610626221
475,best,-5.468413829803467,-5.262167453765869
476,best,-3.7309536933898926,-3.5903327465057373
477,best,-3.815906524658203,-3.9321460723876953
478,best,-4.837184429168701,-4.636990547180176
479,best,-3.7655882835388184,-3.4930968284606934
480,best,-3.413503408432007,-3.316397190093994
481,best,-4.809769630432129,-4.640015125274658
482,best,-5.494052410125732,-5.205367088317871
483,best,-3.8603579998016357,-3.688626766204834
484,best,-3.826509714126587,-3.605292558670044
485,best,-3.8042283058166504,-3.5584394931793213
486,best,-3.8042283058166504,-3.5584394931793213
487,best,-3.9170846939086914,-3.8207321166992188
488,best,-3.4902000427246094,-3.232818603515625
489,best,-5.115617275238037,-4.757325649261475
490,best,-5.196175575256348,-4.734220504760742
491,best,-6.535258769989014,-6.251400470733643
492,best,-3.8042283058166504,-3.5584394931793213
493,best,-3.53486967086792,-3.335191488265991
494,best,-4.917097568511963,-4.463713645935059
495,best,-4.800172805786133,-4.656620502471924
496,best,-2.7275924682617188,-2.575777053833008
497,best,-4.868926525115967,-4.501534938812256
498,best,-3.53486967086792,-3.335191488265991
499,best,-4.690647125244141,-4.605356693267822
500,best,-4.36404275894165,-4.16334867477417
501,best,-4.091439723968506,-3.9573447704315186
502,best,-5.778222560882568,-5.6241559982299805
503,best,-6.467111587524414,-6.201292991638184
504,best,-3.7181646823883057,-3.5335073471069336
505,best,-5.2928009033203125,-4.830945014953613
506,best,-5.403796195983887,-5.057966232299805
507,best,-6.473014831542969,-6.073502540588379
508,best,-5.247486591339111,-4.809080123901367
509,best,-3.7990050315856934,-3.53751277923584
510,best,-6.879760265350342,-6.33278751373291
511,best,-6.343931674957275,-5.96251916885376
512,best,-4.80131196975708,-4.714778900146484
513,best,-5.397045135498047,-5.022067070007324
514,best,-4.473988056182861,-4.444061756134033
515,best,-5.395257949829102,-5.098716735839844
516,best,-6.253908157348633,-5.650078773498535
517,best,-4.286299228668213,-4.275445461273193
518,best,-5.148789405822754,-4.853993892669678
519,best,-6.421486854553223,-6.180086612701416
520,best,-6.284204959869385,-5.264317035675049
521,best,-5.781673431396484,-5.1167731285095215
522,best,-5.986222267150879,-5.090546131134033
523,best,-4.2281694412231445,-4.202828884124756
524,best,-4.088061332702637,-3.5001916885375977
525,best,-5.153249263763428,-4.5372490882873535
526,best,-3.8137359619140625,-3.6653268337249756
527,best,-4.937028408050537,-4.778602600097656
528,best,-6.808161735534668,-5.9815216064453125
529,best,-5.795231819152832,-5.1260480880737305
530,best,-3.8390469551086426,-3.3550026416778564
531,best,-7.0388617515563965,-6.1961565017700195
532,best,-6.028053283691406,-4.9498138427734375
533,best,-6.814700126647949,-5.826742172241211
534,best,-6.5195441246032715,-5.586731433868408
535,best,-4.703245162963867,-4.112636089324951
536,best,-4.2656660079956055,-3.685117483139038
537,best,-7.0388617515563965,-6.1961565017700195
538,best,-4.077378273010254,-3.972287654876709
539,best,-4.575854301452637,-4.0713276863098145
540,best,-3.651078701019287,-3.39837646484375
541,best,-3.8908591270446777,-3.445618152618408
542,best,-4.650242328643799,-4.401026725769043
543,best,-3.8582074642181396,-3.6067347526550293
544,best,-3.9944255352020264,-3.662703275680542
545,best,-4.724549770355225,-4.361310958862305
546,best,-4.817002296447754,-4.27551794052124
547,best,-4.50465202331543,-4.532668590545654
548,best,-3.685432195663452,-3.283153533935547
549,best,-5.3627824783325195,-4.784268856048584
550,best,-4.555487155914307,-4.141017913818359
551,best,-4.992782115936279,-4.606738567352295
552,best,-4.598333835601807,-4.302186965942383
553,best,-6.122604846954346,-5.204533576965332
554,best,-5.175097942352295,-4.7182536125183105
555,best,-6.105964660644531,-5.269678592681885
556,best,-4.128062725067139,-4.068373680114746
557,best,-4.266642093658447,-3.947610855102539
558,best,-3.7222440242767334,-3.2683584690093994
559,best,-3.782960891723633,-3.712627410888672
560,best,-5.560272693634033,-4.747965335845947
561,best,-5.856086254119873,-4.841373920440674
562,best,-5.707944869995117,-4.582413673400879
563,best,-4.555312633514404,-4.029809951782227
564,best,-6.231940269470215,-4.950380802154541
565,best,-4.350245952606201,-3.6460142135620117
566,best,-4.768545150756836,-4.287026405334473
567,best,-5.81685733795166,-4.805494785308838
568,best,-4.5432047843933105,-3.5303187370300293
569,best,-5.70532751083374,-4.732542514801025
570,best,-5.44840145111084,-4.297258377075195
571,best,-4.997686862945557,-3.8219563961029053
572,best,-4.981293678283691,-4.392434120178223
573,best,-6.648436546325684,-5.666308879852295
574,best,-3.406965732574463,-2.8016817569732666
575,best,-4.07800817489624,-3.295639753341675
576,best,-4.862554550170898,-4.040568828582764
577,best,-3.524176836013794,-2.8325881958007812
578,best,-4.034444332122803,-3.585124969482422
579,best,-3.962937831878662,-3.1245880126953125
580,best,-4.507012844085693,-4.350157737731934
581,best,-5.078564167022705,-4.812206745147705
582,best,-4.436962127685547,-3.93599271774292
583,best,-5.103010654449463,-5.121914386749268
584,best,-3.8270814418792725,-3.888871669769287
585,best,-4.269071102142334,-3.9865856170654297
586,best,-4.824845314025879,-4.26893424987793
587,best,-4.916996002197266,-4.815011024475098
588,best,-3.8185834884643555,-3.7075207233428955
589,best,-4.538613796234131,-4.316659450531006
590,best,-5.2897748947143555,-4.924098491668701
591,best,-5.970654010772705,-5.636678218841553
592,best,-4.819474697113037,-4.625290393829346
593,best,-4.232071876525879,-4.093676567077637
594,best,-4.324661731719971,-3.8960118293762207
595,best,-5.30243444442749,-4.9658894538879395
596,best,-4.211953163146973,-3.8617751598358154
597,best,-4.203949451446533,-4.0516862869262695
598,best,-5.218430042266846,-5.013827323913574
599,best,-3.4894182682037354,-3.959343433380127
600,best,-4.572888374328613,-4.464636325836182
601,best,-5.250810146331787,-5.1414666175842285
602,best,-6.567087173461914,-6.353772163391113
603,best,-5.630456447601318,-5.395252704620361
604,best,-4.572888374328613,-4.464636325836182
605,best,-3.4579830169677734,-3.346799850463867
606,best,-6.42629861831665,-6.073868751525879
607,best,-4.407059669494629,-4.346148490905762
608,best,-6.1627678871154785,-5.851233959197998
609,best,-4.5075907707214355,-4.525942325592041
610,best,-3.981428384780884,-3.938640594482422
611,best,-6.567087650299072,-6.353772163391113
612,best,-4.131646633148193,-4.0994696617126465
613,best,-3.734743356704712,-3.8945391178131104
614,best,-3.468737840652466,-3.2699291706085205
615,best,-3.6088268756866455,-3.4157450199127197
616,best,-5.091725826263428,-4.891968727111816
617,best,-4.705228328704834,-4.542576789855957
618,best,-4.420422554016113,-4.338461399078369
619,best,-4.534601211547852,-4.429633140563965
620,best,-4.76333475112915,-4.380173206329346
621,best,-5.375785827636719,-5.145572185516357
622,best,-6.093421459197998,-5.706972599029541
623,best,-5.0449700355529785,-4.739431381225586
624,best,-5.167213439941406,-4.926314353942871
625,best,-6.192551136016846,-5.905001163482666
626,best,-6.089017868041992,-5.64392614364624
627,best,-5.476025104522705,-4.8051629066467285
628,best,-5.3333539962768555,-4.818821907043457
629,best,-6.137044906616211,-5.611356735229492
630,best,-6.063528537750244,-5.186554908752441
631,best,-6.22435188293457,-5.723981857299805
632,best,-5.178615093231201,-4.80483341217041
633,best,-4.281662940979004,-4.042910099029541
634,best,-4.780002117156982,-4.468028545379639
635,best,-4.8715643882751465,-4.505825996398926
636,best,-4.578708648681641,-4.431967735290527
637,best,-4.920345783233643,-4.506454944610596
638,best,-5.238043785095215,-5.002531051635742
639,best,-5.219473361968994,-4.599856376647949
640,best,-6.143486499786377,-5.004937171936035
641,best,-5.3887128829956055,-4.574563026428223
642,best,-4.621861934661865,-4.21195650100708
643,best,-6.353734970092773,-5.092310428619385
644,best,-5.816288471221924,-5.000972747802734
645,best,-6.2888875007629395,-5.547839164733887
646,best,-6.577568531036377,-5.842159748077393
647,best,-4.675208568572998,-4.369958877563477
648,best,-7.042697906494141,-5.9566450119018555
649,best,-4.513350486755371,-4.487793445587158
650,best,-6.49221134185791,-5.888336181640625
651,best,-4.887421607971191,-4.286194801330566
652,best,-4.827339172363281,-4.413524627685547
653,best,-5.249357223510742,-4.720147609710693
654,best,-5.560237407684326,-4.596008777618408
655,best,-6.403761386871338,-5.258381366729736
656,best,-5.284063816070557,-5.098334789276123
657,best,-5.965421199798584,-5.316390514373779
658,best,-6.616805553436279,-5.303685665130615
659,best,-4.578339099884033,-4.298521041870117
660,best,-5.034430980682373,-4.781698226928711
661,best,-4.548451900482178,-3.8675377368927
662,best,-5.508922576904297,-4.899534702301025
663,best,-5.784731388092041,-5.377445220947266
664,best,-4.090822219848633,-3.8457183837890625
665,best,-5.038217067718506,-4.663881301879883
666,best,-4.543117523193359,-4.254176616668701
667,best,-5.135302543640137,-4.22260856628418
668,best,-3.618670701980591,-3.4808218479156494
669,best,-3.7341079711914062,-3.57767653465271
670,best,-4.606907844543457,-4.662784099578857
671,best,-4.830011367797852,-4.669179439544678
672,best,-4.857468605041504,-4.622516632080078
673,best,-3.8969192504882812,-3.7582128047943115
674,best,-4.606907844543457,-4.662784099578857
675,best,-4.3789167404174805,-4.459251880645752
676,best,-5.897938251495361,-5.234517574310303
677,best,-4.062882900238037,-3.973278045654297
678,best,-4.400620460510254,-4.429780960083008
679,best,-4.728364944458008,-4.647172927856445
680,best,-4.998623847961426,-4.042532920837402
681,best,-4.382713794708252,-3.6456515789031982
682,best,-4.826850414276123,-4.146897315979004
683,best,-4.773975849151611,-3.923551082611084
684,best,-4.337268352508545,-3.4586219787597656
685,best,-4.506601810455322,-3.372988700866699
686,best,-5.181005954742432,-4.101019859313965
687,best,-4.478493690490723,-3.725870370864868
688,best,-5.1215620040893555,-4.1634521484375
689,best,-5.5916032791137695,-4.735102653503418
690,best,-4.534202575683594,-3.77840256690979
691,best,-3.997100353240967,-3.4260952472686768
692,best,-4.802266597747803,-4.20339822769165
693,best,-4.682044982910156,-3.6918435096740723
694,best,-6.078300476074219,-5.293703079223633
695,best,-5.001126289367676,-4.2231550216674805
696,best,-5.4464111328125,-4.35372257232666
697,best,-4.19241189956665,-3.426335334777832
698,best,-4.786043643951416,-3.9552769660949707
699,best,-4.355287551879883,-3.40309476852417
